-1.020467519760131836e+00 1.417354583740234375e+00 1.725285887718200684e+00 -1.281788587570190430e+00 9.407774209976196289e-01 -9.494628906250000000e-01 -1.356160402297973633e+00 -1.154292583465576172e+00 1.215816617012023926e+00 -2.033863365650177002e-01 -3.854943811893463135e-01 -9.327734112739562988e-01 -7.466350793838500977e-01 -4.520558565855026245e-02 1.809635877609252930e+00 1.317700862884521484e+00 1.482970476150512695e+00 -1.929423958063125610e-01 -1.611745953559875488e+00 -2.592854201793670654e-01
-1.012746334075927734e+00 1.432651519775390625e+00 1.733188867568969727e+00 -1.342141628265380859e+00 1.082395792007446289e+00 -9.551274180412292480e-01 -1.488121271133422852e+00 -1.137735962867736816e+00 1.298949599266052246e+00 -2.071286141872406006e-01 -3.037326335906982422e-01 -9.238595366477966309e-01 -7.633638978004455566e-01 -2.774491906166076660e-03 1.918997645378112793e+00 1.408411622047424316e+00 1.571333169937133789e+00 -2.312586307525634766e-01 -1.615075111389160156e+00 -2.129452526569366455e-01
-1.008184909820556641e+00 1.420722723007202148e+00 1.718082189559936523e+00 -1.395829081535339355e+00 1.195295929908752441e+00 -9.449734091758728027e-01 -1.550719618797302246e+00 -1.128927350044250488e+00 1.346850991249084473e+00 -2.109485268592834473e-01 -2.861112952232360840e-01 -9.146445989608764648e-01 -7.791441082954406738e-01 6.092224270105361938e-02 1.976677894592285156e+00 1.448634982109069824e+00 1.649706244468688965e+00 -2.506833374500274658e-01 -1.612009525299072266e+00 -1.799654364585876465e-01
-9.992716312408447266e-01 1.378781199455261230e+00 1.686786890029907227e+00 -1.435264468193054199e+00 1.262959957122802734e+00 -9.313227534294128418e-01 -1.549857020378112793e+00 -1.129815816879272461e+00 1.350871324539184570e+00 -1.929288804531097412e-01 -3.179531693458557129e-01 -9.059475064277648926e-01 -7.979652881622314453e-01 1.292611658573150635e-01 1.991331934928894043e+00 1.433522701263427734e+00 1.701678276062011719e+00 -2.639432847499847412e-01 -1.600146532058715820e+00 -1.632176339626312256e-01
-9.937753081321716309e-01 1.313138842582702637e+00 1.643434762954711914e+00 -1.462958335876464844e+00 1.296573281288146973e+00 -9.184839129447937012e-01 -1.483254551887512207e+00 -1.147248506546020508e+00 1.318306446075439453e+00 -1.626950204372406006e-01 -4.114485383033752441e-01 -8.925257921218872070e-01 -8.224225640296936035e-01 2.111354172229766846e-01 1.966279745101928711e+00 1.360708355903625488e+00 1.729067087173461914e+00 -2.714219987392425537e-01 -1.577469110488891602e+00 -1.671311259269714355e-01
-9.815151691436767578e-01 1.205078482627868652e+00 1.567232012748718262e+00 -1.465259432792663574e+00 1.275649309158325195e+00 -8.977311849594116211e-01 -1.321149110794067383e+00 -1.179370641708374023e+00 1.227422237396240234e+00 -1.110485196113586426e-01 -5.744199752807617188e-01 -8.667856454849243164e-01 -8.404896259307861328e-01 3.067883253097534180e-01 1.874258875846862793e+00 1.205415606498718262e+00 1.710152864456176758e+00 -2.712038457393646240e-01 -1.524593353271484375e+00 -1.999430358409881592e-01
-9.564591050148010254e-01 1.060545682907104492e+00 1.444043159484863281e+00 -1.418483018875122070e+00 1.199280858039855957e+00 -8.779504299163818359e-01 -1.037346124649047852e+00 -1.248128056526184082e+00 1.064509391784667969e+00 -3.613276779651641846e-02 -8.099881410598754883e-01 -8.225685358047485352e-01 -8.220603466033935547e-01 4.126056432723999023e-01 1.684780478477478027e+00 9.362351894378662109e-01 1.611644864082336426e+00 -2.801911830902099609e-01 -1.416085600852966309e+00 -2.697482407093048096e-01
-9.621396660804748535e-01 9.724860191345214844e-01 1.390927553176879883e+00 -1.369993805885314941e+00 1.243320941925048828e+00 -1.004338264465332031e+00 -7.195522785186767578e-01 -1.513354659080505371e+00 1.026571273803710938e+00 1.619908213615417480e-02 -1.108135819435119629e+00 -8.679835796356201172e-01 -7.067732810974121094e-01 4.611636102199554443e-01 1.585437536239624023e+00 7.049112915992736816e-01 1.572588324546813965e+00 -3.342930972576141357e-01 -1.307913541793823242e+00 -3.503309786319732666e-01
-9.847604036331176758e-01 1.065878629684448242e+00 1.426295161247253418e+00 -1.350291490554809570e+00 1.400204300880432129e+00 -1.247135877609252930e+00 -5.484281778335571289e-01 -1.834361672401428223e+00 1.205804705619812012e+00 -2.764594182372093201e-02 -1.326300859451293945e+00 -9.491587281227111816e-01 -5.785265564918518066e-01 4.673911035060882568e-01 1.621951341629028320e+00 6.312119960784912109e-01 1.648132681846618652e+00 -4.131563603878021240e-01 -1.242563009262084961e+00 -4.478563666343688965e-01
-1.011910200119018555e+00 1.184625744819641113e+00 1.476191282272338867e+00 -1.370405077934265137e+00 1.584998488426208496e+00 -1.392670512199401855e+00 -4.621203243732452393e-01 -2.088565826416015625e+00 1.431266069412231445e+00 -1.008023172616958618e-01 -1.431205153465270996e+00 -1.058594107627868652e+00 -4.784349203109741211e-01 4.408887028694152832e-01 1.709123134613037109e+00 6.483671665191650391e-01 1.789162755012512207e+00 -4.670721292495727539e-01 -1.234874248504638672e+00 -5.291309356689453125e-01
-1.028326511383056641e+00 1.256664395332336426e+00 1.488145470619201660e+00 -1.387818694114685059e+00 1.689043164253234863e+00 -1.459727168083190918e+00 -4.050990343093872070e-01 -2.247204303741455078e+00 1.567246079444885254e+00 -1.520011276006698608e-01 -1.467196702957153320e+00 -1.131358623504638672e+00 -4.044882059097290039e-01 4.154484570026397705e-01 1.752866387367248535e+00 6.736062169075012207e-01 1.882164955139160156e+00 -4.972897469997406006e-01 -1.228911280632019043e+00 -5.795245766639709473e-01
-1.040063381195068359e+00 1.302008509635925293e+00 1.482186198234558105e+00 -1.402073979377746582e+00 1.747124433517456055e+00 -1.492240786552429199e+00 -3.738221526145935059e-01 -2.350976467132568359e+00 1.641577243804931641e+00 -1.802371144294738770e-01 -1.465138077735900879e+00 -1.184243202209472656e+00 -3.521460890769958496e-01 3.941569328308105469e-01 1.766571283340454102e+00 6.888034343719482422e-01 1.941856980323791504e+00 -5.216788649559020996e-01 -1.228335738182067871e+00 -6.041634082794189453e-01
-1.059259057044982910e+00 1.330816507339477539e+00 1.466328144073486328e+00 -1.423556923866271973e+00 1.763179540634155273e+00 -1.500059127807617188e+00 -3.608181476593017578e-01 -2.417747497558593750e+00 1.671749830245971680e+00 -1.876701712608337402e-01 -1.440847873687744141e+00 -1.222062230110168457e+00 -3.213775753974914551e-01 3.873584568500518799e-01 1.766218304634094238e+00 7.077941894531250000e-01 1.990354061126708984e+00 -5.421251058578491211e-01 -1.238603830337524414e+00 -6.151517629623413086e-01
-1.069313287734985352e+00 1.343675851821899414e+00 1.445245862007141113e+00 -1.451361417770385742e+00 1.753969430923461914e+00 -1.495514512062072754e+00 -3.653812706470489502e-01 -2.449781417846679688e+00 1.684028029441833496e+00 -1.818793416023254395e-01 -1.397156715393066406e+00 -1.244438886642456055e+00 -2.996191978454589844e-01 3.901349306106567383e-01 1.745468854904174805e+00 7.207215428352355957e-01 2.024555921554565430e+00 -5.573239326477050781e-01 -1.246888637542724609e+00 -6.085472106933593750e-01
-1.065908670425415039e+00 1.343272686004638672e+00 1.400576591491699219e+00 -1.472264051437377930e+00 1.709044337272644043e+00 -1.478342890739440918e+00 -3.878198266029357910e-01 -2.453131675720214844e+00 1.671862363815307617e+00 -1.549559384584426880e-01 -1.326549649238586426e+00 -1.254584789276123047e+00 -2.779858708381652832e-01 4.021505117416381836e-01 1.692553639411926270e+00 7.194644808769226074e-01 2.039833784103393555e+00 -5.695275664329528809e-01 -1.246907353401184082e+00 -5.811544060707092285e-01
-1.048296689987182617e+00 1.354555368423461914e+00 1.348464488983154297e+00 -1.484292268753051758e+00 1.620644807815551758e+00 -1.463394284248352051e+00 -4.794282913208007812e-01 -2.416501045227050781e+00 1.638950705528259277e+00 -1.001718789339065552e-01 -1.205388784408569336e+00 -1.233564734458923340e+00 -2.633963227272033691e-01 4.305829107761383057e-01 1.611120104789733887e+00 7.163378596305847168e-01 2.029490470886230469e+00 -5.698784589767456055e-01 -1.241698861122131348e+00 -5.346864461898803711e-01
-1.015073060989379883e+00 1.344859123229980469e+00 1.287878513336181641e+00 -1.486959218978881836e+00 1.492493748664855957e+00 -1.393237948417663574e+00 -6.276672482490539551e-01 -2.288801670074462891e+00 1.566168189048767090e+00 -3.971808031201362610e-02 -1.026219487190246582e+00 -1.184467077255249023e+00 -2.641362547874450684e-01 4.421423077583312988e-01 1.531114935874938965e+00 7.199175357818603516e-01 1.971059083938598633e+00 -5.661836266517639160e-01 -1.240417122840881348e+00 -4.325089752674102783e-01
-9.712601900100708008e-01 1.302112936973571777e+00 1.281551480293273926e+00 -1.413482427597045898e+00 1.314511537551879883e+00 -1.227228283882141113e+00 -9.081916809082031250e-01 -1.976876497268676758e+00 1.410810589790344238e+00 1.456759870052337646e-03 -7.475581169128417969e-01 -1.140730857849121094e+00 -3.153945207595825195e-01 3.772998750209808350e-01 1.465386986732482910e+00 7.300093173980712891e-01 1.843496441841125488e+00 -4.921331703662872314e-01 -1.287481904029846191e+00 -1.951959431171417236e-01
-9.449123740196228027e-01 1.266615986824035645e+00 1.353068947792053223e+00 -1.240561485290527344e+00 1.255755901336669922e+00 -1.008679389953613281e+00 -1.306781411170959473e+00 -1.519945144653320312e+00 1.328966498374938965e+00 -8.234337717294692993e-02 -4.314982295036315918e-01 -1.121380686759948730e+00 -4.536469578742980957e-01 2.521235644817352295e-01 1.488233923912048340e+00 8.057279586791992188e-01 1.721456289291381836e+00 -3.611727356910705566e-01 -1.365852713584899902e+00 1.402242779731750488e-01
-9.880023598670959473e-01 1.345031738281250000e+00 1.525864601135253906e+00 -1.198758482933044434e+00 1.391644597053527832e+00 -9.068119525909423828e-01 -1.574282050132751465e+00 -1.175169944763183594e+00 1.426795959472656250e+00 -3.009020090103149414e-01 -3.313207626342773438e-01 -1.034038424491882324e+00 -5.890979170799255371e-01 1.816607415676116943e-01 1.692752957344055176e+00 9.723105430603027344e-01 1.650014162063598633e+00 -2.676890194416046143e-01 -1.421207666397094727e+00 3.181574642658233643e-01
-1.015660047531127930e+00 1.466833233833312988e+00 1.665149807929992676e+00 -1.200253844261169434e+00 1.593402504920959473e+00 -9.345191717147827148e-01 -1.685280680656433105e+00 -1.040098190307617188e+00 1.561479687690734863e+00 -4.903650581836700439e-01 -3.428620100021362305e-01 -9.052779674530029297e-01 -6.721875071525573730e-01 1.451206356287002563e-01 1.844617605209350586e+00 1.127761602401733398e+00 1.611661553382873535e+00 -2.344257384538650513e-01 -1.422703623771667480e+00 2.521317005157470703e-01
-1.021644949913024902e+00 1.541563034057617188e+00 1.786373734474182129e+00 -1.164067029953002930e+00 1.728095531463623047e+00 -9.900932312011718750e-01 -1.731248378753662109e+00 -9.530949592590332031e-01 1.672567009925842285e+00 -6.252282857894897461e-01 -3.834153413772583008e-01 -8.041759133338928223e-01 -7.186077237129211426e-01 1.017404496669769287e-01 1.923994064331054688e+00 1.249316334724426270e+00 1.553005337715148926e+00 -2.077380865812301636e-01 -1.426163792610168457e+00 1.615929007530212402e-01
-1.017897009849548340e+00 1.591625452041625977e+00 1.872983813285827637e+00 -1.117360711097717285e+00 1.799416303634643555e+00 -1.047778606414794922e+00 -1.743624567985534668e+00 -8.924186229705810547e-01 1.760340213775634766e+00 -7.191752791404724121e-01 -4.339135885238647461e-01 -7.429252266883850098e-01 -7.443971037864685059e-01 7.330857217311859131e-02 1.947587490081787109e+00 1.321240782737731934e+00 1.506968379020690918e+00 -1.764902770519256592e-01 -1.435064673423767090e+00 9.220048785209655762e-02
-1.010117053985595703e+00 1.627841949462890625e+00 1.920307874679565430e+00 -1.067459106445312500e+00 1.827138185501098633e+00 -1.095596790313720703e+00 -1.717846393585205078e+00 -8.445029258728027344e-01 1.817950844764709473e+00 -7.955758571624755859e-01 -4.772104024887084961e-01 -6.748169064521789551e-01 -7.506783008575439453e-01 6.015760451555252075e-02 1.936692476272583008e+00 1.368580102920532227e+00 1.445941090583801270e+00 -1.528987586498260498e-01 -1.417129993438720703e+00 8.735386654734611511e-03
-1.019626975059509277e+00 1.659413576126098633e+00 1.928700327873229980e+00 -1.014244675636291504e+00 1.808089494705200195e+00 -1.144604563713073730e+00 -1.619700193405151367e+00 -8.258942365646362305e-01 1.843385219573974609e+00 -8.815941810607910156e-01 -5.437576770782470703e-01 -5.765634179115295410e-01 -7.337942123413085938e-01 6.205772608518600464e-02 1.905923128128051758e+00 1.384179949760437012e+00 1.358418703079223633e+00 -1.328178644180297852e-01 -1.352160453796386719e+00 -1.103266850113868713e-01
-1.011086463928222656e+00 1.655178070068359375e+00 1.881246924400329590e+00 -9.482202529907226562e-01 1.719265222549438477e+00 -1.175099372863769531e+00 -1.435413599014282227e+00 -8.202186822891235352e-01 1.825177311897277832e+00 -9.550232887268066406e-01 -5.977791547775268555e-01 -4.509270489215850830e-01 -6.831080913543701172e-01 8.648911118507385254e-02 1.812816023826599121e+00 1.369216561317443848e+00 1.237088441848754883e+00 -1.140540391206741333e-01 -1.238928198814392090e+00 -2.725659012794494629e-01
-9.511623382568359375e-01 1.614659428596496582e+00 1.718741059303283691e+00 -9.111561179161071777e-01 1.581043601036071777e+00 -1.183331131935119629e+00 -1.119971990585327148e+00 -8.991811275482177734e-01 1.734490752220153809e+00 -9.708123803138732910e-01 -6.469742059707641602e-01 -3.112041950225830078e-01 -5.914151668548583984e-01 1.747912317514419556e-01 1.637341856956481934e+00 1.295832276344299316e+00 1.149531126022338867e+00 -1.239859163761138916e-01 -1.060952067375183105e+00 -5.483842492103576660e-01
-9.190677404403686523e-01 1.504249572753906250e+00 1.507626652717590332e+00 -9.578022360801696777e-01 1.386092066764831543e+00 -1.182728171348571777e+00 -7.019542455673217773e-01 -1.145832657814025879e+00 1.599756479263305664e+00 -8.684985041618347168e-01 -6.920875310897827148e-01 -3.093009591102600098e-01 -4.402222633361816406e-01 2.794348001480102539e-01 1.481046676635742188e+00 1.170110344886779785e+00 1.171352267265319824e+00 -2.065342515707015991e-01 -9.032736420631408691e-01 -7.792778611183166504e-01
-9.754958748817443848e-01 1.408409714698791504e+00 1.398357868194580078e+00 -1.053482174873352051e+00 1.289802551269531250e+00 -1.207915425300598145e+00 -4.447893798351287842e-01 -1.458634734153747559e+00 1.540467500686645508e+00 -7.294150590896606445e-01 -7.437448501586914062e-01 -4.855718016624450684e-01 -3.580547571182250977e-01 3.297955095767974854e-01 1.443679809570312500e+00 1.030519247055053711e+00 1.300336599349975586e+00 -3.261739909648895264e-01 -8.878103494644165039e-01 -7.823883295059204102e-01
-1.000275731086730957e+00 1.377107501029968262e+00 1.336005806922912598e+00 -1.137043595314025879e+00 1.274589896202087402e+00 -1.285213232040405273e+00 -3.294330239295959473e-01 -1.722470402717590332e+00 1.570534110069274902e+00 -6.046965122222900391e-01 -8.182022571563720703e-01 -6.857934594154357910e-01 -2.932442426681518555e-01 3.433701395988464355e-01 1.455758333206176758e+00 9.020147919654846191e-01 1.460412740707397461e+00 -4.236550927162170410e-01 -9.250304102897644043e-01 -6.913502216339111328e-01
-1.005296111106872559e+00 1.349314570426940918e+00 1.309813857078552246e+00 -1.174168825149536133e+00 1.272354483604431152e+00 -1.342826724052429199e+00 -2.701967060565948486e-01 -1.876675844192504883e+00 1.596372008323669434e+00 -5.110983848571777344e-01 -8.805776834487915039e-01 -8.306128978729248047e-01 -2.443820685148239136e-01 3.341805338859558105e-01 1.475646615028381348e+00 8.149700164794921875e-01 1.557784676551818848e+00 -4.868334531784057617e-01 -9.584239125251770020e-01 -5.992476940155029297e-01
-1.020834803581237793e+00 1.328592061996459961e+00 1.351838111877441406e+00 -1.186020374298095703e+00 1.289563894271850586e+00 -1.391364574432373047e+00 -2.877767384052276611e-01 -1.960378170013427734e+00 1.618779659271240234e+00 -4.428417682647705078e-01 -9.253128767013549805e-01 -9.476066231727600098e-01 -2.019883692264556885e-01 3.027920424938201904e-01 1.541797637939453125e+00 7.918638586997985840e-01 1.619563460350036621e+00 -5.146173834800720215e-01 -1.010937213897705078e+00 -5.057486295700073242e-01
-1.020794868469238281e+00 1.284507751464843750e+00 1.401645183563232422e+00 -1.163570761680603027e+00 1.299233078956604004e+00 -1.410361647605895996e+00 -3.109597563743591309e-01 -1.986950755119323730e+00 1.629633307456970215e+00 -3.842392563819885254e-01 -9.643537998199462891e-01 -1.049152374267578125e+00 -1.712056249380111694e-01 2.566689550876617432e-01 1.593879699707031250e+00 7.656745314598083496e-01 1.648694872856140137e+00 -5.168647766113281250e-01 -1.057790637016296387e+00 -4.027453958988189697e-01
-1.001161098480224609e+00 1.214312911033630371e+00 1.451975941658020020e+00 -1.105728745460510254e+00 1.298020601272583008e+00 -1.403010725975036621e+00 -3.298427164554595947e-01 -1.963240742683410645e+00 1.626571297645568848e+00 -3.287608325481414795e-01 -1.005813121795654297e+00 -1.137410640716552734e+00 -1.476541608572006226e-01 1.957542598247528076e-01 1.624964475631713867e+00 7.287245392799377441e-01 1.645282983779907227e+00 -4.969405531883239746e-01 -1.095651388168334961e+00 -2.948984205722808838e-01
-9.585242271423339844e-01 1.119831800460815430e+00 1.525661706924438477e+00 -1.018217086791992188e+00 1.329908847808837891e+00 -1.380429387092590332e+00 -3.467913269996643066e-01 -1.903087973594665527e+00 1.632270336151123047e+00 -2.790799140930175781e-01 -1.066132068634033203e+00 -1.235516548156738281e+00 -1.358775496482849121e-01 1.018723994493484497e-01 1.657485842704772949e+00 6.892420053482055664e-01 1.628738284111022949e+00 -4.525940418243408203e-01 -1.140174865722656250e+00 -1.859124302864074707e-01
-8.984623551368713379e-01 1.006528854370117188e+00 1.626875519752502441e+00 -9.157484173774719238e-01 1.410899877548217773e+00 -1.346811294555664062e+00 -3.782760202884674072e-01 -1.810588955879211426e+00 1.648783206939697266e+00 -2.322610318660736084e-01 -1.145607829093933105e+00 -1.348248243331909180e+00 -1.488727480173110962e-01 -1.943095028400421143e-02 1.700950384140014648e+00 6.586858630180358887e-01 1.615222215652465820e+00 -3.836126625537872314e-01 -1.204433083534240723e+00 -7.589983940124511719e-02
-8.027394413948059082e-01 8.793460726737976074e-01 1.726349353790283203e+00 -8.092446923255920410e-01 1.518482685089111328e+00 -1.285054445266723633e+00 -4.332223832607269287e-01 -1.677600622177124023e+00 1.665348052978515625e+00 -1.764352917671203613e-01 -1.217499971389770508e+00 -1.449978709220886230e+00 -1.807766109704971313e-01 -1.619814336299896240e-01 1.738493084907531738e+00 6.453252434730529785e-01 1.600108623504638672e+00 -2.847671508789062500e-01 -1.267121791839599609e+00 4.646703600883483887e-03
-6.753243207931518555e-01 7.443534731864929199e-01 1.780503749847412109e+00 -7.265208363533020020e-01 1.682291269302368164e+00 -1.196705102920532227e+00 -4.991306960582733154e-01 -1.526574969291687012e+00 1.681230783462524414e+00 -1.228538900613784790e-01 -1.259039521217346191e+00 -1.502731561660766602e+00 -1.931132376194000244e-01 -2.761670053005218506e-01 1.766834139823913574e+00 6.796909570693969727e-01 1.590708851814270020e+00 -1.707872301340103149e-01 -1.285061717033386230e+00 1.490120589733123779e-02
-5.345553159713745117e-01 7.058539390563964844e-01 1.752288937568664551e+00 -7.452571392059326172e-01 1.835903525352478027e+00 -1.101087570190429688e+00 -5.465168356895446777e-01 -1.398285984992980957e+00 1.748661994934082031e+00 -1.353467404842376709e-01 -1.224211335182189941e+00 -1.459791302680969238e+00 -2.085285484790802002e-01 -3.276584744453430176e-01 1.752739310264587402e+00 7.444124817848205566e-01 1.600952386856079102e+00 -7.893884181976318359e-02 -1.255240321159362793e+00 -7.854080200195312500e-02
-4.252453744411468506e-01 7.125250697135925293e-01 1.635049939155578613e+00 -8.029807806015014648e-01 1.945893883705139160e+00 -1.005704283714294434e+00 -5.697783231735229492e-01 -1.310567378997802734e+00 1.783625960350036621e+00 -1.799868494272232056e-01 -1.142578601837158203e+00 -1.344231486320495605e+00 -2.121247500181198120e-01 -3.090614676475524902e-01 1.707893848419189453e+00 8.138264417648315430e-01 1.610662698745727539e+00 -3.363531827926635742e-02 -1.168114781379699707e+00 -2.201079726219177246e-01
-3.708595931529998779e-01 7.889789342880249023e-01 1.492435097694396973e+00 -8.881317377090454102e-01 2.033022642135620117e+00 -9.778649806976318359e-01 -5.628066062927246094e-01 -1.331882953643798828e+00 1.799367308616638184e+00 -2.120075523853302002e-01 -1.070108771324157715e+00 -1.218767881393432617e+00 -1.837321072816848755e-01 -2.257886826992034912e-01 1.666784167289733887e+00 8.646688461303710938e-01 1.636280775070190430e+00 -7.652684301137924194e-02 -1.065690040588378906e+00 -3.919426798820495605e-01
-3.487185537815093994e-01 8.956534862518310547e-01 1.360308527946472168e+00 -1.002979159355163574e+00 2.078515529632568359e+00 -9.754143357276916504e-01 -5.441210269927978516e-01 -1.397392630577087402e+00 1.800763249397277832e+00 -2.371265888214111328e-01 -1.006272673606872559e+00 -1.096903681755065918e+00 -1.502547562122344971e-01 -1.266578137874603271e-01 1.619145393371582031e+00 8.975256085395812988e-01 1.669141888618469238e+00 -1.424612700939178467e-01 -9.778734445571899414e-01 -5.528269410133361816e-01
-3.588880896568298340e-01 1.017611026763916016e+00 1.279229998588562012e+00 -1.152717590332031250e+00 2.087147474288940430e+00 -1.000810384750366211e+00 -5.254197716712951660e-01 -1.489537954330444336e+00 1.806573748588562012e+00 -2.574521303176879883e-01 -9.535225629806518555e-01 -9.997299909591674805e-01 -1.147580593824386597e-01 -3.298043459653854370e-02 1.605795860290527344e+00 9.291741847991943359e-01 1.712831854820251465e+00 -2.153711318969726562e-01 -9.293333292007446289e-01 -6.823765635490417480e-01
-3.942314088344573975e-01 1.125262022018432617e+00 1.245844006538391113e+00 -1.281097412109375000e+00 2.099824428558349609e+00 -1.063464164733886719e+00 -4.883779585361480713e-01 -1.593889355659484863e+00 1.828935980796813965e+00 -2.862366735935211182e-01 -9.336994886398315430e-01 -9.223484396934509277e-01 -7.548002898693084717e-02 5.873738229274749756e-02 1.622109174728393555e+00 9.301580190658569336e-01 1.743651151657104492e+00 -3.013145029544830322e-01 -8.907167315483093262e-01 -7.713258266448974609e-01
-4.651819467544555664e-01 1.232367277145385742e+00 1.227643728256225586e+00 -1.359109520912170410e+00 2.106117963790893555e+00 -1.130192399024963379e+00 -4.560318589210510254e-01 -1.700444936752319336e+00 1.872424602508544922e+00 -3.465127646923065186e-01 -9.347099065780639648e-01 -8.710513114929199219e-01 -3.903624415397644043e-02 1.287268400192260742e-01 1.655972361564636230e+00 9.285525679588317871e-01 1.768911957740783691e+00 -3.812184631824493408e-01 -8.550083637237548828e-01 -8.217794299125671387e-01
-5.396434664726257324e-01 1.369535088539123535e+00 1.221379518508911133e+00 -1.408016085624694824e+00 2.084401130676269531e+00 -1.221518516540527344e+00 -4.552455246448516846e-01 -1.794795036315917969e+00 1.911225557327270508e+00 -4.037587940692901611e-01 -9.322558641433715820e-01 -8.241370916366577148e-01 -8.343741297721862793e-03 1.834762990474700928e-01 1.689064621925354004e+00 9.113809466361999512e-01 1.765682458877563477e+00 -4.692945182323455811e-01 -8.210124969482421875e-01 -8.439033031463623047e-01
-5.989266037940979004e-01 1.475257277488708496e+00 1.236267328262329102e+00 -1.402923345565795898e+00 2.055351972579956055e+00 -1.290013432502746582e+00 -4.861690998077392578e-01 -1.829782366752624512e+00 1.932255506515502930e+00 -4.551673233509063721e-01 -9.292266368865966797e-01 -7.782194018363952637e-01 8.304882794618606567e-03 2.193576991558074951e-01 1.698020935058593750e+00 8.987375497817993164e-01 1.726145029067993164e+00 -5.259984731674194336e-01 -7.973369359970092773e-01 -8.403197526931762695e-01
-6.176038384437561035e-01 1.518319606781005859e+00 1.245804905891418457e+00 -1.331496357917785645e+00 2.023177623748779297e+00 -1.311398983001708984e+00 -5.299380421638488770e-01 -1.775183796882629395e+00 1.920544981956481934e+00 -5.020707249641418457e-01 -9.065214395523071289e-01 -7.188924551010131836e-01 3.932268917560577393e-02 2.210136950016021729e-01 1.683860778808593750e+00 8.909866809844970703e-01 1.633884072303771973e+00 -5.336410403251647949e-01 -7.500626444816589355e-01 -8.114922046661376953e-01
-5.911937952041625977e-01 1.503868579864501953e+00 1.251173496246337891e+00 -1.206478118896484375e+00 2.008738279342651367e+00 -1.286969065666198730e+00 -6.148661375045776367e-01 -1.624725818634033203e+00 1.890416264533996582e+00 -5.487821102142333984e-01 -8.476382493972778320e-01 -6.461730599403381348e-01 7.280117273330688477e-02 1.908019781112670898e-01 1.659421324729919434e+00 9.130887389183044434e-01 1.506392836570739746e+00 -4.889844954013824463e-01 -6.851958036422729492e-01 -7.543780803680419922e-01
-5.176662206649780273e-01 1.435723781585693359e+00 1.272483229637145996e+00 -1.041572093963623047e+00 2.038756132125854492e+00 -1.211224079132080078e+00 -7.634261846542358398e-01 -1.381489038467407227e+00 1.853712201118469238e+00 -5.977891087532043457e-01 -7.460570335388183594e-01 -5.646690726280212402e-01 9.821686148643493652e-02 1.097079813480377197e-01 1.663626551628112793e+00 9.874230623245239258e-01 1.355772733688354492e+00 -3.866665959358215332e-01 -6.175960898399353027e-01 -6.670368909835815430e-01
-4.628674685955047607e-01 1.321615457534790039e+00 1.335726857185363770e+00 -8.639234304428100586e-01 2.094419717788696289e+00 -1.089508295059204102e+00 -9.867163896560668945e-01 -1.080750584602355957e+00 1.820155858993530273e+00 -6.536191105842590332e-01 -6.199285984039306641e-01 -5.074242353439331055e-01 7.701712101697921753e-02 -1.227878034114837646e-03 1.728471159934997559e+00 1.147033333778381348e+00 1.234353423118591309e+00 -2.249016165733337402e-01 -6.068053841590881348e-01 -5.415189266204833984e-01
-6.111099123954772949e-01 1.241035342216491699e+00 1.527363419532775879e+00 -8.351679444313049316e-01 2.200599193572998047e+00 -1.008622527122497559e+00 -1.291548967361450195e+00 -9.482656121253967285e-01 1.849331855773925781e+00 -7.335198521614074707e-01 -5.618298053741455078e-01 -5.742462277412414551e-01 -6.986033916473388672e-02 -6.108941882848739624e-02 1.931381464004516602e+00 1.397497415542602539e+00 1.322855830192565918e+00 -6.881652772426605225e-02 -7.902834415435791016e-01 -3.401699662208557129e-01
-7.625987529754638672e-01 1.173088788986206055e+00 1.665581345558166504e+00 -8.339936137199401855e-01 2.235656499862670898e+00 -9.174039959907531738e-01 -1.520736098289489746e+00 -8.726831078529357910e-01 1.841425776481628418e+00 -7.693541646003723145e-01 -5.202463865280151367e-01 -6.675710678100585938e-01 -2.216476649045944214e-01 -1.148846521973609924e-01 2.078222036361694336e+00 1.574524760246276855e+00 1.410898685455322266e+00 4.878671839833259583e-02 -9.712950587272644043e-01 -1.567539572715759277e-01
-8.591660261154174805e-01 1.166699647903442383e+00 1.743825912475585938e+00 -8.580698370933532715e-01 2.238538026809692383e+00 -8.567730188369750977e-01 -1.643872022628784180e+00 -8.516793251037597656e-01 1.824738383293151855e+00 -7.816507220268249512e-01 -5.082113742828369141e-01 -7.314366698265075684e-01 -3.260273337364196777e-01 -1.418975591659545898e-01 2.150333881378173828e+00 1.658286690711975098e+00 1.465556621551513672e+00 9.973011910915374756e-02 -1.095928192138671875e+00 -6.262487173080444336e-02
-9.387865066528320312e-01 1.184377551078796387e+00 1.802554607391357422e+00 -8.790847063064575195e-01 2.219699144363403320e+00 -8.260316848754882812e-01 -1.710142731666564941e+00 -8.570423722267150879e-01 1.802132725715637207e+00 -7.937480807304382324e-01 -5.098294615745544434e-01 -7.692144513130187988e-01 -4.094334840774536133e-01 -1.381330490112304688e-01 2.174693107604980469e+00 1.717262864112854004e+00 1.505632042884826660e+00 1.308767944574356079e-01 -1.194702267646789551e+00 -2.998987585306167603e-02
-1.019200921058654785e+00 1.230712771415710449e+00 1.856561422348022461e+00 -8.987424373626708984e-01 2.193747282028198242e+00 -8.256260156631469727e-01 -1.747232198715209961e+00 -8.851584196090698242e-01 1.790030360221862793e+00 -8.197846412658691406e-01 -5.207465291023254395e-01 -7.863262891769409180e-01 -4.692255258560180664e-01 -1.235853955149650574e-01 2.198486566543579102e+00 1.771345257759094238e+00 1.532780051231384277e+00 1.349124312400817871e-01 -1.277256965637207031e+00 -3.324270248413085938e-02
-1.102536916732788086e+00 1.308524489402770996e+00 1.900517463684082031e+00 -9.323046207427978516e-01 2.143766403198242188e+00 -8.352834582328796387e-01 -1.764467716217041016e+00 -9.207591414451599121e-01 1.777490139007568359e+00 -8.639836907386779785e-01 -5.371515750885009766e-01 -7.856664061546325684e-01 -5.259473919868469238e-01 -1.122266426682472229e-01 2.222771644592285156e+00 1.817567825317382812e+00 1.544517636299133301e+00 1.301204860210418701e-01 -1.348801612854003906e+00 -5.558513104915618896e-02
-1.198818087577819824e+00 1.411542057991027832e+00 1.936677217483520508e+00 -9.696837663650512695e-01 2.063818454742431641e+00 -8.453472852706909180e-01 -1.768860936164855957e+00 -9.552602767944335938e-01 1.753684520721435547e+00 -9.279382228851318359e-01 -5.641455650329589844e-01 -7.678541541099548340e-01 -5.863921642303466797e-01 -9.985467046499252319e-02 2.239823341369628906e+00 1.854356646537780762e+00 1.535697221755981445e+00 1.229373663663864136e-01 -1.412383198738098145e+00 -8.835081011056900024e-02
-1.307030081748962402e+00 1.527198314666748047e+00 1.962251424789428711e+00 -9.918128848075866699e-01 1.940510392189025879e+00 -8.622055649757385254e-01 -1.736482143402099609e+00 -9.841911792755126953e-01 1.714031219482421875e+00 -1.019366383552551270e+00 -6.084073781967163086e-01 -7.255393266677856445e-01 -6.426270604133605957e-01 -7.824293524026870728e-02 2.243414163589477539e+00 1.864962100982666016e+00 1.493575572967529297e+00 1.101395189762115479e-01 -1.453070759773254395e+00 -1.292463839054107666e-01
-1.400431513786315918e+00 1.626136779785156250e+00 1.953853845596313477e+00 -9.852822422981262207e-01 1.757721543312072754e+00 -8.742808699607849121e-01 -1.644297599792480469e+00 -9.939941167831420898e-01 1.639233112335205078e+00 -1.114937067031860352e+00 -6.599048376083374023e-01 -6.572329998016357422e-01 -6.852805018424987793e-01 -4.950008541345596313e-02 2.197109460830688477e+00 1.813847184181213379e+00 1.401370048522949219e+00 9.031696617603302002e-02 -1.452377080917358398e+00 -1.717541515827178955e-01
-1.458488941192626953e+00 1.683351874351501465e+00 1.913078188896179199e+00 -9.581097960472106934e-01 1.552476286888122559e+00 -8.833942413330078125e-01 -1.498252987861633301e+00 -9.851691126823425293e-01 1.549086451530456543e+00 -1.195802092552185059e+00 -7.060066461563110352e-01 -5.744762420654296875e-01 -7.042155861854553223e-01 -2.212822437286376953e-06 2.090274810791015625e+00 1.687352418899536133e+00 1.283028841018676758e+00 6.140739843249320984e-02 -1.402622222900390625e+00 -1.987896859645843506e-01
-1.478463768959045410e+00 1.692337393760681152e+00 1.859588384628295898e+00 -9.379137158393859863e-01 1.405878424644470215e+00 -9.015980958938598633e-01 -1.336517214775085449e+00 -1.011124134063720703e+00 1.501383543014526367e+00 -1.232688307762145996e+00 -7.415788173675537109e-01 -5.393383502960205078e-01 -7.051579356193542480e-01 2.316119149327278137e-02 1.985828757286071777e+00 1.561923742294311523e+00 1.208673238754272461e+00 2.169993147253990173e-02 -1.351055979728698730e+00 -2.133156955242156982e-01
-1.461393356323242188e+00 1.685680389404296875e+00 1.836745023727416992e+00 -9.116532802581787109e-01 1.367945075035095215e+00 -9.414330720901489258e-01 -1.220969915390014648e+00 -1.054111838340759277e+00 1.499034285545349121e+00 -1.235880136489868164e+00 -7.606222629547119141e-01 -5.394375324249267578e-01 -6.851947903633117676e-01 2.905550971627235413e-02 1.937429666519165039e+00 1.473995447158813477e+00 1.174838185310363770e+00 -2.893707156181335449e-02 -1.312781691551208496e+00 -2.239060699939727783e-01
-1.418895602226257324e+00 1.655429244041442871e+00 1.827214717864990234e+00 -8.828095793724060059e-01 1.378400444984436035e+00 -9.728897809982299805e-01 -1.148514628410339355e+00 -1.073052883148193359e+00 1.511205315589904785e+00 -1.218664169311523438e+00 -7.732294797897338867e-01 -5.474013686180114746e-01 -6.530538797378540039e-01 2.949260920286178589e-02 1.906808376312255859e+00 1.396963596343994141e+00 1.149471879005432129e+00 -6.103406473994255066e-02 -1.273755192756652832e+00 -2.160813808441162109e-01
-1.367105245590209961e+00 1.606066107749938965e+00 1.825329065322875977e+00 -8.490800857543945312e-01 1.421082019805908203e+00 -9.929478168487548828e-01 -1.122946023941040039e+00 -1.066922783851623535e+00 1.531079292297363281e+00 -1.194396495819091797e+00 -7.710428237915039062e-01 -5.555120110511779785e-01 -6.215138435363769531e-01 3.019039705395698547e-02 1.893445968627929688e+00 1.342283844947814941e+00 1.132236123085021973e+00 -7.001675665378570557e-02 -1.237959980964660645e+00 -1.878192722797393799e-01
-1.304176449775695801e+00 1.538982868194580078e+00 1.829217314720153809e+00 -8.093396425247192383e-01 1.491487741470336914e+00 -1.006736397743225098e+00 -1.136570811271667480e+00 -1.035718202590942383e+00 1.557870626449584961e+00 -1.164198994636535645e+00 -7.509210109710693359e-01 -5.603030323982238770e-01 -5.895605087280273438e-01 3.369343653321266174e-02 1.894426107406616211e+00 1.306631088256835938e+00 1.121457934379577637e+00 -6.151599809527397156e-02 -1.201667666435241699e+00 -1.422930061817169189e-01
-1.218487858772277832e+00 1.449145793914794922e+00 1.833907008171081543e+00 -7.639948725700378418e-01 1.585219383239746094e+00 -1.017501592636108398e+00 -1.175883650779724121e+00 -9.760366082191467285e-01 1.590028882026672363e+00 -1.122249603271484375e+00 -7.103687524795532227e-01 -5.555398464202880859e-01 -5.513781309127807617e-01 4.266739636659622192e-02 1.899485588073730469e+00 1.280680298805236816e+00 1.110437512397766113e+00 -4.061851277947425842e-02 -1.155869960784912109e+00 -8.509692549705505371e-02
-1.132929801940917969e+00 1.374171853065490723e+00 1.868389129638671875e+00 -7.698621153831481934e-01 1.739112615585327148e+00 -1.073166847229003906e+00 -1.213416218757629395e+00 -9.675343632698059082e-01 1.690364599227905273e+00 -1.073859810829162598e+00 -6.658214330673217773e-01 -5.859115719795227051e-01 -5.092825889587402344e-01 4.496691375970840454e-02 1.944151520729064941e+00 1.298734188079833984e+00 1.168067097663879395e+00 -4.020434990525245667e-02 -1.134029746055603027e+00 -4.234264045953750610e-02
-1.021421670913696289e+00 1.301321744918823242e+00 1.904790282249450684e+00 -7.904080152511596680e-01 1.889262080192565918e+00 -1.145458936691284180e+00 -1.216134309768676758e+00 -9.570577740669250488e-01 1.795382142066955566e+00 -1.012572407722473145e+00 -6.205632686614990234e-01 -5.996886491775512695e-01 -4.530557394027709961e-01 5.943625792860984802e-02 1.976051807403564453e+00 1.311175107955932617e+00 1.221866011619567871e+00 -5.322929471731185913e-02 -1.096776008605957031e+00 -3.575693070888519287e-02
-9.098618030548095703e-01 1.262315750122070312e+00 1.936694264411926270e+00 -8.546292781829833984e-01 1.979313373565673828e+00 -1.240049719810485840e+00 -1.185915708541870117e+00 -9.654152989387512207e-01 1.875254869461059570e+00 -9.197095036506652832e-01 -5.854808092117309570e-01 -5.931736826896667480e-01 -4.109861850738525391e-01 9.668236225843429565e-02 1.984716892242431641e+00 1.308450341224670410e+00 1.264855265617370605e+00 -1.020197197794914246e-01 -1.070752024650573730e+00 -8.070974051952362061e-02
-8.189779520034790039e-01 1.269009470939636230e+00 1.949708700180053711e+00 -9.263307452201843262e-01 1.981372833251953125e+00 -1.344848752021789551e+00 -1.107576966285705566e+00 -9.692577123641967773e-01 1.903765678405761719e+00 -8.475568890571594238e-01 -5.757553577423095703e-01 -5.302879214286804199e-01 -3.763785958290100098e-01 1.562203168869018555e-01 1.952931523323059082e+00 1.269920825958251953e+00 1.246788620948791504e+00 -1.749205291271209717e-01 -1.025994300842285156e+00 -1.684595942497253418e-01
-7.564332485198974609e-01 1.310439109802246094e+00 1.945870518684387207e+00 -9.698700904846191406e-01 1.923285365104675293e+00 -1.439421296119689941e+00 -9.823344349861145020e-01 -9.585527777671813965e-01 1.881923675537109375e+00 -8.294009566307067871e-01 -6.014559268951416016e-01 -4.020176827907562256e-01 -3.396922945976257324e-01 2.281922399997711182e-01 1.881190657615661621e+00 1.197379708290100098e+00 1.148728966712951660e+00 -2.539863884449005127e-01 -9.502951502799987793e-01 -2.873805761337280273e-01
-7.293844819068908691e-01 1.403740644454956055e+00 1.952946782112121582e+00 -1.003812432289123535e+00 1.850002408027648926e+00 -1.521472096443176270e+00 -8.282551169395446777e-01 -9.693107008934020996e-01 1.849840164184570312e+00 -8.624580502510070801e-01 -6.632672548294067383e-01 -2.624867558479309082e-01 -3.119605183601379395e-01 2.821819484233856201e-01 1.822437286376953125e+00 1.128092765808105469e+00 1.027204155921936035e+00 -3.360550105571746826e-01 -8.790479302406311035e-01 -4.451103210449218750e-01
-7.532984614372253418e-01 1.548687815666198730e+00 1.944131016731262207e+00 -1.022650957107543945e+00 1.794004678726196289e+00 -1.566764593124389648e+00 -7.250449061393737793e-01 -1.018280744552612305e+00 1.826724529266357422e+00 -9.151593446731567383e-01 -7.633188962936401367e-01 -1.744667589664459229e-01 -3.028814792633056641e-01 3.129617273807525635e-01 1.792432546615600586e+00 1.087413311004638672e+00 9.514142274856567383e-01 -3.969248235225677490e-01 -8.371706604957580566e-01 -6.092736721038818359e-01
-8.007107377052307129e-01 1.673801898956298828e+00 1.919015884399414062e+00 -1.001201868057250977e+00 1.732487678527832031e+00 -1.578115820884704590e+00 -6.779175996780395508e-01 -1.064115762710571289e+00 1.799185514450073242e+00 -9.649504423141479492e-01 -8.560538291931152344e-01 -1.316704750061035156e-01 -2.971920371055603027e-01 3.137370944023132324e-01 1.773687481880187988e+00 1.065649867057800293e+00 8.981546163558959961e-01 -4.215874671936035156e-01 -8.110657930374145508e-01 -7.189269661903381348e-01
-8.620937466621398926e-01 1.748612284660339355e+00 1.899969220161437988e+00 -9.609441161155700684e-01 1.718091964721679688e+00 -1.571251392364501953e+00 -6.705499291419982910e-01 -1.117948532104492188e+00 1.774695396423339844e+00 -1.009711265563964844e+00 -9.259403944015502930e-01 -1.118912100791931152e-01 -2.894890904426574707e-01 2.965209484100341797e-01 1.775112390518188477e+00 1.064716458320617676e+00 8.671260476112365723e-01 -4.250872433185577393e-01 -8.014847636222839355e-01 -7.755346298217773438e-01
-8.979681730270385742e-01 1.807081222534179688e+00 1.888214230537414551e+00 -9.288362264633178711e-01 1.744221091270446777e+00 -1.525268912315368652e+00 -7.023756504058837891e-01 -1.151330947875976562e+00 1.767889618873596191e+00 -1.036351442337036133e+00 -9.693859815597534180e-01 -1.424934566020965576e-01 -2.932072281837463379e-01 2.209644615650177002e-01 1.803974628448486328e+00 1.075778007507324219e+00 8.681101202964782715e-01 -4.179791212081909180e-01 -8.297492265701293945e-01 -8.003512620925903320e-01
-8.991145491600036621e-01 1.809217691421508789e+00 1.866571545600891113e+00 -8.839676976203918457e-01 1.741779923439025879e+00 -1.447085738182067871e+00 -7.545446753501892090e-01 -1.130224347114562988e+00 1.725350499153137207e+00 -1.022064208984375000e+00 -9.892810583114624023e-01 -1.881433278322219849e-01 -3.156620860099792480e-01 1.121749728918075562e-01 1.819710731506347656e+00 1.071607589721679688e+00 8.523573875427246094e-01 -3.896097838878631592e-01 -8.670538663864135742e-01 -7.837194800376892090e-01
-8.463313579559326172e-01 1.749804615974426270e+00 1.848266243934631348e+00 -8.093771934509277344e-01 1.746787309646606445e+00 -1.323678851127624512e+00 -8.357415199279785156e-01 -1.047720551490783691e+00 1.664753556251525879e+00 -9.682720303535461426e-01 -9.891695976257324219e-01 -2.721014022827148438e-01 -3.521618843078613281e-01 -6.562360376119613647e-02 1.840467095375061035e+00 1.057942748069763184e+00 8.282354474067687988e-01 -3.303713202476501465e-01 -9.250888824462890625e-01 -7.151562571525573730e-01
-7.889133691787719727e-01 1.644279956817626953e+00 1.853427052497863770e+00 -7.878786325454711914e-01 1.821418523788452148e+00 -1.173681020736694336e+00 -9.842754602432250977e-01 -9.797617197036743164e-01 1.659906983375549316e+00 -8.824863433837890625e-01 -9.368761777877807617e-01 -4.379926323890686035e-01 -3.974592089653015137e-01 -2.583178579807281494e-01 1.910258889198303223e+00 1.080456972122192383e+00 9.092246890068054199e-01 -2.446870952844619751e-01 -1.035501718521118164e+00 -5.680332779884338379e-01
-7.234175205230712891e-01 1.478545188903808594e+00 1.844430088996887207e+00 -8.376635313034057617e-01 1.924349546432495117e+00 -1.030467867851257324e+00 -1.189236640930175781e+00 -9.312132596969604492e-01 1.733071923255920410e+00 -7.526947259902954102e-01 -8.238182067871093750e-01 -6.749146580696105957e-01 -4.414545297622680664e-01 -3.673708736896514893e-01 1.998057603836059570e+00 1.142820954322814941e+00 1.137470245361328125e+00 -1.194003522396087646e-01 -1.160554766654968262e+00 -3.387579619884490967e-01
-6.742447018623352051e-01 1.293734431266784668e+00 1.837029218673706055e+00 -9.147401452064514160e-01 2.035676717758178711e+00 -9.227115511894226074e-01 -1.352395772933959961e+00 -9.569805264472961426e-01 1.829945802688598633e+00 -5.921878218650817871e-01 -7.036129236221313477e-01 -9.343426227569580078e-01 -4.724816083908081055e-01 -4.101648032665252686e-01 2.121779680252075195e+00 1.224043250083923340e+00 1.427732586860656738e+00 -4.229524359107017517e-02 -1.280715703964233398e+00 -1.322366595268249512e-01
-6.641487479209899902e-01 1.172012329101562500e+00 1.845203757286071777e+00 -9.694103598594665527e-01 2.042058467864990234e+00 -8.796181082725524902e-01 -1.467308402061462402e+00 -9.961022138595581055e-01 1.858912587165832520e+00 -4.423967003822326660e-01 -6.106798648834228516e-01 -1.134612798690795898e+00 -5.257614254951477051e-01 -3.981963694095611572e-01 2.152781486511230469e+00 1.269001960754394531e+00 1.646727681159973145e+00 9.289920330047607422e-03 -1.404496550559997559e+00 1.244409196078777313e-02
-6.959616541862487793e-01 1.165294885635375977e+00 1.859931707382202148e+00 -1.044610023498535156e+00 2.003690958023071289e+00 -8.863945603370666504e-01 -1.528298020362854004e+00 -1.072681069374084473e+00 1.856156945228576660e+00 -3.372707962989807129e-01 -5.778405666351318359e-01 -1.260106205940246582e+00 -5.830218791961669922e-01 -3.808963000774383545e-01 2.169836044311523438e+00 1.268140554428100586e+00 1.787900328636169434e+00 9.895749390125274658e-03 -1.500239968299865723e+00 7.219503074884414673e-02
-7.173464894294738770e-01 1.173054337501525879e+00 1.877771377563476562e+00 -1.085043072700500488e+00 1.955592632293701172e+00 -8.990869522094726562e-01 -1.556552886962890625e+00 -1.111629486083984375e+00 1.855481743812561035e+00 -2.774689495563507080e-01 -5.627302527427673340e-01 -1.340388774871826172e+00 -6.252181529998779297e-01 -3.813019096851348877e-01 2.178470611572265625e+00 1.264876365661621094e+00 1.868289232254028320e+00 5.794741213321685791e-03 -1.568948984146118164e+00 1.103826463222503662e-01
-7.219507098197937012e-01 1.201690316200256348e+00 1.907179951667785645e+00 -1.130376696586608887e+00 1.908127307891845703e+00 -9.342672824859619141e-01 -1.561211705207824707e+00 -1.140758872032165527e+00 1.866254925727844238e+00 -2.391700744628906250e-01 -5.489826202392578125e-01 -1.384556174278259277e+00 -6.421564221382141113e-01 -3.880486786365509033e-01 2.189643621444702148e+00 1.266557812690734863e+00 1.913016915321350098e+00 -1.541952416300773621e-02 -1.619916200637817383e+00 1.207261458039283752e-01
-7.038418650627136230e-01 1.230183959007263184e+00 1.934077382087707520e+00 -1.170906424522399902e+00 1.831869721412658691e+00 -9.818100929260253906e-01 -1.515125513076782227e+00 -1.155133485794067383e+00 1.871260046958923340e+00 -2.120246589183807373e-01 -5.310940146446228027e-01 -1.401116490364074707e+00 -6.426717042922973633e-01 -3.995963335037231445e-01 2.176194429397583008e+00 1.249018907546997070e+00 1.918160676956176758e+00 -4.559491947293281555e-02 -1.648551106452941895e+00 1.141083240509033203e-01
-6.673266887664794922e-01 1.249629616737365723e+00 1.934345602989196777e+00 -1.183954715728759766e+00 1.679275631904602051e+00 -1.019863963127136230e+00 -1.401563048362731934e+00 -1.140849828720092773e+00 1.844883918762207031e+00 -2.055860757827758789e-01 -5.053272247314453125e-01 -1.382956743240356445e+00 -6.188136935234069824e-01 -4.178201556205749512e-01 2.100318431854248047e+00 1.191435694694519043e+00 1.849687457084655762e+00 -7.530891895294189453e-02 -1.631030678749084473e+00 9.710799157619476318e-02
-6.220000982284545898e-01 1.246401667594909668e+00 1.889091849327087402e+00 -1.111751914024353027e+00 1.460032939910888672e+00 -1.087827801704406738e+00 -1.151279568672180176e+00 -1.106591820716857910e+00 1.789206027984619141e+00 -2.730610966682434082e-01 -5.016627907752990723e-01 -1.271295070648193359e+00 -5.075461268424987793e-01 -3.651491403579711914e-01 1.950196266174316406e+00 1.060649514198303223e+00 1.655760765075683594e+00 -1.419795751571655273e-01 -1.481193900108337402e+00 5.635182932019233704e-02
-7.132887244224548340e-01 1.277831554412841797e+00 1.811807394027709961e+00 -1.000954985618591309e+00 1.270045399665832520e+00 -1.189264774322509766e+00 -7.680091261863708496e-01 -1.169489860534667969e+00 1.699329018592834473e+00 -4.834882020950317383e-01 -6.322115659713745117e-01 -1.040678739547729492e+00 -3.736086487770080566e-01 -1.970095932483673096e-01 1.761923432350158691e+00 8.844329714775085449e-01 1.386133193969726562e+00 -2.099259942770004272e-01 -1.227959513664245605e+00 -6.605931371450424194e-02
-8.669749498367309570e-01 1.310131311416625977e+00 1.688878059387207031e+00 -9.458310604095458984e-01 1.200804114341735840e+00 -1.296892285346984863e+00 -4.300845861434936523e-01 -1.339353203773498535e+00 1.652160763740539551e+00 -6.893256902694702148e-01 -7.728154659271240234e-01 -8.304374814033508301e-01 -2.530721426010131836e-01 3.442841768264770508e-02 1.595806479454040527e+00 7.648634910583496094e-01 1.231834888458251953e+00 -2.940760850906372070e-01 -9.885294437408447266e-01 -1.945032775402069092e-01
-9.617927074432373047e-01 1.448539376258850098e+00 1.608482718467712402e+00 -1.025800466537475586e+00 1.293471693992614746e+00 -1.413332819938659668e+00 -3.056455552577972412e-01 -1.553589582443237305e+00 1.717357873916625977e+00 -7.591723203659057617e-01 -8.358967304229736328e-01 -7.528207898139953613e-01 -1.851068139076232910e-01 2.050820589065551758e-01 1.594213366508483887e+00 7.709690332412719727e-01 1.297225475311279297e+00 -4.243355691432952881e-01 -9.085339903831481934e-01 -3.598780035972595215e-01
-1.014136910438537598e+00 1.590541124343872070e+00 1.547646641731262207e+00 -1.116789817810058594e+00 1.454536318778991699e+00 -1.526347517967224121e+00 -2.648196816444396973e-01 -1.768146276473999023e+00 1.795469999313354492e+00 -7.900688648223876953e-01 -8.964452743530273438e-01 -7.052536010742187500e-01 -1.581277102231979370e-01 3.265832960605621338e-01 1.617920160293579102e+00 7.831131815910339355e-01 1.388626217842102051e+00 -5.466234087944030762e-01 -8.659849762916564941e-01 -5.100323557853698730e-01
-1.031654834747314453e+00 1.689712166786193848e+00 1.496791362762451172e+00 -1.201058864593505859e+00 1.609803557395935059e+00 -1.617938637733459473e+00 -2.400856763124465942e-01 -1.955115556716918945e+00 1.866377711296081543e+00 -7.782361507415771484e-01 -9.474799633026123047e-01 -6.800811290740966797e-01 -1.224637031555175781e-01 4.098480045795440674e-01 1.642214775085449219e+00 7.709972262382507324e-01 1.462422490119934082e+00 -6.589373946189880371e-01 -8.303531408309936523e-01 -6.244220137596130371e-01
-1.027736067771911621e+00 1.748132348060607910e+00 1.476194262504577637e+00 -1.289214491844177246e+00 1.747758984565734863e+00 -1.683834195137023926e+00 -2.515881955623626709e-01 -2.119259834289550781e+00 1.927760004997253418e+00 -7.218825221061706543e-01 -9.978179931640625000e-01 -7.097981572151184082e-01 -1.009077578783035278e-01 4.579407870769500732e-01 1.676198601722717285e+00 7.402096986770629883e-01 1.556988954544067383e+00 -7.432229518890380859e-01 -8.393839001655578613e-01 -6.766464710235595703e-01
-9.869890213012695312e-01 1.757543921470642090e+00 1.429925560951232910e+00 -1.354038834571838379e+00 1.857534289360046387e+00 -1.714851021766662598e+00 -3.018076717853546143e-01 -2.241897583007812500e+00 1.956128954887390137e+00 -6.109389662742614746e-01 -1.026608705520629883e+00 -7.629649639129638672e-01 -8.185237646102905273e-02 4.878161251544952393e-01 1.686727643013000488e+00 6.871187090873718262e-01 1.647909641265869141e+00 -7.996556162834167480e-01 -8.505378961563110352e-01 -6.760965585708618164e-01
-9.252671003341674805e-01 1.702115297317504883e+00 1.348594307899475098e+00 -1.395762443542480469e+00 1.871267795562744141e+00 -1.676438450813293457e+00 -4.055650532245635986e-01 -2.267807483673095703e+00 1.906049609184265137e+00 -4.282402098178863525e-01 -1.049560308456420898e+00 -8.387359976768493652e-01 -1.167886704206466675e-01 5.105645656585693359e-01 1.656366109848022461e+00 6.147377490997314453e-01 1.733437061309814453e+00 -7.991624474525451660e-01 -8.973048925399780273e-01 -6.214355230331420898e-01
-8.345070481300354004e-01 1.615880131721496582e+00 1.258016705513000488e+00 -1.420533180236816406e+00 1.799397826194763184e+00 -1.571402549743652344e+00 -5.339895486831665039e-01 -2.188877582550048828e+00 1.806813359260559082e+00 -2.292252779006958008e-01 -1.031440258026123047e+00 -9.096813797950744629e-01 -1.803419440984725952e-01 5.076211690902709961e-01 1.578522205352783203e+00 5.429529547691345215e-01 1.789894104003906250e+00 -7.478163242340087891e-01 -9.621613025665283203e-01 -5.549018383026123047e-01
-7.531477808952331543e-01 1.549673318862915039e+00 1.210899829864501953e+00 -1.429021120071411133e+00 1.716130614280700684e+00 -1.472165226936340332e+00 -6.536564826965332031e-01 -2.084759712219238281e+00 1.722694516181945801e+00 -7.421482354402542114e-02 -9.948302507400512695e-01 -9.732231497764587402e-01 -2.508133649826049805e-01 4.734101891517639160e-01 1.507179260253906250e+00 5.114206671714782715e-01 1.823331594467163086e+00 -6.830307245254516602e-01 -1.040010452270507812e+00 -5.124730467796325684e-01
-7.262122631072998047e-01 1.534594297409057617e+00 1.194851160049438477e+00 -1.444164037704467773e+00 1.637102723121643066e+00 -1.393172502517700195e+00 -7.549650073051452637e-01 -2.012903690338134766e+00 1.660556197166442871e+00 1.522921770811080933e-02 -9.630888700485229492e-01 -1.032992959022521973e+00 -3.375044465065002441e-01 4.219265878200531006e-01 1.480313062667846680e+00 5.215631127357482910e-01 1.850575089454650879e+00 -6.340835690498352051e-01 -1.130533576011657715e+00 -4.933069944381713867e-01
-7.260096669197082520e-01 1.518067955970764160e+00 1.172859549522399902e+00 -1.455634117126464844e+00 1.526185035705566406e+00 -1.324133634567260742e+00 -8.075083494186401367e-01 -1.961772441864013672e+00 1.583466529846191406e+00 7.812122255563735962e-02 -9.430632591247558594e-01 -1.066920161247253418e+00 -4.099891185760498047e-01 3.911838829517364502e-01 1.439784049987792969e+00 5.235277414321899414e-01 1.853828907012939453e+00 -5.973935723304748535e-01 -1.195735454559326172e+00 -4.889547824859619141e-01
-7.554572820663452148e-01 1.494308829307556152e+00 1.144003629684448242e+00 -1.468594670295715332e+00 1.388952374458312988e+00 -1.262144565582275391e+00 -8.156229257583618164e-01 -1.936770796775817871e+00 1.488353729248046875e+00 1.198939308524131775e-01 -9.379179477691650391e-01 -1.078273534774780273e+00 -4.702346324920654297e-01 3.864327669143676758e-01 1.389321684837341309e+00 5.215650796890258789e-01 1.842555046081542969e+00 -5.710320472717285156e-01 -1.240112781524658203e+00 -5.000405907630920410e-01
-8.271151781082153320e-01 1.463623642921447754e+00 1.123487234115600586e+00 -1.489695072174072266e+00 1.253903627395629883e+00 -1.217394590377807617e+00 -7.958227992057800293e-01 -1.942525148391723633e+00 1.391375780105590820e+00 1.230251863598823547e-01 -9.508692026138305664e-01 -1.072537899017333984e+00 -5.322086811065673828e-01 4.186420440673828125e-01 1.346497297286987305e+00 5.473597049713134766e-01 1.841168284416198730e+00 -5.473349094390869141e-01 -1.277238488197326660e+00 -5.171680450439453125e-01
-9.551587104797363281e-01 1.399201631546020508e+00 1.163447976112365723e+00 -1.500603914260864258e+00 1.179122090339660645e+00 -1.205761313438415527e+00 -7.573584318161010742e-01 -1.977984309196472168e+00 1.323558211326599121e+00 7.118972390890121460e-02 -9.891120195388793945e-01 -1.070956468582153320e+00 -5.848762989044189453e-01 4.868635535240173340e-01 1.349510908126831055e+00 6.396404504776000977e-01 1.872747898101806641e+00 -5.087021589279174805e-01 -1.325328707695007324e+00 -5.256302356719970703e-01
-1.104796290397644043e+00 1.300959587097167969e+00 1.238907456398010254e+00 -1.509282946586608887e+00 1.178644657135009766e+00 -1.198836684226989746e+00 -6.953839063644409180e-01 -1.992620110511779785e+00 1.279143810272216797e+00 -6.429493427276611328e-02 -1.030451774597167969e+00 -1.012006521224975586e+00 -5.964525341987609863e-01 5.820715427398681641e-01 1.395462274551391602e+00 7.892799973487854004e-01 1.880635619163513184e+00 -4.671742618083953857e-01 -1.333150029182434082e+00 -5.380887389183044434e-01
-1.204735636711120605e+00 1.188696622848510742e+00 1.309456110000610352e+00 -1.497176647186279297e+00 1.264817237854003906e+00 -1.168652296066284180e+00 -6.066792011260986328e-01 -1.944037318229675293e+00 1.295626997947692871e+00 -2.669415473937988281e-01 -1.056527972221374512e+00 -9.001495242118835449e-01 -5.526747107505798340e-01 6.635429859161376953e-01 1.461513996124267578e+00 9.492285847663879395e-01 1.856870889663696289e+00 -4.222083985805511475e-01 -1.276432156562805176e+00 -5.589067339897155762e-01
-1.237409591674804688e+00 1.050644636154174805e+00 1.355828404426574707e+00 -1.437283158302307129e+00 1.410228490829467773e+00 -1.126929759979248047e+00 -5.192716121673583984e-01 -1.859074234962463379e+00 1.327063083648681641e+00 -4.433875977993011475e-01 -1.076863646507263184e+00 -7.916399836540222168e-01 -4.636708498001098633e-01 7.053547501564025879e-01 1.545217514038085938e+00 1.073856949806213379e+00 1.806995630264282227e+00 -3.738074898719787598e-01 -1.175382971763610840e+00 -5.528787374496459961e-01
-1.206991434097290039e+00 9.549122452735900879e-01 1.403187751770019531e+00 -1.354887485504150391e+00 1.610492467880249023e+00 -1.144678235054016113e+00 -5.167247653007507324e-01 -1.814629554748535156e+00 1.369503259658813477e+00 -5.198861956596374512e-01 -1.071061730384826660e+00 -7.149442434310913086e-01 -3.338717818260192871e-01 7.008498311042785645e-01 1.654450178146362305e+00 1.193254709243774414e+00 1.756215929985046387e+00 -3.463827371597290039e-01 -1.069582581520080566e+00 -5.685191750526428223e-01
-1.131878018379211426e+00 8.781980872154235840e-01 1.419745445251464844e+00 -1.282912254333496094e+00 1.780483365058898926e+00 -1.155453443527221680e+00 -5.226560235023498535e-01 -1.759939670562744141e+00 1.388092517852783203e+00 -5.421348214149475098e-01 -1.060234427452087402e+00 -6.501889228820800781e-01 -2.167436331510543823e-01 6.793467998504638672e-01 1.733647346496582031e+00 1.248612165451049805e+00 1.694191694259643555e+00 -3.316514194011688232e-01 -9.629835486412048340e-01 -5.841010212898254395e-01
-1.039499402046203613e+00 8.505982160568237305e-01 1.417767763137817383e+00 -1.234138131141662598e+00 1.894114375114440918e+00 -1.158222436904907227e+00 -5.428065657615661621e-01 -1.702851533889770508e+00 1.388389229774475098e+00 -5.306907892227172852e-01 -1.045650720596313477e+00 -6.010318398475646973e-01 -1.314397603273391724e-01 6.381525993347167969e-01 1.784660339355468750e+00 1.247851014137268066e+00 1.625191569328308105e+00 -3.279698491096496582e-01 -8.740093708038330078e-01 -6.051062941551208496e-01
-9.469856619834899902e-01 8.602337837219238281e-01 1.413209199905395508e+00 -1.200398921966552734e+00 1.953106880187988281e+00 -1.161109924316406250e+00 -5.749886631965637207e-01 -1.637306690216064453e+00 1.369341969490051270e+00 -4.898020029067993164e-01 -1.036192059516906738e+00 -5.686509609222412109e-01 -9.335225820541381836e-02 5.920690298080444336e-01 1.802327871322631836e+00 1.198273301124572754e+00 1.558925509452819824e+00 -3.325496912002563477e-01 -8.225703239440917969e-01 -6.190407872200012207e-01
-8.569718003273010254e-01 9.158331751823425293e-01 1.413529753684997559e+00 -1.176719903945922852e+00 1.966989278793334961e+00 -1.168747901916503906e+00 -6.191437840461730957e-01 -1.556504607200622559e+00 1.352135539054870605e+00 -4.434331953525543213e-01 -1.016421556472778320e+00 -5.289826989173889160e-01 -1.071157008409500122e-01 5.450327396392822266e-01 1.781825423240661621e+00 1.118805289268493652e+00 1.480625629425048828e+00 -3.470469713211059570e-01 -7.970383167266845703e-01 -6.428713798522949219e-01
-7.865511775016784668e-01 1.005676507949829102e+00 1.415729284286499023e+00 -1.165126323699951172e+00 1.929527640342712402e+00 -1.169437170028686523e+00 -6.708487272262573242e-01 -1.474592685699462891e+00 1.328304886817932129e+00 -3.949640095233917236e-01 -9.891322851181030273e-01 -4.954956471920013428e-01 -1.619007140398025513e-01 4.994727075099945068e-01 1.733799934387207031e+00 1.035645365715026855e+00 1.409517645835876465e+00 -3.647508323192596436e-01 -8.046302199363708496e-01 -6.751255989074707031e-01
-7.563557624816894531e-01 1.146429061889648438e+00 1.427054643630981445e+00 -1.181566476821899414e+00 1.843104362487792969e+00 -1.164625287055969238e+00 -7.347636818885803223e-01 -1.417811751365661621e+00 1.309042453765869141e+00 -3.521589934825897217e-01 -9.594645500183105469e-01 -4.820314347743988037e-01 -2.613072991371154785e-01 4.532093107700347900e-01 1.674064159393310547e+00 9.634514451026916504e-01 1.365117549896240234e+00 -3.850626647472381592e-01 -8.572413921356201172e-01 -7.229341268539428711e-01
-7.963796257972717285e-01 1.339766979217529297e+00 1.439970016479492188e+00 -1.234797835350036621e+00 1.678013682365417480e+00 -1.141357541084289551e+00 -8.148238062858581543e-01 -1.386376857757568359e+00 1.275632143020629883e+00 -3.399650454521179199e-01 -9.243530035018920898e-01 -4.757597148418426514e-01 -4.039621949195861816e-01 4.179486930370330811e-01 1.606017708778381348e+00 9.021462798118591309e-01 1.336326360702514648e+00 -4.014441668987274170e-01 -9.500072002410888672e-01 -7.739864587783813477e-01
-8.952935338020324707e-01 1.542209625244140625e+00 1.433326601982116699e+00 -1.306571125984191895e+00 1.433801412582397461e+00 -1.083892822265625000e+00 -8.959324359893798828e-01 -1.364967107772827148e+00 1.212147831916809082e+00 -3.489561676979064941e-01 -8.744727373123168945e-01 -4.713170826435089111e-01 -5.809375643730163574e-01 4.035424888134002686e-01 1.510479211807250977e+00 8.530479073524475098e-01 1.319688320159912109e+00 -4.081316888332366943e-01 -1.070692181587219238e+00 -8.132658004760742188e-01
-1.025540828704833984e+00 1.715665817260742188e+00 1.399805307388305664e+00 -1.381004929542541504e+00 1.156821250915527344e+00 -1.002466917037963867e+00 -9.678552150726318359e-01 -1.357336640357971191e+00 1.170493841171264648e+00 -3.703922033309936523e-01 -8.215628862380981445e-01 -5.190092325210571289e-01 -7.444621324539184570e-01 3.869199752807617188e-01 1.410267710685729980e+00 8.486846089363098145e-01 1.354953289031982422e+00 -3.839556574821472168e-01 -1.204153180122375488e+00 -8.215253949165344238e-01
-1.152263879776000977e+00 1.798405289649963379e+00 1.380769729614257812e+00 -1.430153489112854004e+00 9.905637502670288086e-01 -9.585881829261779785e-01 -9.767156839370727539e-01 -1.452807426452636719e+00 1.182474851608276367e+00 -3.925675451755523682e-01 -8.021391630172729492e-01 -6.140871644020080566e-01 -8.221510052680969238e-01 3.327554464340209961e-01 1.386602997779846191e+00 8.703595995903015137e-01 1.413739085197448730e+00 -3.736675381660461426e-01 -1.320036411285400391e+00 -7.884513735771179199e-01
-1.221642494201660156e+00 1.779727458953857422e+00 1.398832798004150391e+00 -1.423483014106750488e+00 9.582760930061340332e-01 -9.450739026069641113e-01 -9.995104074478149414e-01 -1.539417505264282227e+00 1.238298058509826660e+00 -4.180423021316528320e-01 -7.399176359176635742e-01 -7.062443494796752930e-01 -8.201305270195007324e-01 2.649802863597869873e-01 1.425348997116088867e+00 9.467719197273254395e-01 1.479674458503723145e+00 -3.450815677642822266e-01 -1.397790789604187012e+00 -7.029936909675598145e-01
-1.226955413818359375e+00 1.670081138610839844e+00 1.400947570800781250e+00 -1.388328313827514648e+00 9.488667249679565430e-01 -9.034628272056579590e-01 -1.015727400779724121e+00 -1.557181000709533691e+00 1.273427009582519531e+00 -4.083443284034729004e-01 -6.753993034362792969e-01 -8.200502395629882812e-01 -7.822592854499816895e-01 1.926083862781524658e-01 1.469640970230102539e+00 1.012205958366394043e+00 1.552175164222717285e+00 -2.911416888236999512e-01 -1.447027325630187988e+00 -5.623638033866882324e-01
-1.194656372070312500e+00 1.512228369712829590e+00 1.392825365066528320e+00 -1.340738058090209961e+00 9.676145315170288086e-01 -8.613963723182678223e-01 -1.009866952896118164e+00 -1.551769018173217773e+00 1.286375641822814941e+00 -3.651420474052429199e-01 -6.402547359466552734e-01 -9.231527447700500488e-01 -7.275894880294799805e-01 1.384807527065277100e-01 1.506475448608398438e+00 1.041377902030944824e+00 1.605867028236389160e+00 -2.496589422225952148e-01 -1.468584537506103516e+00 -4.210337102413177490e-01
-1.146909236907958984e+00 1.344437837600708008e+00 1.386773109436035156e+00 -1.292170882225036621e+00 1.007577896118164062e+00 -8.258601427078247070e-01 -9.957398176193237305e-01 -1.542922377586364746e+00 1.277986764907836914e+00 -2.998197972774505615e-01 -6.360737085342407227e-01 -1.016636729240417480e+00 -6.803764104843139648e-01 9.819252789020538330e-02 1.536374926567077637e+00 1.042183041572570801e+00 1.649482011795043945e+00 -2.136160582304000854e-01 -1.479079723358154297e+00 -2.989369928836822510e-01
-1.074484229087829590e+00 1.170038223266601562e+00 1.393176078796386719e+00 -1.246504068374633789e+00 1.040893435478210449e+00 -7.912629246711730957e-01 -9.847415089607238770e-01 -1.504355311393737793e+00 1.247900485992431641e+00 -2.117889523506164551e-01 -6.482970714569091797e-01 -1.089760661125183105e+00 -6.494997143745422363e-01 5.752311646938323975e-02 1.553156971931457520e+00 1.023151159286499023e+00 1.673433899879455566e+00 -1.673204749822616577e-01 -1.484271287918090820e+00 -2.012931704521179199e-01
-9.891992807388305664e-01 9.751886725425720215e-01 1.419068694114685059e+00 -1.191825985908508301e+00 1.100432991981506348e+00 -7.773860096931457520e-01 -9.617919325828552246e-01 -1.474254131317138672e+00 1.240057468414306641e+00 -1.000356450676918030e-01 -6.978513002395629883e-01 -1.200934410095214844e+00 -6.084832549095153809e-01 2.461969852447509766e-03 1.592769622802734375e+00 9.944180846214294434e-01 1.711347579956054688e+00 -1.168128848075866699e-01 -1.493680357933044434e+00 -9.103687107563018799e-02
-8.960593938827514648e-01 7.638769745826721191e-01 1.449815154075622559e+00 -1.115839004516601562e+00 1.183996796607971191e+00 -7.775398492813110352e-01 -9.332851767539978027e-01 -1.430588960647583008e+00 1.231678843498229980e+00 1.801563799381256104e-02 -7.611258029937744141e-01 -1.315587997436523438e+00 -5.566493868827819824e-01 -5.181289464235305786e-02 1.648315668106079102e+00 9.595510959625244141e-01 1.740430951118469238e+00 -6.351505219936370850e-02 -1.489179968833923340e+00 2.791149355471134186e-02
-8.343133926391601562e-01 6.808030605316162109e-01 1.553646087646484375e+00 -1.094097137451171875e+00 1.325319409370422363e+00 -8.299026489257812500e-01 -9.545601010322570801e-01 -1.416334748268127441e+00 1.308543562889099121e+00 7.574389129877090454e-02 -8.637589216232299805e-01 -1.412478446960449219e+00 -4.910078644752502441e-01 -1.065131202340126038e-01 1.778079509735107422e+00 9.319269061088562012e-01 1.772359371185302734e+00 -3.340217471122741699e-02 -1.501453280448913574e+00 1.166023388504981995e-01
-7.822864651679992676e-01 6.391969919204711914e-01 1.679411292076110840e+00 -1.056078553199768066e+00 1.478473305702209473e+00 -9.055529832839965820e-01 -9.879894256591796875e-01 -1.395806193351745605e+00 1.399564266204833984e+00 1.132869198918342590e-01 -9.590414762496948242e-01 -1.489197254180908203e+00 -4.215470552444458008e-01 -1.669367849826812744e-01 1.916458845138549805e+00 9.377709031105041504e-01 1.792548179626464844e+00 -1.689073815941810608e-02 -1.507504940032958984e+00 1.622126996517181396e-01
-7.506616711616516113e-01 6.506600379943847656e-01 1.766600728034973145e+00 -1.025509595870971680e+00 1.594516515731811523e+00 -9.971230626106262207e-01 -9.791150093078613281e-01 -1.385374307632446289e+00 1.471516013145446777e+00 1.161030307412147522e-01 -9.994487762451171875e-01 -1.506715059280395508e+00 -3.814081549644470215e-01 -2.105519473552703857e-01 2.012284278869628906e+00 9.495354890823364258e-01 1.772292613983154297e+00 -5.125792324542999268e-02 -1.493233799934387207e+00 1.597587168216705322e-01
-7.261973619461059570e-01 7.264041900634765625e-01 1.843839526176452637e+00 -9.834043383598327637e-01 1.676824450492858887e+00 -1.074685811996459961e+00 -1.007058739662170410e+00 -1.325789570808410645e+00 1.500105261802673340e+00 7.885029166936874390e-02 -9.895634651184082031e-01 -1.428195118904113770e+00 -3.781797885894775391e-01 -2.289594709873199463e-01 2.053499460220336914e+00 9.650915861129760742e-01 1.683654308319091797e+00 -9.530325978994369507e-02 -1.456226587295532227e+00 1.047345772385597229e-01
-7.129313945770263672e-01 8.448715209960937500e-01 1.915048122406005859e+00 -9.442874193191528320e-01 1.756476640701293945e+00 -1.124195456504821777e+00 -1.082622885704040527e+00 -1.206144332885742188e+00 1.538901090621948242e+00 -2.635291963815689087e-02 -9.446824789047241211e-01 -1.268626213073730469e+00 -4.225105643272399902e-01 -2.179661989212036133e-01 2.049463272094726562e+00 1.022004365921020508e+00 1.574400186538696289e+00 -1.014305502176284790e-01 -1.405864715576171875e+00 8.553665131330490112e-03
