-4.996108412742614746e-01 1.369776010513305664e+00 1.453943490982055664e+00 -1.890791535377502441e+00 1.683203458786010742e+00 -1.305070638656616211e+00 -8.779917359352111816e-01 -1.796106219291687012e+00 1.920972466468811035e+00 6.288797408342361450e-02 -5.826641321182250977e-01 -1.198617219924926758e+00 -2.707412540912628174e-01 2.165114283561706543e-01 1.890905022621154785e+00 1.003704786300659180e+00 2.135437488555908203e+00 -4.281965196132659912e-01 -1.363755702972412109e+00 -4.238368868827819824e-01
-5.616576671600341797e-01 1.348181247711181641e+00 1.425213336944580078e+00 -1.899989247322082520e+00 1.736085534095764160e+00 -1.145037293434143066e+00 -8.848525285720825195e-01 -1.681725978851318359e+00 1.880192399024963379e+00 -7.291743904352188110e-02 -6.527536511421203613e-01 -1.050094246864318848e+00 -4.073569178581237793e-01 3.010056018829345703e-01 1.846428632736206055e+00 1.024404644966125488e+00 2.097591638565063477e+00 -3.439999818801879883e-01 -1.328466892242431641e+00 -5.298920273780822754e-01
-7.666354179382324219e-01 1.279171347618103027e+00 1.412852168083190918e+00 -1.795810341835021973e+00 1.866266965866088867e+00 -9.130375981330871582e-01 -9.104461669921875000e-01 -1.513522505760192871e+00 1.769661545753479004e+00 -3.811177313327789307e-01 -8.404386639595031738e-01 -7.935518622398376465e-01 -5.907607078552246094e-01 4.758997559547424316e-01 1.828583359718322754e+00 1.117116212844848633e+00 2.009197473526000977e+00 -1.825160831212997437e-01 -1.250111341476440430e+00 -6.356734037399291992e-01
-1.050192117691040039e+00 1.144723415374755859e+00 1.407933354377746582e+00 -1.458436250686645508e+00 1.991854429244995117e+00 -6.729385256767272949e-01 -9.285929799079895020e-01 -1.325537204742431641e+00 1.635234713554382324e+00 -7.464334368705749512e-01 -1.089987754821777344e+00 -5.482865571975708008e-01 -7.530552744865417480e-01 6.028164625167846680e-01 1.780706405639648438e+00 1.219201683998107910e+00 1.839181661605834961e+00 8.321858942508697510e-03 -1.132825493812561035e+00 -6.858078837394714355e-01
-1.315766334533691406e+00 1.223045706748962402e+00 1.506315588951110840e+00 -1.033623695373535156e+00 2.071662187576293945e+00 -7.560879588127136230e-01 -9.334602952003479004e-01 -1.362480044364929199e+00 1.631464958190917969e+00 -1.026854634284973145e+00 -1.345662593841552734e+00 -5.150892138481140137e-01 -7.620317935943603516e-01 5.285070538520812988e-01 1.840322613716125488e+00 1.256282567977905273e+00 1.688785076141357422e+00 8.182181417942047119e-02 -1.101954936981201172e+00 -6.676186323165893555e-01
-1.465689420700073242e+00 1.312931656837463379e+00 1.586377739906311035e+00 -7.783240675926208496e-01 2.048753976821899414e+00 -8.529492616653442383e-01 -8.846617937088012695e-01 -1.398563981056213379e+00 1.616348028182983398e+00 -1.194922447204589844e+00 -1.455695629119873047e+00 -4.975449144840240479e-01 -7.324739098548889160e-01 4.519712924957275391e-01 1.872572064399719238e+00 1.283574461936950684e+00 1.546495676040649414e+00 8.142064511775970459e-02 -1.072753787040710449e+00 -6.683986783027648926e-01
-1.542615175247192383e+00 1.399248838424682617e+00 1.632007122039794922e+00 -6.929640173912048340e-01 2.011820316314697266e+00 -9.267971515655517578e-01 -8.600376248359680176e-01 -1.442504286766052246e+00 1.594417214393615723e+00 -1.259427189826965332e+00 -1.472808361053466797e+00 -4.777576923370361328e-01 -7.209305167198181152e-01 4.304900765419006348e-01 1.883096098899841309e+00 1.311292409896850586e+00 1.464526414871215820e+00 3.926423937082290649e-02 -1.068217515945434570e+00 -6.897853612899780273e-01
-1.571543455123901367e+00 1.484548091888427734e+00 1.660102128982543945e+00 -6.906554698944091797e-01 1.953734517097473145e+00 -9.748142361640930176e-01 -8.511609435081481934e-01 -1.462405920028686523e+00 1.566633224487304688e+00 -1.274421334266662598e+00 -1.458559989929199219e+00 -4.553234279155731201e-01 -7.327761650085449219e-01 4.193286895751953125e-01 1.867044210433959961e+00 1.313992619514465332e+00 1.413346886634826660e+00 -1.418936997652053833e-03 -1.081465244293212891e+00 -7.268938422203063965e-01
-1.576085329055786133e+00 1.567782640457153320e+00 1.686679720878601074e+00 -7.335662841796875000e-01 1.894284129142761230e+00 -1.005543589591979980e+00 -8.583324551582336426e-01 -1.465136885643005371e+00 1.544119954109191895e+00 -1.271462917327880859e+00 -1.432285785675048828e+00 -4.235317707061767578e-01 -7.694762349128723145e-01 4.066232442855834961e-01 1.837978363037109375e+00 1.307312130928039551e+00 1.374238610267639160e+00 -3.644443303346633911e-02 -1.114273190498352051e+00 -7.733907103538513184e-01
-1.559968948364257812e+00 1.652817726135253906e+00 1.708772897720336914e+00 -8.078303337097167969e-01 1.819457411766052246e+00 -1.009393334388732910e+00 -8.848550915718078613e-01 -1.445839405059814453e+00 1.512808442115783691e+00 -1.247983574867248535e+00 -1.395407915115356445e+00 -3.855642378330230713e-01 -8.285183906555175781e-01 3.868368864059448242e-01 1.794687151908874512e+00 1.294598102569580078e+00 1.341235637664794922e+00 -5.526748299598693848e-02 -1.166597127914428711e+00 -8.329495787620544434e-01
-1.531455755233764648e+00 1.729009509086608887e+00 1.729880452156066895e+00 -8.960048556327819824e-01 1.744272828102111816e+00 -9.912154078483581543e-01 -9.326061010360717773e-01 -1.411031842231750488e+00 1.481870293617248535e+00 -1.206828236579895020e+00 -1.355997323989868164e+00 -3.515565395355224609e-01 -8.962730765342712402e-01 3.539931774139404297e-01 1.748998880386352539e+00 1.282234191894531250e+00 1.309476256370544434e+00 -5.751916393637657166e-02 -1.231261730194091797e+00 -8.901872634887695312e-01
-1.504001379013061523e+00 1.778424143791198730e+00 1.758563160896301270e+00 -9.730184078216552734e-01 1.699854493141174316e+00 -9.565839767456054688e-01 -1.012114763259887695e+00 -1.367556452751159668e+00 1.449185013771057129e+00 -1.153505682945251465e+00 -1.317748308181762695e+00 -3.426539599895477295e-01 -9.560279846191406250e-01 2.994760274887084961e-01 1.727320313453674316e+00 1.284679770469665527e+00 1.281337141990661621e+00 -3.299988061189651489e-02 -1.298251986503601074e+00 -9.108650684356689453e-01
-1.466636896133422852e+00 1.800974011421203613e+00 1.798997521400451660e+00 -1.019144773483276367e+00 1.656469225883483887e+00 -8.990824222564697266e-01 -1.111654281616210938e+00 -1.290007352828979492e+00 1.406434535980224609e+00 -1.095409750938415527e+00 -1.274938344955444336e+00 -3.601733148097991943e-01 -1.014989137649536133e+00 2.059995830059051514e-01 1.722957491874694824e+00 1.291092395782470703e+00 1.247496604919433594e+00 8.836541324853897095e-03 -1.377355813980102539e+00 -8.906754851341247559e-01
-1.418566942214965820e+00 1.771995186805725098e+00 1.865903019905090332e+00 -1.011485099792480469e+00 1.610568881034851074e+00 -8.372818827629089355e-01 -1.210474729537963867e+00 -1.182478070259094238e+00 1.370633721351623535e+00 -1.033433556556701660e+00 -1.234554052352905273e+00 -4.070974588394165039e-01 -1.048646688461303711e+00 8.064554631710052490e-02 1.753330826759338379e+00 1.290533065795898438e+00 1.201906800270080566e+00 5.057489871978759766e-02 -1.455165863037109375e+00 -8.253220319747924805e-01
-1.368843317031860352e+00 1.690495252609252930e+00 1.959482669830322266e+00 -9.029935002326965332e-01 1.579095721244812012e+00 -8.090586662292480469e-01 -1.268026947975158691e+00 -1.053383231163024902e+00 1.368421912193298340e+00 -1.008090496063232422e+00 -1.212343454360961914e+00 -4.733297824859619141e-01 -1.024802088737487793e+00 -5.080021917819976807e-02 1.836354970932006836e+00 1.279694676399230957e+00 1.139570236206054688e+00 6.711913645267486572e-02 -1.494785308837890625e+00 -7.120842337608337402e-01
-1.278842210769653320e+00 1.647193670272827148e+00 2.110320806503295898e+00 -7.710616588592529297e-01 1.644742488861083984e+00 -8.707113265991210938e-01 -1.277664303779602051e+00 -9.923870563507080078e-01 1.480739593505859375e+00 -9.945572614669799805e-01 -1.191976785659790039e+00 -6.291079521179199219e-01 -9.445810317993164062e-01 -2.281862646341323853e-01 1.956844568252563477e+00 1.238103151321411133e+00 1.131163358688354492e+00 4.021001607179641724e-02 -1.543722867965698242e+00 -5.789265036582946777e-01
-1.166369438171386719e+00 1.500437021255493164e+00 2.216423988342285156e+00 -5.793705582618713379e-01 1.813221096992492676e+00 -1.016004085540771484e+00 -1.172080516815185547e+00 -1.061541080474853516e+00 1.607139468193054199e+00 -9.139148592948913574e-01 -1.212805271148681641e+00 -8.897492289543151855e-01 -7.409228086471557617e-01 -4.332967400550842285e-01 2.098884820938110352e+00 1.183360099792480469e+00 1.143184542655944824e+00 -2.694862708449363708e-02 -1.532059431076049805e+00 -3.710823059082031250e-01
-1.049556255340576172e+00 1.309376597404479980e+00 2.224569559097290039e+00 -3.502681851387023926e-01 2.046761512756347656e+00 -1.227832674980163574e+00 -9.854326844215393066e-01 -1.247032642364501953e+00 1.769412398338317871e+00 -7.848185300827026367e-01 -1.263619422912597656e+00 -1.161338567733764648e+00 -3.922940492630004883e-01 -5.466254353523254395e-01 2.228443622589111328e+00 1.093326330184936523e+00 1.166253447532653809e+00 -1.526073217391967773e-01 -1.398083806037902832e+00 -1.551396697759628296e-01
-9.382537603378295898e-01 1.150743842124938965e+00 2.140266418457031250e+00 -2.448388785123825073e-01 2.151405096054077148e+00 -1.398321866989135742e+00 -7.991098165512084961e-01 -1.412019610404968262e+00 1.854436397552490234e+00 -6.610022187232971191e-01 -1.247869729995727539e+00 -1.272793531417846680e+00 -5.781102180480957031e-02 -5.122865438461303711e-01 2.273808240890502930e+00 1.010767340660095215e+00 1.178621411323547363e+00 -3.026660084724426270e-01 -1.198536753654479980e+00 -5.683124437928199768e-02
-9.382731914520263672e-01 1.091475844383239746e+00 2.098917722702026367e+00 -2.609861791133880615e-01 2.202980279922485352e+00 -1.499216675758361816e+00 -6.835568547248840332e-01 -1.567084431648254395e+00 1.908257007598876953e+00 -5.852157473564147949e-01 -1.283891201019287109e+00 -1.322334647178649902e+00 1.099781095981597900e-01 -4.079504609107971191e-01 2.300054311752319336e+00 9.751780033111572266e-01 1.238856434822082520e+00 -3.869991898536682129e-01 -1.120910763740539551e+00 -5.608550831675529480e-02
-9.582051634788513184e-01 1.105166792869567871e+00 2.070852041244506836e+00 -3.580310046672821045e-01 2.221918821334838867e+00 -1.605910778045654297e+00 -5.914453864097595215e-01 -1.735074162483215332e+00 1.971309423446655273e+00 -5.385192632675170898e-01 -1.305847883224487305e+00 -1.356135725975036621e+00 2.004692554473876953e-01 -3.055877685546875000e-01 2.330256938934326172e+00 9.510948061943054199e-01 1.324240565299987793e+00 -4.645834863185882568e-01 -1.089506387710571289e+00 -7.247935235500335693e-02
-9.684281945228576660e-01 1.143289208412170410e+00 2.034644842147827148e+00 -4.730222225189208984e-01 2.197003602981567383e+00 -1.693690061569213867e+00 -5.025373697280883789e-01 -1.869964718818664551e+00 2.006375074386596680e+00 -5.037737488746643066e-01 -1.305152654647827148e+00 -1.348008155822753906e+00 2.498022615909576416e-01 -2.165902107954025269e-01 2.323340415954589844e+00 9.236188530921936035e-01 1.377382278442382812e+00 -5.331121683120727539e-01 -1.060025453567504883e+00 -1.192818433046340942e-01
-9.704166650772094727e-01 1.199837565422058105e+00 1.984877228736877441e+00 -5.941721796989440918e-01 2.139526367187500000e+00 -1.764671325683593750e+00 -4.430229663848876953e-01 -1.984330296516418457e+00 2.018819570541381836e+00 -4.595451951026916504e-01 -1.277599811553955078e+00 -1.330457568168640137e+00 2.745078504085540771e-01 -1.356783509254455566e-01 2.294577598571777344e+00 8.899005055427551270e-01 1.423245310783386230e+00 -5.941066145896911621e-01 -1.041112065315246582e+00 -1.666590124368667603e-01
-9.725269079208374023e-01 1.273391842842102051e+00 1.922990322113037109e+00 -7.250514030456542969e-01 2.063583374023437500e+00 -1.820390582084655762e+00 -3.987678587436676025e-01 -2.086661100387573242e+00 2.011729955673217773e+00 -4.168304502964019775e-01 -1.240425586700439453e+00 -1.296452403068542480e+00 2.738792002201080322e-01 -4.801984876394271851e-02 2.241170167922973633e+00 8.440105915069580078e-01 1.462386250495910645e+00 -6.507967114448547363e-01 -1.027777910232543945e+00 -2.196369767189025879e-01
-9.870911240577697754e-01 1.383472442626953125e+00 1.868765950202941895e+00 -8.856952190399169922e-01 1.976696491241455078e+00 -1.865303158760070801e+00 -3.810584545135498047e-01 -2.180914878845214844e+00 2.005496501922607422e+00 -3.957229256629943848e-01 -1.184407711029052734e+00 -1.250984072685241699e+00 2.393122613430023193e-01 5.566512048244476318e-02 2.163607120513916016e+00 7.882239222526550293e-01 1.515032887458801270e+00 -6.976248621940612793e-01 -1.031980276107788086e+00 -2.648560106754302979e-01
-9.913060069084167480e-01 1.512688398361206055e+00 1.786734461784362793e+00 -1.059550523757934570e+00 1.858145356178283691e+00 -1.888940930366516113e+00 -3.778884112834930420e-01 -2.257878780364990234e+00 1.980628490447998047e+00 -3.738425970077514648e-01 -1.102518081665039062e+00 -1.189184308052062988e+00 1.780166327953338623e-01 1.617193222045898438e-01 2.044227123260498047e+00 7.204169631004333496e-01 1.567921400070190430e+00 -7.386319041252136230e-01 -1.040059924125671387e+00 -3.193641006946563721e-01
-1.019281625747680664e+00 1.675512194633483887e+00 1.646811723709106445e+00 -1.246168017387390137e+00 1.700607180595397949e+00 -1.884929895401000977e+00 -4.087453782558441162e-01 -2.334748983383178711e+00 1.946795105934143066e+00 -3.516587018966674805e-01 -9.937360882759094238e-01 -1.124803543090820312e+00 8.921785652637481689e-02 2.876544594764709473e-01 1.891597867012023926e+00 6.556208729743957520e-01 1.639226675033569336e+00 -7.993440032005310059e-01 -1.046002984046936035e+00 -3.713605105876922607e-01
-1.007350683212280273e+00 1.834492206573486328e+00 1.446015238761901855e+00 -1.427318215370178223e+00 1.509400844573974609e+00 -1.826014399528503418e+00 -5.173725485801696777e-01 -2.329037427902221680e+00 1.851964473724365234e+00 -3.119150698184967041e-01 -8.271825313568115234e-01 -1.015864849090576172e+00 -2.926130592823028564e-02 4.090322256088256836e-01 1.683008074760437012e+00 6.004970669746398926e-01 1.682133555412292480e+00 -8.202622532844543457e-01 -1.028432250022888184e+00 -4.285820126533508301e-01
-9.510630965232849121e-01 2.017766475677490234e+00 1.269867181777954102e+00 -1.574070811271667480e+00 1.399698019027709961e+00 -1.628363728523254395e+00 -8.124389052391052246e-01 -2.133990287780761719e+00 1.804315567016601562e+00 -3.309324979782104492e-01 -6.483501195907592773e-01 -9.067143201828002930e-01 -1.928150355815887451e-01 4.315205812454223633e-01 1.530881047248840332e+00 6.474409699440002441e-01 1.746979236602783203e+00 -7.120254635810852051e-01 -1.056813836097717285e+00 -5.160034894943237305e-01
-8.696684837341308594e-01 2.000113010406494141e+00 1.189947843551635742e+00 -1.636002302169799805e+00 1.281638741493225098e+00 -1.228459119796752930e+00 -1.192586898803710938e+00 -1.686952829360961914e+00 1.706296682357788086e+00 -3.458387255668640137e-01 -5.083867311477661133e-01 -7.640830874443054199e-01 -5.088570713996887207e-01 3.135863244533538818e-01 1.461695551872253418e+00 8.169366717338562012e-01 1.725286841392517090e+00 -4.685811698436737061e-01 -1.147185683250427246e+00 -5.658546090126037598e-01
-9.511994123458862305e-01 1.789075613021850586e+00 1.354219794273376465e+00 -1.596503496170043945e+00 1.370205760002136230e+00 -8.316180109977722168e-01 -1.524478554725646973e+00 -1.273030400276184082e+00 1.652650952339172363e+00 -4.620459973812103271e-01 -4.638167619705200195e-01 -7.552952170372009277e-01 -8.012166619300842285e-01 2.290721237659454346e-01 1.693339347839355469e+00 1.166012167930603027e+00 1.815854549407958984e+00 -2.047215402126312256e-01 -1.363160490989685059e+00 -4.127682447433471680e-01
-9.526474475860595703e-01 1.535714626312255859e+00 1.615167617797851562e+00 -1.423609018325805664e+00 1.647173166275024414e+00 -7.167634963989257812e-01 -1.740145325660705566e+00 -1.071598529815673828e+00 1.663610935211181641e+00 -4.718520939350128174e-01 -4.710200726985931396e-01 -8.603256344795227051e-01 -8.216655850410461426e-01 6.709170341491699219e-02 2.003537178039550781e+00 1.449561953544616699e+00 1.838628172874450684e+00 -6.052527576684951782e-02 -1.506567239761352539e+00 -2.261635959148406982e-01
-9.604026675224304199e-01 1.268392324447631836e+00 1.830660700798034668e+00 -1.278841137886047363e+00 1.804703831672668457e+00 -7.023017406463623047e-01 -1.780776023864746094e+00 -1.001133441925048828e+00 1.650562167167663574e+00 -4.344520866870880127e-01 -4.935549199581146240e-01 -1.004641532897949219e+00 -7.916477918624877930e-01 -6.469967961311340332e-02 2.216584444046020508e+00 1.578587412834167480e+00 1.834474682807922363e+00 1.648725569248199463e-02 -1.604789614677429199e+00 -1.095873117446899414e-02
-9.570117592811584473e-01 1.064842343330383301e+00 1.974830389022827148e+00 -1.172088861465454102e+00 1.884385466575622559e+00 -7.510477304458618164e-01 -1.747563838958740234e+00 -1.039635658264160156e+00 1.615331172943115234e+00 -3.555557429790496826e-01 -5.462299585342407227e-01 -1.147280812263488770e+00 -7.422788739204406738e-01 -1.610821038484573364e-01 2.325172901153564453e+00 1.586784720420837402e+00 1.832309484481811523e+00 4.664868861436843872e-02 -1.664059281349182129e+00 1.373377144336700439e-01
-9.106981754302978516e-01 9.066832065582275391e-01 2.072697162628173828e+00 -1.094466447830200195e+00 1.895962715148925781e+00 -8.542092442512512207e-01 -1.623718500137329102e+00 -1.128552675247192383e+00 1.626528143882751465e+00 -2.345675230026245117e-01 -6.444344520568847656e-01 -1.296150088310241699e+00 -6.574305891990661621e-01 -2.368035465478897095e-01 2.353428840637207031e+00 1.514734387397766113e+00 1.829852342605590820e+00 5.794348567724227905e-02 -1.672019362449645996e+00 2.172187715768814087e-01
-8.425700664520263672e-01 8.154833316802978516e-01 2.103410005569458008e+00 -1.065786242485046387e+00 1.836309075355529785e+00 -9.426481127738952637e-01 -1.506916999816894531e+00 -1.190900087356567383e+00 1.609154343605041504e+00 -1.120622530579566956e-01 -7.025918364524841309e-01 -1.382687807083129883e+00 -5.771222710609436035e-01 -2.755891084671020508e-01 2.318495035171508789e+00 1.424019336700439453e+00 1.806203484535217285e+00 3.665973246097564697e-02 -1.660085201263427734e+00 2.408489435911178589e-01
-7.688106298446655273e-01 8.121129870414733887e-01 2.118304491043090820e+00 -1.118414998054504395e+00 1.773141384124755859e+00 -1.047096610069274902e+00 -1.393113732337951660e+00 -1.284545183181762695e+00 1.616451740264892578e+00 5.900055170059204102e-03 -7.443624734878540039e-01 -1.439147591590881348e+00 -5.109706521034240723e-01 -2.878638505935668945e-01 2.288515090942382812e+00 1.323990345001220703e+00 1.802933692932128906e+00 -2.390724793076515198e-02 -1.663720250129699707e+00 2.066251039505004883e-01
-7.084833979606628418e-01 8.773682117462158203e-01 2.126837968826293945e+00 -1.236493945121765137e+00 1.713054656982421875e+00 -1.150208473205566406e+00 -1.290482282638549805e+00 -1.388783097267150879e+00 1.637682318687438965e+00 9.808901697397232056e-02 -7.692033648490905762e-01 -1.463817238807678223e+00 -4.830534458160400391e-01 -2.813803553581237793e-01 2.274595737457275391e+00 1.239986062049865723e+00 1.819074273109436035e+00 -1.018691435456275940e-01 -1.685641527175903320e+00 1.273635327816009521e-01
-6.709316968917846680e-01 9.605162739753723145e-01 2.119800090789794922e+00 -1.373577356338500977e+00 1.644842028617858887e+00 -1.198326587677001953e+00 -1.232313632965087891e+00 -1.444118380546569824e+00 1.648274540901184082e+00 1.515377163887023926e-01 -7.807097434997558594e-01 -1.458641290664672852e+00 -5.074788928031921387e-01 -2.559466361999511719e-01 2.252566099166870117e+00 1.188223004341125488e+00 1.850221991539001465e+00 -1.507833302021026611e-01 -1.726083755493164062e+00 4.642824083566665649e-02
-6.438526511192321777e-01 1.054014205932617188e+00 2.094348907470703125e+00 -1.508885383605957031e+00 1.557653307914733887e+00 -1.197133660316467285e+00 -1.215921521186828613e+00 -1.453541517257690430e+00 1.647460818290710449e+00 1.849534511566162109e-01 -7.661956548690795898e-01 -1.431990742683410645e+00 -5.755501389503479004e-01 -2.311487942934036255e-01 2.218497753143310547e+00 1.155342340469360352e+00 1.883840799331665039e+00 -1.828366667032241821e-01 -1.776890635490417480e+00 -4.020012542605400085e-02
-6.406589150428771973e-01 1.159801602363586426e+00 2.057877540588378906e+00 -1.635100722312927246e+00 1.496619105339050293e+00 -1.152712225914001465e+00 -1.242704868316650391e+00 -1.440354585647583008e+00 1.644312858581542969e+00 1.823999285697937012e-01 -7.469469904899597168e-01 -1.392185211181640625e+00 -6.853676438331604004e-01 -2.032505720853805542e-01 2.186657905578613281e+00 1.152576446533203125e+00 1.934768199920654297e+00 -1.941045224666595459e-01 -1.835117101669311523e+00 -1.442858874797821045e-01
-6.285511255264282227e-01 1.284850597381591797e+00 1.989438295364379883e+00 -1.758419871330261230e+00 1.435990095138549805e+00 -1.074116349220275879e+00 -1.289954781532287598e+00 -1.377254009246826172e+00 1.633768320083618164e+00 1.452349424362182617e-01 -6.915597319602966309e-01 -1.295348167419433594e+00 -8.173587322235107422e-01 -1.463894248008728027e-01 2.111361980438232422e+00 1.155984997749328613e+00 1.974109649658203125e+00 -1.942433714866638184e-01 -1.863967895507812500e+00 -2.772495448589324951e-01
-6.467269062995910645e-01 1.461811780929565430e+00 1.932948112487792969e+00 -1.893332481384277344e+00 1.417226910591125488e+00 -1.017046928405761719e+00 -1.354113698005676270e+00 -1.311799883842468262e+00 1.674886107444763184e+00 3.833422809839248657e-02 -6.341259479522705078e-01 -1.140473604202270508e+00 -9.256308674812316895e-01 -4.209518432617187500e-02 2.045804500579833984e+00 1.220644593238830566e+00 2.005595207214355469e+00 -1.904260963201522827e-01 -1.844681501388549805e+00 -4.532477557659149170e-01
-7.434638738632202148e-01 1.637019276618957520e+00 1.846447110176086426e+00 -2.007335662841796875e+00 1.436160683631896973e+00 -9.408905506134033203e-01 -1.429572105407714844e+00 -1.263518095016479492e+00 1.686928510665893555e+00 -1.415028274059295654e-01 -5.807883739471435547e-01 -9.561527967453002930e-01 -9.816154241561889648e-01 1.039855182170867920e-01 2.000286579132080078e+00 1.336158990859985352e+00 2.008994340896606445e+00 -1.619005501270294189e-01 -1.759113192558288574e+00 -5.887568593025207520e-01
-8.442959785461425781e-01 1.772202491760253906e+00 1.755989551544189453e+00 -2.079645395278930664e+00 1.483137249946594238e+00 -8.930075168609619141e-01 -1.497200369834899902e+00 -1.236189126968383789e+00 1.695166349411010742e+00 -3.040397465229034424e-01 -5.257105827331542969e-01 -7.756178975105285645e-01 -9.669201374053955078e-01 2.633869647979736328e-01 1.967464327812194824e+00 1.442232012748718262e+00 1.988791346549987793e+00 -1.559709906578063965e-01 -1.639811158180236816e+00 -6.823452115058898926e-01
-9.960250258445739746e-01 1.888340473175048828e+00 1.678047895431518555e+00 -2.140691518783569336e+00 1.544767737388610840e+00 -8.814721703529357910e-01 -1.569370150566101074e+00 -1.281079173088073730e+00 1.711606264114379883e+00 -4.441289007663726807e-01 -4.892608225345611572e-01 -6.397507190704345703e-01 -9.601190090179443359e-01 4.437451362609863281e-01 1.954454421997070312e+00 1.542673707008361816e+00 2.011011838912963867e+00 -1.919706165790557861e-01 -1.557018876075744629e+00 -7.364246249198913574e-01
-1.126946926116943359e+00 1.991353511810302734e+00 1.631468176841735840e+00 -2.193681955337524414e+00 1.631852626800537109e+00 -9.279420971870422363e-01 -1.628482222557067871e+00 -1.369640111923217773e+00 1.777772307395935059e+00 -5.586830377578735352e-01 -4.727619886398315430e-01 -5.805144309997558594e-01 -9.266982078552246094e-01 5.928351879119873047e-01 1.963965773582458496e+00 1.641171693801879883e+00 2.090928554534912109e+00 -2.409147918224334717e-01 -1.513934731483459473e+00 -7.567211985588073730e-01
-1.220700502395629883e+00 2.044931650161743164e+00 1.580574393272399902e+00 -2.231330871582031250e+00 1.689128875732421875e+00 -9.750910997390747070e-01 -1.642701625823974609e+00 -1.448230147361755371e+00 1.821204900741577148e+00 -6.389194726943969727e-01 -4.567818641662597656e-01 -5.443473458290100098e-01 -8.745632171630859375e-01 7.200154066085815430e-01 1.966029047966003418e+00 1.697180032730102539e+00 2.152711391448974609e+00 -2.965619862079620361e-01 -1.467534780502319336e+00 -7.427371740341186523e-01
-1.277614831924438477e+00 2.053016901016235352e+00 1.520326733589172363e+00 -2.253657102584838867e+00 1.708887815475463867e+00 -1.015491008758544922e+00 -1.612715482711791992e+00 -1.514331102371215820e+00 1.831670522689819336e+00 -6.814186573028564453e-01 -4.316696822643280029e-01 -5.215789675712585449e-01 -8.092398047447204590e-01 8.237214684486389160e-01 1.954952239990234375e+00 1.715287566184997559e+00 2.185961008071899414e+00 -3.558331429958343506e-01 -1.410822153091430664e+00 -7.112998962402343750e-01
-1.325026273727416992e+00 2.019004106521606445e+00 1.473436594009399414e+00 -2.247427701950073242e+00 1.722938895225524902e+00 -1.074186325073242188e+00 -1.533935189247131348e+00 -1.587972998619079590e+00 1.832398295402526855e+00 -7.154439687728881836e-01 -4.223464131355285645e-01 -5.174725651741027832e-01 -7.167042493820190430e-01 9.221836328506469727e-01 1.972568869590759277e+00 1.709085822105407715e+00 2.204724311828613281e+00 -4.141332805156707764e-01 -1.327557921409606934e+00 -6.582223176956176758e-01
-1.329838275909423828e+00 1.972415566444396973e+00 1.424893498420715332e+00 -2.239209890365600586e+00 1.702741742134094238e+00 -1.125905990600585938e+00 -1.434915900230407715e+00 -1.651113748550415039e+00 1.813729286193847656e+00 -7.070439457893371582e-01 -4.074188172817230225e-01 -5.272092819213867188e-01 -6.281936168670654297e-01 9.761221408843994141e-01 1.972360730171203613e+00 1.668038606643676758e+00 2.199261903762817383e+00 -4.711976349353790283e-01 -1.255864620208740234e+00 -6.121317744255065918e-01
-1.321343898773193359e+00 1.938202619552612305e+00 1.395139813423156738e+00 -2.235077619552612305e+00 1.670269131660461426e+00 -1.187954425811767578e+00 -1.348243713378906250e+00 -1.735139369964599609e+00 1.811634540557861328e+00 -6.648393273353576660e-01 -4.122036695480346680e-01 -5.866664648056030273e-01 -5.527471303939819336e-01 9.800359606742858887e-01 1.976818084716796875e+00 1.605557203292846680e+00 2.213175773620605469e+00 -5.213123559951782227e-01 -1.231850385665893555e+00 -5.584749579429626465e-01
-1.289065837860107422e+00 1.907725214958190918e+00 1.370739102363586426e+00 -2.231572151184082031e+00 1.612292170524597168e+00 -1.232764959335327148e+00 -1.269236683845520020e+00 -1.798712849617004395e+00 1.800487279891967773e+00 -6.008461117744445801e-01 -4.114937782287597656e-01 -6.556993126869201660e-01 -4.985440969467163086e-01 9.451023936271667480e-01 1.966952800750732422e+00 1.529379010200500488e+00 2.213948726654052734e+00 -5.581513643264770508e-01 -1.228919267654418945e+00 -5.139777660369873047e-01
-1.234001159667968750e+00 1.891043424606323242e+00 1.358017206192016602e+00 -2.219616174697875977e+00 1.550479412078857422e+00 -1.276686310768127441e+00 -1.216840624809265137e+00 -1.848008155822753906e+00 1.784733891487121582e+00 -5.203265547752380371e-01 -3.974292874336242676e-01 -7.231160402297973633e-01 -4.477289617061614990e-01 8.704239130020141602e-01 1.954918146133422852e+00 1.462645053863525391e+00 2.192880153656005859e+00 -5.843080282211303711e-01 -1.236399412155151367e+00 -4.917404055595397949e-01
-1.156944036483764648e+00 1.880298495292663574e+00 1.349968314170837402e+00 -2.204143762588500977e+00 1.476173877716064453e+00 -1.306038022041320801e+00 -1.177598714828491211e+00 -1.873536109924316406e+00 1.768135309219360352e+00 -4.292901456356048584e-01 -3.716086745262145996e-01 -7.919857501983642578e-01 -4.083468317985534668e-01 7.624547481536865234e-01 1.933258414268493652e+00 1.391725659370422363e+00 2.157132863998413086e+00 -5.981665253639221191e-01 -1.254364252090454102e+00 -4.784348607063293457e-01
-1.054074764251708984e+00 1.881116151809692383e+00 1.352719783782958984e+00 -2.184969425201416016e+00 1.396476030349731445e+00 -1.329611420631408691e+00 -1.152969360351562500e+00 -1.892260909080505371e+00 1.768017649650573730e+00 -3.111775219440460205e-01 -3.356293439865112305e-01 -8.878546953201293945e-01 -3.797642886638641357e-01 6.117292642593383789e-01 1.907631397247314453e+00 1.314236283302307129e+00 2.126068830490112305e+00 -6.033083200454711914e-01 -1.292872905731201172e+00 -4.695234298706054688e-01
-9.384304881095886230e-01 1.869647622108459473e+00 1.365297198295593262e+00 -2.125091791152954102e+00 1.335855484008789062e+00 -1.359000682830810547e+00 -1.123999476432800293e+00 -1.896392464637756348e+00 1.786181926727294922e+00 -2.072612643241882324e-01 -3.115653991699218750e-01 -9.789481759071350098e-01 -3.461802601814270020e-01 4.578612446784973145e-01 1.896182060241699219e+00 1.219995617866516113e+00 2.087313652038574219e+00 -6.055783033370971680e-01 -1.315546989440917969e+00 -4.552063643932342529e-01
-7.597217559814453125e-01 1.841944694519042969e+00 1.423910379409790039e+00 -2.006682395935058594e+00 1.375470519065856934e+00 -1.399999856948852539e+00 -1.107751131057739258e+00 -1.875431060791015625e+00 1.869320034980773926e+00 -1.076295077800750732e-01 -3.141176700592041016e-01 -1.115775823593139648e+00 -2.964066267013549805e-01 2.243917733430862427e-01 1.903306484222412109e+00 1.131834626197814941e+00 2.060975074768066406e+00 -5.767268538475036621e-01 -1.356147646903991699e+00 -4.295964539051055908e-01
-5.703389048576354980e-01 1.728143692016601562e+00 1.604033827781677246e+00 -1.775163888931274414e+00 1.583945870399475098e+00 -1.434680342674255371e+00 -1.123506069183349609e+00 -1.779327511787414551e+00 1.986250877380371094e+00 -5.017598345875740051e-02 -3.937309980392456055e-01 -1.277221798896789551e+00 -2.384586632251739502e-01 -6.908005475997924805e-02 1.962369084358215332e+00 1.015985727310180664e+00 1.971656322479248047e+00 -5.169723033905029297e-01 -1.429518818855285645e+00 -2.986214160919189453e-01
-4.082255959510803223e-01 1.532831311225891113e+00 1.807410240173339844e+00 -1.446895360946655273e+00 1.849072933197021484e+00 -1.454640507698059082e+00 -1.098080873489379883e+00 -1.639088273048400879e+00 2.075838088989257812e+00 -3.488581627607345581e-02 -5.021764039993286133e-01 -1.378692984580993652e+00 -1.561932861804962158e-01 -3.558688759803771973e-01 2.013769388198852539e+00 9.476320147514343262e-01 1.824459671974182129e+00 -4.494256377220153809e-01 -1.455565690994262695e+00 -1.832416653633117676e-01
-4.181599617004394531e-01 1.424674391746520996e+00 1.970256090164184570e+00 -1.170810461044311523e+00 2.116993665695190430e+00 -1.464230298995971680e+00 -1.077925205230712891e+00 -1.574343800544738770e+00 2.166582345962524414e+00 -1.228329092264175415e-01 -6.694172620773315430e-01 -1.425486445426940918e+00 -8.295354992151260376e-02 -5.074302554130554199e-01 2.113953828811645508e+00 9.577048420906066895e-01 1.741287827491760254e+00 -4.085047245025634766e-01 -1.440259575843811035e+00 -1.237645745277404785e-01
-4.577512443065643311e-01 1.302271008491516113e+00 2.043848991394042969e+00 -9.582120180130004883e-01 2.300163269042968750e+00 -1.451592683792114258e+00 -1.052221536636352539e+00 -1.551772356033325195e+00 2.210283994674682617e+00 -1.759898662567138672e-01 -8.086964488029479980e-01 -1.483389854431152344e+00 -1.007281243801116943e-02 -5.771459341049194336e-01 2.193038940429687500e+00 9.901311397552490234e-01 1.688629388809204102e+00 -3.809317052364349365e-01 -1.404690265655517578e+00 -6.277669966220855713e-02
-4.916805624961853027e-01 1.196966171264648438e+00 2.082600116729736328e+00 -8.286178708076477051e-01 2.380315542221069336e+00 -1.435249447822570801e+00 -1.026798248291015625e+00 -1.540684819221496582e+00 2.209211349487304688e+00 -1.968469321727752686e-01 -9.043716192245483398e-01 -1.530134201049804688e+00 2.734627947211265564e-02 -6.058962941169738770e-01 2.231041908264160156e+00 1.009543299674987793e+00 1.656557917594909668e+00 -3.501262664794921875e-01 -1.385040044784545898e+00 -1.570651680231094360e-02
-5.328271389007568359e-01 1.132768154144287109e+00 2.108020305633544922e+00 -7.585092782974243164e-01 2.403849363327026367e+00 -1.428179383277893066e+00 -9.899131059646606445e-01 -1.556213617324829102e+00 2.196807622909545898e+00 -2.132901549339294434e-01 -9.859931468963623047e-01 -1.568261265754699707e+00 4.784883558750152588e-02 -6.198512315750122070e-01 2.264647722244262695e+00 1.011581659317016602e+00 1.638234496116638184e+00 -3.300079405307769775e-01 -1.374277710914611816e+00 1.403421349823474884e-02
-5.768949985504150391e-01 1.099139213562011719e+00 2.134444236755371094e+00 -7.221044898033142090e-01 2.400975465774536133e+00 -1.430398702621459961e+00 -9.492801427841186523e-01 -1.591521382331848145e+00 2.173181056976318359e+00 -2.186456918716430664e-01 -1.065534830093383789e+00 -1.603750467300415039e+00 3.996334969997406006e-02 -6.310992240905761719e-01 2.283930301666259766e+00 1.002025008201599121e+00 1.631758093833923340e+00 -3.115656971931457520e-01 -1.388605117797851562e+00 2.039863914251327515e-02
-6.228144168853759766e-01 1.082418084144592285e+00 2.166096210479736328e+00 -6.888603568077087402e-01 2.378258228302001953e+00 -1.435972571372985840e+00 -9.150090217590332031e-01 -1.625720858573913574e+00 2.137399196624755859e+00 -2.193347811698913574e-01 -1.138780832290649414e+00 -1.637722849845886230e+00 1.065981015563011169e-02 -6.442884206771850586e-01 2.287057638168334961e+00 9.858060479164123535e-01 1.621192812919616699e+00 -2.926804423332214355e-01 -1.421932816505432129e+00 2.185313776135444641e-02
-6.692227125167846680e-01 1.079715728759765625e+00 2.197537183761596680e+00 -6.519045829772949219e-01 2.340566158294677734e+00 -1.439248919486999512e+00 -8.819910287857055664e-01 -1.649925947189331055e+00 2.095263242721557617e+00 -2.251128852367401123e-01 -1.207611799240112305e+00 -1.664665341377258301e+00 -3.165601938962936401e-02 -6.620839238166809082e-01 2.278599023818969727e+00 9.617065191268920898e-01 1.599545121192932129e+00 -2.750431299209594727e-01 -1.461710095405578613e+00 1.942742802202701569e-02
-7.220163941383361816e-01 1.104155421257019043e+00 2.230341911315917969e+00 -6.074373722076416016e-01 2.308459043502807617e+00 -1.443473935127258301e+00 -8.676232099533081055e-01 -1.664647579193115234e+00 2.067266464233398438e+00 -2.484131157398223877e-01 -1.262701511383056641e+00 -1.683532476425170898e+00 -7.709906995296478271e-02 -6.770744919776916504e-01 2.268177747726440430e+00 9.410871863365173340e-01 1.577872157096862793e+00 -2.618544697761535645e-01 -1.504031062126159668e+00 1.246955618262290955e-02
-7.782993316650390625e-01 1.130733966827392578e+00 2.256820440292358398e+00 -5.524738430976867676e-01 2.270487785339355469e+00 -1.447072267532348633e+00 -8.551590442657470703e-01 -1.666880249977111816e+00 2.031967401504516602e+00 -2.841859757900238037e-01 -1.310903310775756836e+00 -1.684198260307312012e+00 -1.292401254177093506e-01 -6.790106892585754395e-01 2.255676746368408203e+00 9.223468303680419922e-01 1.545584559440612793e+00 -2.508728504180908203e-01 -1.536462545394897461e+00 5.030989646911621094e-03
-8.389495015144348145e-01 1.151399254798889160e+00 2.268466472625732422e+00 -4.896526932716369629e-01 2.231492757797241211e+00 -1.446495532989501953e+00 -8.418641686439514160e-01 -1.655027627944946289e+00 1.986973524093627930e+00 -3.347217142581939697e-01 -1.339495658874511719e+00 -1.657679200172424316e+00 -1.790128052234649658e-01 -6.585524082183837891e-01 2.244736433029174805e+00 9.166172742843627930e-01 1.501200556755065918e+00 -2.481099963188171387e-01 -1.547697901725769043e+00 -5.441989749670028687e-03
-9.009313583374023438e-01 1.156860351562500000e+00 2.248853683471679688e+00 -4.086844027042388916e-01 2.170638561248779297e+00 -1.445103645324707031e+00 -8.222175240516662598e-01 -1.613258481025695801e+00 1.916949987411499023e+00 -4.007796645164489746e-01 -1.342161417007446289e+00 -1.582690119743347168e+00 -2.152434587478637695e-01 -5.979652404785156250e-01 2.214741945266723633e+00 9.148703217506408691e-01 1.428744912147521973e+00 -2.531529664993286133e-01 -1.514123678207397461e+00 -1.701391488313674927e-02
-9.921097159385681152e-01 1.183460712432861328e+00 2.197389841079711914e+00 -3.315175175666809082e-01 2.102185010910034180e+00 -1.447605848312377930e+00 -8.172001838684082031e-01 -1.570945739746093750e+00 1.818842053413391113e+00 -5.047907829284667969e-01 -1.325444459915161133e+00 -1.435858368873596191e+00 -2.450247704982757568e-01 -4.727664589881896973e-01 2.181010484695434570e+00 9.276595711708068848e-01 1.333068013191223145e+00 -2.713106274604797363e-01 -1.428687691688537598e+00 -5.587825551629066467e-02
-1.093720674514770508e+00 1.182283878326416016e+00 2.065222024917602539e+00 -2.514061629772186279e-01 2.001987695693969727e+00 -1.430231690406799316e+00 -7.970468401908874512e-01 -1.504649043083190918e+00 1.675844788551330566e+00 -6.356177330017089844e-01 -1.261879682540893555e+00 -1.207900404930114746e+00 -2.432187497615814209e-01 -2.660707831382751465e-01 2.107760906219482422e+00 9.482897520065307617e-01 1.208582639694213867e+00 -3.015826940536499023e-01 -1.261124134063720703e+00 -9.765930473804473877e-02
-1.265388250350952148e+00 1.179698824882507324e+00 1.879097700119018555e+00 -2.619960010051727295e-01 1.899822235107421875e+00 -1.385969519615173340e+00 -7.985385060310363770e-01 -1.476406455039978027e+00 1.539096832275390625e+00 -8.165596127510070801e-01 -1.180631637573242188e+00 -9.248203039169311523e-01 -2.423226833343505859e-01 2.887659519910812378e-02 2.037818431854248047e+00 1.051737427711486816e+00 1.144999861717224121e+00 -3.389428853988647461e-01 -1.084023594856262207e+00 -1.361995488405227661e-01
-1.456098556518554688e+00 1.289792537689208984e+00 1.736323237419128418e+00 -4.950663745403289795e-01 1.854276895523071289e+00 -1.387852072715759277e+00 -9.072573781013488770e-01 -1.507249474525451660e+00 1.545050978660583496e+00 -1.032617568969726562e+00 -1.053039312362670898e+00 -6.145823597908020020e-01 -2.249077558517456055e-01 4.301785826683044434e-01 1.980577111244201660e+00 1.217526435852050781e+00 1.217325925827026367e+00 -3.654795587062835693e-01 -9.404552578926086426e-01 -1.848602890968322754e-01
-1.533889293670654297e+00 1.396743893623352051e+00 1.530615568161010742e+00 -8.135488629341125488e-01 1.829850196838378906e+00 -1.361076116561889648e+00 -9.848835468292236328e-01 -1.569262027740478516e+00 1.629029035568237305e+00 -1.150072813034057617e+00 -8.711965680122375488e-01 -3.858904540538787842e-01 -1.393035948276519775e-01 7.493527531623840332e-01 1.901814341545104980e+00 1.328061342239379883e+00 1.328671813011169434e+00 -4.062525033950805664e-01 -7.751313447952270508e-01 -2.243067622184753418e-01
-1.503042697906494141e+00 1.571103334426879883e+00 1.382755756378173828e+00 -1.186456561088562012e+00 1.915548801422119141e+00 -1.353251338005065918e+00 -1.010314702987670898e+00 -1.667888641357421875e+00 1.843842267990112305e+00 -1.200846791267395020e+00 -7.253528237342834473e-01 -3.267010152339935303e-01 -8.040811866521835327e-02 9.507223963737487793e-01 1.867028713226318359e+00 1.432259440422058105e+00 1.599629402160644531e+00 -4.861481785774230957e-01 -6.896900534629821777e-01 -3.531091213226318359e-01
-1.411385297775268555e+00 1.674503445625305176e+00 1.312671780586242676e+00 -1.470550179481506348e+00 1.944672942161560059e+00 -1.324146628379821777e+00 -1.043231964111328125e+00 -1.712054491043090820e+00 1.972360372543334961e+00 -1.133012533187866211e+00 -6.021600365638732910e-01 -3.557900190353393555e-01 -5.091869831085205078e-02 9.989084005355834961e-01 1.848192453384399414e+00 1.432051301002502441e+00 1.775078415870666504e+00 -5.330723524093627930e-01 -6.862394213676452637e-01 -4.336889684200286865e-01
-1.311985731124877930e+00 1.773204684257507324e+00 1.253259301185607910e+00 -1.616468548774719238e+00 1.933274865150451660e+00 -1.301687240600585938e+00 -1.028044462203979492e+00 -1.730696678161621094e+00 2.046853780746459961e+00 -1.079879164695739746e+00 -5.297149419784545898e-01 -3.844863772392272949e-01 -4.570114612579345703e-02 9.547237157821655273e-01 1.808153867721557617e+00 1.398023247718811035e+00 1.846417546272277832e+00 -5.618443489074707031e-01 -6.961157321929931641e-01 -5.240803360939025879e-01
-1.195300579071044922e+00 1.850410342216491699e+00 1.219092726707458496e+00 -1.717036366462707520e+00 1.911701321601867676e+00 -1.278368115425109863e+00 -9.897916316986083984e-01 -1.743740320205688477e+00 2.085029125213623047e+00 -1.016741156578063965e+00 -4.831535220146179199e-01 -4.141067862510681152e-01 -7.937584072351455688e-02 8.751143813133239746e-01 1.763932347297668457e+00 1.350743293762207031e+00 1.878787755966186523e+00 -5.706366300582885742e-01 -7.261661887168884277e-01 -6.306979656219482422e-01
-1.074259996414184570e+00 1.922914743423461914e+00 1.180160045623779297e+00 -1.752743959426879883e+00 1.830594420433044434e+00 -1.227608799934387207e+00 -9.250919818878173828e-01 -1.726350665092468262e+00 2.095968246459960938e+00 -9.563818573951721191e-01 -4.824206531047821045e-01 -4.413382112979888916e-01 -1.383898854255676270e-01 7.351013422012329102e-01 1.670367956161499023e+00 1.234934687614440918e+00 1.844316482543945312e+00 -5.510185956954956055e-01 -7.659108638763427734e-01 -7.503162026405334473e-01
-9.506590366363525391e-01 1.980744004249572754e+00 1.124327182769775391e+00 -1.685464024543762207e+00 1.694738864898681641e+00 -1.160857200622558594e+00 -8.159328699111938477e-01 -1.662582993507385254e+00 2.058318376541137695e+00 -9.207026958465576172e-01 -5.148632526397705078e-01 -4.395576417446136475e-01 -1.943784058094024658e-01 5.461052060127258301e-01 1.536728978157043457e+00 1.069490909576416016e+00 1.708633661270141602e+00 -5.223924517631530762e-01 -7.737643122673034668e-01 -8.709953427314758301e-01
-8.634251356124877930e-01 1.995017409324645996e+00 1.110656619071960449e+00 -1.463349938392639160e+00 1.629121184349060059e+00 -1.093646526336669922e+00 -6.912866234779357910e-01 -1.551969289779663086e+00 2.000206947326660156e+00 -9.553745985031127930e-01 -6.428672671318054199e-01 -4.231441318988800049e-01 -2.303016185760498047e-01 2.846284508705139160e-01 1.482683658599853516e+00 8.972523808479309082e-01 1.462942838668823242e+00 -4.906116425991058350e-01 -7.604100108146667480e-01 -9.348157644271850586e-01
-8.078620433807373047e-01 1.961958765983581543e+00 1.233828783035278320e+00 -1.215820312500000000e+00 1.660885930061340332e+00 -1.083872556686401367e+00 -5.802512764930725098e-01 -1.459141731262207031e+00 1.960509300231933594e+00 -1.022584676742553711e+00 -8.337041139602661133e-01 -4.539968073368072510e-01 -2.913371026515960693e-01 1.802622526884078979e-02 1.557969570159912109e+00 8.023515343666076660e-01 1.275791168212890625e+00 -4.497686028480529785e-01 -7.903534173965454102e-01 -9.507504105567932129e-01
-8.448047041893005371e-01 1.966650366783142090e+00 1.392545461654663086e+00 -9.891781806945800781e-01 1.703887701034545898e+00 -1.175805568695068359e+00 -5.356265306472778320e-01 -1.453335404396057129e+00 1.939333677291870117e+00 -1.093610763549804688e+00 -9.811351895332336426e-01 -4.768647551536560059e-01 -3.442484736442565918e-01 -1.035974621772766113e-01 1.655188083648681641e+00 8.046092987060546875e-01 1.153912544250488281e+00 -4.311898052692413330e-01 -8.376562595367431641e-01 -9.637450575828552246e-01
-9.438521862030029297e-01 1.938140988349914551e+00 1.507971286773681641e+00 -8.327601552009582520e-01 1.736009716987609863e+00 -1.254366993904113770e+00 -5.150607824325561523e-01 -1.481714963912963867e+00 1.892791628837585449e+00 -1.142575740814208984e+00 -1.101004838943481445e+00 -4.920078217983245850e-01 -3.628202974796295166e-01 -1.057650893926620483e-01 1.753274202346801758e+00 8.516698479652404785e-01 1.089072823524475098e+00 -4.200776517391204834e-01 -8.566556572914123535e-01 -9.444988965988159180e-01
-1.085385799407958984e+00 1.862733006477355957e+00 1.602768659591674805e+00 -7.302290201187133789e-01 1.753944873809814453e+00 -1.294702291488647461e+00 -5.399280786514282227e-01 -1.493597626686096191e+00 1.812623143196105957e+00 -1.181461453437805176e+00 -1.197440147399902344e+00 -4.923523962497711182e-01 -3.799967169761657715e-01 -2.459227293729782104e-02 1.852231502532958984e+00 9.274020791053771973e-01 1.069320321083068848e+00 -3.952748775482177734e-01 -8.712766766548156738e-01 -8.667870163917541504e-01
-1.223172664642333984e+00 1.762537837028503418e+00 1.656232595443725586e+00 -6.614248752593994141e-01 1.797026276588439941e+00 -1.306406617164611816e+00 -5.950475931167602539e-01 -1.491100192070007324e+00 1.737173795700073242e+00 -1.226727247238159180e+00 -1.245381832122802734e+00 -4.654400348663330078e-01 -3.718226850032806396e-01 1.081679612398147583e-01 1.921845078468322754e+00 1.032724738121032715e+00 1.086315870285034180e+00 -3.518810868263244629e-01 -8.562450408935546875e-01 -7.773983478546142578e-01
-1.346383333206176758e+00 1.641893148422241211e+00 1.666851997375488281e+00 -6.228655576705932617e-01 1.833606600761413574e+00 -1.287305951118469238e+00 -6.496576070785522461e-01 -1.482490181922912598e+00 1.660237312316894531e+00 -1.262400507926940918e+00 -1.267817020416259766e+00 -4.259088039398193359e-01 -3.567402064800262451e-01 2.569909691810607910e-01 1.955327033996582031e+00 1.141215801239013672e+00 1.124226212501525879e+00 -3.026375174522399902e-01 -8.288170099258422852e-01 -6.917320489883422852e-01
-1.459874391555786133e+00 1.529082059860229492e+00 1.657342672348022461e+00 -6.327959895133972168e-01 1.887830495834350586e+00 -1.250632524490356445e+00 -7.071158289909362793e-01 -1.495377421379089355e+00 1.604098320007324219e+00 -1.286154866218566895e+00 -1.270563364028930664e+00 -3.981543779373168945e-01 -3.299839794635772705e-01 4.028839468955993652e-01 1.991209506988525391e+00 1.252632379531860352e+00 1.196133613586425781e+00 -2.580006122589111328e-01 -8.084608912467956543e-01 -6.197161674499511719e-01
-1.547712326049804688e+00 1.422549247741699219e+00 1.613431215286254883e+00 -6.571398377418518066e-01 1.926271677017211914e+00 -1.185068964958190918e+00 -7.585208415985107422e-01 -1.507605195045471191e+00 1.543063402175903320e+00 -1.285814881324768066e+00 -1.259637355804443359e+00 -3.841277360916137695e-01 -3.120333254337310791e-01 5.203028321266174316e-01 2.000954151153564453e+00 1.335528254508972168e+00 1.271752476692199707e+00 -2.114905416965484619e-01 -7.934184670448303223e-01 -5.569974184036254883e-01
-1.607581377029418945e+00 1.319718480110168457e+00 1.556874155998229980e+00 -6.790893673896789551e-01 1.962727665901184082e+00 -1.099153876304626465e+00 -7.992318868637084961e-01 -1.507455825805664062e+00 1.485672831535339355e+00 -1.274057388305664062e+00 -1.254981517791748047e+00 -3.841108381748199463e-01 -3.166040778160095215e-01 5.978260636329650879e-01 1.984003186225891113e+00 1.384705305099487305e+00 1.338167548179626465e+00 -1.685835421085357666e-01 -7.930281758308410645e-01 -4.996599555015563965e-01
-1.634689569473266602e+00 1.236517190933227539e+00 1.501325845718383789e+00 -7.058539986610412598e-01 1.974662661552429199e+00 -1.022853255271911621e+00 -7.997041940689086914e-01 -1.512597084045410156e+00 1.442329764366149902e+00 -1.249436855316162109e+00 -1.262478828430175781e+00 -3.967996537685394287e-01 -3.423661589622497559e-01 6.294304728507995605e-01 1.952433705329895020e+00 1.397370696067810059e+00 1.385433912277221680e+00 -1.343991458415985107e-01 -8.093479871749877930e-01 -4.682130217552185059e-01
-1.636157274246215820e+00 1.170895099639892578e+00 1.452017188072204590e+00 -7.108750939369201660e-01 1.958556652069091797e+00 -9.501370787620544434e-01 -7.848752140998840332e-01 -1.514445066452026367e+00 1.400713324546813965e+00 -1.209568142890930176e+00 -1.303073167800903320e+00 -4.339593052864074707e-01 -4.007179737091064453e-01 6.167374849319458008e-01 1.911968946456909180e+00 1.365986704826354980e+00 1.417622447013854980e+00 -9.248273074626922607e-02 -8.434481620788574219e-01 -4.484944045543670654e-01
-1.613524913787841797e+00 1.139793872833251953e+00 1.421381831169128418e+00 -6.782416105270385742e-01 1.929494142532348633e+00 -8.843499422073364258e-01 -7.643300890922546387e-01 -1.516684055328369141e+00 1.379265666007995605e+00 -1.160933494567871094e+00 -1.369513750076293945e+00 -5.080663561820983887e-01 -4.723466634750366211e-01 5.440868735313415527e-01 1.872514486312866211e+00 1.304339051246643066e+00 1.432231903076171875e+00 -5.832086503505706787e-02 -9.005338549613952637e-01 -4.449499547481536865e-01
-1.566910028457641602e+00 1.149867177009582520e+00 1.432066082954406738e+00 -6.040298938751220703e-01 1.905104994773864746e+00 -8.606090545654296875e-01 -7.411384582519531250e-01 -1.528632879257202148e+00 1.387250781059265137e+00 -1.104399085044860840e+00 -1.451008558273315430e+00 -6.086530089378356934e-01 -5.347638726234436035e-01 4.211571812629699707e-01 1.841675162315368652e+00 1.212288856506347656e+00 1.415061950683593750e+00 -5.342836678028106689e-02 -9.722821116447448730e-01 -4.552849531173706055e-01
-1.487531661987304688e+00 1.234376549720764160e+00 1.482700943946838379e+00 -5.143102407455444336e-01 1.916012763977050781e+00 -9.234015345573425293e-01 -7.110511660575866699e-01 -1.596855163574218750e+00 1.451854586601257324e+00 -1.016663789749145508e+00 -1.519507646560668945e+00 -7.563933134078979492e-01 -5.611938834190368652e-01 2.388031929731369019e-01 1.852947831153869629e+00 1.072804808616638184e+00 1.383048772811889648e+00 -1.167756095528602600e-01 -1.047801136970520020e+00 -4.687637090682983398e-01
-1.379988193511962891e+00 1.325905323028564453e+00 1.541346192359924316e+00 -4.350016713142395020e-01 1.935406923294067383e+00 -1.039927482604980469e+00 -6.690432429313659668e-01 -1.690704345703125000e+00 1.537004470825195312e+00 -9.036933779716491699e-01 -1.544052600860595703e+00 -9.060242176055908203e-01 -5.206722617149353027e-01 5.078861489892005920e-02 1.894209623336791992e+00 9.272662997245788574e-01 1.339611768722534180e+00 -2.225253731012344360e-01 -1.090923190116882324e+00 -4.714428782463073730e-01
-1.290705204010009766e+00 1.410809755325317383e+00 1.606083989143371582e+00 -4.008163213729858398e-01 1.971174716949462891e+00 -1.186515688896179199e+00 -6.377341747283935547e-01 -1.774270057678222656e+00 1.632170915603637695e+00 -8.244959712028503418e-01 -1.536438465118408203e+00 -9.978719949722290039e-01 -4.410367310047149658e-01 -4.845809191465377808e-02 1.949807643890380859e+00 8.302715420722961426e-01 1.311128497123718262e+00 -3.332147002220153809e-01 -1.091928005218505859e+00 -4.617761969566345215e-01
-1.243389844894409180e+00 1.483102798461914062e+00 1.669373154640197754e+00 -3.997447192668914795e-01 2.001066923141479492e+00 -1.327506303787231445e+00 -6.069045066833496094e-01 -1.849285602569580078e+00 1.712802290916442871e+00 -7.715206742286682129e-01 -1.512591838836669922e+00 -1.044886112213134766e+00 -3.617580533027648926e-01 -7.474716007709503174e-02 2.008780956268310547e+00 7.911977767944335938e-01 1.301937580108642578e+00 -4.395389854907989502e-01 -1.081416130065917969e+00 -4.645596742630004883e-01
-1.213620901107788086e+00 1.525020003318786621e+00 1.711610794067382812e+00 -4.258580505847930908e-01 2.008599996566772461e+00 -1.450820684432983398e+00 -5.544713735580444336e-01 -1.921977400779724121e+00 1.769315242767333984e+00 -7.329712510108947754e-01 -1.469041824340820312e+00 -1.065590262413024902e+00 -2.817962169647216797e-01 -5.384071171283721924e-02 2.055457830429077148e+00 7.761685252189636230e-01 1.302430629730224609e+00 -5.315682888031005859e-01 -1.056211709976196289e+00 -4.667629301548004150e-01
-1.214568376541137695e+00 1.530586838722229004e+00 1.745136260986328125e+00 -4.691085815429687500e-01 2.034445524215698242e+00 -1.550896286964416504e+00 -5.178067684173583984e-01 -1.987107038497924805e+00 1.809346556663513184e+00 -7.185220122337341309e-01 -1.429388523101806641e+00 -1.068541884422302246e+00 -1.946140527725219727e-01 1.511470973491668701e-02 2.106520652770996094e+00 8.032239079475402832e-01 1.330222964286804199e+00 -5.896731019020080566e-01 -1.022531390190124512e+00 -4.501127600669860840e-01
-1.226754188537597656e+00 1.496009707450866699e+00 1.774072527885437012e+00 -5.347582101821899414e-01 2.062811851501464844e+00 -1.644910931587219238e+00 -4.810363948345184326e-01 -2.060908317565917969e+00 1.848189473152160645e+00 -7.014167308807373047e-01 -1.388965845108032227e+00 -1.071934819221496582e+00 -9.122080355882644653e-02 1.133731156587600708e-01 2.150797367095947266e+00 8.389023542404174805e-01 1.384483814239501953e+00 -6.326259374618530273e-01 -9.851005077362060547e-01 -4.127144217491149902e-01
-1.233703851699829102e+00 1.431894183158874512e+00 1.797340512275695801e+00 -6.282452940940856934e-01 2.083316326141357422e+00 -1.701964855194091797e+00 -4.495958089828491211e-01 -2.129860639572143555e+00 1.891786694526672363e+00 -6.684094071388244629e-01 -1.354830503463745117e+00 -1.085322141647338867e+00 2.959612756967544556e-03 2.002746611833572388e-01 2.182679891586303711e+00 8.723918795585632324e-01 1.460744380950927734e+00 -6.403453350067138672e-01 -9.674956202507019043e-01 -3.869298696517944336e-01
-1.213926553726196289e+00 1.307643413543701172e+00 1.790314078330993652e+00 -7.379143238067626953e-01 2.076156616210937500e+00 -1.730048894882202148e+00 -4.000035226345062256e-01 -2.171663761138916016e+00 1.913569808006286621e+00 -6.100969910621643066e-01 -1.292418718338012695e+00 -1.096384763717651367e+00 1.168302893638610840e-01 2.900279760360717773e-01 2.180819272994995117e+00 9.100326299667358398e-01 1.542354345321655273e+00 -6.263988614082336426e-01 -9.347410798072814941e-01 -3.481955528259277344e-01
-1.136626243591308594e+00 1.103505969047546387e+00 1.732435941696166992e+00 -8.580978512763977051e-01 2.013460636138916016e+00 -1.702683329582214355e+00 -3.215539753437042236e-01 -2.148389101028442383e+00 1.894247531890869141e+00 -5.147976279258728027e-01 -1.181384086608886719e+00 -1.098211765289306641e+00 2.483091652393341064e-01 3.590210676193237305e-01 2.112975597381591797e+00 9.418845176696777344e-01 1.607800602912902832e+00 -5.774344801902770996e-01 -8.804485797882080078e-01 -2.952656149864196777e-01
-9.890085458755493164e-01 8.857783675193786621e-01 1.611316919326782227e+00 -1.027744412422180176e+00 1.907231807708740234e+00 -1.623139262199401855e+00 -2.404712140560150146e-01 -2.070294857025146484e+00 1.861701488494873047e+00 -3.685566186904907227e-01 -1.025211095809936523e+00 -1.124908566474914551e+00 3.731002509593963623e-01 3.776198029518127441e-01 2.013831377029418945e+00 9.734813570976257324e-01 1.687331795692443848e+00 -5.249556303024291992e-01 -8.206005692481994629e-01 -2.456638514995574951e-01
-7.679581046104431152e-01 7.750751376152038574e-01 1.514611721038818359e+00 -1.255066633224487305e+00 1.832689642906188965e+00 -1.469641447067260742e+00 -2.215041816234588623e-01 -1.937505483627319336e+00 1.824538707733154297e+00 -2.203532457351684570e-01 -8.799554109573364258e-01 -1.178588867187500000e+00 3.631197512149810791e-01 2.312027513980865479e-01 1.989062190055847168e+00 1.027733683586120605e+00 1.770415306091308594e+00 -4.440062940120697021e-01 -8.656407594680786133e-01 -2.700637280941009521e-01
-5.781705975532531738e-01 8.252154588699340820e-01 1.484480261802673340e+00 -1.467233419418334961e+00 1.815601825714111328e+00 -1.319635033607482910e+00 -3.139333724975585938e-01 -1.847749471664428711e+00 1.781702518463134766e+00 -8.117344230413436890e-02 -7.574949860572814941e-01 -1.231679797172546387e+00 1.999474763870239258e-01 5.089466646313667297e-02 1.964518308639526367e+00 1.095761418342590332e+00 1.836078643798828125e+00 -4.090496897697448730e-01 -1.025824904441833496e+00 -3.746871650218963623e-01
-4.859614670276641846e-01 9.981737732887268066e-01 1.632850289344787598e+00 -1.598276615142822266e+00 1.817277312278747559e+00 -1.267023921012878418e+00 -4.709639251232147217e-01 -1.704420924186706543e+00 1.803611874580383301e+00 -6.294322013854980469e-02 -7.067682147026062012e-01 -1.215901374816894531e+00 -4.500907659530639648e-02 -6.189635396003723145e-02 2.021286725997924805e+00 1.206451177597045898e+00 1.891551017761230469e+00 -3.674544095993041992e-01 -1.226789712905883789e+00 -5.293850898742675781e-01
-4.165757000446319580e-01 1.166127681732177734e+00 1.788969993591308594e+00 -1.648253440856933594e+00 1.779755949974060059e+00 -1.216201186180114746e+00 -5.828890204429626465e-01 -1.550846219062805176e+00 1.832872033119201660e+00 -7.414596527814865112e-02 -7.341424822807312012e-01 -1.175296783447265625e+00 -3.024796545505523682e-01 -1.841039508581161499e-01 2.022840499877929688e+00 1.206141948699951172e+00 1.859806299209594727e+00 -3.019430935382843018e-01 -1.403520822525024414e+00 -6.809083223342895508e-01
-3.939724564552307129e-01 1.346228480339050293e+00 1.892246484756469727e+00 -1.679596424102783203e+00 1.686023473739624023e+00 -1.197003722190856934e+00 -6.591811180114746094e-01 -1.437243461608886719e+00 1.833824396133422852e+00 -1.034845709800720215e-01 -7.423720955848693848e-01 -1.103682994842529297e+00 -5.304566621780395508e-01 -2.568364143371582031e-01 1.963381886482238770e+00 1.161769509315490723e+00 1.791382908821105957e+00 -2.767246961593627930e-01 -1.528738498687744141e+00 -8.053458333015441895e-01
-4.049506187438964844e-01 1.518940687179565430e+00 1.944441080093383789e+00 -1.682237029075622559e+00 1.579637289047241211e+00 -1.199029445648193359e+00 -7.439218163490295410e-01 -1.339740395545959473e+00 1.814162969589233398e+00 -1.495593041181564331e-01 -7.272020578384399414e-01 -9.994133710861206055e-01 -6.832346916198730469e-01 -2.743075489997863770e-01 1.894771099090576172e+00 1.119349002838134766e+00 1.693040728569030762e+00 -2.655788958072662354e-01 -1.586842298507690430e+00 -8.919411301612854004e-01
-4.585828781127929688e-01 1.663246154785156250e+00 1.949098110198974609e+00 -1.677787780761718750e+00 1.484603404998779297e+00 -1.211050868034362793e+00 -8.338083028793334961e-01 -1.276207327842712402e+00 1.773207664489746094e+00 -2.036005854606628418e-01 -7.026956677436828613e-01 -8.863717317581176758e-01 -7.761555314064025879e-01 -2.257652729749679565e-01 1.829077124595642090e+00 1.079740047454833984e+00 1.597694396972656250e+00 -2.635243535041809082e-01 -1.589884161949157715e+00 -9.159669280052185059e-01
-5.280020236968994141e-01 1.747434258460998535e+00 1.909693837165832520e+00 -1.691886544227600098e+00 1.393107891082763672e+00 -1.220953583717346191e+00 -9.271443486213684082e-01 -1.244448423385620117e+00 1.706877350807189941e+00 -2.280262410640716553e-01 -6.580271124839782715e-01 -7.794882059097290039e-01 -8.190731406211853027e-01 -1.216473877429962158e-01 1.761495590209960938e+00 1.042861342430114746e+00 1.522859692573547363e+00 -2.803851366043090820e-01 -1.555601000785827637e+00 -8.840795159339904785e-01
-6.120859384536743164e-01 1.795797944068908691e+00 1.849031209945678711e+00 -1.733912110328674316e+00 1.325877666473388672e+00 -1.226522922515869141e+00 -1.045358419418334961e+00 -1.244106292724609375e+00 1.637788891792297363e+00 -2.287863492965698242e-01 -6.083841323852539062e-01 -6.941030621528625488e-01 -8.419828414916992188e-01 2.818774431943893433e-02 1.708896875381469727e+00 1.020031452178955078e+00 1.494924902915954590e+00 -3.105401098728179932e-01 -1.515083312988281250e+00 -8.148364424705505371e-01
-7.024999856948852539e-01 1.822831392288208008e+00 1.798761725425720215e+00 -1.797320723533630371e+00 1.273650169372558594e+00 -1.217605113983154297e+00 -1.168156862258911133e+00 -1.261586904525756836e+00 1.571030378341674805e+00 -2.210435569286346436e-01 -5.545317530632019043e-01 -6.371241807937622070e-01 -8.818169236183166504e-01 1.976943016052246094e-01 1.682693004608154297e+00 1.017719507217407227e+00 1.530055880546569824e+00 -3.386820852756500244e-01 -1.498679161071777344e+00 -7.315503954887390137e-01
-8.216461539268493652e-01 1.846081495285034180e+00 1.754026532173156738e+00 -1.854187846183776855e+00 1.258313059806823730e+00 -1.183574914932250977e+00 -1.314114093780517578e+00 -1.283305644989013672e+00 1.528482317924499512e+00 -2.402159869670867920e-01 -5.387336015701293945e-01 -6.208207607269287109e-01 -9.391661286354064941e-01 3.549886941909790039e-01 1.717076659202575684e+00 1.068119525909423828e+00 1.626803994178771973e+00 -3.426538109779357910e-01 -1.512526035308837891e+00 -6.290190219879150391e-01
-9.134303927421569824e-01 1.796960711479187012e+00 1.717504143714904785e+00 -1.880368590354919434e+00 1.266559004783630371e+00 -1.111151933670043945e+00 -1.466635823249816895e+00 -1.263687610626220703e+00 1.503951668739318848e+00 -2.501502633094787598e-01 -5.196248292922973633e-01 -6.498388051986694336e-01 -9.763593673706054688e-01 4.612680077552795410e-01 1.777068257331848145e+00 1.158348560333251953e+00 1.749545693397521973e+00 -3.078847527503967285e-01 -1.540421843528747559e+00 -4.910514950752258301e-01
-9.670118093490600586e-01 1.644869208335876465e+00 1.693501114845275879e+00 -1.846413850784301758e+00 1.297114729881286621e+00 -1.004115223884582520e+00 -1.601033687591552734e+00 -1.199292898178100586e+00 1.483660340309143066e+00 -2.416460514068603516e-01 -4.958688914775848389e-01 -7.035962939262390137e-01 -9.717149734497070312e-01 5.000057220458984375e-01 1.849908590316772461e+00 1.273603677749633789e+00 1.853197097778320312e+00 -2.404943704605102539e-01 -1.567690968513488770e+00 -3.298048079013824463e-01
-1.006345033645629883e+00 1.466441392898559570e+00 1.680656194686889648e+00 -1.749007225036621094e+00 1.375098466873168945e+00 -9.012468457221984863e-01 -1.697614908218383789e+00 -1.163101434707641602e+00 1.477445483207702637e+00 -2.312483489513397217e-01 -4.994356334209442139e-01 -7.907510399818420410e-01 -9.211785793304443359e-01 4.562594294548034668e-01 1.947900533676147461e+00 1.376725435256958008e+00 1.921617627143859863e+00 -1.804241389036178589e-01 -1.588784456253051758e+00 -1.708151400089263916e-01
-1.044322490692138672e+00 1.316743373870849609e+00 1.714635491371154785e+00 -1.620829463005065918e+00 1.499043703079223633e+00 -8.270325064659118652e-01 -1.766252040863037109e+00 -1.158800244331359863e+00 1.496691226959228516e+00 -2.378978729248046875e-01 -5.292437672615051270e-01 -9.142740964889526367e-01 -8.576074242591857910e-01 3.463376760482788086e-01 2.069004535675048828e+00 1.474512696266174316e+00 1.969210267066955566e+00 -1.249335259199142456e-01 -1.623361945152282715e+00 -3.398044779896736145e-02
-1.041490554809570312e+00 1.183747768402099609e+00 1.765569448471069336e+00 -1.492526888847351074e+00 1.604998588562011719e+00 -8.066787719726562500e-01 -1.730780005455017090e+00 -1.160688161849975586e+00 1.515390515327453613e+00 -2.550030052661895752e-01 -5.447286367416381836e-01 -1.006989359855651855e+00 -8.019072413444519043e-01 2.060115188360214233e-01 2.163388013839721680e+00 1.549846649169921875e+00 1.956740498542785645e+00 -9.118223935365676880e-02 -1.647197484970092773e+00 3.833300247788429260e-02
-1.030859708786010742e+00 1.039595723152160645e+00 1.824121594429016113e+00 -1.349469184875488281e+00 1.705461978912353516e+00 -7.709454894065856934e-01 -1.664993643760681152e+00 -1.144215583801269531e+00 1.520242929458618164e+00 -2.838459908962249756e-01 -5.969030261039733887e-01 -1.088980674743652344e+00 -7.595396637916564941e-01 4.985505715012550354e-02 2.238087177276611328e+00 1.595634341239929199e+00 1.913897156715393066e+00 -3.057713620364665985e-02 -1.659146666526794434e+00 8.554224669933319092e-02
-1.034028768539428711e+00 9.196260571479797363e-01 1.888311386108398438e+00 -1.222530245780944824e+00 1.796608686447143555e+00 -7.399491071701049805e-01 -1.589089512825012207e+00 -1.129405736923217773e+00 1.520551323890686035e+00 -3.300434052944183350e-01 -6.696161031723022461e-01 -1.135640025138854980e+00 -7.326565384864807129e-01 -6.412822008132934570e-02 2.275338649749755859e+00 1.600547432899475098e+00 1.849739074707031250e+00 3.201125562191009521e-02 -1.654525160789489746e+00 1.235588639974594116e-01
-1.038004159927368164e+00 8.220786452293395996e-01 1.957265973091125488e+00 -1.095168232917785645e+00 1.861222624778747559e+00 -7.119494080543518066e-01 -1.503355145454406738e+00 -1.095988631248474121e+00 1.503638148307800293e+00 -3.876391649246215820e-01 -7.422004342079162598e-01 -1.148622870445251465e+00 -7.202147245407104492e-01 -1.485669910907745361e-01 2.271358251571655273e+00 1.582349181175231934e+00 1.764506459236145020e+00 1.000623852014541626e-01 -1.640962719917297363e+00 1.388520002365112305e-01
-1.032977700233459473e+00 7.756024003028869629e-01 2.055413961410522461e+00 -9.549407958984375000e-01 1.910934925079345703e+00 -7.019587755203247070e-01 -1.385768771171569824e+00 -1.047579646110534668e+00 1.513234615325927734e+00 -4.690477848052978516e-01 -8.498174548149108887e-01 -1.156024813652038574e+00 -7.201703786849975586e-01 -2.330824285745620728e-01 2.260128498077392578e+00 1.562106490135192871e+00 1.687589764595031738e+00 1.809395849704742432e-01 -1.629506707191467285e+00 9.223704040050506592e-02
-1.050170421600341797e+00 8.198155760765075684e-01 2.131331682205200195e+00 -8.140250444412231445e-01 1.902856111526489258e+00 -6.919505596160888672e-01 -1.256781339645385742e+00 -9.755412340164184570e-01 1.510852098464965820e+00 -5.938769578933715820e-01 -9.889518618583679199e-01 -1.107736229896545410e+00 -7.394454479217529297e-01 -3.111751675605773926e-01 2.231782436370849609e+00 1.532462835311889648e+00 1.567953109741210938e+00 2.540292739868164062e-01 -1.602850317955017090e+00 -2.372835204005241394e-02
-1.111624956130981445e+00 1.051250576972961426e+00 2.133068323135375977e+00 -7.057788968086242676e-01 1.835529446601867676e+00 -7.168537974357604980e-01 -1.152862429618835449e+00 -9.406965970993041992e-01 1.488268852233886719e+00 -7.764055132865905762e-01 -1.098458766937255859e+00 -9.560728073120117188e-01 -7.859243750572204590e-01 -3.377985954284667969e-01 2.159298658370971680e+00 1.488000631332397461e+00 1.402525424957275391e+00 2.767014205455780029e-01 -1.521033763885498047e+00 -2.596828937530517578e-01
-1.219435214996337891e+00 1.442070484161376953e+00 1.980910778045654297e+00 -7.027071714401245117e-01 1.714223384857177734e+00 -8.308488726615905762e-01 -1.005763292312622070e+00 -1.042297363281250000e+00 1.438418030738830566e+00 -9.978677034378051758e-01 -1.218685150146484375e+00 -6.537901759147644043e-01 -8.402310609817504883e-01 -2.109947949647903442e-01 1.960633635520935059e+00 1.381333470344543457e+00 1.237877488136291504e+00 1.841863691806793213e-01 -1.374569058418273926e+00 -6.449695229530334473e-01
