-1.241500139236450195e+00 1.986980199813842773e+00 1.737000823020935059e+00 -1.377479076385498047e+00 1.673409223556518555e+00 -1.186645507812500000e+00 -1.975504398345947266e+00 -1.073549628257751465e+00 1.654731869697570801e+00 -8.557260036468505859e-01 -4.533151388168334961e-01 -3.696146011352539062e-01 -7.506862282752990723e-01 6.562948822975158691e-01 1.945635676383972168e+00 1.433903336524963379e+00 1.604146122932434082e+00 -3.084524869918823242e-01 -1.246361851692199707e+00 -1.701472103595733643e-01
-1.220596432685852051e+00 1.929558277130126953e+00 1.773774623870849609e+00 -1.331599593162536621e+00 1.735931158065795898e+00 -1.196502089500427246e+00 -1.967733383178710938e+00 -1.049084186553955078e+00 1.681297302246093750e+00 -8.589521050453186035e-01 -4.777849018573760986e-01 -3.627509474754333496e-01 -7.194029092788696289e-01 6.414291858673095703e-01 1.982701182365417480e+00 1.446384906768798828e+00 1.583924651145935059e+00 -2.967759370803833008e-01 -1.230929374694824219e+00 -1.635015308856964111e-01
-1.205013513565063477e+00 1.884324789047241211e+00 1.790329933166503906e+00 -1.292776226997375488e+00 1.774116277694702148e+00 -1.198303818702697754e+00 -1.954202532768249512e+00 -1.031944870948791504e+00 1.692544341087341309e+00 -8.589248657226562500e-01 -4.963482022285461426e-01 -3.562059402465820312e-01 -6.970499157905578613e-01 6.230968832969665527e-01 2.003837823867797852e+00 1.453288912773132324e+00 1.562931418418884277e+00 -2.858283519744873047e-01 -1.214876651763916016e+00 -1.638763844966888428e-01
-1.196957468986511230e+00 1.859883546829223633e+00 1.787968277931213379e+00 -1.266125321388244629e+00 1.794286370277404785e+00 -1.193936944007873535e+00 -1.941983222961425781e+00 -1.023494601249694824e+00 1.693493008613586426e+00 -8.579422831535339355e-01 -5.099462270736694336e-01 -3.498535156250000000e-01 -6.872088313102722168e-01 6.130161285400390625e-01 2.010134458541870117e+00 1.455955743789672852e+00 1.550246357917785645e+00 -2.754898667335510254e-01 -1.199626445770263672e+00 -1.720225811004638672e-01
-1.195791959762573242e+00 1.850484013557434082e+00 1.767178773880004883e+00 -1.253991007804870605e+00 1.803405165672302246e+00 -1.184592485427856445e+00 -1.930260539054870605e+00 -1.025546431541442871e+00 1.687077164649963379e+00 -8.548514842987060547e-01 -5.200119018554687500e-01 -3.424319624900817871e-01 -6.863543987274169922e-01 6.173956394195556641e-01 2.004259347915649414e+00 1.457032799720764160e+00 1.549230694770812988e+00 -2.672683298587799072e-01 -1.183136105537414551e+00 -1.883999705314636230e-01
-1.198316335678100586e+00 1.851061344146728516e+00 1.724226236343383789e+00 -1.259797811508178711e+00 1.807561635971069336e+00 -1.171213388442993164e+00 -1.915101289749145508e+00 -1.041388034820556641e+00 1.674813747406005859e+00 -8.472510576248168945e-01 -5.281460881233215332e-01 -3.319969177246093750e-01 -6.916870474815368652e-01 6.438274383544921875e-01 1.982983708381652832e+00 1.456712484359741211e+00 1.565666556358337402e+00 -2.613958120346069336e-01 -1.161797881126403809e+00 -2.189418077468872070e-01
-1.197100281715393066e+00 1.848914980888366699e+00 1.650722742080688477e+00 -1.286122560501098633e+00 1.812053442001342773e+00 -1.155012607574462891e+00 -1.885050177574157715e+00 -1.075320005416870117e+00 1.656545877456665039e+00 -8.304334282875061035e-01 -5.376819968223571777e-01 -3.145024180412292480e-01 -6.955444216728210449e-01 7.001169323921203613e-01 1.936812400817871094e+00 1.452351450920104980e+00 1.604416370391845703e+00 -2.582671344280242920e-01 -1.127614378929138184e+00 -2.736892700195312500e-01
-1.199306368827819824e+00 1.822334408760070801e+00 1.558156132698059082e+00 -1.327365517616271973e+00 1.808410167694091797e+00 -1.131189465522766113e+00 -1.837787866592407227e+00 -1.121618032455444336e+00 1.628976583480834961e+00 -7.961997985839843750e-01 -5.592359304428100586e-01 -2.979676723480224609e-01 -6.870303750038146973e-01 7.896181941032409668e-01 1.873982906341552734e+00 1.435737609863281250e+00 1.655912876129150391e+00 -2.560781836509704590e-01 -1.083608984947204590e+00 -3.351969420909881592e-01
-1.212520241737365723e+00 1.780628085136413574e+00 1.435813903808593750e+00 -1.381672859191894531e+00 1.797817707061767578e+00 -1.098253369331359863e+00 -1.744784712791442871e+00 -1.199792981147766113e+00 1.606398224830627441e+00 -7.563368678092956543e-01 -6.065359711647033691e-01 -2.968109250068664551e-01 -6.657204031944274902e-01 8.914374113082885742e-01 1.797391891479492188e+00 1.401625394821166992e+00 1.724656224250793457e+00 -2.688299715518951416e-01 -1.034521698951721191e+00 -4.077920913696289062e-01
-1.221076011657714844e+00 1.715225219726562500e+00 1.296647071838378906e+00 -1.449164748191833496e+00 1.766220450401306152e+00 -1.047730088233947754e+00 -1.599099159240722656e+00 -1.298288941383361816e+00 1.575447797775268555e+00 -7.058135271072387695e-01 -6.484119892120361328e-01 -3.328756093978881836e-01 -6.462790966033935547e-01 9.660605192184448242e-01 1.698271036148071289e+00 1.335054159164428711e+00 1.810084223747253418e+00 -2.934767007827758789e-01 -9.985895156860351562e-01 -4.624698460102081299e-01
-1.212096810340881348e+00 1.615474939346313477e+00 1.197686195373535156e+00 -1.520793199539184570e+00 1.739523172378540039e+00 -9.989825487136840820e-01 -1.419662833213806152e+00 -1.389761805534362793e+00 1.554743289947509766e+00 -6.620624065399169922e-01 -6.847619414329528809e-01 -3.860980272293090820e-01 -5.908327102661132812e-01 1.001000642776489258e+00 1.631238698959350586e+00 1.271072149276733398e+00 1.878902435302734375e+00 -3.129627704620361328e-01 -9.675771594047546387e-01 -4.972007572650909424e-01
-1.192664027214050293e+00 1.538210868835449219e+00 1.180535554885864258e+00 -1.599099278450012207e+00 1.756277561187744141e+00 -1.018514394760131836e+00 -1.227187991142272949e+00 -1.504591107368469238e+00 1.595495820045471191e+00 -6.434909105300903320e-01 -7.454624772071838379e-01 -4.555394053459167480e-01 -5.195589065551757812e-01 9.954478144645690918e-01 1.628567099571228027e+00 1.221178531646728516e+00 1.941144108772277832e+00 -3.257884681224822998e-01 -9.644409418106079102e-01 -5.310431122779846191e-01
-1.139237165451049805e+00 1.474663257598876953e+00 1.187909245491027832e+00 -1.631960153579711914e+00 1.784721374511718750e+00 -1.033981680870056152e+00 -1.083597302436828613e+00 -1.543467640876770020e+00 1.647722125053405762e+00 -6.457999348640441895e-01 -7.855887413024902344e-01 -4.821254014968872070e-01 -4.441766738891601562e-01 9.558295607566833496e-01 1.637198328971862793e+00 1.179262876510620117e+00 1.943237066268920898e+00 -3.277250230312347412e-01 -9.421911239624023438e-01 -5.560339689254760742e-01
-1.053108930587768555e+00 1.413711428642272949e+00 1.205380678176879883e+00 -1.608373403549194336e+00 1.809925556182861328e+00 -1.021455168724060059e+00 -9.859199523925781250e-01 -1.487145185470581055e+00 1.691802740097045898e+00 -6.669291853904724121e-01 -8.014606237411499023e-01 -4.612447023391723633e-01 -3.767750263214111328e-01 8.855214715003967285e-01 1.636316776275634766e+00 1.144662022590637207e+00 1.877803206443786621e+00 -3.067010641098022461e-01 -8.951411247253417969e-01 -5.796757340431213379e-01
-9.335896372795104980e-01 1.347301244735717773e+00 1.254071474075317383e+00 -1.519511103630065918e+00 1.842091083526611328e+00 -9.741500616073608398e-01 -9.256742000579833984e-01 -1.345669984817504883e+00 1.724718213081359863e+00 -6.955245733261108398e-01 -8.112685084342956543e-01 -4.163374304771423340e-01 -3.344348073005676270e-01 7.562812566757202148e-01 1.627062559127807617e+00 1.106672048568725586e+00 1.742780923843383789e+00 -2.580450773239135742e-01 -8.490316271781921387e-01 -6.074554920196533203e-01
-8.007839322090148926e-01 1.229225873947143555e+00 1.390650749206542969e+00 -1.351785898208618164e+00 1.867984294891357422e+00 -9.053397178649902344e-01 -9.080845117568969727e-01 -1.119823575019836426e+00 1.730680346488952637e+00 -7.019627690315246582e-01 -8.445690274238586426e-01 -3.835312128067016602e-01 -3.099198043346405029e-01 5.417988300323486328e-01 1.659251928329467773e+00 1.050253510475158691e+00 1.518474817276000977e+00 -1.757342666387557983e-01 -8.355367183685302734e-01 -5.957672595977783203e-01
-6.466458439826965332e-01 1.133571624755859375e+00 1.563169956207275391e+00 -1.103762149810791016e+00 1.887466192245483398e+00 -8.594961762428283691e-01 -8.474662303924560547e-01 -8.895438909530639648e-01 1.752900958061218262e+00 -7.034478187561035156e-01 -9.367058873176574707e-01 -4.161610603332519531e-01 -3.010441064834594727e-01 1.911722272634506226e-01 1.734412670135498047e+00 9.936240315437316895e-01 1.267554640769958496e+00 -8.947765082120895386e-02 -8.599686026573181152e-01 -6.059471964836120605e-01
-5.429419875144958496e-01 1.154078364372253418e+00 1.844206929206848145e+00 -8.828614354133605957e-01 1.995801925659179688e+00 -9.718284010887145996e-01 -7.900488972663879395e-01 -8.679591417312622070e-01 1.910228252410888672e+00 -6.839419603347778320e-01 -1.059970259666442871e+00 -6.265252828598022461e-01 -3.162886798381805420e-01 -2.065104097127914429e-01 1.907120585441589355e+00 1.020280361175537109e+00 1.214476585388183594e+00 -3.440856933593750000e-02 -1.002710580825805664e+00 -6.486147046089172363e-01
-5.600582361221313477e-01 1.270867586135864258e+00 2.118996620178222656e+00 -7.965553402900695801e-01 2.143400192260742188e+00 -1.126644015312194824e+00 -7.739213109016418457e-01 -1.012633800506591797e+00 2.073185920715332031e+00 -6.735793352127075195e-01 -1.204257607460021973e+00 -8.791037201881408691e-01 -3.701770007610321045e-01 -4.506042599678039551e-01 2.095923423767089844e+00 1.043238759040832520e+00 1.301401495933532715e+00 -1.436812803149223328e-02 -1.178787708282470703e+00 -6.641675233840942383e-01
-5.832127332687377930e-01 1.336796998977661133e+00 2.252796173095703125e+00 -7.379761934280395508e-01 2.212612628936767578e+00 -1.247640371322631836e+00 -7.213091254234313965e-01 -1.169869899749755859e+00 2.166728496551513672e+00 -6.330879330635070801e-01 -1.310787320137023926e+00 -1.097247123718261719e+00 -3.969309926033020020e-01 -6.073240637779235840e-01 2.208263158798217773e+00 1.049667596817016602e+00 1.390388011932373047e+00 -1.956319250166416168e-02 -1.295715928077697754e+00 -6.530606150627136230e-01
-6.090953946113586426e-01 1.378815770149230957e+00 2.288651227951049805e+00 -7.212468385696411133e-01 2.221722602844238281e+00 -1.331928849220275879e+00 -6.678607463836669922e-01 -1.296869635581970215e+00 2.201413393020629883e+00 -5.983020663261413574e-01 -1.372794032096862793e+00 -1.228926062583923340e+00 -3.895586431026458740e-01 -6.757776141166687012e-01 2.262042284011840820e+00 1.067072033882141113e+00 1.454462170600891113e+00 -4.143395647406578064e-02 -1.357687711715698242e+00 -6.455770134925842285e-01
-6.145712137222290039e-01 1.380300879478454590e+00 2.262328147888183594e+00 -7.029703259468078613e-01 2.187523841857910156e+00 -1.381066083908081055e+00 -5.992534756660461426e-01 -1.384978294372558594e+00 2.191978454589843750e+00 -5.587128400802612305e-01 -1.397238731384277344e+00 -1.303427696228027344e+00 -3.682099580764770508e-01 -6.977217793464660645e-01 2.245921611785888672e+00 1.055249094963073730e+00 1.480805277824401855e+00 -6.411528587341308594e-02 -1.374891757965087891e+00 -6.367073059082031250e-01
-6.055567860603332520e-01 1.365558981895446777e+00 2.201923131942749023e+00 -6.793009638786315918e-01 2.132048130035400391e+00 -1.410602450370788574e+00 -5.283365249633789062e-01 -1.434390544891357422e+00 2.159514665603637695e+00 -5.287197232246398926e-01 -1.393313765525817871e+00 -1.327519297599792480e+00 -3.370350301265716553e-01 -6.912733912467956543e-01 2.192800998687744141e+00 1.024470567703247070e+00 1.471700668334960938e+00 -8.922921121120452881e-02 -1.356752753257751465e+00 -6.269981861114501953e-01
-5.853250622749328613e-01 1.355872631072998047e+00 2.123519182205200195e+00 -6.460188627243041992e-01 2.070367813110351562e+00 -1.432529926300048828e+00 -4.639314413070678711e-01 -1.445211291313171387e+00 2.119278192520141602e+00 -5.206391811370849609e-01 -1.364851832389831543e+00 -1.304179668426513672e+00 -2.968847155570983887e-01 -6.681715846061706543e-01 2.123736619949340820e+00 9.800245761871337891e-01 1.427370309829711914e+00 -1.195649504661560059e-01 -1.307178258895874023e+00 -6.168421506881713867e-01
-5.666636824607849121e-01 1.359273314476013184e+00 2.046335935592651367e+00 -6.111500263214111328e-01 1.998404264450073242e+00 -1.444012880325317383e+00 -4.181570410728454590e-01 -1.416884899139404297e+00 2.063350200653076172e+00 -5.396010279655456543e-01 -1.321870207786560059e+00 -1.236871600151062012e+00 -2.709169089794158936e-01 -6.303228139877319336e-01 2.051934719085693359e+00 9.219472408294677734e-01 1.347468018531799316e+00 -1.473164111375808716e-01 -1.242949366569519043e+00 -6.049885153770446777e-01
-5.586411356925964355e-01 1.391475200653076172e+00 1.973688006401062012e+00 -5.614181160926818848e-01 1.921931505203247070e+00 -1.434242248535156250e+00 -4.149565100669860840e-01 -1.324384689331054688e+00 1.988369464874267578e+00 -6.143255233764648438e-01 -1.242236018180847168e+00 -1.090018033981323242e+00 -2.532663047313690186e-01 -5.617614388465881348e-01 1.961374759674072266e+00 8.631438016891479492e-01 1.205136060714721680e+00 -1.748148351907730103e-01 -1.156278967857360840e+00 -5.910507440567016602e-01
-5.750507116317749023e-01 1.501125216484069824e+00 1.926276445388793945e+00 -5.845730900764465332e-01 1.874194741249084473e+00 -1.413624644279479980e+00 -5.164009332656860352e-01 -1.162289500236511230e+00 1.902474403381347656e+00 -7.751652002334594727e-01 -1.092107653617858887e+00 -7.861309647560119629e-01 -2.510241866111755371e-01 -4.023190736770629883e-01 1.878563642501831055e+00 8.981974720954895020e-01 1.029666900634765625e+00 -2.134022861719131470e-01 -1.057819604873657227e+00 -6.264159083366394043e-01
-7.449916601181030273e-01 1.728761076927185059e+00 1.926969528198242188e+00 -7.882161140441894531e-01 1.878919720649719238e+00 -1.439203023910522461e+00 -8.557511568069458008e-01 -1.116098523139953613e+00 1.941624402999877930e+00 -9.866437315940856934e-01 -8.837888836860656738e-01 -4.985007047653198242e-01 -3.004951179027557373e-01 -1.173717379570007324e-01 1.845513105392456055e+00 1.015904664993286133e+00 9.955202341079711914e-01 -2.654637694358825684e-01 -1.020141601562500000e+00 -5.357568860054016113e-01
-9.187147617340087891e-01 1.883984684944152832e+00 1.898807406425476074e+00 -9.332770109176635742e-01 1.875630021095275879e+00 -1.408080935478210449e+00 -1.189426779747009277e+00 -1.121975064277648926e+00 1.924753904342651367e+00 -1.097155570983886719e+00 -7.266474962234497070e-01 -3.323056101799011230e-01 -3.727714419364929199e-01 1.054469645023345947e-01 1.826543569564819336e+00 1.094023108482360840e+00 1.018521189689636230e+00 -2.909938991069793701e-01 -1.016836881637573242e+00 -4.156469106674194336e-01
-1.008576154708862305e+00 1.926497459411621094e+00 1.859146714210510254e+00 -9.709043502807617188e-01 1.854358911514282227e+00 -1.347161889076232910e+00 -1.359113097190856934e+00 -1.108414888381958008e+00 1.875222682952880859e+00 -1.125503778457641602e+00 -6.729589104652404785e-01 -2.886637449264526367e-01 -4.311702549457550049e-01 1.958740949630737305e-01 1.822073221206665039e+00 1.115393638610839844e+00 1.044742345809936523e+00 -2.909141480922698975e-01 -1.027497172355651855e+00 -3.215644657611846924e-01
-1.035000801086425781e+00 1.917296886444091797e+00 1.846572399139404297e+00 -9.497938752174377441e-01 1.853658914566040039e+00 -1.294125199317932129e+00 -1.407274961471557617e+00 -1.097734451293945312e+00 1.840093970298767090e+00 -1.125775337219238281e+00 -6.844719648361206055e-01 -3.154494166374206543e-01 -4.653704464435577393e-01 1.770509183406829834e-01 1.830777764320373535e+00 1.107193231582641602e+00 1.056641578674316406e+00 -2.735437452793121338e-01 -1.044597864151000977e+00 -2.735327482223510742e-01
-1.015354394912719727e+00 1.871971011161804199e+00 1.857291102409362793e+00 -8.843165636062622070e-01 1.870998024940490723e+00 -1.249092578887939453e+00 -1.361393570899963379e+00 -1.094593644142150879e+00 1.818198680877685547e+00 -1.105046033859252930e+00 -7.488452196121215820e-01 -4.017498493194580078e-01 -4.844215810298919678e-01 7.245355099439620972e-02 1.852484583854675293e+00 1.074865698814392090e+00 1.061647295951843262e+00 -2.446193397045135498e-01 -1.071143269538879395e+00 -2.586127519607543945e-01
-9.393205642700195312e-01 1.765085220336914062e+00 1.877669811248779297e+00 -7.649875283241271973e-01 1.893122673034667969e+00 -1.199111104011535645e+00 -1.199076890945434570e+00 -1.096613883972167969e+00 1.794623494148254395e+00 -1.047192335128784180e+00 -8.655410408973693848e-01 -5.614508390426635742e-01 -4.829701483249664307e-01 -1.274469345808029175e-01 1.877575755119323730e+00 1.007254600524902344e+00 1.060243487358093262e+00 -2.024044841527938843e-01 -1.103062868118286133e+00 -2.714636623859405518e-01
-8.101987838745117188e-01 1.523044466972351074e+00 1.866126060485839844e+00 -5.885570049285888672e-01 1.882440924644470215e+00 -1.135602355003356934e+00 -8.581240773200988770e-01 -1.150453209877014160e+00 1.748213171958923340e+00 -8.978341817855834961e-01 -1.043341636657714844e+00 -8.354550004005432129e-01 -4.277898371219635010e-01 -4.312439560890197754e-01 1.892042517662048340e+00 8.832042217254638672e-01 1.050419330596923828e+00 -1.531595885753631592e-01 -1.118770599365234375e+00 -2.852458059787750244e-01
-7.771852016448974609e-01 1.399343252182006836e+00 1.913827300071716309e+00 -6.032993197441101074e-01 1.904336929321289062e+00 -1.181272506713867188e+00 -6.288740038871765137e-01 -1.421650409698486328e+00 1.851328969001770020e+00 -6.638005971908569336e-01 -1.231626033782958984e+00 -1.238731384277343750e+00 -3.274154067039489746e-01 -6.548916101455688477e-01 1.984928965568542480e+00 8.332780003547668457e-01 1.266430497169494629e+00 -1.471990048885345459e-01 -1.244825959205627441e+00 -2.912358939647674561e-01
-7.605714201927185059e-01 1.288834691047668457e+00 1.941072702407836914e+00 -7.685201168060302734e-01 1.964317202568054199e+00 -1.248377323150634766e+00 -5.062739849090576172e-01 -1.723177909851074219e+00 1.998176336288452148e+00 -4.333994388580322266e-01 -1.326856970787048340e+00 -1.582851648330688477e+00 -3.025611340999603271e-01 -6.862975358963012695e-01 2.055180311203002930e+00 8.742510676383972168e-01 1.622887253761291504e+00 -1.647233963012695312e-01 -1.410350441932678223e+00 -3.223911821842193604e-01
-7.489718794822692871e-01 1.160432815551757812e+00 1.925346016883850098e+00 -9.140998125076293945e-01 1.937181830406188965e+00 -1.238082885742187500e+00 -4.419981837272644043e-01 -1.869768619537353516e+00 2.024872303009033203e+00 -2.626416683197021484e-01 -1.346436142921447754e+00 -1.745183944702148438e+00 -3.106487989425659180e-01 -6.247795224189758301e-01 2.026659965515136719e+00 9.136068224906921387e-01 1.840964674949645996e+00 -1.563193798065185547e-01 -1.519500970840454102e+00 -3.456630110740661621e-01
-7.412930130958557129e-01 1.058997154235839844e+00 1.884035944938659668e+00 -1.014737129211425781e+00 1.874584674835205078e+00 -1.199748396873474121e+00 -4.070456624031066895e-01 -1.916791200637817383e+00 1.994888663291931152e+00 -1.600986421108245850e-01 -1.324896454811096191e+00 -1.795311927795410156e+00 -3.202999532222747803e-01 -5.502974987030029297e-01 1.968451738357543945e+00 9.366671442985534668e-01 1.944359779357910156e+00 -1.452596932649612427e-01 -1.569471478462219238e+00 -3.511207103729248047e-01
-7.338247299194335938e-01 9.907942414283752441e-01 1.837454915046691895e+00 -1.095494747161865234e+00 1.780641198158264160e+00 -1.180924534797668457e+00 -3.963201642036437988e-01 -1.929074168205261230e+00 1.941030979156494141e+00 -6.648384034633636475e-02 -1.283426880836486816e+00 -1.807887196540832520e+00 -3.343476653099060059e-01 -4.794262051582336426e-01 1.908119559288024902e+00 9.444374442100524902e-01 1.996702909469604492e+00 -1.547693312168121338e-01 -1.601737618446350098e+00 -3.487635850906372070e-01
-7.394819855690002441e-01 9.684180021286010742e-01 1.809798598289489746e+00 -1.155172348022460938e+00 1.694064974784851074e+00 -1.170592308044433594e+00 -4.031716585159301758e-01 -1.948290824890136719e+00 1.891379952430725098e+00 -6.600543856620788574e-03 -1.233097195625305176e+00 -1.799324870109558105e+00 -3.455059230327606201e-01 -4.228923320770263672e-01 1.866132140159606934e+00 9.521318674087524414e-01 2.013906478881835938e+00 -1.744877696037292480e-01 -1.633567094802856445e+00 -3.451616466045379639e-01
-7.508670687675476074e-01 9.575359225273132324e-01 1.795545816421508789e+00 -1.193535923957824707e+00 1.616977691650390625e+00 -1.167770862579345703e+00 -4.118354916572570801e-01 -1.958153247833251953e+00 1.851059675216674805e+00 3.030550479888916016e-02 -1.183390855789184570e+00 -1.777853012084960938e+00 -3.604984879493713379e-01 -3.712245225906372070e-01 1.826202630996704102e+00 9.606871604919433594e-01 2.012780666351318359e+00 -1.897192895412445068e-01 -1.660574555397033691e+00 -3.408131301403045654e-01
-7.610474228858947754e-01 9.466199874877929688e-01 1.779127240180969238e+00 -1.216811418533325195e+00 1.551184058189392090e+00 -1.162529468536376953e+00 -4.167635440826416016e-01 -1.954286813735961914e+00 1.815592646598815918e+00 5.290529131889343262e-02 -1.141483187675476074e+00 -1.749425172805786133e+00 -3.679997324943542480e-01 -3.316741585731506348e-01 1.792129874229431152e+00 9.638452529907226562e-01 1.995251655578613281e+00 -2.038494050502777100e-01 -1.670539140701293945e+00 -3.344734311103820801e-01
-7.712801098823547363e-01 9.334104657173156738e-01 1.761628985404968262e+00 -1.223346114158630371e+00 1.504590392112731934e+00 -1.155578732490539551e+00 -4.136091470718383789e-01 -1.941839218139648438e+00 1.787904620170593262e+00 5.953069031238555908e-02 -1.114461779594421387e+00 -1.718613386154174805e+00 -3.643975853919982910e-01 -3.068973422050476074e-01 1.769038796424865723e+00 9.625101685523986816e-01 1.964143514633178711e+00 -2.164269238710403442e-01 -1.661845088005065918e+00 -3.271923661231994629e-01
-7.807397842407226562e-01 9.164311885833740234e-01 1.745666980743408203e+00 -1.210290312767028809e+00 1.489876747131347656e+00 -1.149506211280822754e+00 -3.969907760620117188e-01 -1.924870252609252930e+00 1.775533556938171387e+00 4.654130339622497559e-02 -1.112078905105590820e+00 -1.689914226531982422e+00 -3.454295396804809570e-01 -3.014921545982360840e-01 1.762933969497680664e+00 9.569035768508911133e-01 1.921961426734924316e+00 -2.261811494827270508e-01 -1.630847215652465820e+00 -3.215487301349639893e-01
-7.903142571449279785e-01 8.929271101951599121e-01 1.737721323966979980e+00 -1.173499822616577148e+00 1.529829382896423340e+00 -1.148022174835205078e+00 -3.679654002189636230e-01 -1.907332658767700195e+00 1.789753794670104980e+00 8.705422282218933105e-03 -1.142623424530029297e+00 -1.668550848960876465e+00 -3.031900823116302490e-01 -3.156903982162475586e-01 1.784484386444091797e+00 9.506544470787048340e-01 1.874928236007690430e+00 -2.290698289871215820e-01 -1.573465347290039062e+00 -3.158742487430572510e-01
-8.087275028228759766e-01 8.810652494430541992e-01 1.752314805984497070e+00 -1.111170172691345215e+00 1.643736004829406738e+00 -1.171530365943908691e+00 -3.199810385704040527e-01 -1.904741406440734863e+00 1.850408554077148438e+00 -7.243051379919052124e-02 -1.222284674644470215e+00 -1.654582977294921875e+00 -2.330736666917800903e-01 -3.340753316879272461e-01 1.854413866996765137e+00 9.368792772293090820e-01 1.831779003143310547e+00 -2.410788983106613159e-01 -1.485435962677001953e+00 -3.106590807437896729e-01
-8.158295750617980957e-01 8.726966977119445801e-01 1.795047044754028320e+00 -9.975782632827758789e-01 1.817678213119506836e+00 -1.213383316993713379e+00 -2.773289978504180908e-01 -1.913484215736389160e+00 1.931578159332275391e+00 -1.867349147796630859e-01 -1.309078097343444824e+00 -1.620507359504699707e+00 -1.278214007616043091e-01 -3.692187666893005371e-01 1.956939339637756348e+00 9.486594200134277344e-01 1.760536551475524902e+00 -2.414810061454772949e-01 -1.377200961112976074e+00 -3.175324499607086182e-01
-8.152572512626647949e-01 8.622574210166931152e-01 1.853296399116516113e+00 -8.692256212234497070e-01 1.990581870079040527e+00 -1.264681220054626465e+00 -2.574552297592163086e-01 -1.902739167213439941e+00 1.994564175605773926e+00 -2.928042411804199219e-01 -1.384045481681823730e+00 -1.584727406501770020e+00 -3.770412132143974304e-02 -4.024831652641296387e-01 2.051625251770019531e+00 9.678460955619812012e-01 1.689940929412841797e+00 -2.300772368907928467e-01 -1.281898617744445801e+00 -3.203699290752410889e-01
-8.089318871498107910e-01 8.503417968750000000e-01 1.915802240371704102e+00 -7.478587031364440918e-01 2.117844581604003906e+00 -1.323358893394470215e+00 -2.655481100082397461e-01 -1.866240620613098145e+00 2.014594554901123047e+00 -3.659575581550598145e-01 -1.432584643363952637e+00 -1.534169554710388184e+00 1.583333872258663177e-02 -4.114282727241516113e-01 2.107833147048950195e+00 9.894993901252746582e-01 1.618176221847534180e+00 -2.142068445682525635e-01 -1.211768031120300293e+00 -3.296281695365905762e-01
-7.926363945007324219e-01 8.274230957031250000e-01 1.960399746894836426e+00 -6.385471820831298828e-01 2.198778152465820312e+00 -1.354964494705200195e+00 -2.883852124214172363e-01 -1.803659558296203613e+00 1.998002648353576660e+00 -4.130935966968536377e-01 -1.451418876647949219e+00 -1.475529193878173828e+00 4.596607387065887451e-02 -4.088436365127563477e-01 2.124422073364257812e+00 1.001929402351379395e+00 1.542998909950256348e+00 -1.931931674480438232e-01 -1.157519102096557617e+00 -3.326158821582794189e-01
-7.846562266349792480e-01 8.062843084335327148e-01 1.993073940277099609e+00 -5.441359877586364746e-01 2.238255500793457031e+00 -1.359707951545715332e+00 -3.321520686149597168e-01 -1.719556689262390137e+00 1.950429081916809082e+00 -4.510543048381805420e-01 -1.444400072097778320e+00 -1.406825780868530273e+00 5.360164865851402283e-02 -3.911539316177368164e-01 2.110901594161987305e+00 1.015851974487304688e+00 1.464507222175598145e+00 -1.670734882354736328e-01 -1.121861219406127930e+00 -3.264045715332031250e-01
-7.768805623054504395e-01 7.948426008224487305e-01 2.019221544265747070e+00 -4.559456110000610352e-01 2.218758344650268555e+00 -1.341475963592529297e+00 -4.055432677268981934e-01 -1.606219410896301270e+00 1.860983729362487793e+00 -4.706923067569732666e-01 -1.394499659538269043e+00 -1.327685356140136719e+00 3.757023438811302185e-02 -3.723881244659423828e-01 2.066393613815307617e+00 1.018907070159912109e+00 1.369499087333679199e+00 -1.417817920446395874e-01 -1.105291604995727539e+00 -3.074027299880981445e-01
-7.684084177017211914e-01 7.912605404853820801e-01 2.019410848617553711e+00 -3.654038310050964355e-01 2.124314546585083008e+00 -1.294028520584106445e+00 -5.062717199325561523e-01 -1.446825027465820312e+00 1.709427714347839355e+00 -4.743058383464813232e-01 -1.289887905120849609e+00 -1.208378791809082031e+00 -3.108076751232147217e-03 -3.336417675018310547e-01 1.967893600463867188e+00 1.003902554512023926e+00 1.235997319221496582e+00 -1.220895349979400635e-01 -1.090239763259887695e+00 -2.812078893184661865e-01
-7.761743068695068359e-01 8.525876998901367188e-01 1.979442238807678223e+00 -3.302142620086669922e-01 1.936339855194091797e+00 -1.220306992530822754e+00 -6.510009765625000000e-01 -1.262378931045532227e+00 1.497148990631103516e+00 -4.663074314594268799e-01 -1.105407595634460449e+00 -1.032971620559692383e+00 -1.030961871147155762e-01 -2.534933686256408691e-01 1.813069105148315430e+00 9.930914044380187988e-01 1.100068092346191406e+00 -1.230709850788116455e-01 -1.094869613647460938e+00 -2.944354116916656494e-01
-8.522260189056396484e-01 1.079092502593994141e+00 1.887024044990539551e+00 -4.247708916664123535e-01 1.610499620437622070e+00 -1.202286839485168457e+00 -9.580431580543518066e-01 -1.113733053207397461e+00 1.282711863517761230e+00 -4.435270428657531738e-01 -8.018290400505065918e-01 -8.195561170578002930e-01 -2.928274273872375488e-01 -8.825518190860748291e-02 1.652374029159545898e+00 1.024896025657653809e+00 1.027795791625976562e+00 -1.865752786397933960e-01 -1.151844739913940430e+00 -2.765787839889526367e-01
-9.918216466903686523e-01 1.374407887458801270e+00 1.727364063262939453e+00 -6.337987780570983887e-01 1.270440816879272461e+00 -1.173703670501708984e+00 -1.243107318878173828e+00 -1.085409998893737793e+00 1.118685007095336914e+00 -4.284336566925048828e-01 -5.396583676338195801e-01 -6.228407621383666992e-01 -4.341833293437957764e-01 1.111718416213989258e-01 1.530019879341125488e+00 1.077925801277160645e+00 9.996033906936645508e-01 -2.955268621444702148e-01 -1.192469358444213867e+00 -2.818085551261901855e-01
-1.149678945541381836e+00 1.677357792854309082e+00 1.624797344207763672e+00 -9.021129012107849121e-01 1.064446091651916504e+00 -1.214216709136962891e+00 -1.374438881874084473e+00 -1.202573776245117188e+00 1.104225397109985352e+00 -4.385285079479217529e-01 -3.998545110225677490e-01 -5.458800196647644043e-01 -5.286564826965332031e-01 3.102338910102844238e-01 1.502300381660461426e+00 1.128870010375976562e+00 1.115423440933227539e+00 -4.191498756408691406e-01 -1.220589280128479004e+00 -3.442870080471038818e-01
-1.274153470993041992e+00 1.863464236259460449e+00 1.591823935508728027e+00 -1.121278047561645508e+00 1.010864734649658203e+00 -1.264580488204956055e+00 -1.350775599479675293e+00 -1.380064725875854492e+00 1.138942718505859375e+00 -4.716461598873138428e-01 -3.961241543292999268e-01 -5.433751940727233887e-01 -5.783686637878417969e-01 4.131112694740295410e-01 1.545768737792968750e+00 1.148558378219604492e+00 1.234431266784667969e+00 -5.017626881599426270e-01 -1.242794513702392578e+00 -4.310473501682281494e-01
-1.368337631225585938e+00 1.932981133460998535e+00 1.536473631858825684e+00 -1.285736680030822754e+00 9.565464258193969727e-01 -1.295700073242187500e+00 -1.210278749465942383e+00 -1.567634463310241699e+00 1.150572776794433594e+00 -4.658247232437133789e-01 -4.367228448390960693e-01 -5.710007548332214355e-01 -5.643942952156066895e-01 4.984986186027526855e-01 1.562379121780395508e+00 1.108766436576843262e+00 1.322057962417602539e+00 -5.663330554962158203e-01 -1.230673193931579590e+00 -5.073529481887817383e-01
-1.400616765022277832e+00 1.946708321571350098e+00 1.460918188095092773e+00 -1.450187563896179199e+00 9.757369160652160645e-01 -1.337063431739807129e+00 -1.012455821037292480e+00 -1.805414557456970215e+00 1.225476741790771484e+00 -4.335608780384063721e-01 -5.105958580970764160e-01 -6.720020174980163574e-01 -5.310806632041931152e-01 5.485656857490539551e-01 1.574214577674865723e+00 1.037827134132385254e+00 1.475882649421691895e+00 -6.414530873298645020e-01 -1.245231389999389648e+00 -5.601798892021179199e-01
-1.384878993034362793e+00 1.763082981109619141e+00 1.355707764625549316e+00 -1.528855323791503906e+00 1.101452469825744629e+00 -1.353957891464233398e+00 -7.194927930831909180e-01 -2.066706657409667969e+00 1.332612276077270508e+00 -3.675080835819244385e-01 -6.772828102111816406e-01 -8.578198552131652832e-01 -4.253721535205841064e-01 5.320568084716796875e-01 1.597425222396850586e+00 9.505324959754943848e-01 1.626872658729553223e+00 -6.589242815971374512e-01 -1.207094669342041016e+00 -5.488126277923583984e-01
-1.290951013565063477e+00 1.486819624900817871e+00 1.336591601371765137e+00 -1.523797988891601562e+00 1.327462434768676758e+00 -1.367872595787048340e+00 -4.344632625579833984e-01 -2.247158050537109375e+00 1.471619367599487305e+00 -3.004473745822906494e-01 -8.486250638961791992e-01 -1.077721953392028809e+00 -2.729572951793670654e-01 4.243799448013305664e-01 1.691521048545837402e+00 9.491555690765380859e-01 1.778859615325927734e+00 -6.137091517448425293e-01 -1.165529847145080566e+00 -5.475663542747497559e-01
-1.166563868522644043e+00 1.223009824752807617e+00 1.345851063728332520e+00 -1.521887302398681641e+00 1.500787496566772461e+00 -1.331741929054260254e+00 -2.448573857545852661e-01 -2.280334472656250000e+00 1.557412385940551758e+00 -2.522293329238891602e-01 -9.589354395866394043e-01 -1.199993014335632324e+00 -1.632525324821472168e-01 3.294082283973693848e-01 1.772024035453796387e+00 9.839918613433837891e-01 1.870428204536437988e+00 -5.370238423347473145e-01 -1.130118727684020996e+00 -5.449429154396057129e-01
-1.048200249671936035e+00 9.880989789962768555e-01 1.337904572486877441e+00 -1.502690672874450684e+00 1.611311912536621094e+00 -1.275974392890930176e+00 -1.188328042626380920e-01 -2.241401672363281250e+00 1.596204280853271484e+00 -2.140082865953445435e-01 -1.024360299110412598e+00 -1.263967633247375488e+00 -8.840088546276092529e-02 2.687838077545166016e-01 1.818370819091796875e+00 1.014085412025451660e+00 1.919243454933166504e+00 -4.586939215660095215e-01 -1.095018148422241211e+00 -5.176922082901000977e-01
-9.527136087417602539e-01 8.304625153541564941e-01 1.331080198287963867e+00 -1.495668053627014160e+00 1.687335968017578125e+00 -1.238577246665954590e+00 -5.512058734893798828e-02 -2.194801807403564453e+00 1.613639950752258301e+00 -1.795175671577453613e-01 -1.044603109359741211e+00 -1.288577318191528320e+00 -3.282850608229637146e-02 2.418929040431976318e-01 1.848031401634216309e+00 1.033822298049926758e+00 1.940263390541076660e+00 -4.208451509475708008e-01 -1.068291544914245605e+00 -4.870420992374420166e-01
-9.065797328948974609e-01 7.713362574577331543e-01 1.360847830772399902e+00 -1.529199481010437012e+00 1.733491897583007812e+00 -1.222085356712341309e+00 -6.544209271669387817e-02 -2.170344829559326172e+00 1.641297459602355957e+00 -1.651800572872161865e-01 -1.042140603065490723e+00 -1.301224112510681152e+00 -6.222400814294815063e-03 2.178083062171936035e-01 1.907076716423034668e+00 1.063595533370971680e+00 1.954959511756896973e+00 -4.038816392421722412e-01 -1.078259944915771484e+00 -4.679025113582611084e-01
-8.864320516586303711e-01 7.346526980400085449e-01 1.408591389656066895e+00 -1.570575118064880371e+00 1.759402275085449219e+00 -1.219281554222106934e+00 -1.137752756476402283e-01 -2.137081146240234375e+00 1.656015872955322266e+00 -1.557062119245529175e-01 -1.013553142547607422e+00 -1.291176676750183105e+00 8.910670876502990723e-04 2.263941615819931030e-01 1.964850187301635742e+00 1.104554295539855957e+00 1.963739395141601562e+00 -3.958097696304321289e-01 -1.104303717613220215e+00 -4.379744231700897217e-01
-8.799858689308166504e-01 7.404751181602478027e-01 1.448848605155944824e+00 -1.637492418289184570e+00 1.782174348831176758e+00 -1.212540268898010254e+00 -1.987658292055130005e-01 -2.088519096374511719e+00 1.681379079818725586e+00 -1.670260429382324219e-01 -9.511815309524536133e-01 -1.252279520034790039e+00 3.960680216550827026e-03 2.657983899116516113e-01 2.017957448959350586e+00 1.158584475517272949e+00 1.979745030403137207e+00 -4.014263451099395752e-01 -1.130715966224670410e+00 -4.122923910617828369e-01
-8.991032838821411133e-01 8.070703148841857910e-01 1.497499108314514160e+00 -1.743848085403442383e+00 1.803004980087280273e+00 -1.204739212989807129e+00 -3.345805406570434570e-01 -2.026998519897460938e+00 1.716982126235961914e+00 -2.115422934293746948e-01 -8.568897247314453125e-01 -1.183993935585021973e+00 1.676701009273529053e-03 3.305610418319702148e-01 2.085936069488525391e+00 1.245076656341552734e+00 2.008553504943847656e+00 -4.186656475067138672e-01 -1.168435215950012207e+00 -3.926109075546264648e-01
-9.319994449615478516e-01 8.835186958312988281e-01 1.526960134506225586e+00 -1.845440626144409180e+00 1.796378612518310547e+00 -1.191747426986694336e+00 -4.614314436912536621e-01 -1.954682588577270508e+00 1.730191469192504883e+00 -2.721655368804931641e-01 -7.560843229293823242e-01 -1.089577913284301758e+00 -1.013742759823799133e-02 4.153628349304199219e-01 2.128840923309326172e+00 1.320345520973205566e+00 2.019258975982666016e+00 -4.405448436737060547e-01 -1.190414428710937500e+00 -3.705423474311828613e-01
-9.787340164184570312e-01 9.773791432380676270e-01 1.545817971229553223e+00 -1.940712571144104004e+00 1.776357769966125488e+00 -1.189375400543212891e+00 -5.642766356468200684e-01 -1.909358143806457520e+00 1.744473457336425781e+00 -3.285374641418457031e-01 -6.757220029830932617e-01 -1.004582405090332031e+00 -3.952210023999214172e-02 5.041549205780029297e-01 2.149399280548095703e+00 1.376826524734497070e+00 2.035661697387695312e+00 -4.673660099506378174e-01 -1.210465669631958008e+00 -3.588686883449554443e-01
-1.035611033439636230e+00 1.058058261871337891e+00 1.545619964599609375e+00 -2.008456707000732422e+00 1.747984766960144043e+00 -1.197360634803771973e+00 -6.108269095420837402e-01 -1.887756109237670898e+00 1.756162643432617188e+00 -3.929689228534698486e-01 -6.335321068763732910e-01 -9.195255041122436523e-01 -6.986556947231292725e-02 5.932828783988952637e-01 2.140004873275756836e+00 1.404206156730651855e+00 2.030703306198120117e+00 -4.908701181411743164e-01 -1.201009631156921387e+00 -3.535824418067932129e-01
-1.095870018005371094e+00 1.109470963478088379e+00 1.519756197929382324e+00 -2.031839609146118164e+00 1.704225182533264160e+00 -1.200175762176513672e+00 -5.939167141914367676e-01 -1.875468611717224121e+00 1.741433620452880859e+00 -4.641596972942352295e-01 -6.258761286735534668e-01 -8.369395136833190918e-01 -9.946390986442565918e-02 6.713198423385620117e-01 2.096474409103393555e+00 1.399542808532714844e+00 1.998280167579650879e+00 -5.067269802093505859e-01 -1.162687659263610840e+00 -3.523401021957397461e-01
-1.159455537796020508e+00 1.158975839614868164e+00 1.490061640739440918e+00 -2.000740289688110352e+00 1.650683999061584473e+00 -1.207360148429870605e+00 -5.425076484680175781e-01 -1.874789357185363770e+00 1.703745722770690918e+00 -5.477237701416015625e-01 -6.435549259185791016e-01 -7.643307447433471680e-01 -1.198600232601165771e-01 7.060732841491699219e-01 2.042237520217895508e+00 1.383749961853027344e+00 1.931075692176818848e+00 -5.103138685226440430e-01 -1.104715824127197266e+00 -3.732059597969055176e-01
-1.239157199859619141e+00 1.194388866424560547e+00 1.482197046279907227e+00 -1.920338630676269531e+00 1.568439126014709473e+00 -1.195534110069274902e+00 -4.901552796363830566e-01 -1.864804029464721680e+00 1.640414714813232422e+00 -6.329947710037231445e-01 -6.903933882713317871e-01 -7.189381718635559082e-01 -1.452619731426239014e-01 6.830372810363769531e-01 1.994965195655822754e+00 1.347561359405517578e+00 1.825363397598266602e+00 -4.868066012859344482e-01 -1.058734178543090820e+00 -3.851863443851470947e-01
-1.314955592155456543e+00 1.225867152214050293e+00 1.477854251861572266e+00 -1.796744346618652344e+00 1.510686874389648438e+00 -1.143756031990051270e+00 -4.607482552528381348e-01 -1.832150816917419434e+00 1.595553159713745117e+00 -7.191610336303710938e-01 -7.344440221786499023e-01 -7.127356529235839844e-01 -1.794697344303131104e-01 6.244422793388366699e-01 1.934768319129943848e+00 1.300007939338684082e+00 1.734884142875671387e+00 -4.349535703659057617e-01 -1.039523363113403320e+00 -3.814783096313476562e-01
-1.373242378234863281e+00 1.250703573226928711e+00 1.479565262794494629e+00 -1.617600679397583008e+00 1.441541433334350586e+00 -1.073118567466735840e+00 -4.551359415054321289e-01 -1.762239098548889160e+00 1.523265361785888672e+00 -7.873798608779907227e-01 -7.698374390602111816e-01 -7.238983511924743652e-01 -2.245617955923080444e-01 5.245390534400939941e-01 1.866570234298706055e+00 1.243358254432678223e+00 1.620713353157043457e+00 -3.720303177833557129e-01 -1.038991570472717285e+00 -3.511797785758972168e-01
-1.388298034667968750e+00 1.267230153083801270e+00 1.472455263137817383e+00 -1.412182688713073730e+00 1.319868803024291992e+00 -9.746525883674621582e-01 -5.102452039718627930e-01 -1.617735862731933594e+00 1.413022398948669434e+00 -8.226124644279479980e-01 -7.830615043640136719e-01 -7.369976043701171875e-01 -3.026317358016967773e-01 3.787648081779479980e-01 1.806645631790161133e+00 1.191235303878784180e+00 1.491368293762207031e+00 -2.792994081974029541e-01 -1.065248966217041016e+00 -2.846097648143768311e-01
-1.305865883827209473e+00 1.334797620773315430e+00 1.495678424835205078e+00 -1.240319132804870605e+00 1.278947830200195312e+00 -9.035118222236633301e-01 -6.971597075462341309e-01 -1.413170695304870605e+00 1.360615611076354980e+00 -8.428120613098144531e-01 -7.301431894302368164e-01 -7.627986073493957520e-01 -4.475192427635192871e-01 1.817296296358108521e-01 1.768595814704895020e+00 1.194008708000183105e+00 1.420392394065856934e+00 -1.764257550239562988e-01 -1.142351388931274414e+00 -2.109787464141845703e-01
-1.126096010208129883e+00 1.442704558372497559e+00 1.565145015716552734e+00 -1.087553977966308594e+00 1.309595942497253418e+00 -8.582075834274291992e-01 -9.839751720428466797e-01 -1.151575446128845215e+00 1.368245959281921387e+00 -8.365603685379028320e-01 -6.177412867546081543e-01 -7.869227528572082520e-01 -5.955618023872375488e-01 -7.601517438888549805e-02 1.760097265243530273e+00 1.221463084220886230e+00 1.354026675224304199e+00 -9.228777885437011719e-02 -1.249955415725708008e+00 -1.317844986915588379e-01
-9.270362257957458496e-01 1.506678700447082520e+00 1.609415650367736816e+00 -9.922484159469604492e-01 1.350130558013916016e+00 -8.165215253829956055e-01 -1.234791159629821777e+00 -9.334492683410644531e-01 1.385609865188598633e+00 -7.828786969184875488e-01 -5.267008543014526367e-01 -7.717914581298828125e-01 -6.907963752746582031e-01 -2.731857895851135254e-01 1.725782036781311035e+00 1.201082944869995117e+00 1.249482274055480957e+00 -4.093914479017257690e-02 -1.309100508689880371e+00 -5.198873579502105713e-02
-8.618509769439697266e-01 1.569120287895202637e+00 1.701954722404479980e+00 -9.966652393341064453e-01 1.416155695915222168e+00 -8.603157401084899902e-01 -1.440798521041870117e+00 -8.602019548416137695e-01 1.461113214492797852e+00 -7.520547509193420410e-01 -4.627314805984497070e-01 -7.771757245063781738e-01 -7.248942255973815918e-01 -3.404120802879333496e-01 1.811296343803405762e+00 1.237823009490966797e+00 1.250174283981323242e+00 -6.523983180522918701e-02 -1.375787258148193359e+00 6.990540772676467896e-03
-8.363023996353149414e-01 1.667767405509948730e+00 1.760541439056396484e+00 -1.047876238822937012e+00 1.476671338081359863e+00 -9.145970940589904785e-01 -1.587204813957214355e+00 -8.557307720184326172e-01 1.560522437095642090e+00 -7.342073917388916016e-01 -4.001522958278656006e-01 -7.939231991767883301e-01 -7.344908714294433594e-01 -3.524453043937683105e-01 1.882836818695068359e+00 1.263881325721740723e+00 1.304685115814208984e+00 -1.205691248178482056e-01 -1.429808378219604492e+00 2.345471829175949097e-02
-8.294065594673156738e-01 1.753368258476257324e+00 1.777668714523315430e+00 -1.089503288269042969e+00 1.495346069335937500e+00 -9.585455656051635742e-01 -1.655863523483276367e+00 -8.745824098587036133e-01 1.615666627883911133e+00 -7.260230779647827148e-01 -3.691330552101135254e-01 -7.912892699241638184e-01 -7.364368438720703125e-01 -3.504233956336975098e-01 1.914978384971618652e+00 1.245000004768371582e+00 1.330685734748840332e+00 -1.734745502471923828e-01 -1.448766827583312988e+00 1.771794073283672333e-02
-8.113924264907836914e-01 1.809972643852233887e+00 1.777628898620605469e+00 -1.128080725669860840e+00 1.505453228950500488e+00 -9.893363118171691895e-01 -1.672381639480590820e+00 -9.051662683486938477e-01 1.654718995094299316e+00 -7.139962315559387207e-01 -3.853695392608642578e-01 -7.856025099754333496e-01 -7.346754670143127441e-01 -3.346813917160034180e-01 1.906242251396179199e+00 1.176455140113830566e+00 1.334044456481933594e+00 -2.062247097492218018e-01 -1.447184920310974121e+00 9.804155677556991577e-03
-7.834342718124389648e-01 1.863386034965515137e+00 1.764357447624206543e+00 -1.154635429382324219e+00 1.504199147224426270e+00 -1.029295921325683594e+00 -1.662798166275024414e+00 -9.557833671569824219e-01 1.688772201538085938e+00 -6.847762465476989746e-01 -4.214974343776702881e-01 -7.889761328697204590e-01 -7.325052022933959961e-01 -3.030753135681152344e-01 1.861772656440734863e+00 1.070327281951904297e+00 1.334464907646179199e+00 -2.399394065141677856e-01 -1.441898345947265625e+00 -2.967614680528640747e-03
-7.647732496261596680e-01 1.924402952194213867e+00 1.726149559020996094e+00 -1.162711501121520996e+00 1.500713586807250977e+00 -1.086417317390441895e+00 -1.622425436973571777e+00 -1.043017148971557617e+00 1.701048135757446289e+00 -6.463704705238342285e-01 -4.909115433692932129e-01 -7.775030136108398438e-01 -7.233913540840148926e-01 -2.387387305498123169e-01 1.777809023857116699e+00 9.172053337097167969e-01 1.317043066024780273e+00 -2.856129407882690430e-01 -1.416067719459533691e+00 -3.832586854696273804e-02
-7.795136570930480957e-01 1.998389840126037598e+00 1.651028990745544434e+00 -1.191421508789062500e+00 1.498659610748291016e+00 -1.165071606636047363e+00 -1.519451022148132324e+00 -1.214399695396423340e+00 1.685660362243652344e+00 -5.913800597190856934e-01 -5.917050242424011230e-01 -7.483555078506469727e-01 -7.093433141708374023e-01 -1.432084739208221436e-01 1.677247285842895508e+00 7.438843846321105957e-01 1.296490311622619629e+00 -3.725810348987579346e-01 -1.371495366096496582e+00 -1.321761310100555420e-01
-8.427893519401550293e-01 2.037734985351562500e+00 1.545669555664062500e+00 -1.196776628494262695e+00 1.484337568283081055e+00 -1.277132153511047363e+00 -1.314949631690979004e+00 -1.434080362319946289e+00 1.645237326622009277e+00 -5.530995130538940430e-01 -7.356960177421569824e-01 -6.761630177497863770e-01 -6.690623164176940918e-01 4.051403701305389404e-02 1.568928360939025879e+00 5.634272694587707520e-01 1.269781947135925293e+00 -4.974756836891174316e-01 -1.271456360816955566e+00 -2.732513546943664551e-01
-9.085897803306579590e-01 2.020443677902221680e+00 1.435161590576171875e+00 -1.186675429344177246e+00 1.497966051101684570e+00 -1.392755270004272461e+00 -1.069652199745178223e+00 -1.661712050437927246e+00 1.630317330360412598e+00 -5.110272169113159180e-01 -9.093023538589477539e-01 -6.459258794784545898e-01 -5.869642496109008789e-01 2.240548133850097656e-01 1.502723217010498047e+00 4.321420788764953613e-01 1.279196619987487793e+00 -6.091377735137939453e-01 -1.140725374221801758e+00 -4.046410918235778809e-01
-9.514772295951843262e-01 1.961613774299621582e+00 1.336648344993591309e+00 -1.176331281661987305e+00 1.511917471885681152e+00 -1.465899109840393066e+00 -8.695860505104064941e-01 -1.819106578826904297e+00 1.581143379211425781e+00 -4.770886003971099854e-01 -1.020710468292236328e+00 -5.952691435813903809e-01 -5.049440860748291016e-01 3.908053636550903320e-01 1.447867870330810547e+00 3.756189942359924316e-01 1.284832358360290527e+00 -6.878493428230285645e-01 -1.013561248779296875e+00 -5.299370288848876953e-01
-1.002809405326843262e+00 1.927673339843750000e+00 1.313503861427307129e+00 -1.201265335083007812e+00 1.507874131202697754e+00 -1.503007054328918457e+00 -8.071791529655456543e-01 -1.879762411117553711e+00 1.513494491577148438e+00 -4.763353168964385986e-01 -1.030772447586059570e+00 -5.525571107864379883e-01 -4.532620012760162354e-01 5.186310410499572754e-01 1.465027332305908203e+00 4.194151461124420166e-01 1.308240175247192383e+00 -7.170891165733337402e-01 -9.524847269058227539e-01 -5.817049741744995117e-01
-1.052922606468200684e+00 1.902105212211608887e+00 1.307574272155761719e+00 -1.225728631019592285e+00 1.484314560890197754e+00 -1.508595347404479980e+00 -8.217881917953491211e-01 -1.853291630744934082e+00 1.434569716453552246e+00 -4.919953644275665283e-01 -9.829768538475036621e-01 -4.766039848327636719e-01 -4.321029186248779297e-01 6.297454237937927246e-01 1.496978998184204102e+00 5.170375704765319824e-01 1.312797069549560547e+00 -7.264218330383300781e-01 -9.119831323623657227e-01 -6.091160774230957031e-01
-1.079161763191223145e+00 1.863128185272216797e+00 1.294585347175598145e+00 -1.237234830856323242e+00 1.470007538795471191e+00 -1.476130366325378418e+00 -8.782269954681396484e-01 -1.772587418556213379e+00 1.369285583496093750e+00 -5.104634165763854980e-01 -9.009303450584411621e-01 -4.021312594413757324e-01 -3.902928829193115234e-01 7.149389386177062988e-01 1.528458237648010254e+00 6.426394581794738770e-01 1.312744736671447754e+00 -7.115145325660705566e-01 -8.715023398399353027e-01 -6.155010461807250977e-01
-1.091197729110717773e+00 1.819676756858825684e+00 1.274166464805603027e+00 -1.254242062568664551e+00 1.445189237594604492e+00 -1.435883402824401855e+00 -9.548504352569580078e-01 -1.670362114906311035e+00 1.316379547119140625e+00 -5.289537906646728516e-01 -8.031189441680908203e-01 -3.313634991645812988e-01 -3.578816354274749756e-01 7.804999351501464844e-01 1.554226160049438477e+00 7.737084031105041504e-01 1.312773227691650391e+00 -6.896268129348754883e-01 -8.368170261383056641e-01 -6.007209420204162598e-01
-1.107244133949279785e+00 1.780059218406677246e+00 1.259347200393676758e+00 -1.281610131263732910e+00 1.419147014617919922e+00 -1.396611094474792480e+00 -1.030886411666870117e+00 -1.592350721359252930e+00 1.276903271675109863e+00 -5.344712734222412109e-01 -7.213851213455200195e-01 -2.932967245578765869e-01 -3.430745601654052734e-01 8.254919648170471191e-01 1.580355525016784668e+00 8.925780057907104492e-01 1.332511067390441895e+00 -6.558759212493896484e-01 -8.225230574607849121e-01 -5.779003500938415527e-01
-1.130185127258300781e+00 1.743193626403808594e+00 1.241719961166381836e+00 -1.319081425666809082e+00 1.384100794792175293e+00 -1.366374015808105469e+00 -1.087476849555969238e+00 -1.553192496299743652e+00 1.250371694564819336e+00 -5.235071778297424316e-01 -6.627071499824523926e-01 -2.855463325977325439e-01 -3.333336710929870605e-01 8.564597964286804199e-01 1.602825284004211426e+00 9.872432947158813477e-01 1.362669229507446289e+00 -6.209376454353332520e-01 -8.182647228240966797e-01 -5.461117625236511230e-01
-1.161630868911743164e+00 1.733283877372741699e+00 1.250088930130004883e+00 -1.369711518287658691e+00 1.359459519386291504e+00 -1.347358226776123047e+00 -1.136431574821472168e+00 -1.534632444381713867e+00 1.238275170326232910e+00 -5.251245498657226562e-01 -6.248333454132080078e-01 -3.058582842350006104e-01 -3.495084047317504883e-01 8.555754423141479492e-01 1.646260738372802734e+00 1.058789134025573730e+00 1.405850052833557129e+00 -5.884494185447692871e-01 -8.480868935585021973e-01 -5.018565058708190918e-01
-1.189510107040405273e+00 1.719344019889831543e+00 1.251737713813781738e+00 -1.429745316505432129e+00 1.327083349227905273e+00 -1.328926563262939453e+00 -1.157034158706665039e+00 -1.535965442657470703e+00 1.229540109634399414e+00 -5.200357437133789062e-01 -5.984469056129455566e-01 -3.418913483619689941e-01 -3.682845830917358398e-01 8.486614227294921875e-01 1.678257822990417480e+00 1.105585813522338867e+00 1.457494616508483887e+00 -5.582788586616516113e-01 -8.836322426795959473e-01 -4.580168724060058594e-01
-1.204069256782531738e+00 1.705177426338195801e+00 1.246007084846496582e+00 -1.522378563880920410e+00 1.316808581352233887e+00 -1.294596791267395020e+00 -1.151620626449584961e+00 -1.570289492607116699e+00 1.250422716140747070e+00 -5.039242506027221680e-01 -5.727877020835876465e-01 -4.131729602813720703e-01 -3.856571316719055176e-01 8.208884000778198242e-01 1.724865674972534180e+00 1.155592322349548340e+00 1.543433189392089844e+00 -5.438438653945922852e-01 -9.404338002204895020e-01 -4.263875186443328857e-01
-1.208371162414550781e+00 1.683389902114868164e+00 1.226745843887329102e+00 -1.624291539192199707e+00 1.296340346336364746e+00 -1.252750873565673828e+00 -1.116988182067871094e+00 -1.616861104965209961e+00 1.276247501373291016e+00 -4.789463281631469727e-01 -5.494896769523620605e-01 -4.994661808013916016e-01 -4.062828421592712402e-01 7.844374775886535645e-01 1.757068753242492676e+00 1.185107231140136719e+00 1.638236165046691895e+00 -5.319213867187500000e-01 -1.001081943511962891e+00 -3.979324400424957275e-01
-1.194949269294738770e+00 1.656996250152587891e+00 1.193343162536621094e+00 -1.721045494079589844e+00 1.263149380683898926e+00 -1.206917285919189453e+00 -1.067597746849060059e+00 -1.663810849189758301e+00 1.303029537200927734e+00 -4.432622790336608887e-01 -5.163602232933044434e-01 -5.926896333694458008e-01 -4.240345954895019531e-01 7.320353388786315918e-01 1.770365953445434570e+00 1.200582027435302734e+00 1.728105783462524414e+00 -5.195011496543884277e-01 -1.058788895606994629e+00 -3.759374022483825684e-01
-1.168720483779907227e+00 1.663550853729248047e+00 1.178482174873352051e+00 -1.803884863853454590e+00 1.243257164955139160e+00 -1.179103374481201172e+00 -1.051052093505859375e+00 -1.725093841552734375e+00 1.339403748512268066e+00 -3.879759013652801514e-01 -4.696848392486572266e-01 -6.924996376037597656e-01 -4.431073963642120361e-01 6.656166315078735352e-01 1.767241954803466797e+00 1.216319203376770020e+00 1.806079983711242676e+00 -5.235770344734191895e-01 -1.136452794075012207e+00 -3.765408694744110107e-01
-1.116332888603210449e+00 1.682634472846984863e+00 1.170752167701721191e+00 -1.864302515983581543e+00 1.189736604690551758e+00 -1.127158164978027344e+00 -1.067597270011901855e+00 -1.726498603820800781e+00 1.377904891967773438e+00 -3.306300342082977295e-01 -3.919665217399597168e-01 -7.784662246704101562e-01 -4.969424903392791748e-01 5.775146484375000000e-01 1.726070642471313477e+00 1.218320846557617188e+00 1.860603809356689453e+00 -5.126658082008361816e-01 -1.223838329315185547e+00 -3.779218196868896484e-01
-1.053918361663818359e+00 1.668062210083007812e+00 1.184068918228149414e+00 -1.852948427200317383e+00 1.128689527511596680e+00 -1.054346561431884766e+00 -1.128984570503234863e+00 -1.662778139114379883e+00 1.463317990303039551e+00 -2.810627222061157227e-01 -2.871936261653900146e-01 -8.811607360839843750e-01 -5.648491382598876953e-01 4.592948555946350098e-01 1.691792607307434082e+00 1.232672929763793945e+00 1.915476441383361816e+00 -4.845100641250610352e-01 -1.318828821182250977e+00 -3.341400921344757080e-01
-9.852393269538879395e-01 1.631801009178161621e+00 1.252996206283569336e+00 -1.748213052749633789e+00 1.105156064033508301e+00 -9.636456370353698730e-01 -1.248933672904968262e+00 -1.558850049972534180e+00 1.569045186042785645e+00 -2.264056801795959473e-01 -1.973176300525665283e-01 -1.041503071784973145e+00 -6.782488822937011719e-01 2.605016827583312988e-01 1.683315515518188477e+00 1.264046430587768555e+00 1.976499795913696289e+00 -4.084827303886413574e-01 -1.456057548522949219e+00 -2.533251345157623291e-01
-8.996115326881408691e-01 1.603663563728332520e+00 1.338881969451904297e+00 -1.584273695945739746e+00 1.164875745773315430e+00 -9.047783613204956055e-01 -1.378133893013000488e+00 -1.449588179588317871e+00 1.666228532791137695e+00 -1.870655417442321777e-01 -1.688243597745895386e-01 -1.163143873214721680e+00 -7.723709940910339355e-01 6.315045058727264404e-02 1.696123242378234863e+00 1.269301176071166992e+00 1.995540618896484375e+00 -3.421426117420196533e-01 -1.563468694686889648e+00 -1.893902122974395752e-01
-8.272935748100280762e-01 1.595469236373901367e+00 1.465761303901672363e+00 -1.428455471992492676e+00 1.319212079048156738e+00 -8.983404040336608887e-01 -1.469365239143371582e+00 -1.351802110671997070e+00 1.775699615478515625e+00 -1.997157186269760132e-01 -2.110626399517059326e-01 -1.248199224472045898e+00 -8.143336772918701172e-01 -1.204347163438796997e-01 1.780933141708374023e+00 1.249780416488647461e+00 1.969285607337951660e+00 -3.083410263061523438e-01 -1.639197826385498047e+00 -1.200475320219993591e-01
-7.894014716148376465e-01 1.537227392196655273e+00 1.577493190765380859e+00 -1.304687619209289551e+00 1.430251955986022949e+00 -8.993402123451232910e-01 -1.529224514961242676e+00 -1.270245194435119629e+00 1.823173403739929199e+00 -1.997357755899429321e-01 -2.706497013568878174e-01 -1.303285956382751465e+00 -8.162861466407775879e-01 -2.301499992609024048e-01 1.849968552589416504e+00 1.240105509757995605e+00 1.935122847557067871e+00 -2.618339955806732178e-01 -1.682444214820861816e+00 -4.683454334735870361e-02
-7.634608745574951172e-01 1.451576828956604004e+00 1.625643134117126465e+00 -1.216381549835205078e+00 1.491494297981262207e+00 -9.119870066642761230e-01 -1.510688185691833496e+00 -1.260249972343444824e+00 1.815389275550842285e+00 -1.557124555110931396e-01 -3.435162901878356934e-01 -1.360991954803466797e+00 -7.822727560997009277e-01 -3.057442903518676758e-01 1.884057760238647461e+00 1.204989314079284668e+00 1.917231559753417969e+00 -2.297280579805374146e-01 -1.690501928329467773e+00 -2.730641514062881470e-03
-7.107962369918823242e-01 1.277364373207092285e+00 1.651097416877746582e+00 -1.154629707336425781e+00 1.537358522415161133e+00 -9.288923144340515137e-01 -1.420483708381652832e+00 -1.273119091987609863e+00 1.785776972770690918e+00 -6.939070671796798706e-02 -4.266722500324249268e-01 -1.416974782943725586e+00 -6.831179261207580566e-01 -3.207886219024658203e-01 1.868151068687438965e+00 1.148021221160888672e+00 1.906584143638610840e+00 -2.054868787527084351e-01 -1.672664880752563477e+00 4.449230059981346130e-02
-6.370651721954345703e-01 1.032989501953125000e+00 1.721893429756164551e+00 -1.133115053176879883e+00 1.610099077224731445e+00 -1.005726099014282227e+00 -1.181733369827270508e+00 -1.381051421165466309e+00 1.790724873542785645e+00 4.512277990579605103e-02 -5.907096862792968750e-01 -1.515444278717041016e+00 -4.717737734317779541e-01 -2.895196080207824707e-01 1.864318847656250000e+00 1.089719057083129883e+00 1.919909238815307617e+00 -1.872004568576812744e-01 -1.619263768196105957e+00 2.962195686995983124e-02
-6.353160142898559570e-01 7.720534205436706543e-01 1.750298619270324707e+00 -1.161168575286865234e+00 1.755825161933898926e+00 -1.138444662094116211e+00 -7.321031689643859863e-01 -1.678742885589599609e+00 1.817182302474975586e+00 9.074749052524566650e-02 -9.249550104141235352e-01 -1.592682719230651855e+00 -1.944682002067565918e-01 -2.429065853357315063e-01 1.907607078552246094e+00 9.978994131088256836e-01 1.925997972488403320e+00 -1.911438405513763428e-01 -1.471589207649230957e+00 -9.342024475336074829e-02
-6.598396897315979004e-01 6.349730491638183594e-01 1.720251798629760742e+00 -1.172791361808776855e+00 1.873590588569641113e+00 -1.276521682739257812e+00 -3.976231813430786133e-01 -1.885856509208679199e+00 1.858188986778259277e+00 2.950289845466613770e-02 -1.165544390678405762e+00 -1.550966382026672363e+00 -3.076665475964546204e-02 -1.482864320278167725e-01 1.943855881690979004e+00 9.501536488533020020e-01 1.898936390876770020e+00 -2.270385026931762695e-01 -1.293142199516296387e+00 -2.064023017883300781e-01
-7.010954022407531738e-01 6.118323206901550293e-01 1.708813905715942383e+00 -1.159973382949829102e+00 1.928364872932434082e+00 -1.359074950218200684e+00 -2.585972547531127930e-01 -1.981710076332092285e+00 1.874533772468566895e+00 -4.543248564004898071e-02 -1.255136132240295410e+00 -1.499401807785034180e+00 4.358236491680145264e-02 -7.804529368877410889e-02 1.968830466270446777e+00 9.458460211753845215e-01 1.878589749336242676e+00 -2.473171055316925049e-01 -1.194751143455505371e+00 -2.663692235946655273e-01
-7.251486182212829590e-01 6.080772876739501953e-01 1.701184153556823730e+00 -1.127359628677368164e+00 1.962269544601440430e+00 -1.390164256095886230e+00 -1.916276514530181885e-01 -2.000002861022949219e+00 1.881443500518798828e+00 -1.189843416213989258e-01 -1.292308926582336426e+00 -1.443265199661254883e+00 7.773955166339874268e-02 -3.345333039760589600e-02 1.969812989234924316e+00 9.428277015686035156e-01 1.844747185707092285e+00 -2.500118315219879150e-01 -1.127001166343688965e+00 -3.001577556133270264e-01
-7.478740215301513672e-01 6.127030253410339355e-01 1.707402706146240234e+00 -1.081604719161987305e+00 2.003692626953125000e+00 -1.400660157203674316e+00 -1.698379218578338623e-01 -1.986755609512329102e+00 1.886558890342712402e+00 -1.941441595554351807e-01 -1.321789383888244629e+00 -1.382379412651062012e+00 8.289894461631774902e-02 5.370378494262695312e-03 1.966402530670166016e+00 9.396910071372985840e-01 1.806036710739135742e+00 -2.417664378881454468e-01 -1.078601121902465820e+00 -3.211382329463958740e-01
-7.549294233322143555e-01 6.146025657653808594e-01 1.730740904808044434e+00 -1.012749314308166504e+00 2.044244050979614258e+00 -1.397217631340026855e+00 -1.783130466938018799e-01 -1.928831815719604492e+00 1.891875028610229492e+00 -2.681892514228820801e-01 -1.345523118972778320e+00 -1.315779209136962891e+00 7.177011668682098389e-02 2.031785249710083008e-02 1.962380051612854004e+00 9.380534291267395020e-01 1.748543381690979004e+00 -2.185872197151184082e-01 -1.040022850036621094e+00 -3.373094201087951660e-01
-7.396612167358398438e-01 6.295877695083618164e-01 1.791902661323547363e+00 -9.068635702133178711e-01 2.101520538330078125e+00 -1.377596378326416016e+00 -2.360529601573944092e-01 -1.796665787696838379e+00 1.902969717979431152e+00 -3.652628064155578613e-01 -1.366411685943603516e+00 -1.211500287055969238e+00 3.917922824621200562e-02 4.719909280538558960e-03 1.959592819213867188e+00 9.433063268661499023e-01 1.646001338958740234e+00 -1.673966944217681885e-01 -1.000158309936523438e+00 -3.701986670494079590e-01
-7.143177986145019531e-01 6.948177814483642578e-01 1.887414932250976562e+00 -7.563663721084594727e-01 2.218267202377319336e+00 -1.311149716377258301e+00 -3.921259045600891113e-01 -1.553879976272583008e+00 1.940941572189331055e+00 -5.212241411209106445e-01 -1.359557390213012695e+00 -1.055631756782531738e+00 -2.139760553836822510e-02 -3.418108075857162476e-02 1.977988004684448242e+00 9.859374165534973145e-01 1.506371498107910156e+00 -9.006537497043609619e-02 -9.596600532531738281e-01 -4.222905635833740234e-01
-6.797070503234863281e-01 8.290591835975646973e-01 1.993998765945434570e+00 -5.385599136352539062e-01 2.321252107620239258e+00 -1.140112757682800293e+00 -6.835381984710693359e-01 -1.103854179382324219e+00 1.930551648139953613e+00 -7.413994669914245605e-01 -1.272703886032104492e+00 -7.700755000114440918e-01 -1.660509705543518066e-01 -1.013683378696441650e-01 1.972318530082702637e+00 1.069734930992126465e+00 1.264409065246582031e+00 1.958527788519859314e-02 -9.241608381271362305e-01 -5.004531145095825195e-01
-7.834162116050720215e-01 1.274987936019897461e+00 2.101926326751708984e+00 -6.049647331237792969e-01 2.410559654235839844e+00 -1.157020807266235352e+00 -1.136815667152404785e+00 -8.765276670455932617e-01 2.060271739959716797e+00 -9.946427941322326660e-01 -1.127842426300048828e+00 -5.278660655021667480e-01 -4.038671255111694336e-01 -1.017337441444396973e-01 2.079352855682373047e+00 1.270981788635253906e+00 1.206957936286926270e+00 -2.154537849128246307e-02 -1.042058348655700684e+00 -5.444422960281372070e-01
-9.077174663543701172e-01 1.646604061126708984e+00 2.134363174438476562e+00 -7.593250274658203125e-01 2.330236673355102539e+00 -1.150590419769287109e+00 -1.467944264411926270e+00 -8.042613267898559570e-01 2.071897745132446289e+00 -1.119187831878662109e+00 -9.694249629974365234e-01 -4.259695410728454590e-01 -5.901712775230407715e-01 -9.847757220268249512e-02 2.147636651992797852e+00 1.391584157943725586e+00 1.201349377632141113e+00 -6.010116264224052429e-02 -1.167863249778747559e+00 -5.016556382179260254e-01
-9.838829040527343750e-01 1.822554707527160645e+00 2.122000694274902344e+00 -8.553901910781860352e-01 2.202701807022094727e+00 -1.140239357948303223e+00 -1.658508062362670898e+00 -7.975305318832397461e-01 2.037082910537719727e+00 -1.135964393615722656e+00 -8.376697897911071777e-01 -4.051625728607177734e-01 -6.727449893951416016e-01 -1.196921467781066895e-01 2.177742481231689453e+00 1.455467224121093750e+00 1.205849647521972656e+00 -9.358481317758560181e-02 -1.250706315040588379e+00 -4.358823001384735107e-01
-1.016747713088989258e+00 1.889958977699279785e+00 2.102953910827636719e+00 -9.007737636566162109e-01 2.113393068313598633e+00 -1.122260212898254395e+00 -1.736441969871520996e+00 -8.005930185317993164e-01 1.998413681983947754e+00 -1.121990442276000977e+00 -7.713930606842041016e-01 -4.124279022216796875e-01 -7.109722495079040527e-01 -1.467486619949340820e-01 2.183245420455932617e+00 1.480639576911926270e+00 1.208051204681396484e+00 -1.079698055982589722e-01 -1.297560214996337891e+00 -3.981035649776458740e-01
-1.027670502662658691e+00 1.914056420326232910e+00 2.092902183532714844e+00 -9.194907546043395996e-01 2.064735889434814453e+00 -1.104008793830871582e+00 -1.760936975479125977e+00 -8.048957586288452148e-01 1.971060156822204590e+00 -1.106546163558959961e+00 -7.488282918930053711e-01 -4.314262866973876953e-01 -7.335371971130371094e-01 -1.779416203498840332e-01 2.186226844787597656e+00 1.493101000785827637e+00 1.214358210563659668e+00 -1.068197935819625854e-01 -1.329542279243469238e+00 -3.869669437408447266e-01
-1.032388210296630859e+00 1.910994768142700195e+00 2.103810787200927734e+00 -9.213243126869201660e-01 2.052567958831787109e+00 -1.087195158004760742e+00 -1.750657916069030762e+00 -8.084155321121215820e-01 1.960101127624511719e+00 -1.101506710052490234e+00 -7.653430104255676270e-01 -4.571582078933715820e-01 -7.498087286949157715e-01 -2.086012214422225952e-01 2.194703817367553711e+00 1.498160362243652344e+00 1.223168969154357910e+00 -9.098371863365173340e-02 -1.355473518371582031e+00 -3.885842859745025635e-01
-1.032066226005554199e+00 1.878759145736694336e+00 2.143299102783203125e+00 -9.021829962730407715e-01 2.079732179641723633e+00 -1.070911407470703125e+00 -1.700667738914489746e+00 -8.184173107147216797e-01 1.969712018966674805e+00 -1.098866939544677734e+00 -8.306623101234436035e-01 -5.062314867973327637e-01 -7.621693015098571777e-01 -2.520186901092529297e-01 2.214968204498291016e+00 1.496942639350891113e+00 1.240819811820983887e+00 -5.804214626550674438e-02 -1.385386705398559570e+00 -4.054289460182189941e-01
-1.005797863006591797e+00 1.780313730239868164e+00 2.211991548538208008e+00 -8.485301733016967773e-01 2.165285348892211914e+00 -1.046157717704772949e+00 -1.565119147300720215e+00 -8.418409824371337891e-01 1.999877810478210449e+00 -1.085134744644165039e+00 -9.779117107391357422e-01 -6.016219258308410645e-01 -7.654621005058288574e-01 -3.172807097434997559e-01 2.237717390060424805e+00 1.476966977119445801e+00 1.283583521842956543e+00 8.794788271188735962e-03 -1.417979717254638672e+00 -4.603858590126037598e-01
-9.352271556854248047e-01 1.524215221405029297e+00 2.268842935562133789e+00 -7.147111296653747559e-01 2.264331102371215820e+00 -1.018783450126647949e+00 -1.291348218917846680e+00 -9.244538545608520508e-01 2.026978492736816406e+00 -9.766635894775390625e-01 -1.205669045448303223e+00 -8.065831661224365234e-01 -7.180851101875305176e-01 -3.880748152732849121e-01 2.225930929183959961e+00 1.395850419998168945e+00 1.383289217948913574e+00 1.133717149496078491e-01 -1.436082720756530762e+00 -5.246398448944091797e-01
