-1.068518877029418945e+00 1.156231403350830078e+00 1.288273453712463379e+00 -1.676675796508789062e+00 1.890741705894470215e+00 -1.113501071929931641e+00 -1.276743292808532715e+00 -1.571539878845214844e+00 1.707053661346435547e+00 -4.469592571258544922e-01 -3.363374471664428711e-01 -6.901460886001586914e-01 -2.069938927888870239e-03 7.882742881774902344e-01 2.023679971694946289e+00 1.586498618125915527e+00 1.978317618370056152e+00 -4.856640696525573730e-01 -9.791428446769714355e-01 -2.096139043569564819e-01
-8.459844589233398438e-01 1.016026616096496582e+00 1.420595169067382812e+00 -1.590834021568298340e+00 1.984646916389465332e+00 -1.070895075798034668e+00 -1.332703709602355957e+00 -1.452707648277282715e+00 1.756632328033447266e+00 -3.101254105567932129e-01 -2.950187921524047852e-01 -8.513545393943786621e-01 3.464848548173904419e-02 4.682808816432952881e-01 2.115725755691528320e+00 1.628684520721435547e+00 1.942362785339355469e+00 -3.843302726745605469e-01 -1.078897476196289062e+00 -1.640233397483825684e-01
-7.032848000526428223e-01 9.234609007835388184e-01 1.549429178237915039e+00 -1.524514794349670410e+00 2.061748743057250977e+00 -1.046829462051391602e+00 -1.361663341522216797e+00 -1.400285720825195312e+00 1.801553964614868164e+00 -2.095872014760971069e-01 -3.125290572643280029e-01 -1.002377867698669434e+00 1.013447716832160950e-02 1.976612210273742676e-01 2.196797847747802734e+00 1.650614261627197266e+00 1.934440851211547852e+00 -3.142999708652496338e-01 -1.197769522666931152e+00 -1.363822072744369507e-01
-6.352491974830627441e-01 8.927088379859924316e-01 1.691814661026000977e+00 -1.475814700126647949e+00 2.144903898239135742e+00 -1.061368703842163086e+00 -1.356809854507446289e+00 -1.413556933403015137e+00 1.859706878662109375e+00 -1.577569395303726196e-01 -4.021133780479431152e-01 -1.132665753364562988e+00 -5.635059997439384460e-02 -1.456360518932342529e-02 2.297709703445434570e+00 1.639041304588317871e+00 1.952629566192626953e+00 -2.717417478561401367e-01 -1.312857985496520996e+00 -1.343451887369155884e-01
-5.984742045402526855e-01 8.943497538566589355e-01 1.848780632019042969e+00 -1.439456939697265625e+00 2.207927942276000977e+00 -1.079526424407958984e+00 -1.338897228240966797e+00 -1.425027370452880859e+00 1.907305002212524414e+00 -1.371842324733734131e-01 -5.109976530075073242e-01 -1.235093593597412109e+00 -1.648512035608291626e-01 -1.838400661945343018e-01 2.351492166519165039e+00 1.576729059219360352e+00 1.956745505332946777e+00 -2.250551432371139526e-01 -1.429196715354919434e+00 -1.227970719337463379e-01
-5.462277531623840332e-01 9.111796021461486816e-01 2.036423921585083008e+00 -1.369842171669006348e+00 2.247618675231933594e+00 -1.114541649818420410e+00 -1.277798295021057129e+00 -1.421764373779296875e+00 1.965325355529785156e+00 -1.241926103830337524e-01 -6.428977251052856445e-01 -1.358245849609375000e+00 -2.859039604663848877e-01 -3.585765361785888672e-01 2.384498119354248047e+00 1.507555961608886719e+00 1.964104771614074707e+00 -1.697313487529754639e-01 -1.551729321479797363e+00 -1.371284723281860352e-01
-4.997012615203857422e-01 9.305371046066284180e-01 2.215438127517700195e+00 -1.271936655044555664e+00 2.220181465148925781e+00 -1.126110434532165527e+00 -1.197768807411193848e+00 -1.390254259109497070e+00 2.002074003219604492e+00 -1.133500933647155762e-01 -7.977470755577087402e-01 -1.468317866325378418e+00 -4.214689135551452637e-01 -5.273287892341613770e-01 2.361389875411987305e+00 1.409285187721252441e+00 1.924740672111511230e+00 -9.565241634845733643e-02 -1.673589348793029785e+00 -1.677476763725280762e-01
-5.005466938018798828e-01 9.872062206268310547e-01 2.312011718750000000e+00 -1.145980954170227051e+00 2.113715171813964844e+00 -1.117480516433715820e+00 -1.075790405273437500e+00 -1.347000002861022949e+00 1.981467485427856445e+00 -1.380101442337036133e-01 -9.749841690063476562e-01 -1.530516862869262695e+00 -5.509453415870666504e-01 -6.596706509590148926e-01 2.297875404357910156e+00 1.280416607856750488e+00 1.831539750099182129e+00 -3.836007043719291687e-02 -1.746514320373535156e+00 -2.127403765916824341e-01
-5.697174072265625000e-01 1.145527362823486328e+00 2.366131782531738281e+00 -1.069528818130493164e+00 2.026031970977783203e+00 -1.163291335105895996e+00 -9.574010968208312988e-01 -1.375624060630798340e+00 1.967150211334228516e+00 -1.952189058065414429e-01 -1.132792234420776367e+00 -1.532683372497558594e+00 -6.434322595596313477e-01 -6.865782737731933594e-01 2.228922128677368164e+00 1.151295542716979980e+00 1.753539681434631348e+00 -3.458545729517936707e-02 -1.777120232582092285e+00 -3.104122281074523926e-01
-6.675750613212585449e-01 1.304872870445251465e+00 2.359690427780151367e+00 -9.944481253623962402e-01 1.916687726974487305e+00 -1.221987009048461914e+00 -8.547437191009521484e-01 -1.423124551773071289e+00 1.929848432540893555e+00 -2.566230297088623047e-01 -1.226625919342041016e+00 -1.485990405082702637e+00 -6.917781829833984375e-01 -6.498137116432189941e-01 2.133622169494628906e+00 1.035715460777282715e+00 1.654405355453491211e+00 -7.332655787467956543e-02 -1.765468835830688477e+00 -3.976077437400817871e-01
-7.521403431892395020e-01 1.427029728889465332e+00 2.310056447982788086e+00 -9.191890954971313477e-01 1.795135021209716797e+00 -1.275067925453186035e+00 -7.775017619132995605e-01 -1.464977264404296875e+00 1.868240833282470703e+00 -3.062632679939270020e-01 -1.264217138290405273e+00 -1.403403997421264648e+00 -6.897837519645690918e-01 -5.943868160247802734e-01 2.030404090881347656e+00 9.348782896995544434e-01 1.532904267311096191e+00 -1.143911778926849365e-01 -1.704353570938110352e+00 -4.639865159988403320e-01
-8.183143138885498047e-01 1.491910576820373535e+00 2.215416669845581055e+00 -8.334849476814270020e-01 1.687689900398254395e+00 -1.315328598022460938e+00 -6.949192285537719727e-01 -1.496655941009521484e+00 1.767689228057861328e+00 -3.451728820800781250e-01 -1.281197309494018555e+00 -1.270522713661193848e+00 -6.497769355773925781e-01 -5.054183602333068848e-01 1.907636404037475586e+00 8.362840414047241211e-01 1.382429718971252441e+00 -1.575077772140502930e-01 -1.590658068656921387e+00 -5.300980210304260254e-01
-8.993929028511047363e-01 1.574971079826354980e+00 2.084115028381347656e+00 -7.974734306335449219e-01 1.632250428199768066e+00 -1.382842540740966797e+00 -6.071594953536987305e-01 -1.580200433731079102e+00 1.696800947189331055e+00 -4.236961603164672852e-01 -1.263339042663574219e+00 -1.092210054397583008e+00 -6.161104440689086914e-01 -3.429936766624450684e-01 1.831794381141662598e+00 7.846038937568664551e-01 1.275120019912719727e+00 -2.480082362890243530e-01 -1.434607982635498047e+00 -6.221046447753906250e-01
-1.043325066566467285e+00 1.698428034782409668e+00 1.881018042564392090e+00 -8.527028560638427734e-01 1.582435488700866699e+00 -1.477049350738525391e+00 -4.945633411407470703e-01 -1.706162691116333008e+00 1.663299560546875000e+00 -6.000245809555053711e-01 -1.209503889083862305e+00 -8.234707713127136230e-01 -5.697620511054992676e-01 -8.116349577903747559e-03 1.724132180213928223e+00 7.515116930007934570e-01 1.217437148094177246e+00 -3.626318275928497314e-01 -1.189334154129028320e+00 -7.044475078582763672e-01
-1.215978860855102539e+00 1.844776868820190430e+00 1.706972360610961914e+00 -1.070314288139343262e+00 1.610659241676330566e+00 -1.564903259277343750e+00 -4.510987401008605957e-01 -1.842995285987854004e+00 1.722040414810180664e+00 -8.416364789009094238e-01 -1.096397638320922852e+00 -5.340676903724670410e-01 -4.952837824821472168e-01 4.190343618392944336e-01 1.653635621070861816e+00 8.233888149261474609e-01 1.270281314849853516e+00 -5.000225305557250977e-01 -9.801566600799560547e-01 -7.701112031936645508e-01
-1.355852127075195312e+00 1.930293083190917969e+00 1.542650103569030762e+00 -1.375118732452392578e+00 1.536299467086791992e+00 -1.524511933326721191e+00 -5.811098814010620117e-01 -1.825082421302795410e+00 1.691641330718994141e+00 -1.007328510284423828e+00 -9.086213111877441406e-01 -2.656277120113372803e-01 -4.094168245792388916e-01 7.953966856002807617e-01 1.627703428268432617e+00 9.810574054718017578e-01 1.340246677398681641e+00 -5.836445093154907227e-01 -8.534234166145324707e-01 -7.628498077392578125e-01
-1.397925734519958496e+00 2.030985832214355469e+00 1.503994703292846680e+00 -1.592159748077392578e+00 1.613412261009216309e+00 -1.503952980041503906e+00 -7.363256812095642090e-01 -1.833003640174865723e+00 1.822984218597412109e+00 -1.070353507995605469e+00 -7.924327850341796875e-01 -2.648660242557525635e-01 -3.526949286460876465e-01 9.416127800941467285e-01 1.705012321472167969e+00 1.120174407958984375e+00 1.556582689285278320e+00 -6.094931364059448242e-01 -8.595761656761169434e-01 -7.466976642608642578e-01
-1.413293838500976562e+00 2.056080818176269531e+00 1.464570283889770508e+00 -1.707785129547119141e+00 1.647187471389770508e+00 -1.463372707366943359e+00 -8.362557888031005859e-01 -1.830742001533508301e+00 1.889044046401977539e+00 -1.078461408615112305e+00 -7.193915843963623047e-01 -2.831912934780120850e-01 -3.050361871719360352e-01 9.873804450035095215e-01 1.751543521881103516e+00 1.206788063049316406e+00 1.671880245208740234e+00 -6.114637255668640137e-01 -8.615451455116271973e-01 -7.228634357452392578e-01
-1.427429795265197754e+00 2.088120460510253906e+00 1.428690552711486816e+00 -1.780470609664916992e+00 1.633809089660644531e+00 -1.424271225929260254e+00 -9.023416042327880859e-01 -1.821211814880371094e+00 1.907624483108520508e+00 -1.081745266914367676e+00 -6.661786437034606934e-01 -2.876032292842864990e-01 -2.926149964332580566e-01 9.998190402984619141e-01 1.766690254211425781e+00 1.256173968315124512e+00 1.728042721748352051e+00 -6.140448451042175293e-01 -8.683577179908752441e-01 -7.167627811431884766e-01
-1.456330537796020508e+00 2.152261972427368164e+00 1.403114438056945801e+00 -1.838202238082885742e+00 1.605831503868103027e+00 -1.402873277664184570e+00 -9.694495797157287598e-01 -1.822501301765441895e+00 1.911854267120361328e+00 -1.096339464187622070e+00 -6.275836825370788574e-01 -2.885128557682037354e-01 -3.251251280307769775e-01 9.994259476661682129e-01 1.777940273284912109e+00 1.295741081237792969e+00 1.766176462173461914e+00 -6.218035817146301270e-01 -8.880766630172729492e-01 -7.179563641548156738e-01
-1.487206935882568359e+00 2.219878673553466797e+00 1.380482554435729980e+00 -1.872653722763061523e+00 1.556627273559570312e+00 -1.389554500579833984e+00 -1.024408340454101562e+00 -1.826079249382019043e+00 1.890137910842895508e+00 -1.106185674667358398e+00 -5.974574685096740723e-01 -2.831377387046813965e-01 -3.745220303535461426e-01 9.806257486343383789e-01 1.779134035110473633e+00 1.320776700973510742e+00 1.773607611656188965e+00 -6.366981267929077148e-01 -9.102801084518432617e-01 -7.254437804222106934e-01
-1.502143263816833496e+00 2.257946968078613281e+00 1.355027079582214355e+00 -1.865924000740051270e+00 1.488612294197082520e+00 -1.377778887748718262e+00 -1.060099601745605469e+00 -1.818757891654968262e+00 1.833286285400390625e+00 -1.094753623008728027e+00 -5.691587924957275391e-01 -2.707718610763549805e-01 -4.161559045314788818e-01 9.350609183311462402e-01 1.765105724334716797e+00 1.327687263488769531e+00 1.736448764801025391e+00 -6.549611091613769531e-01 -9.232352972030639648e-01 -7.324197292327880859e-01
-1.492467403411865234e+00 2.251684904098510742e+00 1.349134445190429688e+00 -1.824755787849426270e+00 1.412133812904357910e+00 -1.363603830337524414e+00 -1.093425273895263672e+00 -1.804072976112365723e+00 1.748982667922973633e+00 -1.039675116539001465e+00 -5.667912960052490234e-01 -2.791590094566345215e-01 -4.684849977493286133e-01 8.758687376976013184e-01 1.731448173522949219e+00 1.311275720596313477e+00 1.686093688011169434e+00 -6.508388519287109375e-01 -9.587618708610534668e-01 -7.328055500984191895e-01
-1.440567612648010254e+00 2.206826210021972656e+00 1.335224628448486328e+00 -1.740619063377380371e+00 1.315685868263244629e+00 -1.349962949752807617e+00 -1.103271842002868652e+00 -1.772396326065063477e+00 1.638190269470214844e+00 -9.439994096755981445e-01 -5.723642110824584961e-01 -3.028166592121124268e-01 -5.056974887847900391e-01 7.841891646385192871e-01 1.669690370559692383e+00 1.252067685127258301e+00 1.605081558227539062e+00 -6.390674114227294922e-01 -9.907746315002441406e-01 -7.201565504074096680e-01
-1.329500675201416016e+00 2.124859809875488281e+00 1.299567103385925293e+00 -1.610460519790649414e+00 1.209153771400451660e+00 -1.331393480300903320e+00 -1.083389759063720703e+00 -1.711252093315124512e+00 1.507916212081909180e+00 -8.128294944763183594e-01 -5.649993419647216797e-01 -3.257530629634857178e-01 -5.090793371200561523e-01 6.532948613166809082e-01 1.578908681869506836e+00 1.152164936065673828e+00 1.477845549583435059e+00 -6.284397840499877930e-01 -9.955405592918395996e-01 -7.049482464790344238e-01
-1.146180629730224609e+00 2.030114173889160156e+00 1.271128892898559570e+00 -1.442358493804931641e+00 1.129008769989013672e+00 -1.323870420455932617e+00 -1.049351930618286133e+00 -1.632826328277587891e+00 1.385457515716552734e+00 -6.350679397583007812e-01 -5.429588556289672852e-01 -3.812300264835357666e-01 -4.932859539985656738e-01 4.459100961685180664e-01 1.478860497474670410e+00 9.948034882545471191e-01 1.318865299224853516e+00 -6.298298835754394531e-01 -1.002588510513305664e+00 -6.802075505256652832e-01
-8.566930294036865234e-01 1.885192394256591797e+00 1.249354243278503418e+00 -1.196275591850280762e+00 1.089031219482421875e+00 -1.295717597007751465e+00 -9.696371555328369141e-01 -1.531733274459838867e+00 1.286876916885375977e+00 -4.026208519935607910e-01 -5.176800489425659180e-01 -4.947749674320220947e-01 -4.373592138290405273e-01 1.306523084640502930e-01 1.363799095153808594e+00 7.862216830253601074e-01 1.131435394287109375e+00 -6.026985049247741699e-01 -1.017649888992309570e+00 -6.453457474708557129e-01
-5.102489590644836426e-01 1.682334899902343750e+00 1.519657731056213379e+00 -9.494451880455017090e-01 1.458128929138183594e+00 -1.342714071273803711e+00 -9.100257754325866699e-01 -1.390245914459228516e+00 1.539844751358032227e+00 -2.807325124740600586e-01 -6.520329117774963379e-01 -7.995331883430480957e-01 -3.249107897281646729e-01 -2.858732938766479492e-01 1.477337360382080078e+00 6.954106092453002930e-01 1.143393754959106445e+00 -4.530928432941436768e-01 -1.129263758659362793e+00 -5.377153158187866211e-01
-3.883438706398010254e-01 1.427451133728027344e+00 1.873247146606445312e+00 -8.986207246780395508e-01 2.002064466476440430e+00 -1.384806275367736816e+00 -9.125592112541198730e-01 -1.382273793220520020e+00 1.923740625381469727e+00 -2.597712874412536621e-01 -8.561126589775085449e-01 -1.113267183303833008e+00 -2.091955691576004028e-01 -5.351279377937316895e-01 1.850040197372436523e+00 8.369313478469848633e-01 1.363692879676818848e+00 -3.479549586772918701e-01 -1.281640291213989258e+00 -4.249069094657897949e-01
-3.574228882789611816e-01 1.225733757019042969e+00 2.034570693969726562e+00 -8.924860954284667969e-01 2.290665626525878906e+00 -1.335790276527404785e+00 -8.939444422721862793e-01 -1.384021282196044922e+00 2.107200384140014648e+00 -2.671536803245544434e-01 -1.009541511535644531e+00 -1.279883742332458496e+00 -1.750850379467010498e-01 -6.227056980133056641e-01 2.066248416900634766e+00 9.219649434089660645e-01 1.505602955818176270e+00 -2.459829002618789673e-01 -1.354654669761657715e+00 -3.517261147499084473e-01
-3.726924061775207520e-01 1.141421556472778320e+00 2.106091737747192383e+00 -8.864091634750366211e-01 2.391455173492431641e+00 -1.283754110336303711e+00 -9.028593897819519043e-01 -1.383999347686767578e+00 2.195037364959716797e+00 -2.895673513412475586e-01 -1.085900068283081055e+00 -1.375656008720397949e+00 -1.860126107931137085e-01 -6.708172559738159180e-01 2.175996065139770508e+00 9.675399065017700195e-01 1.583439588546752930e+00 -1.734292507171630859e-01 -1.401577353477478027e+00 -3.017622232437133789e-01
-4.013912081718444824e-01 1.098138213157653809e+00 2.154785394668579102e+00 -8.665682673454284668e-01 2.431175708770751953e+00 -1.242287516593933105e+00 -9.132099747657775879e-01 -1.378085613250732422e+00 2.238084316253662109e+00 -3.121169209480285645e-01 -1.140114068984985352e+00 -1.438610911369323730e+00 -2.189709097146987915e-01 -6.991022229194641113e-01 2.236392021179199219e+00 1.000110507011413574e+00 1.633668541908264160e+00 -1.175246685743331909e-01 -1.444981455802917480e+00 -2.695316672325134277e-01
-4.397698044776916504e-01 1.069832921028137207e+00 2.196244716644287109e+00 -8.285621404647827148e-01 2.440878152847290039e+00 -1.204980134963989258e+00 -9.184863567352294922e-01 -1.368518948554992676e+00 2.258248329162597656e+00 -3.351719379425048828e-01 -1.196072578430175781e+00 -1.493850588798522949e+00 -2.654140889644622803e-01 -7.267847061157226562e-01 2.271433115005493164e+00 1.019037246704101562e+00 1.664379477500915527e+00 -6.606805324554443359e-02 -1.487826108932495117e+00 -2.417775839567184448e-01
-4.973384141921997070e-01 1.049317240715026855e+00 2.238542079925537109e+00 -7.744987607002258301e-01 2.427861213684082031e+00 -1.171024560928344727e+00 -9.194974899291992188e-01 -1.360671758651733398e+00 2.259300947189331055e+00 -3.606234788894653320e-01 -1.260559082031250000e+00 -1.548763394355773926e+00 -3.241169154644012451e-01 -7.501803636550903320e-01 2.294202089309692383e+00 1.031365036964416504e+00 1.682794570922851562e+00 -1.471886411309242249e-02 -1.533585548400878906e+00 -2.130123078823089600e-01
-5.865740180015563965e-01 1.033123612403869629e+00 2.279806375503540039e+00 -7.133949398994445801e-01 2.377699613571166992e+00 -1.143736958503723145e+00 -9.126098155975341797e-01 -1.358376979827880859e+00 2.230909824371337891e+00 -3.848215937614440918e-01 -1.333122253417968750e+00 -1.601706743240356445e+00 -3.973326981067657471e-01 -7.528719902038574219e-01 2.306161642074584961e+00 1.039626240730285645e+00 1.691275477409362793e+00 3.443706780672073364e-02 -1.582533955574035645e+00 -1.806998252868652344e-01
-6.988794207572937012e-01 1.006063580513000488e+00 2.296096801757812500e+00 -6.268727779388427734e-01 2.261882305145263672e+00 -1.105873346328735352e+00 -8.875909447669982910e-01 -1.335219264030456543e+00 2.139458417892456055e+00 -4.121549725532531738e-01 -1.399248600006103516e+00 -1.614865541458129883e+00 -4.818708896636962891e-01 -7.282430529594421387e-01 2.272360801696777344e+00 1.033864617347717285e+00 1.650619626045227051e+00 8.821676671504974365e-02 -1.606858849525451660e+00 -1.527823805809020996e-01
-8.730137944221496582e-01 9.556015729904174805e-01 2.262898445129394531e+00 -5.030848979949951172e-01 2.112597465515136719e+00 -1.058594346046447754e+00 -8.407662510871887207e-01 -1.292944073677062988e+00 2.002061605453491211e+00 -5.036934018135070801e-01 -1.460173368453979492e+00 -1.561551928520202637e+00 -5.392940640449523926e-01 -5.940957069396972656e-01 2.210569143295288086e+00 1.043591737747192383e+00 1.590721011161804199e+00 1.426002383232116699e-01 -1.569870591163635254e+00 -1.012568324804306030e-01
-1.082093954086303711e+00 9.140198230743408203e-01 2.140649080276489258e+00 -3.884719610214233398e-01 1.965833902359008789e+00 -9.893322587013244629e-01 -8.138493299484252930e-01 -1.264097929000854492e+00 1.807515382766723633e+00 -6.216298341751098633e-01 -1.475629329681396484e+00 -1.423706412315368652e+00 -5.696882009506225586e-01 -3.458317220211029053e-01 2.104698657989501953e+00 1.066265106201171875e+00 1.526603221893310547e+00 1.654108166694641113e-01 -1.478772401809692383e+00 -6.365133821964263916e-02
-1.334063529968261719e+00 8.812526464462280273e-01 1.952178001403808594e+00 -3.713241219520568848e-01 1.842597007751464844e+00 -9.449678659439086914e-01 -7.744541168212890625e-01 -1.342506289482116699e+00 1.607309818267822266e+00 -7.364931106567382812e-01 -1.449025392532348633e+00 -1.231171011924743652e+00 -5.921005010604858398e-01 -6.929583847522735596e-03 1.976487159729003906e+00 1.103561639785766602e+00 1.505783319473266602e+00 1.067626178264617920e-01 -1.364730238914489746e+00 -4.383233934640884399e-02
-1.541670083999633789e+00 8.865138888359069824e-01 1.756770730018615723e+00 -4.151866436004638672e-01 1.717434525489807129e+00 -9.150247573852539062e-01 -7.487282752990722656e-01 -1.422121763229370117e+00 1.442597150802612305e+00 -8.406769037246704102e-01 -1.385252952575683594e+00 -1.037892580032348633e+00 -6.040927171707153320e-01 3.249852955341339111e-01 1.825887560844421387e+00 1.122748136520385742e+00 1.503849625587463379e+00 3.280986100435256958e-02 -1.249672412872314453e+00 -2.876838296651840210e-02
-1.653138995170593262e+00 9.339066743850708008e-01 1.612070918083190918e+00 -4.986859560012817383e-01 1.672300577163696289e+00 -9.173867106437683105e-01 -7.394044399261474609e-01 -1.511696696281433105e+00 1.381931543350219727e+00 -9.112430810928344727e-01 -1.315908670425415039e+00 -9.233058094978332520e-01 -5.848076939582824707e-01 5.405782461166381836e-01 1.740478396415710449e+00 1.161633491516113281e+00 1.548500061035156250e+00 -5.180473625659942627e-02 -1.175079107284545898e+00 -3.585375100374221802e-02
-1.756128787994384766e+00 1.047917008399963379e+00 1.507043123245239258e+00 -6.591646075248718262e-01 1.649660229682922363e+00 -9.772693514823913574e-01 -7.771462798118591309e-01 -1.633857846260070801e+00 1.361561059951782227e+00 -9.504818320274353027e-01 -1.235483646392822266e+00 -8.128396272659301758e-01 -5.408818721771240234e-01 7.421236634254455566e-01 1.726898074150085449e+00 1.219397425651550293e+00 1.602625846862792969e+00 -1.629754006862640381e-01 -1.109250664710998535e+00 -8.326116204261779785e-02
-1.835234284400939941e+00 1.154482483863830566e+00 1.440049290657043457e+00 -8.295784592628479004e-01 1.631525635719299316e+00 -1.054161310195922852e+00 -8.560555577278137207e-01 -1.744619131088256836e+00 1.347515583038330078e+00 -9.568799138069152832e-01 -1.140764713287353516e+00 -7.205396890640258789e-01 -4.964314699172973633e-01 9.086882472038269043e-01 1.737900972366333008e+00 1.267498135566711426e+00 1.650238990783691406e+00 -2.750311493873596191e-01 -1.071410536766052246e+00 -1.075554490089416504e-01
-1.856376051902770996e+00 1.221727967262268066e+00 1.398694634437561035e+00 -9.815344810485839844e-01 1.583100676536560059e+00 -1.111731529235839844e+00 -9.258053302764892578e-01 -1.800321936607360840e+00 1.317644119262695312e+00 -9.270703792572021484e-01 -1.048637628555297852e+00 -6.540298461914062500e-01 -4.558575153350830078e-01 1.016907095909118652e+00 1.740312695503234863e+00 1.287987470626831055e+00 1.681404471397399902e+00 -3.557427823543548584e-01 -1.050634026527404785e+00 -1.206128001213073730e-01
-1.797495961189270020e+00 1.256446123123168945e+00 1.389747500419616699e+00 -1.103721022605895996e+00 1.516885876655578613e+00 -1.161338925361633301e+00 -9.666881561279296875e-01 -1.797719478607177734e+00 1.292839765548706055e+00 -8.609483242034912109e-01 -9.745005369186401367e-01 -6.177909374237060547e-01 -4.195537865161895752e-01 1.050054430961608887e+00 1.734885931015014648e+00 1.273650288581848145e+00 1.693439602851867676e+00 -4.083091914653778076e-01 -1.042704343795776367e+00 -1.391932368278503418e-01
-1.678035140037536621e+00 1.302239418029785156e+00 1.365708708763122559e+00 -1.200569868087768555e+00 1.445876002311706543e+00 -1.201542258262634277e+00 -1.003990888595581055e+00 -1.781224489212036133e+00 1.282087564468383789e+00 -7.505900263786315918e-01 -8.882138729095458984e-01 -6.115272045135498047e-01 -3.615428507328033447e-01 9.997212290763854980e-01 1.721521615982055664e+00 1.204894661903381348e+00 1.670679211616516113e+00 -4.575327634811401367e-01 -1.033503651618957520e+00 -1.623030900955200195e-01
-1.519812941551208496e+00 1.359349250793457031e+00 1.331970810890197754e+00 -1.263446450233459473e+00 1.383672952651977539e+00 -1.226107597351074219e+00 -1.011299133300781250e+00 -1.751422643661499023e+00 1.318301439285278320e+00 -6.385134458541870117e-01 -8.195824027061462402e-01 -6.251738667488098145e-01 -2.958058416843414307e-01 8.849216103553771973e-01 1.687987923622131348e+00 1.108773231506347656e+00 1.616512060165405273e+00 -4.948391914367675781e-01 -1.013989686965942383e+00 -2.006914913654327393e-01
-1.384394645690917969e+00 1.449863076210021973e+00 1.312373638153076172e+00 -1.304080843925476074e+00 1.328906059265136719e+00 -1.241760492324829102e+00 -1.010466575622558594e+00 -1.712612509727478027e+00 1.355310678482055664e+00 -5.687845349311828613e-01 -7.599331736564636230e-01 -6.386007070541381836e-01 -2.611779868602752686e-01 7.499834299087524414e-01 1.661176919937133789e+00 1.018645524978637695e+00 1.552591443061828613e+00 -5.341625213623046875e-01 -1.009325504302978516e+00 -2.393456846475601196e-01
-1.303982853889465332e+00 1.583055257797241211e+00 1.297857999801635742e+00 -1.332386136054992676e+00 1.293218374252319336e+00 -1.271243810653686523e+00 -9.969248771667480469e-01 -1.691496014595031738e+00 1.391335248947143555e+00 -5.694302320480346680e-01 -7.150288224220275879e-01 -6.218649148941040039e-01 -2.502991557121276855e-01 6.468315720558166504e-01 1.643918037414550781e+00 9.469215869903564453e-01 1.481849074363708496e+00 -5.896584987640380859e-01 -9.940304756164550781e-01 -2.841106653213500977e-01
-1.291443586349487305e+00 1.771770000457763672e+00 1.282240390777587891e+00 -1.367885589599609375e+00 1.289472222328186035e+00 -1.324599981307983398e+00 -9.696311354637145996e-01 -1.712628006935119629e+00 1.440620660781860352e+00 -6.462956666946411133e-01 -6.849829554557800293e-01 -5.670503973960876465e-01 -2.570348978042602539e-01 6.047030091285705566e-01 1.644232630729675293e+00 9.244338274002075195e-01 1.434476494789123535e+00 -6.661416292190551758e-01 -9.629952907562255859e-01 -3.612062931060791016e-01
-1.348068714141845703e+00 1.974198102951049805e+00 1.273478865623474121e+00 -1.399414658546447754e+00 1.319701552391052246e+00 -1.388022065162658691e+00 -9.346070885658264160e-01 -1.768041968345642090e+00 1.496944665908813477e+00 -7.833107709884643555e-01 -6.681692004203796387e-01 -4.801147580146789551e-01 -2.721486091613769531e-01 6.325426697731018066e-01 1.657014131546020508e+00 9.673805236816406250e-01 1.412638306617736816e+00 -7.440930604934692383e-01 -9.204872250556945801e-01 -4.627487063407897949e-01
-1.435165166854858398e+00 2.108523130416870117e+00 1.305278420448303223e+00 -1.425833225250244141e+00 1.372840642929077148e+00 -1.437933206558227539e+00 -9.073008894920349121e-01 -1.814214348793029785e+00 1.548538446426391602e+00 -9.302254319190979004e-01 -6.889939904212951660e-01 -3.806446194648742676e-01 -2.947686016559600830e-01 7.013903260231018066e-01 1.697739243507385254e+00 1.048499345779418945e+00 1.403601884841918945e+00 -7.793089747428894043e-01 -8.875853419303894043e-01 -5.594977140426635742e-01
-1.499607443809509277e+00 2.138111591339111328e+00 1.342610239982604980e+00 -1.441694617271423340e+00 1.421129941940307617e+00 -1.459501147270202637e+00 -8.698151111602783203e-01 -1.833850741386413574e+00 1.577845573425292969e+00 -1.038205742835998535e+00 -7.281616926193237305e-01 -2.949994802474975586e-01 -3.073285222053527832e-01 7.727589607238769531e-01 1.742219686508178711e+00 1.128009915351867676e+00 1.398338079452514648e+00 -7.785463333129882812e-01 -8.580610156059265137e-01 -6.257246136665344238e-01
-1.545810580253601074e+00 2.146524429321289062e+00 1.370358943939208984e+00 -1.460142970085144043e+00 1.454360246658325195e+00 -1.479457497596740723e+00 -8.538242578506469727e-01 -1.848451852798461914e+00 1.605990648269653320e+00 -1.110786080360412598e+00 -7.618416547775268555e-01 -2.492595016956329346e-01 -3.222223818302154541e-01 8.319494128227233887e-01 1.773861050605773926e+00 1.190614819526672363e+00 1.420697331428527832e+00 -7.614197134971618652e-01 -8.492962121963500977e-01 -6.537579298019409180e-01
-1.570329546928405762e+00 2.143229246139526367e+00 1.386688828468322754e+00 -1.478764295578002930e+00 1.471399426460266113e+00 -1.489398717880249023e+00 -8.482985496520996094e-01 -1.851573705673217773e+00 1.623028278350830078e+00 -1.153464794158935547e+00 -7.761663198471069336e-01 -2.187027335166931152e-01 -3.301312625408172607e-01 8.750793933868408203e-01 1.793310046195983887e+00 1.239723324775695801e+00 1.442213654518127441e+00 -7.411668300628662109e-01 -8.440548777580261230e-01 -6.701111197471618652e-01
-1.579554915428161621e+00 2.141544580459594727e+00 1.405025720596313477e+00 -1.503534436225891113e+00 1.482035160064697266e+00 -1.495797038078308105e+00 -8.581162691116333008e-01 -1.846129775047302246e+00 1.633871078491210938e+00 -1.175259828567504883e+00 -7.703947424888610840e-01 -1.998025476932525635e-01 -3.363675773143768311e-01 9.006073474884033203e-01 1.812540531158447266e+00 1.280712485313415527e+00 1.462285637855529785e+00 -7.222868800163269043e-01 -8.474432826042175293e-01 -6.786628365516662598e-01
-1.568437814712524414e+00 2.134723186492919922e+00 1.420450448989868164e+00 -1.537093400955200195e+00 1.480388522148132324e+00 -1.500332832336425781e+00 -8.720294833183288574e-01 -1.829997539520263672e+00 1.637244224548339844e+00 -1.174799561500549316e+00 -7.461315989494323730e-01 -1.821287274360656738e-01 -3.391569256782531738e-01 9.085083603858947754e-01 1.826986312866210938e+00 1.312644004821777344e+00 1.471286535263061523e+00 -7.115107774734497070e-01 -8.529338836669921875e-01 -6.870962381362915039e-01
-1.523079156875610352e+00 2.112380743026733398e+00 1.423061609268188477e+00 -1.581814289093017578e+00 1.445740580558776855e+00 -1.490877628326416016e+00 -8.938499689102172852e-01 -1.784542083740234375e+00 1.620582342147827148e+00 -1.139393568038940430e+00 -6.892185807228088379e-01 -1.611782312393188477e-01 -3.388386070728302002e-01 8.955598473548889160e-01 1.826919317245483398e+00 1.339255213737487793e+00 1.465195178985595703e+00 -6.977937221527099609e-01 -8.560183644294738770e-01 -6.964280605316162109e-01
-1.400511026382446289e+00 2.024895668029785156e+00 1.404082059860229492e+00 -1.630766987800598145e+00 1.344161033630371094e+00 -1.426506519317626953e+00 -9.410173892974853516e-01 -1.655543327331542969e+00 1.548824071884155273e+00 -1.019181609153747559e+00 -5.675129890441894531e-01 -1.476097404956817627e-01 -3.470982909202575684e-01 8.329584002494812012e-01 1.781551361083984375e+00 1.357097148895263672e+00 1.430461883544921875e+00 -6.491785645484924316e-01 -8.650860786437988281e-01 -6.984773874282836914e-01
-1.023983955383300781e+00 1.741204619407653809e+00 1.427755475044250488e+00 -1.672658205032348633e+00 1.237716436386108398e+00 -1.202213764190673828e+00 -1.108278512954711914e+00 -1.359920501708984375e+00 1.426733732223510742e+00 -6.215733885765075684e-01 -2.960007190704345703e-01 -2.616921663284301758e-01 -4.194551706314086914e-01 5.275576710700988770e-01 1.734488129615783691e+00 1.380336642265319824e+00 1.386822819709777832e+00 -5.122661590576171875e-01 -9.882106184959411621e-01 -6.489783525466918945e-01
-5.143646597862243652e-01 1.458630442619323730e+00 1.761524200439453125e+00 -1.620820760726928711e+00 1.582214474678039551e+00 -1.113285183906555176e+00 -1.316527009010314941e+00 -1.289211153984069824e+00 1.711307525634765625e+00 -8.608200401067733765e-02 -3.489845693111419678e-01 -9.167661070823669434e-01 -5.861181020736694336e-01 -1.617360413074493408e-01 2.014532089233398438e+00 1.376611709594726562e+00 1.726434469223022461e+00 -3.209057450294494629e-01 -1.475848317146301270e+00 -5.071516633033752441e-01
-5.667422413825988770e-01 1.378039360046386719e+00 2.071651220321655273e+00 -1.584880828857421875e+00 1.829864621162414551e+00 -1.113825201988220215e+00 -1.484337449073791504e+00 -1.367216587066650391e+00 1.914722681045532227e+00 -1.658101379871368408e-02 -5.638877153396606445e-01 -1.301939249038696289e+00 -7.115712165832519531e-01 -3.374263644218444824e-01 2.257413148880004883e+00 1.376082658767700195e+00 2.002700567245483398e+00 -1.887338459491729736e-01 -1.801810622215270996e+00 -3.048129081726074219e-01
-6.085924506187438965e-01 1.340778589248657227e+00 2.139409780502319336e+00 -1.550055503845214844e+00 1.900514006614685059e+00 -1.089242458343505859e+00 -1.552348017692565918e+00 -1.365921378135681152e+00 1.962154150009155273e+00 -1.577578857541084290e-02 -6.353645324707031250e-01 -1.411552786827087402e+00 -7.425475716590881348e-01 -3.605025410652160645e-01 2.314213514328002930e+00 1.373829126358032227e+00 2.086982727050781250e+00 -1.312325000762939453e-01 -1.881645679473876953e+00 -2.199445217847824097e-01
-6.421761512756347656e-01 1.320655345916748047e+00 2.103027820587158203e+00 -1.524777889251708984e+00 1.899258971214294434e+00 -1.052352428436279297e+00 -1.599139213562011719e+00 -1.343488097190856934e+00 1.947823762893676758e+00 -2.147169411182403564e-02 -6.316758990287780762e-01 -1.425062417984008789e+00 -7.522103190422058105e-01 -3.259924650192260742e-01 2.299593925476074219e+00 1.369535565376281738e+00 2.110780954360961914e+00 -1.079048216342926025e-01 -1.877071976661682129e+00 -1.700660139322280884e-01
-6.702119112014770508e-01 1.312607049942016602e+00 1.989794731140136719e+00 -1.505497455596923828e+00 1.846954464912414551e+00 -9.972879290580749512e-01 -1.645449995994567871e+00 -1.296705842018127441e+00 1.886118412017822266e+00 -3.120662644505500793e-02 -5.667034983634948730e-01 -1.372004032135009766e+00 -7.502160072326660156e-01 -2.477715611457824707e-01 2.234265804290771484e+00 1.366072297096252441e+00 2.099588394165039062e+00 -1.078042536973953247e-01 -1.819594740867614746e+00 -1.384032070636749268e-01
-7.268377542495727539e-01 1.318251252174377441e+00 1.834907770156860352e+00 -1.494270205497741699e+00 1.809005975723266602e+00 -9.370328187942504883e-01 -1.671429038047790527e+00 -1.253858327865600586e+00 1.823111534118652344e+00 -9.212212264537811279e-02 -4.966494143009185791e-01 -1.275915384292602539e+00 -7.342796921730041504e-01 -9.873057156801223755e-02 2.148570060729980469e+00 1.389297485351562500e+00 2.100843429565429688e+00 -1.049467772245407104e-01 -1.713726043701171875e+00 -1.210369616746902466e-01
-8.224805593490600586e-01 1.360249638557434082e+00 1.633552193641662598e+00 -1.520615339279174805e+00 1.760495781898498535e+00 -8.760786652565002441e-01 -1.667624235153198242e+00 -1.199218988418579102e+00 1.755493640899658203e+00 -2.366738617420196533e-01 -4.020951986312866211e-01 -1.074977278709411621e+00 -6.956147551536560059e-01 1.730777621269226074e-01 2.003639221191406250e+00 1.424397826194763184e+00 2.081366539001464844e+00 -1.114897131919860840e-01 -1.533735513687133789e+00 -1.250130385160446167e-01
-1.028837442398071289e+00 1.464761734008789062e+00 1.413136482238769531e+00 -1.600683569908142090e+00 1.715765476226806641e+00 -8.413045406341552734e-01 -1.671067833900451660e+00 -1.239252924919128418e+00 1.670896530151367188e+00 -4.172570705413818359e-01 -3.435034155845642090e-01 -8.200793862342834473e-01 -6.723652482032775879e-01 5.300539731979370117e-01 1.856409311294555664e+00 1.495455980300903320e+00 2.074416160583496094e+00 -1.755640357732772827e-01 -1.350392699241638184e+00 -1.790067106485366821e-01
-1.273108959197998047e+00 1.609351754188537598e+00 1.340652942657470703e+00 -1.656456828117370605e+00 1.768963217735290527e+00 -9.383957386016845703e-01 -1.629377603530883789e+00 -1.358653903007507324e+00 1.724897384643554688e+00 -6.745480298995971680e-01 -3.880904614925384521e-01 -6.333513259887695312e-01 -5.989149212837219238e-01 8.328115940093994141e-01 1.844147920608520508e+00 1.582294464111328125e+00 2.099864482879638672e+00 -2.792271077632904053e-01 -1.190147280693054199e+00 -2.443084567785263062e-01
-1.447823047637939453e+00 1.718866825103759766e+00 1.296348452568054199e+00 -1.665681481361389160e+00 1.783942103385925293e+00 -1.036261677742004395e+00 -1.550351738929748535e+00 -1.466429352760314941e+00 1.763972759246826172e+00 -8.796291947364807129e-01 -4.723756015300750732e-01 -5.003261566162109375e-01 -5.126342773437500000e-01 1.021976351737976074e+00 1.812515854835510254e+00 1.599136710166931152e+00 2.071043252944946289e+00 -3.536968529224395752e-01 -1.061710834503173828e+00 -2.908377647399902344e-01
-1.533205509185791016e+00 1.781360864639282227e+00 1.277063131332397461e+00 -1.639384388923645020e+00 1.786610007286071777e+00 -1.111377477645874023e+00 -1.449720740318298340e+00 -1.539120435714721680e+00 1.769502878189086914e+00 -1.011904001235961914e+00 -5.435267090797424316e-01 -3.975219130516052246e-01 -4.349761009216308594e-01 1.089607954025268555e+00 1.801741600036621094e+00 1.582103252410888672e+00 1.989918112754821777e+00 -4.260996282100677490e-01 -9.633885622024536133e-01 -3.401842117309570312e-01
-1.590039849281311035e+00 1.821256518363952637e+00 1.287225246429443359e+00 -1.563347339630126953e+00 1.794422745704650879e+00 -1.160697817802429199e+00 -1.359687685966491699e+00 -1.580027341842651367e+00 1.757318735122680664e+00 -1.121436119079589844e+00 -6.250813603401184082e-01 -3.209795355796813965e-01 -3.823436498641967773e-01 1.064998388290405273e+00 1.820216417312622070e+00 1.587194323539733887e+00 1.873027205467224121e+00 -4.735385775566101074e-01 -9.107401967048645020e-01 -3.961397409439086914e-01
-1.605551958084106445e+00 1.795650959014892578e+00 1.312999963760375977e+00 -1.429614067077636719e+00 1.802176475524902344e+00 -1.162024855613708496e+00 -1.261655926704406738e+00 -1.589596629142761230e+00 1.696652889251708984e+00 -1.186441421508789062e+00 -7.297154664993286133e-01 -2.898455560207366943e-01 -3.604288101196289062e-01 9.384299516677856445e-01 1.860231757164001465e+00 1.586118578910827637e+00 1.722265243530273438e+00 -4.759088456630706787e-01 -8.963824510574340820e-01 -4.522470235824584961e-01
-1.486168265342712402e+00 1.605427861213684082e+00 1.311582684516906738e+00 -1.117212176322937012e+00 1.712211847305297852e+00 -1.059355497360229492e+00 -1.082475543022155762e+00 -1.459763765335083008e+00 1.487130403518676758e+00 -1.157470464706420898e+00 -8.609877228736877441e-01 -2.864983379840850830e-01 -3.486080765724182129e-01 6.114097237586975098e-01 1.841611504554748535e+00 1.491567492485046387e+00 1.403294324874877930e+00 -4.027450084686279297e-01 -8.799287676811218262e-01 -4.902654886245727539e-01
-1.096840977668762207e+00 1.244354367256164551e+00 1.654585003852844238e+00 -6.217892765998840332e-01 1.738869190216064453e+00 -1.015424370765686035e+00 -8.969354629516601562e-01 -1.153960585594177246e+00 1.413291454315185547e+00 -9.365048408508300781e-01 -1.041550397872924805e+00 -5.708030462265014648e-01 -3.392584621906280518e-01 -4.187089949846267700e-02 1.874224543571472168e+00 1.344599604606628418e+00 1.098830699920654297e+00 -2.007708102464675903e-01 -1.043707609176635742e+00 -4.650589823722839355e-01
-7.877147197723388672e-01 1.118871569633483887e+00 2.213405609130859375e+00 -5.370885729789733887e-01 1.997894644737243652e+00 -1.189823865890502930e+00 -7.733653783798217773e-01 -1.281621813774108887e+00 1.785114526748657227e+00 -5.298790335655212402e-01 -1.222849607467651367e+00 -1.247130751609802246e+00 -3.618485927581787109e-01 -6.574063897132873535e-01 2.104035139083862305e+00 1.152660369873046875e+00 1.261890769004821777e+00 -1.109093353152275085e-01 -1.422502398490905762e+00 -3.816127777099609375e-01
-7.447519302368164062e-01 1.162034869194030762e+00 2.472135782241821289e+00 -6.696600914001464844e-01 2.179475307464599609e+00 -1.322767972946166992e+00 -7.977823615074157715e-01 -1.441357493400573730e+00 2.011655330657958984e+00 -4.068866372108459473e-01 -1.355344772338867188e+00 -1.520069003105163574e+00 -3.942778408527374268e-01 -7.766277194023132324e-01 2.297882080078125000e+00 1.143098473548889160e+00 1.491712331771850586e+00 -7.981763780117034912e-02 -1.633424520492553711e+00 -3.520458936691284180e-01
-7.187413573265075684e-01 1.178699254989624023e+00 2.547420024871826172e+00 -7.416175007820129395e-01 2.239541769027709961e+00 -1.372179269790649414e+00 -7.998445034027099609e-01 -1.506878614425659180e+00 2.096195220947265625e+00 -3.499518036842346191e-01 -1.415675163269042969e+00 -1.617664456367492676e+00 -4.171878099441528320e-01 -7.902250885963439941e-01 2.359899520874023438e+00 1.110429883003234863e+00 1.595362305641174316e+00 -6.089238822460174561e-02 -1.703948140144348145e+00 -3.326697349548339844e-01
-6.992566585540771484e-01 1.198171973228454590e+00 2.562090635299682617e+00 -7.724433541297912598e-01 2.255907773971557617e+00 -1.396193385124206543e+00 -7.887583971023559570e-01 -1.534716486930847168e+00 2.135726451873779297e+00 -3.256183862686157227e-01 -1.442555665969848633e+00 -1.651925086975097656e+00 -4.234880805015563965e-01 -7.883142232894897461e-01 2.371615409851074219e+00 1.072935461997985840e+00 1.633257508277893066e+00 -5.349085107445716858e-02 -1.718407750129699707e+00 -3.266154527664184570e-01
-6.848556399345397949e-01 1.231183052062988281e+00 2.548536777496337891e+00 -7.809998393058776855e-01 2.254981994628906250e+00 -1.416504502296447754e+00 -7.713279128074645996e-01 -1.548738956451416016e+00 2.162416696548461914e+00 -3.244581222534179688e-01 -1.456723690032958984e+00 -1.655093908309936523e+00 -4.239477813243865967e-01 -7.804638743400573730e-01 2.361230373382568359e+00 1.032521843910217285e+00 1.638406872749328613e+00 -5.536628141999244690e-02 -1.704317450523376465e+00 -3.295477032661437988e-01
-6.736721396446228027e-01 1.281459331512451172e+00 2.510606527328491211e+00 -7.729569077491760254e-01 2.239991664886474609e+00 -1.439048051834106445e+00 -7.471885085105895996e-01 -1.554989695549011230e+00 2.183885097503662109e+00 -3.437643051147460938e-01 -1.462651729583740234e+00 -1.633372068405151367e+00 -4.217406213283538818e-01 -7.668451666831970215e-01 2.332283020019531250e+00 9.855340123176574707e-01 1.617987990379333496e+00 -6.658419221639633179e-02 -1.665987133979797363e+00 -3.397733569145202637e-01
-6.628587841987609863e-01 1.342903256416320801e+00 2.438383579254150391e+00 -7.444934844970703125e-01 2.199398756027221680e+00 -1.457793474197387695e+00 -7.046011090278625488e-01 -1.550108551979064941e+00 2.190043687820434570e+00 -3.809786438941955566e-01 -1.459613323211669922e+00 -1.580309033393859863e+00 -4.101013243198394775e-01 -7.447547912597656250e-01 2.273557186126708984e+00 9.215987920761108398e-01 1.562120318412780762e+00 -8.635854721069335938e-02 -1.594898700714111328e+00 -3.599469661712646484e-01
-6.604415178298950195e-01 1.407878875732421875e+00 2.323506355285644531e+00 -6.855295300483703613e-01 2.124716997146606445e+00 -1.476003766059875488e+00 -6.344499588012695312e-01 -1.530660033226013184e+00 2.178884744644165039e+00 -4.478663206100463867e-01 -1.450147151947021484e+00 -1.482631921768188477e+00 -3.824106454849243164e-01 -6.903872489929199219e-01 2.186192274093627930e+00 8.387636542320251465e-01 1.468074083328247070e+00 -1.199134662747383118e-01 -1.475939154624938965e+00 -3.868207335472106934e-01
-6.793823838233947754e-01 1.462424993515014648e+00 2.199132919311523438e+00 -6.297455430030822754e-01 2.045411825180053711e+00 -1.484004616737365723e+00 -5.508770346641540527e-01 -1.520049691200256348e+00 2.167778730392456055e+00 -5.440758466720581055e-01 -1.424454212188720703e+00 -1.346093535423278809e+00 -3.484813868999481201e-01 -5.839374065399169922e-01 2.084615230560302734e+00 7.819566130638122559e-01 1.367912530899047852e+00 -1.689876466989517212e-01 -1.341259241104125977e+00 -4.498370885848999023e-01
-6.925061345100402832e-01 1.470106959342956543e+00 2.015987396240234375e+00 -5.784665942192077637e-01 1.929965376853942871e+00 -1.460635423660278320e+00 -4.411847591400146484e-01 -1.489434719085693359e+00 2.106324195861816406e+00 -6.422218680381774902e-01 -1.354371547698974609e+00 -1.157140851020812988e+00 -2.891530692577362061e-01 -4.422448575496673584e-01 1.952736973762512207e+00 7.304750084877014160e-01 1.235440731048583984e+00 -2.313894331455230713e-01 -1.160412192344665527e+00 -5.163954496383666992e-01
-7.676795125007629395e-01 1.460880160331726074e+00 1.810574412345886230e+00 -5.966126918792724609e-01 1.814936041831970215e+00 -1.432062983512878418e+00 -3.212401270866394043e-01 -1.530472636222839355e+00 2.030136823654174805e+00 -7.411403656005859375e-01 -1.274787664413452148e+00 -9.822902679443359375e-01 -2.478533536195755005e-01 -2.652914822101593018e-01 1.845825910568237305e+00 7.209620475769042969e-01 1.170105814933776855e+00 -3.172627985477447510e-01 -1.001693725585937500e+00 -5.654124021530151367e-01
-9.022426009178161621e-01 1.487012863159179688e+00 1.706281661987304688e+00 -7.424342036247253418e-01 1.811361908912658691e+00 -1.418241262435913086e+00 -3.149155974388122559e-01 -1.593185544013977051e+00 1.985441207885742188e+00 -8.712608218193054199e-01 -1.220845460891723633e+00 -7.793291807174682617e-01 -2.304363697767257690e-01 8.818630129098892212e-03 1.815329313278198242e+00 7.913685441017150879e-01 1.197324633598327637e+00 -3.747857213020324707e-01 -9.070760607719421387e-01 -6.119261980056762695e-01
-9.754343628883361816e-01 1.456459164619445801e+00 1.693274140357971191e+00 -9.126464724540710449e-01 1.866579413414001465e+00 -1.449176549911499023e+00 -3.180614709854125977e-01 -1.637049913406372070e+00 1.986353158950805664e+00 -9.523425102233886719e-01 -1.175704956054687500e+00 -6.481969952583312988e-01 -1.635968387126922607e-01 2.037701904773712158e-01 1.856682538986206055e+00 9.088653922080993652e-01 1.258300423622131348e+00 -4.173974096775054932e-01 -8.591926693916320801e-01 -6.220332384109497070e-01
-9.521240592002868652e-01 1.246669769287109375e+00 1.665213108062744141e+00 -1.080686926841735840e+00 1.888879656791687012e+00 -1.440306186676025391e+00 -2.796982526779174805e-01 -1.617324471473693848e+00 1.916492462158203125e+00 -9.147104024887084961e-01 -1.106364250183105469e+00 -5.587617158889770508e-01 -3.594655916094779968e-02 3.606840670108795166e-01 1.877818226814270020e+00 9.842556715011596680e-01 1.298242211341857910e+00 -4.238913953304290771e-01 -7.983236312866210938e-01 -5.545246005058288574e-01
-7.936607003211975098e-01 8.309744000434875488e-01 1.599221467971801758e+00 -1.261320352554321289e+00 1.861043691635131836e+00 -1.304494857788085938e+00 -2.678242325782775879e-01 -1.506563663482666016e+00 1.745385885238647461e+00 -6.809860467910766602e-01 -9.739174842834472656e-01 -5.669522285461425781e-01 1.051618009805679321e-01 4.107680916786193848e-01 1.879947900772094727e+00 1.006201863288879395e+00 1.349471569061279297e+00 -3.564189970493316650e-01 -7.786088585853576660e-01 -3.850634098052978516e-01
-6.691831350326538086e-01 6.914541721343994141e-01 1.610399007797241211e+00 -1.499184012413024902e+00 1.888701677322387695e+00 -1.158352494239807129e+00 -4.890058636665344238e-01 -1.503906488418579102e+00 1.699226617813110352e+00 -3.906434774398803711e-01 -8.092438578605651855e-01 -7.695181965827941895e-01 1.276955157518386841e-01 2.614884078502655029e-01 2.019956111907958984e+00 1.109931468963623047e+00 1.524859666824340820e+00 -3.221562206745147705e-01 -9.558669328689575195e-01 -2.758229970932006836e-01
-6.395478248596191406e-01 8.000158667564392090e-01 1.681008338928222656e+00 -1.618615865707397461e+00 1.903786420822143555e+00 -1.131263256072998047e+00 -7.669658064842224121e-01 -1.539990782737731934e+00 1.708565473556518555e+00 -2.266938239336013794e-01 -6.844068765640258789e-01 -9.283599257469177246e-01 6.432085484266281128e-02 1.510522961616516113e-01 2.120075225830078125e+00 1.200371623039245605e+00 1.671650171279907227e+00 -3.130275905132293701e-01 -1.143634676933288574e+00 -2.316945642232894897e-01
-6.584663391113281250e-01 9.526838064193725586e-01 1.705273866653442383e+00 -1.687222599983215332e+00 1.921774625778198242e+00 -1.166818499565124512e+00 -9.427403807640075684e-01 -1.577669143676757812e+00 1.758410453796386719e+00 -1.943952143192291260e-01 -6.021758913993835449e-01 -9.775202274322509766e-01 -1.567601412534713745e-02 1.667682230472564697e-01 2.168830633163452148e+00 1.270836234092712402e+00 1.795252680778503418e+00 -3.286687135696411133e-01 -1.226187944412231445e+00 -2.340634614229202271e-01
-6.770842075347900391e-01 1.099194884300231934e+00 1.659026265144348145e+00 -1.751497983932495117e+00 1.905281543731689453e+00 -1.188143253326416016e+00 -1.032657384872436523e+00 -1.602882504463195801e+00 1.799798011779785156e+00 -2.109429836273193359e-01 -5.229923725128173828e-01 -9.576609134674072266e-01 -6.814301013946533203e-02 2.322150766849517822e-01 2.142763853073120117e+00 1.299169301986694336e+00 1.873734235763549805e+00 -3.521353304386138916e-01 -1.230867743492126465e+00 -2.592173814773559570e-01
-7.027419805526733398e-01 1.244270324707031250e+00 1.554150223731994629e+00 -1.815899968147277832e+00 1.853911519050598145e+00 -1.193049311637878418e+00 -1.066648960113525391e+00 -1.618710279464721680e+00 1.825681924819946289e+00 -2.626678049564361572e-01 -4.399298131465911865e-01 -8.804851770401000977e-01 -1.018178015947341919e-01 3.413342237472534180e-01 2.055727481842041016e+00 1.296010851860046387e+00 1.915572047233581543e+00 -3.830951750278472900e-01 -1.177917718887329102e+00 -2.991952300071716309e-01
-7.506144642829895020e-01 1.390309572219848633e+00 1.430617928504943848e+00 -1.872582912445068359e+00 1.783545255661010742e+00 -1.191902518272399902e+00 -1.072792172431945801e+00 -1.628506302833557129e+00 1.836483240127563477e+00 -3.387541174888610840e-01 -3.674504756927490234e-01 -7.691584825515747070e-01 -1.399693936109542847e-01 4.800317883491516113e-01 1.931404590606689453e+00 1.256884574890136719e+00 1.923445105552673340e+00 -4.229542613029479980e-01 -1.100293397903442383e+00 -3.370443582534790039e-01
-8.299225568771362305e-01 1.588502287864685059e+00 1.371318697929382324e+00 -1.925487041473388672e+00 1.751484751701354980e+00 -1.223157405853271484e+00 -1.090100407600402832e+00 -1.665235400199890137e+00 1.900581121444702148e+00 -4.612271189689636230e-01 -3.566699922084808350e-01 -6.773739457130432129e-01 -1.908293962478637695e-01 5.876533389091491699e-01 1.850020885467529297e+00 1.218001484870910645e+00 1.935319542884826660e+00 -4.571191966533660889e-01 -1.050484657287597656e+00 -3.984708189964294434e-01
-9.180349111557006836e-01 1.763650178909301758e+00 1.326178789138793945e+00 -1.921467423439025879e+00 1.703332781791687012e+00 -1.248678565025329590e+00 -1.072434663772583008e+00 -1.683038711547851562e+00 1.953659296035766602e+00 -6.136944293975830078e-01 -3.848567605018615723e-01 -5.786887407302856445e-01 -2.359996289014816284e-01 6.753917336463928223e-01 1.767694830894470215e+00 1.161360621452331543e+00 1.905768156051635742e+00 -4.776819050312042236e-01 -9.841414093971252441e-01 -4.649941325187683105e-01
-9.896644353866577148e-01 1.885087013244628906e+00 1.303863167762756348e+00 -1.849523901939392090e+00 1.658053159713745117e+00 -1.262278556823730469e+00 -1.046165943145751953e+00 -1.680250763893127441e+00 1.955004453659057617e+00 -7.368289828300476074e-01 -4.393444359302520752e-01 -4.839984476566314697e-01 -2.777433693408966064e-01 7.296669483184814453e-01 1.670700669288635254e+00 1.089810848236083984e+00 1.820273041725158691e+00 -4.902507960796356201e-01 -9.281325936317443848e-01 -5.268892645835876465e-01
-1.064026951789855957e+00 1.924491047859191895e+00 1.306402683258056641e+00 -1.708401083946228027e+00 1.615797638893127441e+00 -1.255758762359619141e+00 -1.017286896705627441e+00 -1.657768845558166504e+00 1.921065330505371094e+00 -8.347097039222717285e-01 -5.035766959190368652e-01 -4.271698594093322754e-01 -3.325262069702148438e-01 7.481841444969177246e-01 1.583598852157592773e+00 1.034014821052551270e+00 1.725457310676574707e+00 -4.734908342361450195e-01 -9.034577012062072754e-01 -5.502285361289978027e-01
-1.116901874542236328e+00 1.929272174835205078e+00 1.334057092666625977e+00 -1.560203552246093750e+00 1.612632274627685547e+00 -1.232924699783325195e+00 -9.846293330192565918e-01 -1.635927200317382812e+00 1.896161317825317383e+00 -9.077888131141662598e-01 -5.829951763153076172e-01 -4.100435674190521240e-01 -3.890172243118286133e-01 6.894491910934448242e-01 1.573779582977294922e+00 1.016023635864257812e+00 1.634593963623046875e+00 -4.546348452568054199e-01 -9.157934784889221191e-01 -5.694821476936340332e-01
-1.121578931808471680e+00 1.861749291419982910e+00 1.363862156867980957e+00 -1.375737309455871582e+00 1.594699978828430176e+00 -1.195756793022155762e+00 -9.429441094398498535e-01 -1.574385285377502441e+00 1.833154439926147461e+00 -9.273565411567687988e-01 -6.611073613166809082e-01 -4.080593585968017578e-01 -4.333935081958770752e-01 5.874619483947753906e-01 1.559078454971313477e+00 9.833288788795471191e-01 1.515136599540710449e+00 -4.126541912555694580e-01 -9.274662733078002930e-01 -5.668892860412597656e-01
-1.085680842399597168e+00 1.726630568504333496e+00 1.430553555488586426e+00 -1.145922422409057617e+00 1.588747024536132812e+00 -1.142931818962097168e+00 -9.024271965026855469e-01 -1.462584257125854492e+00 1.738495826721191406e+00 -9.047793745994567871e-01 -7.508723139762878418e-01 -4.320045411586761475e-01 -4.870749711990356445e-01 4.300126433372497559e-01 1.554722547531127930e+00 9.164254665374755859e-01 1.358614444732666016e+00 -3.429771363735198975e-01 -9.579054713249206543e-01 -5.251973867416381836e-01
-1.014948844909667969e+00 1.491001844406127930e+00 1.577433347702026367e+00 -8.694909811019897461e-01 1.605991244316101074e+00 -1.083731293678283691e+00 -8.724271059036254883e-01 -1.299720287322998047e+00 1.620462179183959961e+00 -8.145040869712829590e-01 -8.746868371963500977e-01 -5.121298432350158691e-01 -5.286462306976318359e-01 2.030995488166809082e-01 1.611423015594482422e+00 8.325876593589782715e-01 1.171508431434631348e+00 -2.441261112689971924e-01 -1.023110032081604004e+00 -4.334274530410766602e-01
-8.812579512596130371e-01 1.215641021728515625e+00 1.801267027854919434e+00 -5.816240906715393066e-01 1.688312649726867676e+00 -1.055034875869750977e+00 -8.052130937576293945e-01 -1.134060502052307129e+00 1.544116258621215820e+00 -6.613976359367370605e-01 -1.039720773696899414e+00 -6.946691870689392090e-01 -5.385407805442810059e-01 -1.029301062226295471e-01 1.762023806571960449e+00 7.804193496704101562e-01 1.048330426216125488e+00 -1.364960074424743652e-01 -1.115529060363769531e+00 -3.677783608436584473e-01
-8.264456987380981445e-01 1.082946300506591797e+00 2.164236307144165039e+00 -5.114732384681701660e-01 1.974812388420104980e+00 -1.183735370635986328e+00 -8.361310958862304688e-01 -1.177935242652893066e+00 1.724184513092041016e+00 -5.532909035682678223e-01 -1.242535352706909180e+00 -9.886510968208312988e-01 -5.191434621810913086e-01 -3.848357796669006348e-01 2.061852693557739258e+00 9.090935587882995605e-01 1.171291828155517578e+00 -5.349837616086006165e-02 -1.310189247131347656e+00 -3.062881231307983398e-01
-7.947792410850524902e-01 1.064691185951232910e+00 2.439655542373657227e+00 -5.451975464820861816e-01 2.230893850326538086e+00 -1.302200794219970703e+00 -8.811850547790527344e-01 -1.262515425682067871e+00 1.932562351226806641e+00 -4.979165196418762207e-01 -1.388096809387207031e+00 -1.216648697853088379e+00 -4.736387133598327637e-01 -5.770013928413391113e-01 2.292622089385986328e+00 1.014721870422363281e+00 1.312905311584472656e+00 1.664940267801284790e-03 -1.448228001594543457e+00 -2.863434553146362305e-01
-7.573544979095458984e-01 1.080777645111083984e+00 2.563022136688232422e+00 -6.068168878555297852e-01 2.375387191772460938e+00 -1.354428172111511230e+00 -8.979880213737487793e-01 -1.338177919387817383e+00 2.045647621154785156e+00 -4.544714093208312988e-01 -1.449986934661865234e+00 -1.339479804039001465e+00 -4.472630918025970459e-01 -6.566205024719238281e-01 2.400233030319213867e+00 1.082859635353088379e+00 1.415583848953247070e+00 1.683387905359268188e-02 -1.520802378654479980e+00 -3.144649863243103027e-01
-7.086064219474792480e-01 1.090444445610046387e+00 2.546513080596923828e+00 -6.365395784378051758e-01 2.388474702835083008e+00 -1.356143355369567871e+00 -8.561937212944030762e-01 -1.356025695800781250e+00 2.068983078002929688e+00 -4.264079332351684570e-01 -1.449121713638305664e+00 -1.358789920806884766e+00 -4.139250814914703369e-01 -6.679967045783996582e-01 2.378394842147827148e+00 1.088918805122375488e+00 1.430696964263916016e+00 9.755775332450866699e-03 -1.502928733825683594e+00 -3.589900135993957520e-01
-6.710291504859924316e-01 1.105703473091125488e+00 2.414210796356201172e+00 -6.250978708267211914e-01 2.283439636230468750e+00 -1.331477642059326172e+00 -7.884297370910644531e-01 -1.331189274787902832e+00 2.010825395584106445e+00 -4.073700904846191406e-01 -1.407986879348754883e+00 -1.300956130027770996e+00 -3.817583024501800537e-01 -6.090040206909179688e-01 2.249377965927124023e+00 1.044301152229309082e+00 1.386782526969909668e+00 -2.041022852063179016e-02 -1.421093463897705078e+00 -4.028568267822265625e-01
-6.553969383239746094e-01 1.126231908798217773e+00 2.194198131561279297e+00 -6.105474829673767090e-01 2.096414327621459961e+00 -1.285761356353759766e+00 -6.872920989990234375e-01 -1.284701704978942871e+00 1.892885208129882812e+00 -4.220930337905883789e-01 -1.331364870071411133e+00 -1.174395442008972168e+00 -3.507367372512817383e-01 -4.708339273929595947e-01 2.023567914962768555e+00 9.836994409561157227e-01 1.316223740577697754e+00 -5.454471707344055176e-02 -1.292034268379211426e+00 -4.618769884109497070e-01
-7.289722561836242676e-01 1.198337674140930176e+00 1.892453432083129883e+00 -6.160982251167297363e-01 1.797657608985900879e+00 -1.212674975395202637e+00 -5.827667713165283203e-01 -1.279720425605773926e+00 1.718699216842651367e+00 -4.748445749282836914e-01 -1.228256464004516602e+00 -1.027699470520019531e+00 -3.487836420536041260e-01 -2.808684110641479492e-01 1.755241632461547852e+00 9.163533449172973633e-01 1.251410841941833496e+00 -1.153951957821846008e-01 -1.155525565147399902e+00 -5.144953131675720215e-01
-9.250479936599731445e-01 1.303725361824035645e+00 1.598814725875854492e+00 -7.104296684265136719e-01 1.561053633689880371e+00 -1.159303426742553711e+00 -5.333706140518188477e-01 -1.433395624160766602e+00 1.545630693435668945e+00 -5.277897715568542480e-01 -1.146740674972534180e+00 -9.088080525398254395e-01 -3.908301889896392822e-01 -6.001338362693786621e-02 1.613306164741516113e+00 9.263624548912048340e-01 1.284202575683593750e+00 -2.538661360740661621e-01 -1.080086112022399902e+00 -5.667604207992553711e-01
-1.178852081298828125e+00 1.424243569374084473e+00 1.394522547721862793e+00 -8.809199333190917969e-01 1.381019949913024902e+00 -1.125779390335083008e+00 -5.858541131019592285e-01 -1.590946316719055176e+00 1.407370090484619141e+00 -5.997275114059448242e-01 -1.064252614974975586e+00 -7.916575074195861816e-01 -4.439484775066375732e-01 2.374196648597717285e-01 1.539794802665710449e+00 9.808587431907653809e-01 1.368734359741210938e+00 -3.862106800079345703e-01 -1.049210548400878906e+00 -5.613766312599182129e-01
-1.380480647087097168e+00 1.473098158836364746e+00 1.273288846015930176e+00 -1.010499119758605957e+00 1.256013751029968262e+00 -1.100571513175964355e+00 -6.693578958511352539e-01 -1.699871063232421875e+00 1.290009260177612305e+00 -6.284098625183105469e-01 -9.993202686309814453e-01 -7.417795658111572266e-01 -4.902338981628417969e-01 4.758522212505340576e-01 1.508301377296447754e+00 1.029591798782348633e+00 1.461428284645080566e+00 -4.683411121368408203e-01 -1.058581590652465820e+00 -4.953696131706237793e-01
-1.504049539566040039e+00 1.527687191963195801e+00 1.233808279037475586e+00 -1.101322412490844727e+00 1.211261987686157227e+00 -1.140117049217224121e+00 -8.129787445068359375e-01 -1.782936334609985352e+00 1.276561975479125977e+00 -6.227165460586547852e-01 -9.165768027305603027e-01 -7.458830475807189941e-01 -5.254676342010498047e-01 6.324964761734008789e-01 1.510038018226623535e+00 1.093743681907653809e+00 1.571276426315307617e+00 -5.154803991317749023e-01 -1.095167994499206543e+00 -4.121251106262207031e-01
-1.562738537788391113e+00 1.521698474884033203e+00 1.213911652565002441e+00 -1.148162841796875000e+00 1.179570198059082031e+00 -1.134491205215454102e+00 -9.497381448745727539e-01 -1.795671820640563965e+00 1.267544031143188477e+00 -5.885563492774963379e-01 -8.542893528938293457e-01 -7.643124461174011230e-01 -5.643493533134460449e-01 7.145757675170898438e-01 1.504370331764221191e+00 1.126141071319580078e+00 1.642370462417602539e+00 -5.127821564674377441e-01 -1.140505552291870117e+00 -3.236776590347290039e-01
-1.560270905494689941e+00 1.423702716827392578e+00 1.208178639411926270e+00 -1.148128867149353027e+00 1.167041420936584473e+00 -1.118349671363830566e+00 -1.050370097160339355e+00 -1.763495564460754395e+00 1.257162094116210938e+00 -5.218822956085205078e-01 -7.895800471305847168e-01 -7.977945208549499512e-01 -5.551584959030151367e-01 7.435494661331176758e-01 1.506221890449523926e+00 1.164614319801330566e+00 1.688729286193847656e+00 -4.880247414112091064e-01 -1.163953185081481934e+00 -2.246416956186294556e-01
-1.503252983093261719e+00 1.270765900611877441e+00 1.212381005287170410e+00 -1.146688580513000488e+00 1.181229591369628906e+00 -1.077841043472290039e+00 -1.143419384956359863e+00 -1.696218013763427734e+00 1.246527671813964844e+00 -4.230556488037109375e-01 -6.999763250350952148e-01 -8.448883295059204102e-01 -5.261412262916564941e-01 7.323063015937805176e-01 1.530956387519836426e+00 1.221897840499877930e+00 1.731100916862487793e+00 -4.457299411296844482e-01 -1.183856368064880371e+00 -1.229884922504425049e-01
-1.402902126312255859e+00 1.076156735420227051e+00 1.241762518882751465e+00 -1.149601101875305176e+00 1.213961958885192871e+00 -1.022549986839294434e+00 -1.240811824798583984e+00 -1.588965415954589844e+00 1.236090660095214844e+00 -3.038920462131500244e-01 -6.116605997085571289e-01 -8.937366008758544922e-01 -4.824945330619812012e-01 6.859284043312072754e-01 1.593057632446289062e+00 1.282595038414001465e+00 1.754579901695251465e+00 -3.827659487724304199e-01 -1.206126213073730469e+00 -8.895393460988998413e-03
-1.255157589912414551e+00 9.315229654312133789e-01 1.292647719383239746e+00 -1.156326651573181152e+00 1.304825663566589355e+00 -9.868982434272766113e-01 -1.334337711334228516e+00 -1.470633149147033691e+00 1.260853290557861328e+00 -2.018848955631256104e-01 -5.262490510940551758e-01 -9.350531101226806641e-01 -4.201314747333526611e-01 5.818687081336975098e-01 1.687683701515197754e+00 1.340769171714782715e+00 1.754643440246582031e+00 -3.375904560089111328e-01 -1.225201964378356934e+00 7.666444778442382812e-02
-1.083382487297058105e+00 9.354518055915832520e-01 1.410893797874450684e+00 -1.226010680198669434e+00 1.487010955810546875e+00 -9.789056777954101562e-01 -1.475617170333862305e+00 -1.379711389541625977e+00 1.400213241577148438e+00 -1.586539149284362793e-01 -4.162077605724334717e-01 -1.004107594490051270e+00 -3.616840243339538574e-01 4.026389420032501221e-01 1.852878332138061523e+00 1.441813349723815918e+00 1.807511210441589355e+00 -2.963277101516723633e-01 -1.285691618919372559e+00 9.516294300556182861e-02
-9.278613328933715820e-01 9.999132156372070312e-01 1.531162619590759277e+00 -1.319345593452453613e+00 1.684172391891479492e+00 -9.935293197631835938e-01 -1.578511357307434082e+00 -1.338082671165466309e+00 1.555066347122192383e+00 -1.472300887107849121e-01 -3.121250569820404053e-01 -1.057009100914001465e+00 -3.282328248023986816e-01 2.122845947742462158e-01 2.016162395477294922e+00 1.548916578292846680e+00 1.868804574012756348e+00 -2.697311043739318848e-01 -1.345968842506408691e+00 6.498478353023529053e-02
-7.979148626327514648e-01 1.129998207092285156e+00 1.625246286392211914e+00 -1.418743014335632324e+00 1.889747381210327148e+00 -1.039260149002075195e+00 -1.594053387641906738e+00 -1.338087558746337891e+00 1.728519201278686523e+00 -2.077895998954772949e-01 -2.661999464035034180e-01 -1.049570322036743164e+00 -2.959954738616943359e-01 6.044397130608558655e-02 2.181035041809082031e+00 1.616175532341003418e+00 1.917446136474609375e+00 -2.804515957832336426e-01 -1.348496794700622559e+00 -3.193194419145584106e-02
-6.481842994689941406e-01 1.301042318344116211e+00 1.672340750694274902e+00 -1.489324212074279785e+00 2.050748109817504883e+00 -1.043526887893676758e+00 -1.578363180160522461e+00 -1.298865914344787598e+00 1.847516059875488281e+00 -2.894566059112548828e-01 -2.489668577909469604e-01 -9.785830974578857422e-01 -3.221639394760131836e-01 -6.692481786012649536e-02 2.243379592895507812e+00 1.607719421386718750e+00 1.906141161918640137e+00 -2.912459373474121094e-01 -1.338392376899719238e+00 -1.852633357048034668e-01
-4.518314599990844727e-01 1.543776750564575195e+00 1.720490097999572754e+00 -1.544965386390686035e+00 2.126005172729492188e+00 -1.051593542098999023e+00 -1.518294334411621094e+00 -1.202702403068542480e+00 2.044069766998291016e+00 -3.982270956039428711e-01 -2.757153511047363281e-01 -8.657857775688171387e-01 -4.294081628322601318e-01 -2.197933495044708252e-01 2.156862974166870117e+00 1.503014087677001953e+00 1.824020028114318848e+00 -2.546906769275665283e-01 -1.332247734069824219e+00 -4.344523549079895020e-01
-3.157008886337280273e-01 1.777205586433410645e+00 1.759623408317565918e+00 -1.563804745674133301e+00 2.063106298446655273e+00 -1.047298669815063477e+00 -1.428079485893249512e+00 -1.106534838676452637e+00 2.168156623840332031e+00 -4.915294051170349121e-01 -3.366582393646240234e-01 -7.735769152641296387e-01 -5.559080839157104492e-01 -3.721545934677124023e-01 2.015622377395629883e+00 1.341513276100158691e+00 1.687804937362670898e+00 -2.120578736066818237e-01 -1.338095903396606445e+00 -6.587674617767333984e-01
-2.724521756172180176e-01 1.927730202674865723e+00 1.787879109382629395e+00 -1.512814640998840332e+00 1.982571840286254883e+00 -1.048280119895935059e+00 -1.281970858573913574e+00 -1.080875039100646973e+00 2.213610172271728516e+00 -5.698745846748352051e-01 -4.719684123992919922e-01 -7.374399900436401367e-01 -6.292542219161987305e-01 -5.507952570915222168e-01 1.929175734519958496e+00 1.190945863723754883e+00 1.529930233955383301e+00 -1.836349666118621826e-01 -1.335376024246215820e+00 -8.146260380744934082e-01
-2.809593677520751953e-01 1.999812006950378418e+00 1.855332732200622559e+00 -1.453774690628051758e+00 1.912135839462280273e+00 -1.086304664611816406e+00 -1.138789772987365723e+00 -1.115048170089721680e+00 2.268965005874633789e+00 -5.831919908523559570e-01 -6.277878284454345703e-01 -8.137747645378112793e-01 -6.919934749603271484e-01 -6.763911247253417969e-01 1.930800557136535645e+00 1.102904677391052246e+00 1.501803994178771973e+00 -1.946606636047363281e-01 -1.404980897903442383e+00 -8.926528692245483398e-01
-3.037636280059814453e-01 1.985577940940856934e+00 1.940459609031677246e+00 -1.388159036636352539e+00 1.871429324150085449e+00 -1.118828892707824707e+00 -1.039869546890258789e+00 -1.154440879821777344e+00 2.314433336257934570e+00 -5.575343370437622070e-01 -7.483395338058471680e-01 -9.421668648719787598e-01 -7.469194531440734863e-01 -7.660245895385742188e-01 1.950017094612121582e+00 1.069471955299377441e+00 1.543528914451599121e+00 -1.992812603712081909e-01 -1.517223596572875977e+00 -8.944258093833923340e-01
