-4.107443988323211670e-01 1.925972342491149902e+00 1.546988844871520996e+00 -8.555987477302551270e-01 2.206860065460205078e+00 -1.369135379791259766e+00 -9.909492135047912598e-01 -1.405575394630432129e+00 2.080008745193481445e+00 -5.288816690444946289e-01 -9.258711338043212891e-01 -7.600030899047851562e-01 -2.264991402626037598e-01 -4.216186702251434326e-01 1.728226542472839355e+00 5.979707837104797363e-01 1.105062127113342285e+00 -6.555505394935607910e-01 -9.982318282127380371e-01 -6.193128228187561035e-01
-5.230929851531982422e-01 1.875609636306762695e+00 1.784750103950500488e+00 -8.384005427360534668e-01 2.231234073638916016e+00 -1.299626708030700684e+00 -9.901287555694580078e-01 -1.477272272109985352e+00 2.181490182876586914e+00 -5.095464587211608887e-01 -1.126624226570129395e+00 -1.095088243484497070e+00 -3.751906454563140869e-01 -6.474578380584716797e-01 1.893730044364929199e+00 6.800308227539062500e-01 1.279813408851623535e+00 -4.979160428047180176e-01 -1.279080510139465332e+00 -5.573118925094604492e-01
-6.331809163093566895e-01 1.766912579536437988e+00 1.951953291893005371e+00 -7.806951403617858887e-01 2.195500373840332031e+00 -1.248006224632263184e+00 -1.015443444252014160e+00 -1.509052872657775879e+00 2.190425157546997070e+00 -4.910987615585327148e-01 -1.231511592864990234e+00 -1.317854404449462891e+00 -4.686512053012847900e-01 -7.206146717071533203e-01 1.999505162239074707e+00 7.524108290672302246e-01 1.412003993988037109e+00 -3.532506227493286133e-01 -1.452994346618652344e+00 -4.491561651229858398e-01
-7.191513180732727051e-01 1.637636065483093262e+00 2.035066366195678711e+00 -7.251971364021301270e-01 2.122390270233154297e+00 -1.181028723716735840e+00 -1.032854318618774414e+00 -1.508771300315856934e+00 2.139541864395141602e+00 -4.619676172733306885e-01 -1.283753752708435059e+00 -1.470823168754577637e+00 -5.287469625473022461e-01 -7.388362288475036621e-01 2.034879446029663086e+00 7.917714118957519531e-01 1.500033617019653320e+00 -2.305897474288940430e-01 -1.562566399574279785e+00 -3.318204283714294434e-01
-8.033555746078491211e-01 1.506883025169372559e+00 2.055326461791992188e+00 -6.805983781814575195e-01 2.034431934356689453e+00 -1.104796290397644043e+00 -1.052205562591552734e+00 -1.498861551284790039e+00 2.059780836105346680e+00 -4.326498210430145264e-01 -1.301511526107788086e+00 -1.569688081741333008e+00 -5.736244916915893555e-01 -7.133870720863342285e-01 2.036778688430786133e+00 8.197674155235290527e-01 1.564448475837707520e+00 -1.398033350706100464e-01 -1.632575511932373047e+00 -2.186212092638015747e-01
-8.787184357643127441e-01 1.374360203742980957e+00 2.020864248275756836e+00 -6.449804902076721191e-01 1.925522446632385254e+00 -1.013833642005920410e+00 -1.069233298301696777e+00 -1.468751192092895508e+00 1.959434747695922852e+00 -4.063938856124877930e-01 -1.281375527381896973e+00 -1.621338248252868652e+00 -6.044089794158935547e-01 -6.591045260429382324e-01 2.005871772766113281e+00 8.389654159545898438e-01 1.603995084762573242e+00 -7.239679247140884399e-02 -1.666034221649169922e+00 -1.108468621969223022e-01
-9.482727050781250000e-01 1.257864952087402344e+00 1.951471447944641113e+00 -6.278102993965148926e-01 1.810042023658752441e+00 -9.012244343757629395e-01 -1.102726340293884277e+00 -1.394829630851745605e+00 1.831591248512268066e+00 -4.136422574520111084e-01 -1.234227299690246582e+00 -1.591722249984741211e+00 -6.376271247863769531e-01 -5.618758797645568848e-01 1.937188863754272461e+00 8.671149611473083496e-01 1.610286831855773926e+00 3.912225365638732910e-04 -1.659682869911193848e+00 -2.883227169513702393e-02
-1.013328552246093750e+00 1.150712370872497559e+00 1.787161946296691895e+00 -6.400772929191589355e-01 1.669268488883972168e+00 -7.606914043426513672e-01 -1.119513273239135742e+00 -1.306744337081909180e+00 1.672644615173339844e+00 -4.450520575046539307e-01 -1.135544896125793457e+00 -1.484478473663330078e+00 -6.578893661499023438e-01 -4.112351238727569580e-01 1.807509183883666992e+00 8.908996582031250000e-01 1.596351265907287598e+00 4.552522301673889160e-02 -1.596728086471557617e+00 3.341253101825714111e-02
-1.072858214378356934e+00 1.073263764381408691e+00 1.473675251007080078e+00 -6.946863532066345215e-01 1.474867343902587891e+00 -5.856733322143554688e-01 -1.125642180442810059e+00 -1.198240160942077637e+00 1.445577263832092285e+00 -5.065095424652099609e-01 -9.536600112915039062e-01 -1.239743590354919434e+00 -6.743731498718261719e-01 -1.656150817871093750e-01 1.576176643371582031e+00 9.021986722946166992e-01 1.542811155319213867e+00 4.504508525133132935e-02 -1.441851139068603516e+00 4.935757815837860107e-02
-1.163797497749328613e+00 1.218851923942565918e+00 1.224590539932250977e+00 -9.468286633491516113e-01 1.396579623222351074e+00 -5.498476028442382812e-01 -1.191581487655639648e+00 -1.168513059616088867e+00 1.385021686553955078e+00 -6.903814673423767090e-01 -7.609356641769409180e-01 -8.784991502761840820e-01 -6.632807254791259766e-01 2.315666973590850830e-01 1.375224113464355469e+00 9.876500368118286133e-01 1.571343183517456055e+00 -1.669512875378131866e-02 -1.249305367469787598e+00 -2.391187846660614014e-02
-1.202158689498901367e+00 1.477409839630126953e+00 1.117065548896789551e+00 -1.288302540779113770e+00 1.524088859558105469e+00 -7.207297086715698242e-01 -1.165648102760314941e+00 -1.307254076004028320e+00 1.549298167228698730e+00 -8.695281147956848145e-01 -6.631026268005371094e-01 -6.191937327384948730e-01 -5.315159559249877930e-01 5.443796515464782715e-01 1.411236643791198730e+00 1.116656422615051270e+00 1.686216950416564941e+00 -2.024675309658050537e-01 -1.049568891525268555e+00 -2.050694525241851807e-01
-1.219940066337585449e+00 1.697452545166015625e+00 1.107441306114196777e+00 -1.558704614639282227e+00 1.644716858863830566e+00 -9.354958534240722656e-01 -1.100790381431579590e+00 -1.484365582466125488e+00 1.723846673965454102e+00 -9.672299623489379883e-01 -6.147643327713012695e-01 -4.528971910476684570e-01 -4.013350605964660645e-01 7.500584721565246582e-01 1.508435964584350586e+00 1.205411911010742188e+00 1.755817532539367676e+00 -3.750390410423278809e-01 -9.198523759841918945e-01 -3.830965757369995117e-01
-1.206114292144775391e+00 1.855819463729858398e+00 1.157307386398315430e+00 -1.711094260215759277e+00 1.722667217254638672e+00 -1.105065584182739258e+00 -1.056941747665405273e+00 -1.581451654434204102e+00 1.836567878723144531e+00 -1.018259882926940918e+00 -6.022656559944152832e-01 -3.266164064407348633e-01 -3.146682977676391602e-01 8.408440947532653809e-01 1.578500866889953613e+00 1.246665716171264648e+00 1.744289040565490723e+00 -4.835750758647918701e-01 -8.390676975250244141e-01 -5.413860082626342773e-01
-1.179298043251037598e+00 1.975256443023681641e+00 1.224044680595397949e+00 -1.792947649955749512e+00 1.772316336631774902e+00 -1.219028472900390625e+00 -1.027924299240112305e+00 -1.625198602676391602e+00 1.908187866210937500e+00 -1.056235194206237793e+00 -6.013867855072021484e-01 -2.346032857894897461e-01 -2.677271068096160889e-01 8.589534759521484375e-01 1.622008681297302246e+00 1.265291333198547363e+00 1.699512600898742676e+00 -5.450593829154968262e-01 -7.967880964279174805e-01 -6.719423532485961914e-01
-1.147893309593200684e+00 2.058889389038085938e+00 1.281502366065979004e+00 -1.818144083023071289e+00 1.804441452026367188e+00 -1.297429680824279785e+00 -9.947082400321960449e-01 -1.636749744415283203e+00 1.958410859107971191e+00 -1.091884136199951172e+00 -6.057467460632324219e-01 -1.622171103954315186e-01 -2.280775904655456543e-01 8.353327512741088867e-01 1.653590321540832520e+00 1.274752140045166016e+00 1.632362246513366699e+00 -5.814881920814514160e-01 -7.591757774353027344e-01 -7.789385318756103516e-01
-1.118646144866943359e+00 2.109010934829711914e+00 1.347023248672485352e+00 -1.790443301200866699e+00 1.833680033683776855e+00 -1.352090239524841309e+00 -9.534496068954467773e-01 -1.616167068481445312e+00 1.998871326446533203e+00 -1.131790637969970703e+00 -6.236764192581176758e-01 -9.786592423915863037e-02 -1.912757903337478638e-01 7.768487334251403809e-01 1.693988919258117676e+00 1.291381120681762695e+00 1.540039777755737305e+00 -6.002298593521118164e-01 -7.241565585136413574e-01 -8.769259452819824219e-01
-1.056397795677185059e+00 2.088427782058715820e+00 1.402761578559875488e+00 -1.701033830642700195e+00 1.826944112777709961e+00 -1.386423349380493164e+00 -8.782576322555541992e-01 -1.538258433341979980e+00 1.992183089256286621e+00 -1.140677452087402344e+00 -6.637893319129943848e-01 -3.350671008229255676e-02 -1.527625620365142822e-01 6.928875446319580078e-01 1.731043457984924316e+00 1.285274863243103027e+00 1.403453826904296875e+00 -5.949581861495971680e-01 -6.733371019363403320e-01 -9.567193984985351562e-01
-9.256395101547241211e-01 1.933720231056213379e+00 1.473233342170715332e+00 -1.494147181510925293e+00 1.780277013778686523e+00 -1.406695604324340820e+00 -7.457570433616638184e-01 -1.384623646736145020e+00 1.926917433738708496e+00 -1.081016302108764648e+00 -7.279962301254272461e-01 -5.664467811584472656e-03 -9.703528881072998047e-02 5.423829555511474609e-01 1.784247279167175293e+00 1.253628373146057129e+00 1.218374252319335938e+00 -5.402968525886535645e-01 -6.036023497581481934e-01 -9.986099004745483398e-01
-6.960104703903198242e-01 1.644428014755249023e+00 1.660980701446533203e+00 -1.113014817237854004e+00 1.837363123893737793e+00 -1.451798677444458008e+00 -5.932683348655700684e-01 -1.192069411277770996e+00 1.894877791404724121e+00 -9.264277219772338867e-01 -8.260852694511413574e-01 -1.801415681838989258e-01 -1.746546849608421326e-02 2.151877880096435547e-01 1.933637142181396484e+00 1.253636717796325684e+00 1.102641701698303223e+00 -4.172469973564147949e-01 -6.115721464157104492e-01 -9.684040546417236328e-01
-6.015744209289550781e-01 1.263573646545410156e+00 1.895828008651733398e+00 -7.861176729202270508e-01 2.005075216293334961e+00 -1.440303325653076172e+00 -5.429068803787231445e-01 -1.122005105018615723e+00 1.917758345603942871e+00 -7.415180802345275879e-01 -9.460798501968383789e-01 -5.118288397789001465e-01 4.401862248778343201e-02 -5.263839662075042725e-02 2.105162143707275391e+00 1.277274966239929199e+00 1.144960641860961914e+00 -2.777495086193084717e-01 -7.384874820709228516e-01 -7.700763344764709473e-01
-6.835153698921203613e-01 9.322398900985717773e-01 2.074113607406616211e+00 -6.021128892898559570e-01 2.132643938064575195e+00 -1.390059947967529297e+00 -5.717343091964721680e-01 -1.162932276725769043e+00 1.902738928794860840e+00 -6.180592179298400879e-01 -1.013506054878234863e+00 -7.983312010765075684e-01 5.293088406324386597e-02 -1.717807650566101074e-01 2.235211133956909180e+00 1.324511528015136719e+00 1.227666854858398438e+00 -1.505605578422546387e-01 -8.761614561080932617e-01 -5.074632167816162109e-01
-7.622005343437194824e-01 7.390365600585937500e-01 2.160715818405151367e+00 -5.545493364334106445e-01 2.200018644332885742e+00 -1.343253850936889648e+00 -6.252045631408691406e-01 -1.197663187980651855e+00 1.876463055610656738e+00 -5.603675246238708496e-01 -1.017754316329956055e+00 -9.490190148353576660e-01 7.827153801918029785e-02 -2.096611261367797852e-01 2.313126325607299805e+00 1.396554470062255859e+00 1.294224381446838379e+00 -6.656214594841003418e-02 -9.566320776939392090e-01 -3.524065613746643066e-01
-8.273450732231140137e-01 6.114341020584106445e-01 2.178838253021240234e+00 -5.787835121154785156e-01 2.203850507736206055e+00 -1.285560846328735352e+00 -6.674806475639343262e-01 -1.229178428649902344e+00 1.822055459022521973e+00 -5.133765935897827148e-01 -1.024287700653076172e+00 -1.042902112007141113e+00 7.105353474617004395e-02 -2.017636895179748535e-01 2.368727207183837891e+00 1.441100716590881348e+00 1.363903522491455078e+00 -9.026844054460525513e-03 -1.011758327484130859e+00 -2.489169985055923462e-01
-8.912618756294250488e-01 4.938305318355560303e-01 2.155253887176513672e+00 -6.227856874465942383e-01 2.192521572113037109e+00 -1.201557397842407227e+00 -7.009784579277038574e-01 -1.240904927253723145e+00 1.742936253547668457e+00 -4.815829992294311523e-01 -1.029954910278320312e+00 -1.092576265335083008e+00 5.356579273939132690e-02 -1.596806049346923828e-01 2.402230978012084961e+00 1.487447142601013184e+00 1.425695657730102539e+00 4.011243581771850586e-02 -1.047796010971069336e+00 -1.683748811483383179e-01
-9.565256237983703613e-01 3.938110172748565674e-01 2.117429256439208984e+00 -6.916409134864807129e-01 2.177593708038330078e+00 -1.100871920585632324e+00 -7.337805032730102539e-01 -1.257639288902282715e+00 1.655131578445434570e+00 -4.491126835346221924e-01 -1.033046603202819824e+00 -1.124459266662597656e+00 2.398055978119373322e-02 -1.018296256661415100e-01 2.418258428573608398e+00 1.534923672676086426e+00 1.487406015396118164e+00 8.140140026807785034e-02 -1.085829257965087891e+00 -1.147770285606384277e-01
-1.023547410964965820e+00 3.399476110935211182e-01 2.057646751403808594e+00 -7.889897823333740234e-01 2.162116289138793945e+00 -9.918551445007324219e-01 -7.682301402091979980e-01 -1.291852951049804688e+00 1.568781256675720215e+00 -4.185754358768463135e-01 -1.039920926094055176e+00 -1.144132018089294434e+00 -2.343677356839179993e-02 -4.092644900083541870e-02 2.425703525543212891e+00 1.574525594711303711e+00 1.552065134048461914e+00 1.044838950037956238e-01 -1.128915905952453613e+00 -8.849695324897766113e-02
-1.101809859275817871e+00 3.552436530590057373e-01 1.961649894714355469e+00 -9.137257933616638184e-01 2.137808322906494141e+00 -8.704326152801513672e-01 -8.199041485786437988e-01 -1.341338992118835449e+00 1.481412053108215332e+00 -4.068053960800170898e-01 -1.062023878097534180e+00 -1.127179026603698730e+00 -1.217276304960250854e-01 3.387498855590820312e-02 2.409365892410278320e+00 1.598502755165100098e+00 1.615622758865356445e+00 1.152180209755897522e-01 -1.180389642715454102e+00 -1.060762405395507812e-01
-1.168396234512329102e+00 4.420313835144042969e-01 1.810718059539794922e+00 -1.087511181831359863e+00 2.062433958053588867e+00 -7.165362238883972168e-01 -8.912613987922668457e-01 -1.381167888641357422e+00 1.362395048141479492e+00 -3.977978825569152832e-01 -1.061081528663635254e+00 -1.066171646118164062e+00 -2.575483620166778564e-01 1.222226023674011230e-01 2.338060379028320312e+00 1.603613853454589844e+00 1.675256609916687012e+00 1.049925908446311951e-01 -1.240765571594238281e+00 -1.749893128871917725e-01
-1.234343767166137695e+00 5.948135852813720703e-01 1.622990131378173828e+00 -1.270078182220458984e+00 1.939145326614379883e+00 -5.824275612831115723e-01 -9.487227201461791992e-01 -1.451731324195861816e+00 1.263097167015075684e+00 -3.941837847232818604e-01 -1.028943657875061035e+00 -1.011658906936645508e+00 -4.268829524517059326e-01 2.140510380268096924e-01 2.207129001617431641e+00 1.571532726287841797e+00 1.766919255256652832e+00 5.421106517314910889e-02 -1.318874359130859375e+00 -2.665809988975524902e-01
-1.276980161666870117e+00 8.149533271789550781e-01 1.481742262840270996e+00 -1.416785120964050293e+00 1.841966390609741211e+00 -5.258171558380126953e-01 -1.037017822265625000e+00 -1.525166988372802734e+00 1.262786149978637695e+00 -4.100135862827301025e-01 -9.551976919174194336e-01 -9.946368932723999023e-01 -5.892350673675537109e-01 2.971192300319671631e-01 2.062944173812866211e+00 1.514764189720153809e+00 1.893133997917175293e+00 -2.054705470800399780e-02 -1.416878938674926758e+00 -3.308453559875488281e-01
-1.270859479904174805e+00 1.013771533966064453e+00 1.418042898178100586e+00 -1.504988789558410645e+00 1.744288444519042969e+00 -5.335928201675415039e-01 -1.142589330673217773e+00 -1.556336164474487305e+00 1.306945800781250000e+00 -4.000276625156402588e-01 -8.707910776138305664e-01 -1.011885285377502441e+00 -7.174490690231323242e-01 3.324888944625854492e-01 1.935382962226867676e+00 1.423962593078613281e+00 1.985428094863891602e+00 -8.829292654991149902e-02 -1.512027740478515625e+00 -3.363094925880432129e-01
-1.221840620040893555e+00 1.164441585540771484e+00 1.374132633209228516e+00 -1.525706052780151367e+00 1.631867289543151855e+00 -5.804947018623352051e-01 -1.225706338882446289e+00 -1.564800381660461426e+00 1.355824589729309082e+00 -3.522075414657592773e-01 -7.771291732788085938e-01 -1.052987813949584961e+00 -7.953273057937622070e-01 3.318016231060028076e-01 1.814940214157104492e+00 1.301472425460815430e+00 2.036045312881469727e+00 -1.535195857286453247e-01 -1.569724082946777344e+00 -2.991473674774169922e-01
-1.147720813751220703e+00 1.289725661277770996e+00 1.349452853202819824e+00 -1.504748225212097168e+00 1.539790868759155273e+00 -6.844031214714050293e-01 -1.328918099403381348e+00 -1.598048806190490723e+00 1.426864743232727051e+00 -2.430540025234222412e-01 -6.687790751457214355e-01 -1.135497212409973145e+00 -8.156354427337646484e-01 3.074721693992614746e-01 1.722117185592651367e+00 1.173986911773681641e+00 2.078626632690429688e+00 -2.260233461856842041e-01 -1.607441186904907227e+00 -2.223147600889205933e-01
-1.035771250724792480e+00 1.383868336677551270e+00 1.318969488143920898e+00 -1.441281437873840332e+00 1.448639512062072754e+00 -8.329173922538757324e-01 -1.425189971923828125e+00 -1.614328742027282715e+00 1.481121897697448730e+00 -1.138106435537338257e-01 -5.336369276046752930e-01 -1.190975785255432129e+00 -7.653743028640747070e-01 2.758510410785675049e-01 1.634134650230407715e+00 1.040726661682128906e+00 2.060051918029785156e+00 -3.142761886119842529e-01 -1.585816383361816406e+00 -1.283095479011535645e-01
-9.709173440933227539e-01 1.437409877777099609e+00 1.336326479911804199e+00 -1.387744665145874023e+00 1.413410305976867676e+00 -1.010732889175415039e+00 -1.491317987442016602e+00 -1.620105504989624023e+00 1.558460474014282227e+00 -6.427428126335144043e-02 -4.590070545673370361e-01 -1.207943081855773926e+00 -6.627889871597290039e-01 3.051470220088958740e-01 1.635064244270324707e+00 9.539423584938049316e-01 2.033490419387817383e+00 -3.924988806247711182e-01 -1.520216107368469238e+00 -9.617608040571212769e-03
-9.566826820373535156e-01 1.486308574676513672e+00 1.392763853073120117e+00 -1.355539202690124512e+00 1.464337706565856934e+00 -1.208946228027343750e+00 -1.526997447013854980e+00 -1.644185543060302734e+00 1.640436410903930664e+00 -6.716456264257431030e-02 -4.448617100715637207e-01 -1.188472151756286621e+00 -5.404876470565795898e-01 4.020576775074005127e-01 1.694070935249328613e+00 8.972778916358947754e-01 2.007808446884155273e+00 -4.814026951789855957e-01 -1.438607215881347656e+00 1.074089109897613525e-01
-9.403790831565856934e-01 1.542662858963012695e+00 1.459989428520202637e+00 -1.338464856147766113e+00 1.522099256515502930e+00 -1.403156280517578125e+00 -1.521145820617675781e+00 -1.672649621963500977e+00 1.720828175544738770e+00 -7.922779768705368042e-02 -4.539091587066650391e-01 -1.136216163635253906e+00 -4.404723942279815674e-01 4.999049901962280273e-01 1.733147740364074707e+00 8.394014835357666016e-01 1.961602568626403809e+00 -5.644392371177673340e-01 -1.364022254943847656e+00 1.587563306093215942e-01
-9.120166301727294922e-01 1.597089290618896484e+00 1.522010326385498047e+00 -1.342325568199157715e+00 1.579856514930725098e+00 -1.565676331520080566e+00 -1.486809611320495605e+00 -1.705062389373779297e+00 1.796415686607360840e+00 -9.383115172386169434e-02 -4.760850071907043457e-01 -1.075515031814575195e+00 -3.664164543151855469e-01 5.681316256523132324e-01 1.759737730026245117e+00 7.885791659355163574e-01 1.912070274353027344e+00 -6.292771697044372559e-01 -1.302947640419006348e+00 1.576766073703765869e-01
-8.736483454704284668e-01 1.636823177337646484e+00 1.545121192932128906e+00 -1.361645817756652832e+00 1.613618016242980957e+00 -1.673353791236877441e+00 -1.426639318466186523e+00 -1.732970118522644043e+00 1.839496374130249023e+00 -1.009839326143264771e-01 -4.909347593784332275e-01 -1.016702651977539062e+00 -3.024339973926544189e-01 6.157637834548950195e-01 1.764842271804809570e+00 7.465298771858215332e-01 1.863852381706237793e+00 -6.888758540153503418e-01 -1.245110630989074707e+00 1.302040517330169678e-01
-8.353972434997558594e-01 1.672599077224731445e+00 1.557264328002929688e+00 -1.399197816848754883e+00 1.612311601638793945e+00 -1.746191382408142090e+00 -1.359645724296569824e+00 -1.746091127395629883e+00 1.841704010963439941e+00 -1.039916723966598511e-01 -5.031617283821105957e-01 -9.418693184852600098e-01 -2.664113938808441162e-01 6.549627780914306641e-01 1.747756481170654297e+00 7.112883925437927246e-01 1.806923389434814453e+00 -7.311382889747619629e-01 -1.193993210792541504e+00 7.191304862499237061e-02
-8.382205367088317871e-01 1.707577228546142578e+00 1.572067022323608398e+00 -1.440771937370300293e+00 1.592324376106262207e+00 -1.779703140258789062e+00 -1.313980698585510254e+00 -1.766126394271850586e+00 1.821176767349243164e+00 -1.133568510413169861e-01 -5.159680843353271484e-01 -8.913173675537109375e-01 -2.675898373126983643e-01 6.770108342170715332e-01 1.736924171447753906e+00 7.058529853820800781e-01 1.772807478904724121e+00 -7.521364688873291016e-01 -1.176265597343444824e+00 5.491903051733970642e-03
-8.622716665267944336e-01 1.735414981842041016e+00 1.585985183715820312e+00 -1.493305683135986328e+00 1.538594484329223633e+00 -1.787818193435668945e+00 -1.270277261734008789e+00 -1.783891677856445312e+00 1.770138382911682129e+00 -1.204594373703002930e-01 -5.258244872093200684e-01 -8.509269952774047852e-01 -2.879076600074768066e-01 6.874824762344360352e-01 1.725817441940307617e+00 7.267169356346130371e-01 1.745844960212707520e+00 -7.585082054138183594e-01 -1.180611848831176758e+00 -7.073128968477249146e-02
-9.124501347541809082e-01 1.756841301918029785e+00 1.601974010467529297e+00 -1.557635426521301270e+00 1.417030215263366699e+00 -1.766639947891235352e+00 -1.208892345428466797e+00 -1.789083838462829590e+00 1.672438383102416992e+00 -1.258622407913208008e-01 -5.356181859970092773e-01 -8.079131245613098145e-01 -3.358663618564605713e-01 6.847377419471740723e-01 1.712773561477661133e+00 7.761471271514892578e-01 1.710677981376647949e+00 -7.479653358459472656e-01 -1.207929253578186035e+00 -1.695245802402496338e-01
-9.798572063446044922e-01 1.726024270057678223e+00 1.612325310707092285e+00 -1.604108691215515137e+00 1.211274862289428711e+00 -1.685009598731994629e+00 -1.098798871040344238e+00 -1.745480179786682129e+00 1.504785537719726562e+00 -1.232836842536926270e-01 -5.474758744239807129e-01 -7.577421069145202637e-01 -4.167371094226837158e-01 6.603584289550781250e-01 1.683250665664672852e+00 8.552710413932800293e-01 1.651506304740905762e+00 -7.060149312019348145e-01 -1.255440831184387207e+00 -2.880747914314270020e-01
-1.042483329772949219e+00 1.602830529212951660e+00 1.621175050735473633e+00 -1.580461621284484863e+00 9.734231829643249512e-01 -1.530867099761962891e+00 -9.347767233848571777e-01 -1.635194182395935059e+00 1.285439491271972656e+00 -1.287688761949539185e-01 -5.616448521614074707e-01 -7.165139317512512207e-01 -4.907744228839874268e-01 5.881563425064086914e-01 1.638731002807617188e+00 9.600830078125000000e-01 1.553162574768066406e+00 -6.006652116775512695e-01 -1.292059302330017090e+00 -4.084000587463378906e-01
-1.090674519538879395e+00 1.457881689071655273e+00 1.717668056488037109e+00 -1.490064859390258789e+00 9.297834634780883789e-01 -1.340995073318481445e+00 -7.466516494750976562e-01 -1.523876190185546875e+00 1.206720948219299316e+00 -2.084236443042755127e-01 -6.409252882003784180e-01 -7.860899567604064941e-01 -5.427640676498413086e-01 4.064778685569763184e-01 1.689527630805969238e+00 1.109386324882507324e+00 1.523992538452148438e+00 -4.224409759044647217e-01 -1.350632071495056152e+00 -5.442020893096923828e-01
-1.068883299827575684e+00 1.330637693405151367e+00 1.832222342491149902e+00 -1.348797440528869629e+00 9.693708419799804688e-01 -1.159807682037353516e+00 -5.929903984069824219e-01 -1.409816980361938477e+00 1.231434583663940430e+00 -2.977520823478698730e-01 -7.678050398826599121e-01 -8.940108418464660645e-01 -6.046528816223144531e-01 1.172553300857543945e-01 1.767735481262207031e+00 1.197541236877441406e+00 1.480561614036560059e+00 -2.356667220592498779e-01 -1.425339221954345703e+00 -6.509135961532592773e-01
-1.047342896461486816e+00 1.326056361198425293e+00 1.982320070266723633e+00 -1.193459153175354004e+00 1.079720616340637207e+00 -1.108985662460327148e+00 -5.487851500511169434e-01 -1.369689464569091797e+00 1.366331219673156738e+00 -4.055056273937225342e-01 -8.901958465576171875e-01 -9.895545840263366699e-01 -6.286743879318237305e-01 -1.280150115489959717e-01 1.866821765899658203e+00 1.217127203941345215e+00 1.438162922859191895e+00 -1.181923076510429382e-01 -1.489177703857421875e+00 -6.750643849372863770e-01
-1.007516503334045410e+00 1.336962580680847168e+00 2.134025812149047852e+00 -1.004091620445251465e+00 1.246131777763366699e+00 -1.113592982292175293e+00 -5.474187731742858887e-01 -1.355262398719787598e+00 1.577395677566528320e+00 -5.209143757820129395e-01 -1.034998655319213867e+00 -1.082109570503234863e+00 -6.304080486297607422e-01 -3.589279949665069580e-01 1.954170465469360352e+00 1.198348879814147949e+00 1.396594285964965820e+00 -1.942287012934684753e-02 -1.532493591308593750e+00 -6.652976274490356445e-01
-9.398649930953979492e-01 1.398145318031311035e+00 2.245078325271606445e+00 -8.670294880867004395e-01 1.451764583587646484e+00 -1.171498656272888184e+00 -5.740870237350463867e-01 -1.365176796913146973e+00 1.819934487342834473e+00 -6.165723800659179688e-01 -1.198709011077880859e+00 -1.161669254302978516e+00 -5.869092941284179688e-01 -5.509188771247863770e-01 2.056926012039184570e+00 1.165241003036499023e+00 1.372798323631286621e+00 3.106223046779632568e-02 -1.539242148399353027e+00 -6.576642394065856934e-01
-8.172016739845275879e-01 1.503432393074035645e+00 2.264093875885009766e+00 -7.734985351562500000e-01 1.658349394798278809e+00 -1.274368286132812500e+00 -5.971148014068603516e-01 -1.400150537490844727e+00 2.028033733367919922e+00 -6.537194848060607910e-01 -1.342855453491210938e+00 -1.207090616226196289e+00 -5.061212778091430664e-01 -6.909313201904296875e-01 2.103980302810668945e+00 1.037958383560180664e+00 1.322216629981994629e+00 -1.232643797993659973e-02 -1.483427882194519043e+00 -6.413480043411254883e-01
-6.770071387290954590e-01 1.573031067848205566e+00 2.175988912582397461e+00 -7.506482005119323730e-01 1.818736076354980469e+00 -1.347479462623596191e+00 -6.016942858695983887e-01 -1.439142942428588867e+00 2.136219024658203125e+00 -6.355841755867004395e-01 -1.380618333816528320e+00 -1.187429547309875488e+00 -4.135752916336059570e-01 -7.542580962181091309e-01 2.081077098846435547e+00 8.807714581489562988e-01 1.242881894111633301e+00 -1.343743503093719482e-01 -1.384830117225646973e+00 -6.084095239639282227e-01
-5.965071916580200195e-01 1.629618644714355469e+00 2.048254251480102539e+00 -7.979850769042968750e-01 1.876382708549499512e+00 -1.387225389480590820e+00 -6.159015297889709473e-01 -1.456705689430236816e+00 2.153442144393920898e+00 -6.068062782287597656e-01 -1.327002525329589844e+00 -1.112179994583129883e+00 -3.839943706989288330e-01 -7.315659523010253906e-01 2.022975206375122070e+00 7.952246665954589844e-01 1.193173527717590332e+00 -2.624293267726898193e-01 -1.301059961318969727e+00 -5.945556759834289551e-01
-5.547546744346618652e-01 1.684657812118530273e+00 1.918476581573486328e+00 -8.548488020896911621e-01 1.878897309303283691e+00 -1.387670278549194336e+00 -6.341806650161743164e-01 -1.460542798042297363e+00 2.128425598144531250e+00 -5.886893868446350098e-01 -1.242174744606018066e+00 -1.034032225608825684e+00 -3.761895000934600830e-01 -6.760621666908264160e-01 1.940335869789123535e+00 7.467191219329833984e-01 1.173936009407043457e+00 -3.503767251968383789e-01 -1.234577178955078125e+00 -6.042213439941406250e-01
-5.499433875083923340e-01 1.734846115112304688e+00 1.792497634887695312e+00 -9.027593135833740234e-01 1.829943180084228516e+00 -1.367052197456359863e+00 -6.446607708930969238e-01 -1.462283492088317871e+00 2.073776960372924805e+00 -5.857344865798950195e-01 -1.154917836189270020e+00 -9.597767591476440430e-01 -3.867974579334259033e-01 -6.084371805191040039e-01 1.845907092094421387e+00 7.178662419319152832e-01 1.162309169769287109e+00 -4.080324470996856689e-01 -1.178794264793395996e+00 -6.199775934219360352e-01
-6.202690005302429199e-01 1.810048818588256836e+00 1.681937694549560547e+00 -9.666462540626525879e-01 1.771932721138000488e+00 -1.333703160285949707e+00 -6.652594208717346191e-01 -1.481921553611755371e+00 2.005951404571533203e+00 -6.427937746047973633e-01 -1.089797735214233398e+00 -8.636909127235412598e-01 -4.364457726478576660e-01 -4.808853268623352051e-01 1.744930982589721680e+00 7.208464741706848145e-01 1.175155997276306152e+00 -4.346140921115875244e-01 -1.137022018432617188e+00 -6.395087242126464844e-01
-7.358765602111816406e-01 1.896754384040832520e+00 1.565995931625366211e+00 -1.043102264404296875e+00 1.686703920364379883e+00 -1.282454609870910645e+00 -6.895574331283569336e-01 -1.496426463127136230e+00 1.905658125877380371e+00 -7.514646649360656738e-01 -1.016669988632202148e+00 -7.177674770355224609e-01 -4.815477430820465088e-01 -3.219427466392517090e-01 1.642449736595153809e+00 7.818241715431213379e-01 1.174129366874694824e+00 -4.464355111122131348e-01 -1.079723477363586426e+00 -6.892552971839904785e-01
-9.092128872871398926e-01 1.955318450927734375e+00 1.469212889671325684e+00 -1.119941473007202148e+00 1.551599621772766113e+00 -1.203737378120422363e+00 -7.328314185142517090e-01 -1.486709594726562500e+00 1.745285749435424805e+00 -8.958821296691894531e-01 -9.411695003509521484e-01 -5.289866924285888672e-01 -5.355056524276733398e-01 -9.640648216009140015e-02 1.534716010093688965e+00 8.717599511146545410e-01 1.155362606048583984e+00 -4.174142479896545410e-01 -1.013803482055664062e+00 -7.310351133346557617e-01
-1.123958110809326172e+00 1.963180780410766602e+00 1.381493806838989258e+00 -1.217253327369689941e+00 1.391064763069152832e+00 -1.097874283790588379e+00 -7.873690128326416016e-01 -1.448028326034545898e+00 1.567860722541809082e+00 -1.064058303833007812e+00 -8.507168889045715332e-01 -3.248463273048400879e-01 -5.879679918289184570e-01 1.994935870170593262e-01 1.447268724441528320e+00 1.015614867210388184e+00 1.172326922416687012e+00 -3.543810248374938965e-01 -9.520530700683593750e-01 -7.542119026184082031e-01
-1.354445815086364746e+00 1.984048604965209961e+00 1.368693590164184570e+00 -1.364021301269531250e+00 1.312910318374633789e+00 -1.050212025642395020e+00 -8.539049029350280762e-01 -1.461229443550109863e+00 1.490294337272644043e+00 -1.178757071495056152e+00 -7.804731726646423340e-01 -2.428693175315856934e-01 -6.204757690429687500e-01 4.432073533535003662e-01 1.512247681617736816e+00 1.208571314811706543e+00 1.296810865402221680e+00 -3.447050750255584717e-01 -9.770343899726867676e-01 -7.585382461547851562e-01
-1.495543003082275391e+00 1.980220794677734375e+00 1.395166873931884766e+00 -1.480570197105407715e+00 1.331473112106323242e+00 -1.046935915946960449e+00 -9.103056788444519043e-01 -1.516963839530944824e+00 1.483142852783203125e+00 -1.180418133735656738e+00 -7.530102133750915527e-01 -2.685990631580352783e-01 -6.138529777526855469e-01 5.965464115142822266e-01 1.627728939056396484e+00 1.343198418617248535e+00 1.444891095161437988e+00 -3.652897179126739502e-01 -1.025235533714294434e+00 -7.494376897811889648e-01
-1.558161377906799316e+00 1.913060903549194336e+00 1.415832161903381348e+00 -1.515431404113769531e+00 1.348950862884521484e+00 -1.049809217453002930e+00 -9.515087008476257324e-01 -1.521173596382141113e+00 1.471702814102172852e+00 -1.145761609077453613e+00 -7.131536602973937988e-01 -2.943845987319946289e-01 -5.757716894149780273e-01 7.030803561210632324e-01 1.699681401252746582e+00 1.433484435081481934e+00 1.534192919731140137e+00 -3.558633327484130859e-01 -1.036225676536560059e+00 -7.159162759780883789e-01
-1.578371763229370117e+00 1.849136829376220703e+00 1.436994671821594238e+00 -1.528782010078430176e+00 1.361693739891052246e+00 -1.058867812156677246e+00 -9.971347451210021973e-01 -1.507917165756225586e+00 1.473705053329467773e+00 -1.100699305534362793e+00 -6.621577143669128418e-01 -3.162327706813812256e-01 -5.381209850311279297e-01 7.734066247940063477e-01 1.746749401092529297e+00 1.498314738273620605e+00 1.595603466033935547e+00 -3.414644896984100342e-01 -1.042451500892639160e+00 -6.827487945556640625e-01
-1.566345214843750000e+00 1.759342193603515625e+00 1.465046525001525879e+00 -1.539386749267578125e+00 1.386186361312866211e+00 -1.059054970741271973e+00 -1.021039843559265137e+00 -1.487645268440246582e+00 1.480669021606445312e+00 -1.047049045562744141e+00 -6.100090742111206055e-01 -3.332145810127258301e-01 -4.917742908000946045e-01 8.029131889343261719e-01 1.792401790618896484e+00 1.559597611427307129e+00 1.629001975059509277e+00 -3.273047506809234619e-01 -1.047708511352539062e+00 -6.633810997009277344e-01
-1.521698474884033203e+00 1.664350152015686035e+00 1.500751495361328125e+00 -1.530691504478454590e+00 1.407064795494079590e+00 -1.062828421592712402e+00 -1.025673270225524902e+00 -1.466926574707031250e+00 1.470629096031188965e+00 -9.648512601852416992e-01 -5.619445443153381348e-01 -3.527667522430419922e-01 -4.388259649276733398e-01 7.924016714096069336e-01 1.823886990547180176e+00 1.586351156234741211e+00 1.620550274848937988e+00 -3.206484913825988770e-01 -1.055494546890258789e+00 -6.553125381469726562e-01
-1.395654320716857910e+00 1.509996414184570312e+00 1.550751924514770508e+00 -1.480998516082763672e+00 1.415368676185607910e+00 -1.062758684158325195e+00 -9.782303571701049805e-01 -1.432282447814941406e+00 1.436023592948913574e+00 -8.085286617279052734e-01 -5.372455716133117676e-01 -4.110967516899108887e-01 -3.856107592582702637e-01 6.980285048484802246e-01 1.845216512680053711e+00 1.560423612594604492e+00 1.570481896400451660e+00 -2.963527143001556396e-01 -1.075862646102905273e+00 -6.521173119544982910e-01
-1.078060030937194824e+00 1.202343583106994629e+00 1.667430877685546875e+00 -1.345797777175903320e+00 1.435283780097961426e+00 -1.053256869316101074e+00 -8.551409840583801270e-01 -1.338756680488586426e+00 1.392551183700561523e+00 -5.058520436286926270e-01 -6.317899227142333984e-01 -5.878461003303527832e-01 -3.691407144069671631e-01 4.106415808200836182e-01 1.889595985412597656e+00 1.387428998947143555e+00 1.460101008415222168e+00 -2.230848968029022217e-01 -1.155884742736816406e+00 -5.769445896148681641e-01
-7.182237505912780762e-01 8.232352733612060547e-01 1.887329936027526855e+00 -1.171504378318786621e+00 1.455650806427001953e+00 -1.061462998390197754e+00 -7.292061448097229004e-01 -1.266610145568847656e+00 1.404147863388061523e+00 -1.298271268606185913e-01 -8.527081608772277832e-01 -9.651393890380859375e-01 -3.858512043952941895e-01 -3.377247601747512817e-02 1.935821771621704102e+00 1.111743450164794922e+00 1.419385552406311035e+00 -8.953145146369934082e-02 -1.362401127815246582e+00 -3.879610896110534668e-01
-6.418728828430175781e-01 7.870052456855773926e-01 2.155197858810424805e+00 -1.146660089492797852e+00 1.632536768913269043e+00 -1.167616724967956543e+00 -7.275617122650146484e-01 -1.373244524002075195e+00 1.595092058181762695e+00 -3.552134707570075989e-02 -1.112787604331970215e+00 -1.286837577819824219e+00 -4.759023487567901611e-01 -2.524710297584533691e-01 2.070508718490600586e+00 9.968612790107727051e-01 1.584829330444335938e+00 -1.790652796626091003e-02 -1.593665242195129395e+00 -2.714046835899353027e-01
-6.413927674293518066e-01 8.087395429611206055e-01 2.281668901443481445e+00 -1.145178914070129395e+00 1.685582041740417480e+00 -1.215377688407897949e+00 -7.476472258567810059e-01 -1.431322336196899414e+00 1.668727636337280273e+00 4.137560725212097168e-03 -1.241598606109619141e+00 -1.443393707275390625e+00 -5.354009866714477539e-01 -3.481089770793914795e-01 2.136617422103881836e+00 9.643558263778686523e-01 1.674796581268310547e+00 7.488787174224853516e-03 -1.722998261451721191e+00 -2.234479635953903198e-01
-6.657841205596923828e-01 8.213856220245361328e-01 2.332575798034667969e+00 -1.150464534759521484e+00 1.659389257431030273e+00 -1.226550102233886719e+00 -7.574841976165771484e-01 -1.459323883056640625e+00 1.662721753120422363e+00 3.828387707471847534e-02 -1.294110894203186035e+00 -1.523794531822204590e+00 -5.860127210617065430e-01 -3.767670691013336182e-01 2.151080608367919922e+00 9.541425704956054688e-01 1.724294424057006836e+00 1.839548349380493164e-02 -1.800309538841247559e+00 -1.995346099138259888e-01
-7.125962376594543457e-01 8.491020798683166504e-01 2.350878477096557617e+00 -1.178610444068908691e+00 1.606046080589294434e+00 -1.220185279846191406e+00 -7.810033559799194336e-01 -1.480949521064758301e+00 1.634834289550781250e+00 6.684101372957229614e-02 -1.295286417007446289e+00 -1.571784734725952148e+00 -6.321866512298583984e-01 -3.589439988136291504e-01 2.151058912277221680e+00 9.723429679870605469e-01 1.779424905776977539e+00 1.648507267236709595e-02 -1.864350080490112305e+00 -1.967097520828247070e-01
-7.736409306526184082e-01 8.842405676841735840e-01 2.339069366455078125e+00 -1.224292635917663574e+00 1.508468985557556152e+00 -1.209401845932006836e+00 -8.048706054687500000e-01 -1.492506384849548340e+00 1.576646089553833008e+00 9.783629328012466431e-02 -1.253605723381042480e+00 -1.578920125961303711e+00 -6.808927059173583984e-01 -2.960083782672882080e-01 2.123724222183227539e+00 1.009336352348327637e+00 1.822933793067932129e+00 3.571975976228713989e-03 -1.909076929092407227e+00 -2.167470604181289673e-01
-8.468600511550903320e-01 9.297713637351989746e-01 2.273499727249145508e+00 -1.284784436225891113e+00 1.349101781845092773e+00 -1.190192699432373047e+00 -8.282341361045837402e-01 -1.481611490249633789e+00 1.473964571952819824e+00 1.298227608203887939e-01 -1.146490097045898438e+00 -1.521031379699707031e+00 -7.247490882873535156e-01 -1.720671355724334717e-01 2.047536611557006836e+00 1.065775275230407715e+00 1.839486956596374512e+00 -2.601785399019718170e-02 -1.914160370826721191e+00 -2.668792605400085449e-01
-9.513745903968811035e-01 1.008385419845581055e+00 2.083913564682006836e+00 -1.352734446525573730e+00 1.088837742805480957e+00 -1.137893795967102051e+00 -8.491817116737365723e-01 -1.448643922805786133e+00 1.264828085899353027e+00 1.482962369918823242e-01 -9.494669437408447266e-01 -1.341989636421203613e+00 -7.686115503311157227e-01 4.452184587717056274e-02 1.882297873497009277e+00 1.124744415283203125e+00 1.791409850120544434e+00 -1.005667373538017273e-01 -1.840664029121398926e+00 -3.669096827507019043e-01
-1.173215270042419434e+00 1.244959950447082520e+00 1.805932402610778809e+00 -1.486075520515441895e+00 8.202848434448242188e-01 -1.108841300010681152e+00 -8.604376912117004395e-01 -1.475893378257751465e+00 1.080263972282409668e+00 -1.745052635669708252e-03 -6.808687448501586914e-01 -1.031952142715454102e+00 -8.125672340393066406e-01 3.498388230800628662e-01 1.685143947601318359e+00 1.189579010009765625e+00 1.707397818565368652e+00 -2.734124660491943359e-01 -1.674620509147644043e+00 -4.976018667221069336e-01
-1.381219625473022461e+00 1.570972800254821777e+00 1.640185832977294922e+00 -1.655603051185607910e+00 8.657753467559814453e-01 -1.171144008636474609e+00 -9.084635972976684570e-01 -1.544307470321655273e+00 1.143928766250610352e+00 -3.544985651969909668e-01 -5.241856575012207031e-01 -6.893448829650878906e-01 -7.393778562545776367e-01 6.365368366241455078e-01 1.672555685043334961e+00 1.366099715232849121e+00 1.679730057716369629e+00 -4.395362734794616699e-01 -1.446006774902343750e+00 -6.567861437797546387e-01
-1.510843753814697266e+00 1.762759804725646973e+00 1.589238286018371582e+00 -1.728150725364685059e+00 1.008873224258422852e+00 -1.247386813163757324e+00 -9.895036816596984863e-01 -1.601794838905334473e+00 1.271426439285278320e+00 -6.152973175048828125e-01 -4.701470732688903809e-01 -4.821302294731140137e-01 -6.335686445236206055e-01 7.824682593345642090e-01 1.756249427795410156e+00 1.487553358078002930e+00 1.644552111625671387e+00 -5.330338478088378906e-01 -1.266336321830749512e+00 -7.104409337043762207e-01
-1.495261907577514648e+00 1.904128074645996094e+00 1.573144316673278809e+00 -1.748086690902709961e+00 1.153693318367004395e+00 -1.364861249923706055e+00 -9.864283204078674316e-01 -1.639320492744445801e+00 1.433102846145629883e+00 -7.845749855041503906e-01 -4.904091954231262207e-01 -3.493119478225708008e-01 -5.347875356674194336e-01 8.394445776939392090e-01 1.806565284729003906e+00 1.504223823547363281e+00 1.608705639839172363e+00 -5.899817347526550293e-01 -1.109884142875671387e+00 -7.706455588340759277e-01
-1.412503600120544434e+00 2.000152111053466797e+00 1.555466413497924805e+00 -1.729033708572387695e+00 1.246007680892944336e+00 -1.465992689132690430e+00 -9.527079463005065918e-01 -1.636527419090270996e+00 1.569871783256530762e+00 -8.888263702392578125e-01 -5.101454257965087891e-01 -2.470822781324386597e-01 -4.338728487491607666e-01 8.208819627761840820e-01 1.812076568603515625e+00 1.460648894309997559e+00 1.531119823455810547e+00 -6.250113844871520996e-01 -9.733144640922546387e-01 -8.246391415596008301e-01
-1.249161124229431152e+00 2.049781799316406250e+00 1.524435877799987793e+00 -1.654891490936279297e+00 1.291037201881408691e+00 -1.545432209968566895e+00 -8.754987120628356934e-01 -1.575119018554687500e+00 1.673841476440429688e+00 -9.433394074440002441e-01 -5.128632783889770508e-01 -1.428888142108917236e-01 -3.147749602794647217e-01 7.241513729095458984e-01 1.773584961891174316e+00 1.359960198402404785e+00 1.376008510589599609e+00 -6.511021256446838379e-01 -8.210661411285400391e-01 -8.873998522758483887e-01
-9.542307257652282715e-01 2.003140926361083984e+00 1.505524039268493652e+00 -1.473706603050231934e+00 1.319855928421020508e+00 -1.567649245262145996e+00 -7.283546328544616699e-01 -1.411757588386535645e+00 1.744319319725036621e+00 -9.391572475433349609e-01 -5.164214968681335449e-01 -6.816224753856658936e-02 -1.847834885120391846e-01 4.644170999526977539e-01 1.718932032585144043e+00 1.183163166046142578e+00 1.107221603393554688e+00 -6.585118770599365234e-01 -6.619799137115478516e-01 -9.394139051437377930e-01
-5.763475298881530762e-01 1.910748720169067383e+00 1.673710942268371582e+00 -1.146191120147705078e+00 1.510530710220336914e+00 -1.619671583175659180e+00 -6.147608160972595215e-01 -1.259123206138610840e+00 1.896553754806518555e+00 -7.927992343902587891e-01 -7.093142271041870117e-01 -3.353652954101562500e-01 -1.531981974840164185e-01 -2.340389043092727661e-02 1.772158741950988770e+00 9.550430774688720703e-01 1.004619717597961426e+00 -5.892151594161987305e-01 -7.547072768211364746e-01 -8.884723186492919922e-01
-4.117338657379150391e-01 1.635596156120300293e+00 2.018312454223632812e+00 -8.648709654808044434e-01 1.802348613739013672e+00 -1.653503179550170898e+00 -5.876443386077880859e-01 -1.258478760719299316e+00 2.050613880157470703e+00 -5.550378561019897461e-01 -1.013081669807434082e+00 -8.508193492889404297e-01 -1.585165262222290039e-01 -4.735221266746520996e-01 1.941348075866699219e+00 7.676184177398681641e-01 1.070342898368835449e+00 -4.411182701587677002e-01 -1.037892937660217285e+00 -5.939518809318542480e-01
-4.536014795303344727e-01 1.494232654571533203e+00 2.281881332397460938e+00 -8.534496426582336426e-01 2.077602148056030273e+00 -1.677471041679382324e+00 -6.711330413818359375e-01 -1.403518319129943848e+00 2.166427135467529297e+00 -4.274631440639495850e-01 -1.207936048507690430e+00 -1.218308091163635254e+00 -1.711701750755310059e-01 -6.654758453369140625e-01 2.162781238555908203e+00 7.993733882904052734e-01 1.276006579399108887e+00 -3.447109162807464600e-01 -1.275418400764465332e+00 -4.052082896232604980e-01
-4.789111316204071045e-01 1.359536647796630859e+00 2.399587631225585938e+00 -8.706651926040649414e-01 2.192644357681274414e+00 -1.647570252418518066e+00 -7.052613496780395508e-01 -1.481770396232604980e+00 2.182256460189819336e+00 -3.358220458030700684e-01 -1.318871378898620605e+00 -1.421460866928100586e+00 -2.085775434970855713e-01 -7.261973619461059570e-01 2.254825115203857422e+00 8.079344034194946289e-01 1.421991467475891113e+00 -2.476704120635986328e-01 -1.415284514427185059e+00 -2.891132831573486328e-01
-5.328502058982849121e-01 1.257183074951171875e+00 2.461971044540405273e+00 -8.812718391418457031e-01 2.230701446533203125e+00 -1.600188136100769043e+00 -7.356722354888916016e-01 -1.539543986320495605e+00 2.173961877822875977e+00 -2.720431983470916748e-01 -1.395786166191101074e+00 -1.556434631347656250e+00 -2.667170763015747070e-01 -7.317902445793151855e-01 2.308239698410034180e+00 8.321720361709594727e-01 1.539877176284790039e+00 -1.772682666778564453e-01 -1.535117745399475098e+00 -2.086881250143051147e-01
-6.090365052223205566e-01 1.178558588027954102e+00 2.493513822555541992e+00 -8.827596902847290039e-01 2.226424694061279297e+00 -1.559073090553283691e+00 -7.465685009956359863e-01 -1.585529327392578125e+00 2.155279874801635742e+00 -2.456162869930267334e-01 -1.451317310333251953e+00 -1.643148660659790039e+00 -3.180840611457824707e-01 -6.992865204811096191e-01 2.355277776718139648e+00 8.622028231620788574e-01 1.634378671646118164e+00 -1.279013752937316895e-01 -1.618875980377197266e+00 -1.450732350349426270e-01
-7.073857784271240234e-01 1.126875877380371094e+00 2.496361494064331055e+00 -8.903760910034179688e-01 2.176879405975341797e+00 -1.494782686233520508e+00 -7.512186169624328613e-01 -1.624406099319458008e+00 2.109453439712524414e+00 -2.451678514480590820e-01 -1.476830959320068359e+00 -1.700674176216125488e+00 -3.786920607089996338e-01 -6.632503867149353027e-01 2.383054733276367188e+00 8.959258198738098145e-01 1.704673290252685547e+00 -7.846768200397491455e-02 -1.687517404556274414e+00 -1.020823270082473755e-01
-8.370307683944702148e-01 1.077603340148925781e+00 2.447052717208862305e+00 -8.991573452949523926e-01 2.063994169235229492e+00 -1.373518586158752441e+00 -7.536327838897705078e-01 -1.637038230895996094e+00 1.999313950538635254e+00 -2.609614133834838867e-01 -1.454998612403869629e+00 -1.725605845451354980e+00 -4.620840251445770264e-01 -6.153821349143981934e-01 2.374285459518432617e+00 9.342345595359802246e-01 1.748880743980407715e+00 -1.831561513245105743e-02 -1.741315722465515137e+00 -7.316109538078308105e-02
-9.741081595420837402e-01 1.008979082107543945e+00 2.299691677093505859e+00 -8.847348093986511230e-01 1.850635170936584473e+00 -1.175518155097961426e+00 -7.386850714683532715e-01 -1.586638689041137695e+00 1.791943550109863281e+00 -2.962148785591125488e-01 -1.369598507881164551e+00 -1.659785032272338867e+00 -5.601335763931274414e-01 -5.315224528312683105e-01 2.275311470031738281e+00 9.677141904830932617e-01 1.723330974578857422e+00 5.343739688396453857e-02 -1.738727211952209473e+00 -6.966273486614227295e-02
-1.155840158462524414e+00 9.880830645561218262e-01 2.059711694717407227e+00 -8.788175582885742188e-01 1.611689925193786621e+00 -9.186868667602539062e-01 -7.593978047370910645e-01 -1.500552296638488770e+00 1.506641864776611328e+00 -4.108907580375671387e-01 -1.261290192604064941e+00 -1.454935193061828613e+00 -6.841219663619995117e-01 -3.646721541881561279e-01 2.112449884414672852e+00 1.037182569503784180e+00 1.642152070999145508e+00 1.333603858947753906e-01 -1.677336692810058594e+00 -1.158558726310729980e-01
-1.307318806648254395e+00 1.023790359497070312e+00 1.794193387031555176e+00 -8.894127607345581055e-01 1.442827463150024414e+00 -7.010112404823303223e-01 -7.707597017288208008e-01 -1.438417792320251465e+00 1.291993737220764160e+00 -5.535396933555603027e-01 -1.152549386024475098e+00 -1.219210624694824219e+00 -7.738980054855346680e-01 -1.947086453437805176e-01 1.931694626808166504e+00 1.100102186203002930e+00 1.550789475440979004e+00 1.479781568050384521e-01 -1.581672430038452148e+00 -1.749961972236633301e-01
-1.403343677520751953e+00 1.071315526962280273e+00 1.584646701812744141e+00 -9.408699870109558105e-01 1.341224551200866699e+00 -5.504293441772460938e-01 -7.870067954063415527e-01 -1.402893304824829102e+00 1.173323869705200195e+00 -6.681503057479858398e-01 -1.056431293487548828e+00 -1.036344408988952637e+00 -8.036434650421142578e-01 -8.642066270112991333e-02 1.804682135581970215e+00 1.193874716758728027e+00 1.510176777839660645e+00 1.209243163466453552e-01 -1.503303647041320801e+00 -2.542978525161743164e-01
-1.446845054626464844e+00 1.133898496627807617e+00 1.520035624504089355e+00 -1.001367449760437012e+00 1.319519758224487305e+00 -4.982359111309051514e-01 -8.269871473312377930e-01 -1.372379422187805176e+00 1.169018030166625977e+00 -7.404937148094177246e-01 -1.011881589889526367e+00 -9.666213393211364746e-01 -7.688146829605102539e-01 -5.882476270198822021e-02 1.776308417320251465e+00 1.272311925888061523e+00 1.520344495773315430e+00 7.295566797256469727e-02 -1.470958471298217773e+00 -2.975900769233703613e-01
-1.466512799263000488e+00 1.146381735801696777e+00 1.472099900245666504e+00 -9.939003586769104004e-01 1.303406238555908203e+00 -4.618736803531646729e-01 -8.653327822685241699e-01 -1.348410248756408691e+00 1.171206235885620117e+00 -7.634648680686950684e-01 -9.833651185035705566e-01 -9.626823067665100098e-01 -7.483595609664916992e-01 -7.955823093652725220e-02 1.754727125167846680e+00 1.314324021339416504e+00 1.522002816200256348e+00 4.489475488662719727e-02 -1.457304954528808594e+00 -2.819757461547851562e-01
-1.427032351493835449e+00 1.106856822967529297e+00 1.401310801506042480e+00 -9.326261281967163086e-01 1.287306785583496094e+00 -4.313942193984985352e-01 -8.802094459533691406e-01 -1.321274280548095703e+00 1.179320216178894043e+00 -7.295820713043212891e-01 -9.654310941696166992e-01 -9.980315566062927246e-01 -7.102413177490234375e-01 -1.328709423542022705e-01 1.695369958877563477e+00 1.300419569015502930e+00 1.501212477684020996e+00 3.239778429269790649e-02 -1.420539259910583496e+00 -2.229223102331161499e-01
-1.326144576072692871e+00 1.023550510406494141e+00 1.346393108367919922e+00 -8.355634212493896484e-01 1.298384785652160645e+00 -4.565359354019165039e-01 -9.135923981666564941e-01 -1.297424316406250000e+00 1.251877546310424805e+00 -6.449733376502990723e-01 -9.290131330490112305e-01 -1.080423235893249512e+00 -6.273070573806762695e-01 -1.736154854297637939e-01 1.629151463508605957e+00 1.262912392616271973e+00 1.501163959503173828e+00 4.627539217472076416e-02 -1.366009593009948730e+00 -9.834609925746917725e-02
-1.183519124984741211e+00 9.844319820404052734e-01 1.298589587211608887e+00 -7.427179217338562012e-01 1.296844959259033203e+00 -6.118063926696777344e-01 -1.050052404403686523e+00 -1.301795601844787598e+00 1.375393509864807129e+00 -5.014020204544067383e-01 -8.035080432891845703e-01 -1.140786886215209961e+00 -4.910306632518768311e-01 -8.172708004713058472e-02 1.565978646278381348e+00 1.157745361328125000e+00 1.530091643333435059e+00 1.242385432124137878e-02 -1.271613717079162598e+00 1.033408194780349731e-01
-9.461200237274169922e-01 1.143681406974792480e+00 1.299523115158081055e+00 -7.553516030311584473e-01 1.459332704544067383e+00 -9.549949169158935547e-01 -1.205209732055664062e+00 -1.329158306121826172e+00 1.514401793479919434e+00 -3.675647974014282227e-01 -6.470175981521606445e-01 -1.032321214675903320e+00 -3.262366950511932373e-01 1.134056746959686279e-01 1.547640919685363770e+00 9.395554661750793457e-01 1.506632208824157715e+00 -2.358914315700531006e-01 -1.096172332763671875e+00 1.702134907245635986e-01
-8.141964077949523926e-01 1.447907567024230957e+00 1.355659008026123047e+00 -9.276997447013854980e-01 1.693983674049377441e+00 -1.287606120109558105e+00 -1.331394076347351074e+00 -1.418863773345947266e+00 1.697411060333251953e+00 -3.464489579200744629e-01 -6.025238037109375000e-01 -8.113097548484802246e-01 -3.120833635330200195e-01 3.751710951328277588e-01 1.577380299568176270e+00 7.978585362434387207e-01 1.528060555458068848e+00 -4.541437029838562012e-01 -9.648459553718566895e-01 6.228616461157798767e-03
-7.795048952102661133e-01 1.718063473701477051e+00 1.369856715202331543e+00 -1.132240533828735352e+00 1.858473896980285645e+00 -1.464545965194702148e+00 -1.401538372039794922e+00 -1.499694347381591797e+00 1.830358266830444336e+00 -4.198456108570098877e-01 -5.655633211135864258e-01 -6.004261970520019531e-01 -3.235087692737579346e-01 6.212058067321777344e-01 1.578853249549865723e+00 7.556822299957275391e-01 1.574635386466979980e+00 -6.028236746788024902e-01 -8.747835755348205566e-01 -1.751873046159744263e-01
-8.149222731590270996e-01 1.932944178581237793e+00 1.405695438385009766e+00 -1.348564863204956055e+00 1.989410996437072754e+00 -1.592921853065490723e+00 -1.421307086944580078e+00 -1.618680596351623535e+00 1.957038164138793945e+00 -5.263503789901733398e-01 -5.635681152343750000e-01 -4.694577455520629883e-01 -3.311177492141723633e-01 8.008375167846679688e-01 1.613487124443054199e+00 7.920290231704711914e-01 1.658277511596679688e+00 -6.909704804420471191e-01 -8.418304324150085449e-01 -3.261778950691223145e-01
-8.822330236434936523e-01 2.079836606979370117e+00 1.453724503517150879e+00 -1.536545038223266602e+00 2.066993474960327148e+00 -1.674274444580078125e+00 -1.412633776664733887e+00 -1.706180691719055176e+00 2.048645496368408203e+00 -6.431995034217834473e-01 -5.720825791358947754e-01 -3.685128688812255859e-01 -3.390365540981292725e-01 9.383732080459594727e-01 1.657343864440917969e+00 8.593790531158447266e-01 1.724787235260009766e+00 -7.312058806419372559e-01 -8.352450728416442871e-01 -4.429814815521240234e-01
-9.616078138351440430e-01 2.156742334365844727e+00 1.478394627571105957e+00 -1.668871760368347168e+00 2.094315052032470703e+00 -1.697590827941894531e+00 -1.384301304817199707e+00 -1.752703070640563965e+00 2.086899757385253906e+00 -7.559595704078674316e-01 -5.820156335830688477e-01 -2.830573916435241699e-01 -3.448029458522796631e-01 1.039972424507141113e+00 1.680424809455871582e+00 9.317297339439392090e-01 1.760697484016418457e+00 -7.345477342605590820e-01 -8.292290568351745605e-01 -5.256124734878540039e-01
-1.039257764816284180e+00 2.182399272918701172e+00 1.477940797805786133e+00 -1.750740647315979004e+00 2.098147153854370117e+00 -1.653838753700256348e+00 -1.341964721679687500e+00 -1.770692706108093262e+00 2.108713865280151367e+00 -8.631398081779479980e-01 -6.045070290565490723e-01 -2.318434417247772217e-01 -3.549333512783050537e-01 1.082855463027954102e+00 1.687773704528808594e+00 1.005384922027587891e+00 1.786190986633300781e+00 -7.058825492858886719e-01 -8.407471179962158203e-01 -5.916183590888977051e-01
-1.096423506736755371e+00 2.164226293563842773e+00 1.457297205924987793e+00 -1.798613786697387695e+00 2.079427480697631836e+00 -1.571236610412597656e+00 -1.279247999191284180e+00 -1.773035407066345215e+00 2.112102031707763672e+00 -9.364223480224609375e-01 -6.322762370109558105e-01 -2.171172201633453369e-01 -3.619580268859863281e-01 1.077390909194946289e+00 1.679193973541259766e+00 1.069192647933959961e+00 1.806755185127258301e+00 -6.583583354949951172e-01 -8.611568212509155273e-01 -6.435520648956298828e-01
-1.144073367118835449e+00 2.055633068084716797e+00 1.418476223945617676e+00 -1.789391040802001953e+00 2.061930656433105469e+00 -1.437038302421569824e+00 -1.178734183311462402e+00 -1.740910172462463379e+00 2.076754808425903320e+00 -1.008911728858947754e+00 -6.837119460105895996e-01 -2.222116142511367798e-01 -3.556608855724334717e-01 1.029416203498840332e+00 1.666169047355651855e+00 1.131576776504516602e+00 1.801382422447204590e+00 -5.672931671142578125e-01 -8.640325069427490234e-01 -6.703049540519714355e-01
-1.168212652206420898e+00 1.841546654701232910e+00 1.360357403755187988e+00 -1.711273789405822754e+00 2.040468454360961914e+00 -1.244267702102661133e+00 -1.036788940429687500e+00 -1.662659049034118652e+00 1.999063253402709961e+00 -1.071170568466186523e+00 -7.498489022254943848e-01 -2.465939521789550781e-01 -3.290358781814575195e-01 9.222447872161865234e-01 1.653829336166381836e+00 1.190089464187622070e+00 1.758438706398010254e+00 -4.358674287796020508e-01 -8.477638363838195801e-01 -6.615910530090332031e-01
-1.171994090080261230e+00 1.475377082824707031e+00 1.297476053237915039e+00 -1.542165279388427734e+00 2.021117687225341797e+00 -9.662476181983947754e-01 -8.629540205001831055e-01 -1.532849788665771484e+00 1.873210668563842773e+00 -1.099027514457702637e+00 -8.274839520454406738e-01 -3.264513611793518066e-01 -2.914166450500488281e-01 7.286383509635925293e-01 1.658332347869873047e+00 1.268518447875976562e+00 1.686048507690429688e+00 -2.579477429389953613e-01 -8.440329432487487793e-01 -6.001772880554199219e-01
-1.158059239387512207e+00 1.069739580154418945e+00 1.316935658454895020e+00 -1.299526691436767578e+00 2.017263174057006836e+00 -7.393247485160827637e-01 -7.439196109771728516e-01 -1.410444498062133789e+00 1.698828220367431641e+00 -1.006927847862243652e+00 -9.022185802459716797e-01 -4.805257320404052734e-01 -2.665551900863647461e-01 4.699702262878417969e-01 1.738408207893371582e+00 1.378734111785888672e+00 1.603976726531982422e+00 -1.212189272046089172e-01 -9.119739532470703125e-01 -5.133864879608154297e-01
-1.113732218742370605e+00 7.070478200912475586e-01 1.500243544578552246e+00 -1.000309944152832031e+00 2.007322788238525391e+00 -5.986675620079040527e-01 -6.886667013168334961e-01 -1.294618368148803711e+00 1.575047254562377930e+00 -8.255606293678283691e-01 -9.669983386993408203e-01 -8.219796419143676758e-01 -2.370715737342834473e-01 6.611838936805725098e-02 1.987238764762878418e+00 1.517864704132080078e+00 1.593011856079101562e+00 1.310512050986289978e-02 -1.071524143218994141e+00 -3.760489225387573242e-01
-1.104981780052185059e+00 4.788813591003417969e-01 1.886273026466369629e+00 -8.079299330711364746e-01 2.116629123687744141e+00 -6.715519428253173828e-01 -7.320438623428344727e-01 -1.285642504692077637e+00 1.674080729484558105e+00 -6.752370595932006836e-01 -1.112547397613525391e+00 -1.223849296569824219e+00 -1.999051868915557861e-01 -2.338595688343048096e-01 2.278502941131591797e+00 1.560644865036010742e+00 1.655362963676452637e+00 1.355848610401153564e-01 -1.279675960540771484e+00 -1.191690266132354736e-01
-1.073411703109741211e+00 3.933453559875488281e-01 2.127113342285156250e+00 -6.973702907562255859e-01 2.180789232254028320e+00 -7.876842617988586426e-01 -7.879148125648498535e-01 -1.318274855613708496e+00 1.745069622993469238e+00 -5.282046198844909668e-01 -1.210956811904907227e+00 -1.477624177932739258e+00 -1.858654916286468506e-01 -4.010842740535736084e-01 2.451111555099487305e+00 1.532247066497802734e+00 1.698307394981384277e+00 1.700756251811981201e-01 -1.416603088378906250e+00 3.586719930171966553e-02
-1.040747880935668945e+00 4.136094748973846436e-01 2.246933460235595703e+00 -6.772826910018920898e-01 2.237787723541259766e+00 -8.980721235275268555e-01 -8.433010578155517578e-01 -1.372420072555541992e+00 1.838365674018859863e+00 -4.330877661705017090e-01 -1.234668374061584473e+00 -1.615585446357727051e+00 -1.577466726303100586e-01 -4.841346144676208496e-01 2.544746637344360352e+00 1.517948508262634277e+00 1.754299521446228027e+00 1.398042440414428711e-01 -1.489526510238647461e+00 9.383703768253326416e-02
-9.737272262573242188e-01 4.431158602237701416e-01 2.284429311752319336e+00 -6.577463746070861816e-01 2.258395433425903320e+00 -9.833861589431762695e-01 -8.763905763626098633e-01 -1.382025361061096191e+00 1.891547799110412598e+00 -3.610737323760986328e-01 -1.221073508262634277e+00 -1.660596609115600586e+00 -1.318185478448867798e-01 -5.222159028053283691e-01 2.555234193801879883e+00 1.470994949340820312e+00 1.758030772209167480e+00 1.039471849799156189e-01 -1.495426177978515625e+00 1.146406605839729309e-01
-8.813883662223815918e-01 4.882300496101379395e-01 2.278121471405029297e+00 -6.390169858932495117e-01 2.253529548645019531e+00 -1.054461717605590820e+00 -9.026219844818115234e-01 -1.350327730178833008e+00 1.915009379386901855e+00 -3.100427389144897461e-01 -1.184851050376892090e+00 -1.627880215644836426e+00 -1.151964664459228516e-01 -5.386343598365783691e-01 2.513521671295166016e+00 1.403510808944702148e+00 1.708701610565185547e+00 6.739100068807601929e-02 -1.453334331512451172e+00 1.032196283340454102e-01
-7.894001007080078125e-01 5.697449445724487305e-01 2.233859300613403320e+00 -6.292647123336791992e-01 2.251195907592773438e+00 -1.121055483818054199e+00 -9.307374954223632812e-01 -1.309293150901794434e+00 1.919616341590881348e+00 -2.830192744731903076e-01 -1.146211743354797363e+00 -1.543489456176757812e+00 -1.086180806159973145e-01 -5.162850618362426758e-01 2.434542655944824219e+00 1.319064021110534668e+00 1.634328961372375488e+00 1.538639888167381287e-02 -1.387601137161254883e+00 8.037471771240234375e-02
-6.909890174865722656e-01 7.278690934181213379e-01 2.149190425872802734e+00 -6.399832367897033691e-01 2.211550712585449219e+00 -1.222856760025024414e+00 -1.000288486480712891e+00 -1.278594136238098145e+00 1.903178691864013672e+00 -2.355293035507202148e-01 -1.076870799064636230e+00 -1.417420625686645508e+00 -1.274104267358779907e-01 -4.534605145454406738e-01 2.311596155166625977e+00 1.200097322463989258e+00 1.544004082679748535e+00 -8.204152435064315796e-02 -1.315573573112487793e+00 4.865377396345138550e-02
-5.842198729515075684e-01 9.727899432182312012e-01 2.004757165908813477e+00 -6.936354041099548340e-01 2.134196043014526367e+00 -1.325549602508544922e+00 -1.097368597984313965e+00 -1.255767822265625000e+00 1.868829250335693359e+00 -1.804478466510772705e-01 -9.655146002769470215e-01 -1.248469710350036621e+00 -1.711259931325912476e-01 -3.528418242931365967e-01 2.137983322143554688e+00 1.052771687507629395e+00 1.450574159622192383e+00 -2.137907147407531738e-01 -1.229419827461242676e+00 -2.472108229994773865e-02
-4.910025596618652344e-01 1.347070813179016113e+00 1.788774967193603516e+00 -8.210229277610778809e-01 2.006798028945922852e+00 -1.389301776885986328e+00 -1.229834437370300293e+00 -1.250881552696228027e+00 1.815690159797668457e+00 -1.352390944957733154e-01 -8.153490424156188965e-01 -1.035217881202697754e+00 -2.695045769214630127e-01 -2.075335979461669922e-01 1.884047150611877441e+00 8.766571283340454102e-01 1.378352284431457520e+00 -3.710490763187408447e-01 -1.156705856323242188e+00 -1.866487413644790649e-01
-4.717735052108764648e-01 1.786913752555847168e+00 1.548811554908752441e+00 -1.021976113319396973e+00 1.838141322135925293e+00 -1.426067233085632324e+00 -1.336087346076965332e+00 -1.339114069938659668e+00 1.750168085098266602e+00 -1.510427594184875488e-01 -6.882956624031066895e-01 -8.185586929321289062e-01 -4.201515018939971924e-01 -6.014382094144821167e-02 1.649882197380065918e+00 7.214205861091613770e-01 1.347144126892089844e+00 -5.386006832122802734e-01 -1.119420289993286133e+00 -4.283721446990966797e-01
-5.998298525810241699e-01 2.180393218994140625e+00 1.416090130805969238e+00 -1.320235848426818848e+00 1.698207378387451172e+00 -1.445744395256042480e+00 -1.346761107444763184e+00 -1.514677643775939941e+00 1.753273963928222656e+00 -2.845172882080078125e-01 -6.439387202262878418e-01 -6.294108629226684570e-01 -5.458885431289672852e-01 1.492018103599548340e-01 1.541520476341247559e+00 6.724216938018798828e-01 1.396044135093688965e+00 -6.557363867759704590e-01 -1.099236130714416504e+00 -6.648475527763366699e-01
-8.177825212478637695e-01 2.353972434997558594e+00 1.337038874626159668e+00 -1.557100534439086914e+00 1.520529508590698242e+00 -1.379892230033874512e+00 -1.316468834877014160e+00 -1.635056257247924805e+00 1.701857805252075195e+00 -4.277500510215759277e-01 -6.140797734260559082e-01 -5.281649827957153320e-01 -6.148270368576049805e-01 2.971774041652679443e-01 1.513451695442199707e+00 7.431982159614562988e-01 1.453542947769165039e+00 -6.948046684265136719e-01 -1.123152852058410645e+00 -7.667400836944580078e-01
-1.004008769989013672e+00 2.339107751846313477e+00 1.289087653160095215e+00 -1.663980245590209961e+00 1.438142776489257812e+00 -1.270935535430908203e+00 -1.276154279708862305e+00 -1.665305256843566895e+00 1.663765788078308105e+00 -5.700204968452453613e-01 -5.843123793601989746e-01 -5.032455325126647949e-01 -6.083899736404418945e-01 3.821846842765808105e-01 1.523717284202575684e+00 9.055351614952087402e-01 1.532339572906494141e+00 -6.388145685195922852e-01 -1.145778894424438477e+00 -7.612103819847106934e-01
-1.138440966606140137e+00 2.224714756011962891e+00 1.240595221519470215e+00 -1.677483797073364258e+00 1.337344646453857422e+00 -1.128416895866394043e+00 -1.224586009979248047e+00 -1.627811074256896973e+00 1.585924983024597168e+00 -6.611579656600952148e-01 -5.539246797561645508e-01 -5.038495659828186035e-01 -5.906379222869873047e-01 4.300780892372131348e-01 1.498736500740051270e+00 1.034672617912292480e+00 1.568555116653442383e+00 -5.584010481834411621e-01 -1.166092872619628906e+00 -7.095556855201721191e-01
-1.234883904457092285e+00 2.077183008193969727e+00 1.193945288658142090e+00 -1.639626145362854004e+00 1.255641818046569824e+00 -1.001469731330871582e+00 -1.160721421241760254e+00 -1.568500161170959473e+00 1.514214038848876953e+00 -7.385739088058471680e-01 -5.403051972389221191e-01 -5.155632495880126953e-01 -5.585951805114746094e-01 4.591404497623443604e-01 1.478820800781250000e+00 1.128416180610656738e+00 1.586711168289184570e+00 -4.796465337276458740e-01 -1.165388584136962891e+00 -6.348825097084045410e-01
-1.305041909217834473e+00 1.929138541221618652e+00 1.164633035659790039e+00 -1.577167153358459473e+00 1.240374207496643066e+00 -8.997091650962829590e-01 -1.095827579498291016e+00 -1.510507941246032715e+00 1.465235352516174316e+00 -8.195815682411193848e-01 -5.462014675140380859e-01 -5.300673246383666992e-01 -5.165445804595947266e-01 4.728357791900634766e-01 1.490395188331604004e+00 1.196481466293334961e+00 1.587913155555725098e+00 -4.169228971004486084e-01 -1.141303300857543945e+00 -5.481315851211547852e-01
-1.340511679649353027e+00 1.837847471237182617e+00 1.166483163833618164e+00 -1.522075176239013672e+00 1.272935628890991211e+00 -8.457319736480712891e-01 -1.058951616287231445e+00 -1.467480421066284180e+00 1.460766077041625977e+00 -8.893604278564453125e-01 -5.632264614105224609e-01 -5.283981561660766602e-01 -4.798474609851837158e-01 4.761022329330444336e-01 1.515608668327331543e+00 1.250511169433593750e+00 1.583173871040344238e+00 -3.741001784801483154e-01 -1.109199523925781250e+00 -5.015773177146911621e-01
-1.346534609794616699e+00 1.780058503150939941e+00 1.156830668449401855e+00 -1.456197738647460938e+00 1.337538123130798340e+00 -8.267281651496887207e-01 -1.020043492317199707e+00 -1.430881500244140625e+00 1.487034797668457031e+00 -9.696107506752014160e-01 -5.816718935966491699e-01 -4.963822364807128906e-01 -4.217901825904846191e-01 4.908349514007568359e-01 1.531429171562194824e+00 1.275133967399597168e+00 1.555443644523620605e+00 -3.562504649162292480e-01 -1.038272142410278320e+00 -4.727841019630432129e-01
