-1.038742423057556152e+00 1.651900410652160645e+00 1.713582992553710938e+00 -1.144134283065795898e+00 1.643187284469604492e+00 -1.219420194625854492e+00 -1.900314807891845703e+00 -1.050846338272094727e+00 1.581014513969421387e+00 -5.113679766654968262e-01 -1.317784786224365234e-01 -6.246713399887084961e-01 -3.723523616790771484e-01 2.497425973415374756e-01 1.961856245994567871e+00 1.541188240051269531e+00 1.440617918968200684e+00 -3.416596353054046631e-01 -1.219825506210327148e+00 -6.094609573483467102e-02
-1.006664156913757324e+00 1.534163594245910645e+00 1.690753936767578125e+00 -9.556270241737365723e-01 1.705587506294250488e+00 -1.261731624603271484e+00 -1.762436747550964355e+00 -1.107277393341064453e+00 1.564499497413635254e+00 -4.758216738700866699e-01 -2.207271158695220947e-01 -6.877194643020629883e-01 -2.812212109565734863e-01 1.943212747573852539e-01 1.930395841598510742e+00 1.402177810668945312e+00 1.367975354194641113e+00 -3.777752220630645752e-01 -1.174885869026184082e+00 4.774956032633781433e-03
-9.862970709800720215e-01 1.376235961914062500e+00 1.653962373733520508e+00 -7.817916274070739746e-01 1.780438661575317383e+00 -1.272665381431579590e+00 -1.605010747909545898e+00 -1.144598960876464844e+00 1.552959084510803223e+00 -4.778320193290710449e-01 -3.078033924102783203e-01 -7.246985435485839844e-01 -1.775849163532257080e-01 1.930334568023681641e-01 1.888520479202270508e+00 1.293418645858764648e+00 1.308310866355895996e+00 -3.872804343700408936e-01 -1.098653078079223633e+00 6.351479887962341309e-02
-1.021471500396728516e+00 1.286437749862670898e+00 1.614975690841674805e+00 -6.871663331985473633e-01 1.850368261337280273e+00 -1.257457494735717773e+00 -1.502951979637145996e+00 -1.196928620338439941e+00 1.553522229194641113e+00 -5.291405916213989258e-01 -3.890634179115295410e-01 -7.142601013183593750e-01 -1.164606809616088867e-01 2.681536376476287842e-01 1.842321038246154785e+00 1.233204364776611328e+00 1.281643748283386230e+00 -3.858419954776763916e-01 -1.036379456520080566e+00 6.642745435237884521e-02
-1.103361010551452637e+00 1.258385658264160156e+00 1.552433252334594727e+00 -6.867988705635070801e-01 1.910871267318725586e+00 -1.219410538673400879e+00 -1.391125679016113281e+00 -1.241320729255676270e+00 1.541631460189819336e+00 -6.448472142219543457e-01 -4.913194477558135986e-01 -5.984293222427368164e-01 -8.486503362655639648e-02 4.241051077842712402e-01 1.801615118980407715e+00 1.197248935699462891e+00 1.253717303276062012e+00 -3.862052559852600098e-01 -9.392395019531250000e-01 -7.021613419055938721e-04
-1.161328434944152832e+00 1.301122426986694336e+00 1.477439880371093750e+00 -7.858298420906066895e-01 2.005121707916259766e+00 -1.192139863967895508e+00 -1.280759334564208984e+00 -1.276122808456420898e+00 1.575913429260253906e+00 -8.210765719413757324e-01 -5.816537141799926758e-01 -4.066844284534454346e-01 -6.161388754844665527e-02 6.465558409690856934e-01 1.735952496528625488e+00 1.210337400436401367e+00 1.271129608154296875e+00 -3.722453415393829346e-01 -8.147196769714355469e-01 -1.596606671810150146e-01
-1.253986001014709473e+00 1.476263999938964844e+00 1.449179053306579590e+00 -1.063502073287963867e+00 2.111948013305664062e+00 -1.217371582984924316e+00 -1.196593046188354492e+00 -1.425143718719482422e+00 1.709993124008178711e+00 -9.901728034019470215e-01 -6.677882075309753418e-01 -2.901188731193542480e-01 -1.120340675115585327e-01 8.529151082038879395e-01 1.727376222610473633e+00 1.311754703521728516e+00 1.464744210243225098e+00 -3.797982931137084961e-01 -7.891938686370849609e-01 -3.873200416564941406e-01
-1.367794275283813477e+00 1.686507582664489746e+00 1.485045552253723145e+00 -1.390978574752807617e+00 2.103523254394531250e+00 -1.251245021820068359e+00 -1.147474288940429688e+00 -1.561942338943481445e+00 1.828371882438659668e+00 -1.113287568092346191e+00 -7.484903931617736816e-01 -2.114674001932144165e-01 -2.063148766756057739e-01 9.965295195579528809e-01 1.775712609291076660e+00 1.415072202682495117e+00 1.638924360275268555e+00 -3.830436170101165771e-01 -8.239718675613403320e-01 -6.043590307235717773e-01
-1.417664647102355957e+00 1.850988626480102539e+00 1.499074459075927734e+00 -1.627326250076293945e+00 2.026621341705322266e+00 -1.267233848571777344e+00 -1.094180941581726074e+00 -1.631320476531982422e+00 1.882157206535339355e+00 -1.174425482749938965e+00 -7.843552231788635254e-01 -1.593875885009765625e-01 -2.979472279548645020e-01 1.042960524559020996e+00 1.795192241668701172e+00 1.455993890762329102e+00 1.721573233604431152e+00 -3.913733065128326416e-01 -8.512386679649353027e-01 -7.618643045425415039e-01
-1.427253961563110352e+00 1.961299896240234375e+00 1.504364609718322754e+00 -1.764484643936157227e+00 1.943928480148315430e+00 -1.276021480560302734e+00 -1.050709962844848633e+00 -1.656284451484680176e+00 1.897515296936035156e+00 -1.195913672447204590e+00 -7.924373149871826172e-01 -1.317842006683349609e-01 -3.678579330444335938e-01 1.030995845794677734e+00 1.799975156784057617e+00 1.455595254898071289e+00 1.739813923835754395e+00 -4.050905704498291016e-01 -8.701863884925842285e-01 -8.554872274398803711e-01
-1.420238256454467773e+00 2.032924652099609375e+00 1.502644777297973633e+00 -1.830990314483642578e+00 1.869414448738098145e+00 -1.278357148170471191e+00 -1.017273902893066406e+00 -1.658984661102294922e+00 1.897971272468566895e+00 -1.202595710754394531e+00 -7.929993271827697754e-01 -1.171783581376075745e-01 -4.127584099769592285e-01 9.969419240951538086e-01 1.796653747558593750e+00 1.439102649688720703e+00 1.726536273956298828e+00 -4.161258339881896973e-01 -8.792849183082580566e-01 -9.090339541435241699e-01
-1.404650330543518066e+00 2.085020780563354492e+00 1.510495662689208984e+00 -1.855114459991455078e+00 1.823930978775024414e+00 -1.274428129196166992e+00 -9.921036958694458008e-01 -1.649608373641967773e+00 1.905198812484741211e+00 -1.212607502937316895e+00 -8.058993816375732422e-01 -1.137256920337677002e-01 -4.484580755233764648e-01 9.448484778404235840e-01 1.802198171615600586e+00 1.412360191345214844e+00 1.698946475982666016e+00 -4.264390170574188232e-01 -8.913539648056030273e-01 -9.379210472106933594e-01
-1.382924795150756836e+00 2.126283645629882812e+00 1.516424298286437988e+00 -1.854082584381103516e+00 1.790230631828308105e+00 -1.273015499114990234e+00 -9.630672931671142578e-01 -1.640635848045349121e+00 1.909888505935668945e+00 -1.221213340759277344e+00 -8.231830596923828125e-01 -1.110543906688690186e-01 -4.727956652641296387e-01 8.897702097892761230e-01 1.800991415977478027e+00 1.373892784118652344e+00 1.659618139266967773e+00 -4.369972944259643555e-01 -8.973278999328613281e-01 -9.597396254539489746e-01
-1.353255391120910645e+00 2.159988403320312500e+00 1.520857334136962891e+00 -1.830486059188842773e+00 1.766741991043090820e+00 -1.273536086082458496e+00 -9.233914613723754883e-01 -1.634875655174255371e+00 1.913191795349121094e+00 -1.229367733001708984e+00 -8.506567478179931641e-01 -1.094213128089904785e-01 -4.908610582351684570e-01 8.274661898612976074e-01 1.791089177131652832e+00 1.318081617355346680e+00 1.607584834098815918e+00 -4.480192065238952637e-01 -8.991695642471313477e-01 -9.800724983215332031e-01
-1.307114005088806152e+00 2.181355714797973633e+00 1.521890878677368164e+00 -1.777412891387939453e+00 1.748651981353759766e+00 -1.276983261108398438e+00 -8.637362718582153320e-01 -1.631655335426330566e+00 1.910849809646606445e+00 -1.229712009429931641e+00 -8.948183059692382812e-01 -1.115777045488357544e-01 -5.060748457908630371e-01 7.495810985565185547e-01 1.765947461128234863e+00 1.231461763381958008e+00 1.536073684692382812e+00 -4.594006538391113281e-01 -8.979033827781677246e-01 -1.000111579895019531e+00
-1.214983344078063965e+00 2.144113540649414062e+00 1.514113903045654297e+00 -1.655916213989257812e+00 1.741249799728393555e+00 -1.276802778244018555e+00 -7.549802064895629883e-01 -1.623298645019531250e+00 1.890642881393432617e+00 -1.204483151435852051e+00 -9.677451848983764648e-01 -1.214938610792160034e-01 -5.013723969459533691e-01 6.225160956382751465e-01 1.714265108108520508e+00 1.087165594100952148e+00 1.412550449371337891e+00 -4.681901037693023682e-01 -8.829181790351867676e-01 -1.011444807052612305e+00
-1.005269527435302734e+00 1.960380315780639648e+00 1.459009408950805664e+00 -1.367856025695800781e+00 1.695512294769287109e+00 -1.262997627258300781e+00 -5.437481403350830078e-01 -1.596812844276428223e+00 1.817153334617614746e+00 -1.069338083267211914e+00 -1.104894757270812988e+00 -2.215876430273056030e-01 -4.712988734245300293e-01 3.671149611473083496e-01 1.580021619796752930e+00 7.897693514823913574e-01 1.209439992904663086e+00 -4.469751119613647461e-01 -8.552187085151672363e-01 -9.477101564407348633e-01
-7.346253991127014160e-01 1.693135857582092285e+00 1.485455751419067383e+00 -1.033377170562744141e+00 1.711371064186096191e+00 -1.359419822692871094e+00 -3.848513960838317871e-01 -1.828736782073974609e+00 1.830815792083740234e+00 -5.355913043022155762e-01 -1.342334747314453125e+00 -8.334846496582031250e-01 -4.187788367271423340e-01 -1.584311425685882568e-01 1.609966874122619629e+00 4.338597953319549561e-01 1.240216851234436035e+00 -4.878040254116058350e-01 -1.063162207603454590e+00 -7.041614055633544922e-01
-6.743552088737487793e-01 1.377457141876220703e+00 1.870256304740905762e+00 -8.203400969505310059e-01 1.892806291580200195e+00 -1.369317173957824707e+00 -6.207410097122192383e-01 -1.838091254234313965e+00 1.875933051109313965e+00 -1.384781152009963989e-01 -1.513629913330078125e+00 -1.495514869689941406e+00 -3.943974375724792480e-01 -4.905655682086944580e-01 1.844659447669982910e+00 4.846948981285095215e-01 1.489086389541625977e+00 -3.032979369163513184e-01 -1.481663346290588379e+00 -2.945523858070373535e-01
-7.178276181221008301e-01 1.110720992088317871e+00 2.048248529434204102e+00 -7.612650394439697266e-01 1.886349558830261230e+00 -1.319826602935791016e+00 -7.934980392456054688e-01 -1.757188558578491211e+00 1.850991606712341309e+00 7.424421608448028564e-03 -1.468786120414733887e+00 -1.767452955245971680e+00 -3.718366622924804688e-01 -5.558117628097534180e-01 1.964636683464050293e+00 6.064638495445251465e-01 1.646694898605346680e+00 -1.795193254947662354e-01 -1.660400390625000000e+00 4.996968433260917664e-03
-7.681701779365539551e-01 1.004895925521850586e+00 2.142803430557250977e+00 -8.226196169853210449e-01 1.909762144088745117e+00 -1.289942145347595215e+00 -9.269448518753051758e-01 -1.746631383895874023e+00 1.861136913299560547e+00 5.360110104084014893e-02 -1.399688482284545898e+00 -1.877163290977478027e+00 -4.072765111923217773e-01 -5.458929538726806641e-01 2.068648815155029297e+00 7.478402256965637207e-01 1.791456818580627441e+00 -1.252630650997161865e-01 -1.766306281089782715e+00 1.125858426094055176e-01
-7.988041043281555176e-01 9.320238232612609863e-01 2.194963932037353516e+00 -8.829512596130371094e-01 1.896572351455688477e+00 -1.262663245201110840e+00 -1.036450147628784180e+00 -1.715371370315551758e+00 1.863583445549011230e+00 8.804628252983093262e-02 -1.314733862876892090e+00 -1.925260066986083984e+00 -4.444021582603454590e-01 -5.193775296211242676e-01 2.129969835281372070e+00 8.625790476799011230e-01 1.892938494682312012e+00 -8.422428369522094727e-02 -1.832229852676391602e+00 1.847572326660156250e-01
-8.183568120002746582e-01 8.635112643241882324e-01 2.219787836074829102e+00 -9.454191327095031738e-01 1.856506586074829102e+00 -1.225843787193298340e+00 -1.126330018043518066e+00 -1.669878959655761719e+00 1.849349021911621094e+00 1.193647682666778564e-01 -1.218477606773376465e+00 -1.944847106933593750e+00 -4.803200364112854004e-01 -4.849202334880828857e-01 2.167923688888549805e+00 9.628461003303527832e-01 1.971518635749816895e+00 -4.866658151149749756e-02 -1.878062367439270020e+00 2.446267306804656982e-01
-8.258676528930664062e-01 7.940024733543395996e-01 2.216118574142456055e+00 -1.006792306900024414e+00 1.802413582801818848e+00 -1.186766028404235840e+00 -1.194317221641540527e+00 -1.613522410392761230e+00 1.817210912704467773e+00 1.452818065881729126e-01 -1.103234887123107910e+00 -1.934302091598510742e+00 -5.128461122512817383e-01 -4.428323805332183838e-01 2.185814142227172852e+00 1.057246923446655273e+00 2.026380300521850586e+00 -2.359562925994396210e-02 -1.898473620414733887e+00 2.918237149715423584e-01
-8.435261845588684082e-01 7.724540829658508301e-01 2.195047378540039062e+00 -1.053398847579956055e+00 1.759543657302856445e+00 -1.164456486701965332e+00 -1.253085017204284668e+00 -1.564507484436035156e+00 1.788344025611877441e+00 1.362971961498260498e-01 -9.967307448387145996e-01 -1.890536785125732422e+00 -5.391882061958312988e-01 -4.066939353942871094e-01 2.217172145843505859e+00 1.157341957092285156e+00 2.050831556320190430e+00 -2.717977948486804962e-02 -1.900928020477294922e+00 3.153458833694458008e-01
-8.869938850402832031e-01 8.123381733894348145e-01 2.153305530548095703e+00 -1.135608434677124023e+00 1.721981525421142578e+00 -1.152314424514770508e+00 -1.339022159576416016e+00 -1.548905372619628906e+00 1.757291913032531738e+00 1.365439146757125854e-01 -8.809623122215270996e-01 -1.842612624168395996e+00 -5.503240823745727539e-01 -3.289130926132202148e-01 2.262385845184326172e+00 1.263563156127929688e+00 2.094678401947021484e+00 -7.724534720182418823e-02 -1.895785331726074219e+00 3.147789835929870605e-01
-9.402425289154052734e-01 8.682311177253723145e-01 2.086547613143920898e+00 -1.215222835540771484e+00 1.655918955802917480e+00 -1.134034514427185059e+00 -1.425026655197143555e+00 -1.520589709281921387e+00 1.692085266113281250e+00 1.303808689117431641e-01 -7.468969821929931641e-01 -1.749328017234802246e+00 -5.566343665122985840e-01 -2.148285210132598877e-01 2.275253057479858398e+00 1.372874975204467773e+00 2.112819671630859375e+00 -1.322000324726104736e-01 -1.865047693252563477e+00 2.804284393787384033e-01
-1.001766800880432129e+00 9.213246703147888184e-01 1.961498737335205078e+00 -1.298029661178588867e+00 1.564646244049072266e+00 -1.070718407630920410e+00 -1.480392932891845703e+00 -1.462134957313537598e+00 1.587889194488525391e+00 9.036165475845336914e-02 -6.218731999397277832e-01 -1.590821027755737305e+00 -5.587459802627563477e-01 -5.810362100601196289e-02 2.234214067459106445e+00 1.472534656524658203e+00 2.097646236419677734e+00 -1.688687801361083984e-01 -1.793547034263610840e+00 2.107159197330474854e-01
-1.079035997390747070e+00 9.844285845756530762e-01 1.775042653083801270e+00 -1.423526763916015625e+00 1.445110797882080078e+00 -9.874526262283325195e-01 -1.460961341857910156e+00 -1.419194340705871582e+00 1.464636087417602539e+00 8.700251579284667969e-03 -5.111550688743591309e-01 -1.362846851348876953e+00 -5.448166131973266602e-01 1.646870374679565430e-01 2.126352787017822266e+00 1.552182912826538086e+00 2.068551778793334961e+00 -2.097605466842651367e-01 -1.670831561088562012e+00 8.642382174730300903e-02
-1.220390200614929199e+00 1.150716781616210938e+00 1.594413042068481445e+00 -1.649137735366821289e+00 1.342139124870300293e+00 -9.275755286216735840e-01 -1.399918913841247559e+00 -1.428549170494079590e+00 1.369720935821533203e+00 -1.628668010234832764e-01 -4.352389872074127197e-01 -1.052116513252258301e+00 -5.518322587013244629e-01 4.704123735427856445e-01 1.971980452537536621e+00 1.595531702041625977e+00 2.029069423675537109e+00 -2.908984422683715820e-01 -1.526906132698059082e+00 -9.654271602630615234e-02
-1.377063274383544922e+00 1.421486258506774902e+00 1.465763568878173828e+00 -1.843397855758666992e+00 1.377722620964050293e+00 -1.035575032234191895e+00 -1.224728703498840332e+00 -1.623512148857116699e+00 1.409369111061096191e+00 -4.044149518013000488e-01 -5.131217837333679199e-01 -7.671433687210083008e-01 -5.100844502449035645e-01 7.720237374305725098e-01 1.896264076232910156e+00 1.579457998275756836e+00 2.014765739440917969e+00 -4.349418878555297852e-01 -1.333517551422119141e+00 -3.781292438507080078e-01
-1.470314502716064453e+00 1.580152750015258789e+00 1.431953072547912598e+00 -1.907430887222290039e+00 1.463319659233093262e+00 -1.177240014076232910e+00 -9.876476526260375977e-01 -1.808918118476867676e+00 1.475157976150512695e+00 -6.197652816772460938e-01 -6.817455887794494629e-01 -5.539264082908630371e-01 -4.353432059288024902e-01 9.575172662734985352e-01 1.860263824462890625e+00 1.480784654617309570e+00 1.942466139793395996e+00 -5.283438563346862793e-01 -1.150030374526977539e+00 -6.029800176620483398e-01
-1.481528162956237793e+00 1.687056183815002441e+00 1.460581183433532715e+00 -1.839756965637207031e+00 1.564844489097595215e+00 -1.343668580055236816e+00 -7.894456386566162109e-01 -1.934845924377441406e+00 1.585797786712646484e+00 -8.027956485748291016e-01 -8.333196640014648438e-01 -4.458301663398742676e-01 -4.184520840644836426e-01 1.014547109603881836e+00 1.801460146903991699e+00 1.349224328994750977e+00 1.872746109962463379e+00 -5.534816980361938477e-01 -1.031772732734680176e+00 -7.278328537940979004e-01
-1.417228937149047852e+00 1.754243135452270508e+00 1.503031134605407715e+00 -1.753009319305419922e+00 1.718477249145507812e+00 -1.482339739799499512e+00 -6.319124698638916016e-01 -2.064026117324829102e+00 1.698191761970520020e+00 -8.826262354850769043e-01 -9.600629806518554688e-01 -4.372115731239318848e-01 -4.076347947120666504e-01 9.740899801254272461e-01 1.778962850570678711e+00 1.193304777145385742e+00 1.818063735961914062e+00 -5.985307097434997559e-01 -9.796502590179443359e-01 -7.972275614738464355e-01
-1.325203776359558105e+00 1.730436325073242188e+00 1.521430611610412598e+00 -1.588729858398437500e+00 1.850576996803283691e+00 -1.580208301544189453e+00 -4.668525755405426025e-01 -2.153967380523681641e+00 1.792559862136840820e+00 -9.127789139747619629e-01 -1.105008482933044434e+00 -4.905696213245391846e-01 -3.557515144348144531e-01 8.541700839996337891e-01 1.775686502456665039e+00 1.034322738647460938e+00 1.738626360893249512e+00 -6.051528453826904297e-01 -9.281388521194458008e-01 -7.988089919090270996e-01
-1.201866745948791504e+00 1.638029217720031738e+00 1.527154445648193359e+00 -1.403051614761352539e+00 1.919747948646545410e+00 -1.641435027122497559e+00 -2.955999076366424561e-01 -2.220590829849243164e+00 1.855729103088378906e+00 -8.442739844322204590e-01 -1.243304610252380371e+00 -6.230381727218627930e-01 -3.117173314094543457e-01 6.821427941322326660e-01 1.760006666183471680e+00 8.607313036918640137e-01 1.684833407402038574e+00 -5.914248228073120117e-01 -9.143102169036865234e-01 -7.563314437866210938e-01
-1.041581034660339355e+00 1.498552322387695312e+00 1.521061658859252930e+00 -1.227837800979614258e+00 1.920780658721923828e+00 -1.668397784233093262e+00 -1.666045188903808594e-01 -2.247739315032958984e+00 1.881114363670349121e+00 -6.800109744071960449e-01 -1.345418572425842285e+00 -8.099552392959594727e-01 -2.537879347801208496e-01 4.697351157665252686e-01 1.753725290298461914e+00 7.058470845222473145e-01 1.654440164566040039e+00 -5.621647238731384277e-01 -9.330239295959472656e-01 -6.770204901695251465e-01
-9.038969874382019043e-01 1.328285455703735352e+00 1.565955638885498047e+00 -1.085853576660156250e+00 1.917356014251708984e+00 -1.663703203201293945e+00 -1.191653013229370117e-01 -2.216948986053466797e+00 1.886655211448669434e+00 -4.747081398963928223e-01 -1.446135878562927246e+00 -1.042340755462646484e+00 -1.700469851493835449e-01 2.199887633323669434e-01 1.826746344566345215e+00 6.005437374114990234e-01 1.615741968154907227e+00 -5.403586626052856445e-01 -9.894718527793884277e-01 -5.411692857742309570e-01
-7.008689641952514648e-01 1.094657659530639648e+00 1.734456062316894531e+00 -9.288113713264465332e-01 1.980077862739562988e+00 -1.606687307357788086e+00 -1.697740405797958374e-01 -2.034862995147705078e+00 1.941114068031311035e+00 -2.679570317268371582e-01 -1.516422986984252930e+00 -1.361852049827575684e+00 -7.066567987203598022e-02 -1.752580702304840088e-01 1.964560747146606445e+00 5.711634159088134766e-01 1.586814045906066895e+00 -4.273411035537719727e-01 -1.117816686630249023e+00 -3.173971474170684814e-01
-5.895915627479553223e-01 9.189507961273193359e-01 1.994596242904663086e+00 -8.517718911170959473e-01 2.076186656951904297e+00 -1.461656332015991211e+00 -4.560175240039825439e-01 -1.792039155960083008e+00 1.995591163635253906e+00 -1.391826272010803223e-01 -1.465085148811340332e+00 -1.655944585800170898e+00 -6.822332739830017090e-02 -4.992605149745941162e-01 2.158706188201904297e+00 6.589707732200622559e-01 1.656553983688354492e+00 -2.361014485359191895e-01 -1.344486355781555176e+00 -8.274711668491363525e-03
-5.706366300582885742e-01 8.652281761169433594e-01 2.133965969085693359e+00 -8.842962980270385742e-01 2.158034324645996094e+00 -1.316348791122436523e+00 -7.857918739318847656e-01 -1.649898409843444824e+00 2.030365467071533203e+00 -7.747556269168853760e-02 -1.320335388183593750e+00 -1.825564742088317871e+00 -1.635974347591400146e-01 -6.699175238609313965e-01 2.299693822860717773e+00 8.367987275123596191e-01 1.799172401428222656e+00 -1.238958761096000671e-01 -1.554962635040283203e+00 1.680249720811843872e-01
-6.024724245071411133e-01 8.531558513641357422e-01 2.204079627990722656e+00 -9.048495292663574219e-01 2.186367034912109375e+00 -1.234026193618774414e+00 -1.019110202789306641e+00 -1.539539813995361328e+00 2.054413318634033203e+00 -9.554891288280487061e-02 -1.166205644607543945e+00 -1.878689289093017578e+00 -2.483571916818618774e-01 -7.157685160636901855e-01 2.396225452423095703e+00 1.005373239517211914e+00 1.899752974510192871e+00 -7.173569500446319580e-02 -1.665315389633178711e+00 2.737690210342407227e-01
-6.439390778541564941e-01 8.691232204437255859e-01 2.250558137893676758e+00 -9.305816292762756348e-01 2.176254272460937500e+00 -1.182099103927612305e+00 -1.161562323570251465e+00 -1.447880864143371582e+00 2.048498630523681641e+00 -1.234898418188095093e-01 -1.039882183074951172e+00 -1.866178631782531738e+00 -3.204765319824218750e-01 -7.135015726089477539e-01 2.451836347579956055e+00 1.144551038742065430e+00 1.948195219039916992e+00 -4.603793844580650330e-02 -1.734037995338439941e+00 3.030942380428314209e-01
-6.642772555351257324e-01 9.208332300186157227e-01 2.276978254318237305e+00 -9.535590410232543945e-01 2.156476020812988281e+00 -1.163612246513366699e+00 -1.235005617141723633e+00 -1.378448963165283203e+00 2.032281637191772461e+00 -1.557410955429077148e-01 -9.535154104232788086e-01 -1.806778550148010254e+00 -3.704609870910644531e-01 -7.040095925331115723e-01 2.469988107681274414e+00 1.226173877716064453e+00 1.938794612884521484e+00 -4.976415261626243591e-02 -1.757230758666992188e+00 2.754120230674743652e-01
-6.697946190834045410e-01 9.885023832321166992e-01 2.300491571426391602e+00 -9.691308140754699707e-01 2.108757495880126953e+00 -1.163366198539733887e+00 -1.253886461257934570e+00 -1.305556297302246094e+00 1.992066979408264160e+00 -1.965654790401458740e-01 -8.946225047111511230e-01 -1.704036116600036621e+00 -4.147551655769348145e-01 -6.973533034324645996e-01 2.457964897155761719e+00 1.278660535812377930e+00 1.877332091331481934e+00 -5.491974949836730957e-02 -1.751448392868041992e+00 1.953081935644149780e-01
-6.530346870422363281e-01 1.054300904273986816e+00 2.313424825668334961e+00 -9.512274265289306641e-01 2.017553806304931641e+00 -1.179791688919067383e+00 -1.214646816253662109e+00 -1.215492606163024902e+00 1.924364686012268066e+00 -2.414292246103286743e-01 -8.374842405319213867e-01 -1.569073677062988281e+00 -4.527365565299987793e-01 -6.821468472480773926e-01 2.390747308731079102e+00 1.307663202285766602e+00 1.761501431465148926e+00 -6.279632449150085449e-02 -1.724725246429443359e+00 8.075518906116485596e-02
-6.145748496055603027e-01 1.135943889617919922e+00 2.269907951354980469e+00 -9.054472446441650391e-01 1.838449239730834961e+00 -1.208755016326904297e+00 -1.059669494628906250e+00 -1.109767317771911621e+00 1.801544785499572754e+00 -3.013797402381896973e-01 -8.015529513359069824e-01 -1.353202819824218750e+00 -4.811851382255554199e-01 -6.542953252792358398e-01 2.232023000717163086e+00 1.271790981292724609e+00 1.547316312789916992e+00 -8.002629876136779785e-02 -1.631868004798889160e+00 -1.089352816343307495e-01
-5.916275978088378906e-01 1.362767338752746582e+00 2.150059461593627930e+00 -9.072610735893249512e-01 1.560366034507751465e+00 -1.273579597473144531e+00 -8.299335241317749023e-01 -1.051961302757263184e+00 1.661464571952819824e+00 -4.156481623649597168e-01 -7.925001978874206543e-01 -1.029362440109252930e+00 -4.898235797882080078e-01 -5.847684741020202637e-01 2.000972986221313477e+00 1.167358875274658203e+00 1.244522690773010254e+00 -1.419518887996673584e-01 -1.463714718818664551e+00 -4.200595021247863770e-01
-6.179153919219970703e-01 1.624933600425720215e+00 1.941169977188110352e+00 -8.875169754028320312e-01 1.282778024673461914e+00 -1.374639511108398438e+00 -5.703165531158447266e-01 -1.079102873802185059e+00 1.570480346679687500e+00 -5.610490441322326660e-01 -8.414419889450073242e-01 -7.171794176101684570e-01 -4.473416805267333984e-01 -3.991020321846008301e-01 1.774440646171569824e+00 9.875120520591735840e-01 9.907267093658447266e-01 -2.457899898290634155e-01 -1.221460223197937012e+00 -7.000157237052917480e-01
-7.172210812568664551e-01 1.789407849311828613e+00 1.801998257637023926e+00 -9.077685475349426270e-01 1.235724568367004395e+00 -1.463661313056945801e+00 -4.427010416984558105e-01 -1.218850493431091309e+00 1.635301470756530762e+00 -7.082934379577636719e-01 -8.973289132118225098e-01 -5.512660741806030273e-01 -3.958662152290344238e-01 -1.786599159240722656e-01 1.671676754951477051e+00 9.071540236473083496e-01 9.360718131065368652e-01 -3.288928270339965820e-01 -1.054392814636230469e+00 -8.363920450210571289e-01
-8.357128500938415527e-01 1.872238755226135254e+00 1.703088164329528809e+00 -9.357939958572387695e-01 1.292289853096008301e+00 -1.508798360824584961e+00 -3.853620588779449463e-01 -1.407637834548950195e+00 1.712059736251831055e+00 -8.188925981521606445e-01 -9.796933531761169434e-01 -4.966584742069244385e-01 -3.796862959861755371e-01 -4.886529594659805298e-02 1.644025444984436035e+00 8.370038270950317383e-01 9.554942250251770020e-01 -4.007796645164489746e-01 -9.683007001876831055e-01 -8.621675372123718262e-01
-8.821314573287963867e-01 1.836401700973510742e+00 1.622047424316406250e+00 -8.874326348304748535e-01 1.325227737426757812e+00 -1.446480751037597656e+00 -3.721699714660644531e-01 -1.476904749870300293e+00 1.743409395217895508e+00 -8.630626201629638672e-01 -1.031827569007873535e+00 -5.488801002502441406e-01 -3.511648178100585938e-01 -7.808993011713027954e-02 1.629858136177062988e+00 7.445232868194580078e-01 9.538629651069641113e-01 -4.063188731670379639e-01 -9.331438541412353516e-01 -7.702168226242065430e-01
-8.825501799583435059e-01 1.707984685897827148e+00 1.556003570556640625e+00 -7.853654026985168457e-01 1.363193750381469727e+00 -1.268164873123168945e+00 -4.590004980564117432e-01 -1.414691925048828125e+00 1.766741871833801270e+00 -8.444048762321472168e-01 -1.056529045104980469e+00 -7.313746213912963867e-01 -3.199849724769592285e-01 -2.208539247512817383e-01 1.664821147918701172e+00 6.929289102554321289e-01 1.010766983032226562e+00 -3.323073685169219971e-01 -9.672472476959228516e-01 -5.700204372406005859e-01
-8.371996283531188965e-01 1.555600643157958984e+00 1.528470754623413086e+00 -6.874265670776367188e-01 1.478726267814636230e+00 -1.038694620132446289e+00 -6.349771022796630859e-01 -1.259509325027465820e+00 1.821127891540527344e+00 -8.241894841194152832e-01 -1.029490709304809570e+00 -9.364075660705566406e-01 -2.970167398452758789e-01 -4.151061177253723145e-01 1.745446324348449707e+00 7.175057530403137207e-01 1.109146595001220703e+00 -2.248880863189697266e-01 -1.036400079727172852e+00 -3.444618284702301025e-01
-7.958104014396667480e-01 1.455716967582702637e+00 1.554237604141235352e+00 -6.286525130271911621e-01 1.589769959449768066e+00 -8.714661002159118652e-01 -8.381965160369873047e-01 -1.068068146705627441e+00 1.837643265724182129e+00 -8.343191146850585938e-01 -9.891670942306518555e-01 -1.003171443939208984e+00 -3.390582799911499023e-01 -5.330966711044311523e-01 1.796315908432006836e+00 7.814840674400329590e-01 1.150550127029418945e+00 -1.316191554069519043e-01 -1.091294169425964355e+00 -1.976584196090698242e-01
-7.909656167030334473e-01 1.422129750251770020e+00 1.616133570671081543e+00 -6.769729256629943848e-01 1.692080259323120117e+00 -7.934716939926147461e-01 -9.736258983612060547e-01 -9.778696298599243164e-01 1.863474965095520020e+00 -8.432219028472900391e-01 -9.285240173339843750e-01 -1.025698065757751465e+00 -4.015901088714599609e-01 -5.739856958389282227e-01 1.873148441314697266e+00 8.977530002593994141e-01 1.221501111984252930e+00 -7.921181619167327881e-02 -1.170949935913085938e+00 -1.583388000726699829e-01
-7.951534986495971680e-01 1.422458291053771973e+00 1.670260667800903320e+00 -7.158810496330261230e-01 1.765576720237731934e+00 -7.542769908905029297e-01 -1.046047806739807129e+00 -9.245695471763610840e-01 1.878411531448364258e+00 -8.624886274337768555e-01 -8.974941372871398926e-01 -1.011477351188659668e+00 -4.497038125991821289e-01 -5.996782183647155762e-01 1.934197783470153809e+00 9.929589629173278809e-01 1.242854356765747070e+00 -5.306751653552055359e-02 -1.220878362655639648e+00 -1.755057871341705322e-01
-8.158913850784301758e-01 1.461757540702819824e+00 1.725540518760681152e+00 -7.360427379608154297e-01 1.805261254310607910e+00 -7.516996860504150391e-01 -1.073233127593994141e+00 -9.030248522758483887e-01 1.886813879013061523e+00 -8.956251144409179688e-01 -9.134669899940490723e-01 -9.803986549377441406e-01 -4.974180459976196289e-01 -6.189299225807189941e-01 1.971880674362182617e+00 1.052863597869873047e+00 1.229090452194213867e+00 -4.267068579792976379e-02 -1.260870933532714844e+00 -2.282185703516006470e-01
-8.512297272682189941e-01 1.552236199378967285e+00 1.804396867752075195e+00 -7.478685379028320312e-01 1.818019628524780273e+00 -7.952103018760681152e-01 -1.077886939048767090e+00 -9.060178995132446289e-01 1.887933135032653809e+00 -9.438282251358032227e-01 -9.770906567573547363e-01 -9.276518821716308594e-01 -5.585845112800598145e-01 -6.313722133636474609e-01 1.991396069526672363e+00 1.084043979644775391e+00 1.190234422683715820e+00 -3.857478499412536621e-02 -1.306319713592529297e+00 -3.225032091140747070e-01
-8.957247734069824219e-01 1.691576957702636719e+00 1.898389220237731934e+00 -7.511400580406188965e-01 1.822302579879760742e+00 -8.774049282073974609e-01 -1.071357488632202148e+00 -9.301742911338806152e-01 1.856529712677001953e+00 -1.003004074096679688e+00 -1.079798340797424316e+00 -8.194136619567871094e-01 -6.435285806655883789e-01 -6.193827986717224121e-01 1.991607666015625000e+00 1.092907190322875977e+00 1.113470435142517090e+00 -4.702422022819519043e-02 -1.338988780975341797e+00 -4.838757812976837158e-01
-9.585540294647216797e-01 1.799973249435424805e+00 1.979120016098022461e+00 -7.677524089813232422e-01 1.805497407913208008e+00 -9.752987027168273926e-01 -1.037272810935974121e+00 -9.899844527244567871e-01 1.809670686721801758e+00 -1.037326693534851074e+00 -1.164628982543945312e+00 -7.097271680831909180e-01 -7.080036401748657227e-01 -5.823481082916259766e-01 2.009981870651245117e+00 1.108932018280029297e+00 1.041186332702636719e+00 -8.775787800550460815e-02 -1.357531428337097168e+00 -6.396864056587219238e-01
-1.000868439674377441e+00 1.865375041961669922e+00 2.042974233627319336e+00 -7.907567620277404785e-01 1.760625958442687988e+00 -1.082771897315979004e+00 -9.767856597900390625e-01 -1.051167130470275879e+00 1.747834086418151855e+00 -1.030419111251831055e+00 -1.210512280464172363e+00 -6.209479570388793945e-01 -7.451144456863403320e-01 -5.283067822456359863e-01 2.017128467559814453e+00 1.121637582778930664e+00 9.772840142250061035e-01 -1.289936304092407227e-01 -1.361020922660827637e+00 -7.643118500709533691e-01
-1.001972198486328125e+00 1.920000553131103516e+00 2.082832574844360352e+00 -8.175005316734313965e-01 1.711820840835571289e+00 -1.162506937980651855e+00 -9.476612806320190430e-01 -1.067222118377685547e+00 1.718047142028808594e+00 -9.897359013557434082e-01 -1.208060026168823242e+00 -5.991501808166503906e-01 -7.645013332366943359e-01 -4.901675283908843994e-01 2.002844095230102539e+00 1.141872882843017578e+00 9.625982046127319336e-01 -1.467967927455902100e-01 -1.378563284873962402e+00 -8.332049250602722168e-01
-9.634999632835388184e-01 1.914792537689208984e+00 2.121217250823974609e+00 -8.469223380088806152e-01 1.640844106674194336e+00 -1.202630519866943359e+00 -9.353328943252563477e-01 -1.050662398338317871e+00 1.692132711410522461e+00 -9.151523113250732422e-01 -1.154433131217956543e+00 -6.278169155120849609e-01 -7.836962342262268066e-01 -4.871113002300262451e-01 1.985718250274658203e+00 1.147133827209472656e+00 9.812957644462585449e-01 -1.559816002845764160e-01 -1.413492798805236816e+00 -8.305834531784057617e-01
-8.862323760986328125e-01 1.834189414978027344e+00 2.177655935287475586e+00 -8.730300068855285645e-01 1.573512792587280273e+00 -1.214714646339416504e+00 -9.410352706909179688e-01 -1.019883155822753906e+00 1.692132234573364258e+00 -8.047837615013122559e-01 -1.076509118080139160e+00 -7.213785648345947266e-01 -7.883824706077575684e-01 -5.340542793273925781e-01 1.993872880935668945e+00 1.132923126220703125e+00 1.027791023254394531e+00 -1.573082357645034790e-01 -1.464447855949401855e+00 -7.333074808120727539e-01
-7.964591979980468750e-01 1.641868472099304199e+00 2.258205652236938477e+00 -9.189063906669616699e-01 1.657001256942749023e+00 -1.179531812667846680e+00 -1.037061214447021484e+00 -1.019864678382873535e+00 1.695157408714294434e+00 -6.518284678459167480e-01 -9.667340517044067383e-01 -8.844088315963745117e-01 -7.710645198822021484e-01 -5.910544395446777344e-01 2.098140478134155273e+00 1.174129009246826172e+00 1.156736850738525391e+00 -1.276535987854003906e-01 -1.532714486122131348e+00 -5.326659679412841797e-01
-7.489942312240600586e-01 1.454192757606506348e+00 2.304020643234252930e+00 -9.832389950752258301e-01 1.768652915954589844e+00 -1.140435099601745605e+00 -1.284866929054260254e+00 -1.062454223632812500e+00 1.692265391349792480e+00 -4.809222221374511719e-01 -7.985646128654479980e-01 -1.050611853599548340e+00 -7.452712059020996094e-01 -5.881426334381103516e-01 2.222039222717285156e+00 1.244312286376953125e+00 1.352196574211120605e+00 -9.951047599315643311e-02 -1.617629528045654297e+00 -2.495897859334945679e-01
-7.376741766929626465e-01 1.299027442932128906e+00 2.229214191436767578e+00 -1.061974763870239258e+00 1.851063132286071777e+00 -1.065698027610778809e+00 -1.502613306045532227e+00 -1.081757664680480957e+00 1.759027004241943359e+00 -3.618072271347045898e-01 -6.486920714378356934e-01 -1.210261702537536621e+00 -6.677079796791076660e-01 -5.410532355308532715e-01 2.304195404052734375e+00 1.326971769332885742e+00 1.593949317932128906e+00 -6.276808679103851318e-02 -1.646377921104431152e+00 1.135714352130889893e-03
-7.698318362236022949e-01 1.252971172332763672e+00 2.148771524429321289e+00 -1.118573188781738281e+00 1.912707924842834473e+00 -1.027333259582519531e+00 -1.617267727851867676e+00 -1.129702925682067871e+00 1.796779990196228027e+00 -3.140744566917419434e-01 -5.700896978378295898e-01 -1.286565065383911133e+00 -6.216558218002319336e-01 -4.831558763980865479e-01 2.340160369873046875e+00 1.371143341064453125e+00 1.756594300270080566e+00 -4.682644084095954895e-02 -1.641817927360534668e+00 1.048359274864196777e-01
-7.760311961174011230e-01 1.278271675109863281e+00 2.106850624084472656e+00 -1.145883321762084961e+00 1.969543695449829102e+00 -1.027082562446594238e+00 -1.666081786155700684e+00 -1.160569906234741211e+00 1.850429892539978027e+00 -3.144202232360839844e-01 -5.320767760276794434e-01 -1.314103841781616211e+00 -6.006923317909240723e-01 -4.508351385593414307e-01 2.351933479309082031e+00 1.386454582214355469e+00 1.837323904037475586e+00 -5.325403437018394470e-02 -1.635748267173767090e+00 1.249392628669738770e-01
-7.515550851821899414e-01 1.314899325370788574e+00 2.090442657470703125e+00 -1.157832145690917969e+00 2.011860847473144531e+00 -1.036489725112915039e+00 -1.662086844444274902e+00 -1.172325730323791504e+00 1.913463711738586426e+00 -3.281906247138977051e-01 -5.289771556854248047e-01 -1.322665452957153320e+00 -5.950173139572143555e-01 -4.500404298305511475e-01 2.343732595443725586e+00 1.369761705398559570e+00 1.863171815872192383e+00 -5.321081355214118958e-02 -1.620652198791503906e+00 1.052461713552474976e-01
-6.805439591407775879e-01 1.361463546752929688e+00 2.093282461166381836e+00 -1.158325910568237305e+00 2.033275604248046875e+00 -1.047118067741394043e+00 -1.609302997589111328e+00 -1.148317933082580566e+00 1.974798440933227539e+00 -3.484265804290771484e-01 -5.493674278259277344e-01 -1.306502223014831543e+00 -6.111475825309753418e-01 -4.797358214855194092e-01 2.300494670867919922e+00 1.309686183929443359e+00 1.843239307403564453e+00 -4.034718498587608337e-02 -1.594356656074523926e+00 3.923543170094490051e-02
-5.122214555740356445e-01 1.445707440376281738e+00 2.115213394165039062e+00 -1.135378360748291016e+00 2.056606054306030273e+00 -1.087725877761840820e+00 -1.463939189910888672e+00 -1.095877528190612793e+00 2.069937467575073242e+00 -3.819072246551513672e-01 -6.215401291847229004e-01 -1.256256103515625000e+00 -6.353645324707031250e-01 -5.641067624092102051e-01 2.205430030822753906e+00 1.179916858673095703e+00 1.762942075729370117e+00 -2.611539885401725769e-02 -1.545480608940124512e+00 -1.288215517997741699e-01
-2.914338111877441406e-01 1.570157527923583984e+00 2.072080135345458984e+00 -1.137055397033691406e+00 1.978367805480957031e+00 -1.191113471984863281e+00 -1.008342862129211426e+00 -1.081573009490966797e+00 2.156632661819458008e+00 -4.501142501831054688e-01 -8.500915765762329102e-01 -1.107347249984741211e+00 -6.401392221450805664e-01 -6.630507707595825195e-01 2.053088188171386719e+00 9.334251880645751953e-01 1.557831525802612305e+00 -9.354478120803833008e-02 -1.422301173210144043e+00 -4.864756762981414795e-01
-4.505661129951477051e-01 1.736536979675292969e+00 1.950501799583435059e+00 -1.060219407081604004e+00 1.781739354133605957e+00 -1.396560788154602051e+00 -5.127021074295043945e-01 -1.340768218040466309e+00 2.022265434265136719e+00 -5.376423001289367676e-01 -1.187586665153503418e+00 -8.796622753143310547e-01 -6.410002708435058594e-01 -4.610587656497955322e-01 1.862069725990295410e+00 7.378585338592529297e-01 1.330466508865356445e+00 -2.396124303340911865e-01 -1.301980257034301758e+00 -9.151417613029479980e-01
-7.126490473747253418e-01 1.831617593765258789e+00 1.818407416343688965e+00 -1.083283662796020508e+00 1.769084572792053223e+00 -1.594162106513977051e+00 -3.081558942794799805e-01 -1.709541320800781250e+00 1.915379285812377930e+00 -6.600754857063293457e-01 -1.285699605941772461e+00 -6.931885480880737305e-01 -6.104453206062316895e-01 -9.210538119077682495e-02 1.789603829383850098e+00 7.626264691352844238e-01 1.317347288131713867e+00 -3.997537493705749512e-01 -1.170921564102172852e+00 -1.114019989967346191e+00
-8.990259170532226562e-01 1.849247217178344727e+00 1.798010230064392090e+00 -1.117907762527465820e+00 1.796061754226684570e+00 -1.688984990119934082e+00 -2.519001662731170654e-01 -1.912988066673278809e+00 1.874685168266296387e+00 -7.479944229125976562e-01 -1.320444226264953613e+00 -6.527343988418579102e-01 -5.690815448760986328e-01 1.415575444698333740e-01 1.791344642639160156e+00 7.940591573715209961e-01 1.378718376159667969e+00 -4.526615738868713379e-01 -1.113061308860778809e+00 -1.100141763687133789e+00
-1.014078617095947266e+00 1.807084560394287109e+00 1.787900924682617188e+00 -1.131249904632568359e+00 1.803910017013549805e+00 -1.726692438125610352e+00 -2.331999689340591431e-01 -2.019526481628417969e+00 1.824363112449645996e+00 -7.835176587104797363e-01 -1.339041233062744141e+00 -6.392889022827148438e-01 -5.306951403617858887e-01 2.834471464157104492e-01 1.815391898155212402e+00 8.234165906906127930e-01 1.419615983963012695e+00 -4.772070944309234619e-01 -1.076754570007324219e+00 -1.042614579200744629e+00
-1.136239051818847656e+00 1.724939942359924316e+00 1.756022095680236816e+00 -1.152641296386718750e+00 1.779734969139099121e+00 -1.725592255592346191e+00 -2.261997312307357788e-01 -2.079251289367675781e+00 1.768663763999938965e+00 -8.180573582649230957e-01 -1.334209442138671875e+00 -6.207990646362304688e-01 -4.910681843757629395e-01 4.248658716678619385e-01 1.836230516433715820e+00 8.750492334365844727e-01 1.460074543952941895e+00 -4.930661022663116455e-01 -1.043792963027954102e+00 -9.547226428985595703e-01
-1.263845920562744141e+00 1.623453021049499512e+00 1.700813889503479004e+00 -1.182311773300170898e+00 1.736645102500915527e+00 -1.685692310333251953e+00 -2.382231950759887695e-01 -2.099032640457153320e+00 1.687749505043029785e+00 -8.631745576858520508e-01 -1.305812120437622070e+00 -5.783885717391967773e-01 -4.529625177383422852e-01 5.903812646865844727e-01 1.833619236946105957e+00 9.430763721466064453e-01 1.498297810554504395e+00 -4.923696219921112061e-01 -9.978658556938171387e-01 -8.547614812850952148e-01
-1.410917401313781738e+00 1.519106984138488770e+00 1.617334008216857910e+00 -1.244220256805419922e+00 1.685407996177673340e+00 -1.599609613418579102e+00 -2.960177361965179443e-01 -2.076597929000854492e+00 1.575140118598937988e+00 -9.181978702545166016e-01 -1.236738204956054688e+00 -5.102759599685668945e-01 -4.215268492698669434e-01 7.931730747222900391e-01 1.814460635185241699e+00 1.031208276748657227e+00 1.542403578758239746e+00 -4.948687851428985596e-01 -9.406422376632690430e-01 -7.385594844818115234e-01
-1.557431697845458984e+00 1.400669932365417480e+00 1.512870907783508301e+00 -1.294362068176269531e+00 1.649953603744506836e+00 -1.435027003288269043e+00 -4.836831688880920410e-01 -1.960153579711914062e+00 1.459883332252502441e+00 -9.810961484909057617e-01 -1.095915436744689941e+00 -4.246765673160552979e-01 -3.878209590911865234e-01 9.924246072769165039e-01 1.797477483749389648e+00 1.163014888763427734e+00 1.587662458419799805e+00 -4.701436460018157959e-01 -8.829412460327148438e-01 -5.625542402267456055e-01
-1.632692933082580566e+00 1.335474014282226562e+00 1.427364945411682129e+00 -1.327266693115234375e+00 1.661938428878784180e+00 -1.249726653099060059e+00 -7.903105020523071289e-01 -1.797226071357727051e+00 1.429790496826171875e+00 -9.855496883392333984e-01 -8.931692242622375488e-01 -3.992058038711547852e-01 -3.391478061676025391e-01 1.110484242439270020e+00 1.791439175605773926e+00 1.332872867584228516e+00 1.689892649650573730e+00 -4.066005051136016846e-01 -8.612341284751892090e-01 -4.062711298465728760e-01
-1.640134692192077637e+00 1.418439388275146484e+00 1.382364511489868164e+00 -1.361733436584472656e+00 1.760677218437194824e+00 -1.142679333686828613e+00 -1.108613491058349609e+00 -1.646236777305603027e+00 1.554347515106201172e+00 -1.032080054283142090e+00 -7.386176586151123047e-01 -3.936964571475982666e-01 -3.075083494186401367e-01 1.124366879463195801e+00 1.829786777496337891e+00 1.499449253082275391e+00 1.803555846214294434e+00 -3.604111671447753906e-01 -8.666062951087951660e-01 -3.262394368648529053e-01
-1.606138110160827637e+00 1.507788181304931641e+00 1.346793413162231445e+00 -1.405478715896606445e+00 1.826310396194458008e+00 -1.073835492134094238e+00 -1.328459858894348145e+00 -1.540456175804138184e+00 1.663456439971923828e+00 -1.046702623367309570e+00 -6.303279995918273926e-01 -3.970724940299987793e-01 -2.990303039550781250e-01 1.093203306198120117e+00 1.846223473548889160e+00 1.594022274017333984e+00 1.867305755615234375e+00 -3.303053379058837891e-01 -8.718026280403137207e-01 -2.846446335315704346e-01
-1.552552580833435059e+00 1.604466319084167480e+00 1.328320741653442383e+00 -1.480675220489501953e+00 1.877665758132934570e+00 -1.032875657081604004e+00 -1.457252621650695801e+00 -1.481794118881225586e+00 1.752967119216918945e+00 -1.045167565345764160e+00 -5.560912489891052246e-01 -3.894649744033813477e-01 -3.041377663612365723e-01 1.058654189109802246e+00 1.849904417991638184e+00 1.639563560485839844e+00 1.898674488067626953e+00 -3.206330239772796631e-01 -8.785703182220458984e-01 -2.979067265987396240e-01
-1.519127845764160156e+00 1.717287182807922363e+00 1.326548099517822266e+00 -1.548169612884521484e+00 1.899743437767028809e+00 -1.027629852294921875e+00 -1.530235171318054199e+00 -1.454480886459350586e+00 1.817604780197143555e+00 -1.056052446365356445e+00 -5.122158527374267578e-01 -3.689341843128204346e-01 -3.314400911331176758e-01 1.041031479835510254e+00 1.834245324134826660e+00 1.657143831253051758e+00 1.915675878524780273e+00 -3.196612894535064697e-01 -8.929972052574157715e-01 -3.506653904914855957e-01
-1.483888268470764160e+00 1.855240106582641602e+00 1.325905680656433105e+00 -1.620033025741577148e+00 1.916207194328308105e+00 -1.062320351600646973e+00 -1.549984455108642578e+00 -1.467249035835266113e+00 1.880818963050842285e+00 -1.070651650428771973e+00 -4.930314123630523682e-01 -3.394318222999572754e-01 -3.514842391014099121e-01 1.022357225418090820e+00 1.819261312484741211e+00 1.644854545593261719e+00 1.924316287040710449e+00 -3.478746116161346436e-01 -9.017755389213562012e-01 -4.443218111991882324e-01
-1.421615958213806152e+00 2.003567457199096680e+00 1.332352757453918457e+00 -1.716645240783691406e+00 1.931425094604492188e+00 -1.116438388824462891e+00 -1.505935907363891602e+00 -1.511504292488098145e+00 1.950939536094665527e+00 -1.075424551963806152e+00 -5.122021436691284180e-01 -3.025050759315490723e-01 -3.648735880851745605e-01 9.885184168815612793e-01 1.796374320983886719e+00 1.581722259521484375e+00 1.907008647918701172e+00 -3.906359076499938965e-01 -9.025241732597351074e-01 -5.707005858421325684e-01
-1.293286919593811035e+00 2.114328622817993164e+00 1.333696722984313965e+00 -1.807335853576660156e+00 1.924430131912231445e+00 -1.174368143081665039e+00 -1.350198149681091309e+00 -1.560446739196777344e+00 2.004319190979003906e+00 -1.052372097969055176e+00 -5.741823315620422363e-01 -2.605023384094238281e-01 -3.584980964660644531e-01 8.937041759490966797e-01 1.754153132438659668e+00 1.438197135925292969e+00 1.825242280960083008e+00 -4.545349776744842529e-01 -8.865020871162414551e-01 -7.301838397979736328e-01
-1.060010790824890137e+00 2.149518013000488281e+00 1.318081378936767578e+00 -1.800428867340087891e+00 1.847975492477416992e+00 -1.205398678779602051e+00 -1.008825659751892090e+00 -1.580410957336425781e+00 2.001370668411254883e+00 -9.876239299774169922e-01 -7.294074296951293945e-01 -2.386111915111541748e-01 -3.337467312812805176e-01 6.347562670707702637e-01 1.682448148727416992e+00 1.162012815475463867e+00 1.599005937576293945e+00 -5.289424061775207520e-01 -8.634504675865173340e-01 -9.236098527908325195e-01
-7.103795409202575684e-01 1.910452961921691895e+00 1.260138154029846191e+00 -1.508558034896850586e+00 1.692598700523376465e+00 -1.173118233680725098e+00 -5.526865720748901367e-01 -1.498560786247253418e+00 1.862621903419494629e+00 -7.969649434089660645e-01 -8.876680135726928711e-01 -3.222957253456115723e-01 -2.284484952688217163e-01 1.967877447605133057e-01 1.589000344276428223e+00 7.950306534767150879e-01 1.236719131469726562e+00 -5.255788564682006836e-01 -7.970951795578002930e-01 -9.843927621841430664e-01
-4.194177687168121338e-01 1.627785801887512207e+00 1.458888769149780273e+00 -1.138897418975830078e+00 1.663227677345275879e+00 -1.266485691070556641e+00 -3.015949130058288574e-01 -1.475534319877624512e+00 1.855295181274414062e+00 -5.087165832519531250e-01 -1.072478890419006348e+00 -7.759863138198852539e-01 -2.328459471464157104e-01 -3.347939848899841309e-01 1.683150291442871094e+00 5.866264104843139648e-01 1.183121323585510254e+00 -4.332935810089111328e-01 -1.004175186157226562e+00 -8.124317526817321777e-01
-4.099454879760742188e-01 1.377125740051269531e+00 1.762797951698303223e+00 -9.962503910064697266e-01 1.737588286399841309e+00 -1.346938371658325195e+00 -2.828944325447082520e-01 -1.537336230278015137e+00 1.904499650001525879e+00 -3.286458849906921387e-01 -1.250350832939147949e+00 -1.183671712875366211e+00 -2.049020975828170776e-01 -5.886805653572082520e-01 1.881059169769287109e+00 6.010439991950988770e-01 1.271632313728332520e+00 -3.228853940963745117e-01 -1.239297032356262207e+00 -5.548199415206909180e-01
-5.231955647468566895e-01 1.234060645103454590e+00 1.961804151535034180e+00 -9.387117624282836914e-01 1.821605086326599121e+00 -1.369132518768310547e+00 -3.773192465305328369e-01 -1.614194273948669434e+00 1.939087867736816406e+00 -2.478638440370559692e-01 -1.356943845748901367e+00 -1.449939012527465820e+00 -2.305057793855667114e-01 -6.614885330200195312e-01 2.048735380172729492e+00 6.948503255844116211e-01 1.424558877944946289e+00 -2.648337483406066895e-01 -1.433444619178771973e+00 -3.638863265514373779e-01
-6.115323305130004883e-01 1.110922455787658691e+00 2.099665641784667969e+00 -8.899223804473876953e-01 1.880676150321960449e+00 -1.342933773994445801e+00 -4.897602796554565430e-01 -1.639998197555541992e+00 1.937324047088623047e+00 -1.903186738491058350e-01 -1.404556035995483398e+00 -1.627678632736206055e+00 -2.776181101799011230e-01 -7.142419219017028809e-01 2.166416883468627930e+00 7.909817099571228027e-01 1.544284820556640625e+00 -2.048876285552978516e-01 -1.581553339958190918e+00 -2.227690964937210083e-01
-6.831471323966979980e-01 9.990651607513427734e-01 2.189668893814086914e+00 -8.362673521041870117e-01 1.910370230674743652e+00 -1.286281943321228027e+00 -6.141571998596191406e-01 -1.613688588142395020e+00 1.914111018180847168e+00 -1.526933312416076660e-01 -1.401350855827331543e+00 -1.737339854240417480e+00 -3.291292190551757812e-01 -7.430766224861145020e-01 2.230804443359375000e+00 8.870131969451904297e-01 1.626992702484130859e+00 -1.361358761787414551e-01 -1.685595035552978516e+00 -1.121602952480316162e-01
-7.524393796920776367e-01 9.077091217041015625e-01 2.259767770767211914e+00 -7.750840783119201660e-01 1.938613295555114746e+00 -1.216356277465820312e+00 -7.841571569442749023e-01 -1.537900447845458984e+00 1.891025424003601074e+00 -1.455778777599334717e-01 -1.342525362968444824e+00 -1.779381871223449707e+00 -3.797401785850524902e-01 -7.423779368400573730e-01 2.266903162002563477e+00 1.009388685226440430e+00 1.679252028465270996e+00 -4.661545157432556152e-02 -1.748751997947692871e+00 -2.482247352600097656e-02
-8.437787890434265137e-01 8.806037902832031250e-01 2.312102079391479492e+00 -7.558743357658386230e-01 1.979541420936584473e+00 -1.136946797370910645e+00 -1.032373428344726562e+00 -1.428685665130615234e+00 1.872390508651733398e+00 -1.802874654531478882e-01 -1.208997011184692383e+00 -1.755295515060424805e+00 -4.637398123741149902e-01 -6.750767827033996582e-01 2.300665140151977539e+00 1.178689002990722656e+00 1.744514465332031250e+00 3.191728144884109497e-02 -1.799399256706237793e+00 4.534316062927246094e-02
-9.453032612800598145e-01 9.278302788734436035e-01 2.283698081970214844e+00 -7.394627928733825684e-01 1.951164245605468750e+00 -1.044493675231933594e+00 -1.390613317489624023e+00 -1.262754797935485840e+00 1.787872314453125000e+00 -2.239520847797393799e-01 -9.354807138442993164e-01 -1.601237654685974121e+00 -5.710286498069763184e-01 -5.144938230514526367e-01 2.264369249343872070e+00 1.362761020660400391e+00 1.761971354484558105e+00 7.906882464885711670e-02 -1.795713901519775391e+00 1.030244082212448120e-01
-1.034269571304321289e+00 1.095529079437255859e+00 2.073053121566772461e+00 -8.379019498825073242e-01 1.841493725776672363e+00 -9.524334073066711426e-01 -1.739846467971801758e+00 -1.065111041069030762e+00 1.624838232994079590e+00 -3.226854801177978516e-01 -5.482230186462402344e-01 -1.201626300811767578e+00 -6.223409771919250488e-01 -1.886381208896636963e-01 2.129208564758300781e+00 1.555463314056396484e+00 1.693872570991516113e+00 4.752435535192489624e-02 -1.656990408897399902e+00 6.093010306358337402e-02
-1.184979081153869629e+00 1.414260268211364746e+00 1.702176809310913086e+00 -1.107442617416381836e+00 1.693931579589843750e+00 -8.955617547035217285e-01 -1.914466500282287598e+00 -1.017658829689025879e+00 1.476286649703979492e+00 -5.053478479385375977e-01 -3.236319720745086670e-01 -6.835728883743286133e-01 -6.050271391868591309e-01 3.094853460788726807e-01 1.930903673171997070e+00 1.686957597732543945e+00 1.623151063919067383e+00 -4.767838865518569946e-02 -1.354952216148376465e+00 -1.481383740901947021e-01
-1.326162815093994141e+00 1.841993093490600586e+00 1.563772201538085938e+00 -1.385270833969116211e+00 1.793805718421936035e+00 -1.037858605384826660e+00 -1.903573870658874512e+00 -1.174045443534851074e+00 1.626209378242492676e+00 -8.056661486625671387e-01 -3.983619213104248047e-01 -3.264580368995666504e-01 -6.207886338233947754e-01 7.207851409912109375e-01 1.837352871894836426e+00 1.688153505325317383e+00 1.686810374259948730e+00 -1.754133254289627075e-01 -1.139608740806579590e+00 -4.360556900501251221e-01
-1.436398148536682129e+00 2.066632032394409180e+00 1.518430113792419434e+00 -1.567490577697753906e+00 1.841650247573852539e+00 -1.204073071479797363e+00 -1.725291132926940918e+00 -1.385020256042480469e+00 1.766535758972167969e+00 -9.848858118057250977e-01 -5.178565382957458496e-01 -1.987123489379882812e-01 -6.233409643173217773e-01 9.432714581489562988e-01 1.812880873680114746e+00 1.609013080596923828e+00 1.760905504226684570e+00 -3.212148547172546387e-01 -1.033458709716796875e+00 -6.048576831817626953e-01
-1.484629273414611816e+00 2.166773557662963867e+00 1.496391534805297852e+00 -1.705223083496093750e+00 1.850373864173889160e+00 -1.296804785728454590e+00 -1.527273297309875488e+00 -1.544808030128479004e+00 1.845218181610107422e+00 -1.076570034027099609e+00 -6.151637434959411621e-01 -1.604314744472503662e-01 -6.011531352996826172e-01 1.072087407112121582e+00 1.789674282073974609e+00 1.501600503921508789e+00 1.805387377738952637e+00 -4.107500314712524414e-01 -9.724096059799194336e-01 -6.892421841621398926e-01
-1.489609360694885254e+00 2.186668157577514648e+00 1.465640425682067871e+00 -1.789738655090332031e+00 1.857881903648376465e+00 -1.342161655426025391e+00 -1.338140726089477539e+00 -1.674596548080444336e+00 1.893385529518127441e+00 -1.109221696853637695e+00 -6.842727661132812500e-01 -1.720052957534790039e-01 -5.598227381706237793e-01 1.133265614509582520e+00 1.769811153411865234e+00 1.400537967681884766e+00 1.839257836341857910e+00 -4.834715127944946289e-01 -9.349773526191711426e-01 -7.357927560806274414e-01
-1.458983421325683594e+00 2.147840499877929688e+00 1.406351208686828613e+00 -1.819537639617919922e+00 1.867805838584899902e+00 -1.363701343536376953e+00 -1.141442060470581055e+00 -1.780245065689086914e+00 1.922876119613647461e+00 -1.109582304954528809e+00 -7.407432198524475098e-01 -2.031149715185165405e-01 -4.829496145248413086e-01 1.156433224678039551e+00 1.740204453468322754e+00 1.287554740905761719e+00 1.852917313575744629e+00 -5.490363836288452148e-01 -8.832378387451171875e-01 -7.531780600547790527e-01
-1.423215270042419434e+00 2.059494495391845703e+00 1.353137254714965820e+00 -1.788954734802246094e+00 1.890061020851135254e+00 -1.368679285049438477e+00 -9.557833671569824219e-01 -1.869944214820861816e+00 1.934775114059448242e+00 -1.096758484840393066e+00 -7.897495627403259277e-01 -2.602537274360656738e-01 -4.023115634918212891e-01 1.152216196060180664e+00 1.714681506156921387e+00 1.185369968414306641e+00 1.861751914024353027e+00 -5.925483107566833496e-01 -8.426778912544250488e-01 -7.369720339775085449e-01
-1.379559993743896484e+00 1.864793062210083008e+00 1.305672049522399902e+00 -1.682712554931640625e+00 1.948572874069213867e+00 -1.339522004127502441e+00 -7.549484968185424805e-01 -1.931036949157714844e+00 1.936259269714355469e+00 -1.087599754333496094e+00 -8.807693123817443848e-01 -3.478189110755920410e-01 -2.885798215866088867e-01 1.084304213523864746e+00 1.715116262435913086e+00 1.098848342895507812e+00 1.848920345306396484e+00 -5.951824784278869629e-01 -7.959430217742919922e-01 -6.828562617301940918e-01
-1.320859551429748535e+00 1.600128054618835449e+00 1.288060665130615234e+00 -1.507061481475830078e+00 2.009186267852783203e+00 -1.291963815689086914e+00 -5.802754163742065430e-01 -1.937351346015930176e+00 1.910183310508728027e+00 -1.060344457626342773e+00 -1.006876349449157715e+00 -4.317102134227752686e-01 -1.690319031476974487e-01 9.570840001106262207e-01 1.722559094429016113e+00 1.026458263397216797e+00 1.778439402580261230e+00 -5.409010052680969238e-01 -7.385433316230773926e-01 -6.128004193305969238e-01
-1.235194802284240723e+00 1.276733756065368652e+00 1.268465757369995117e+00 -1.264470100402832031e+00 2.023774623870849609e+00 -1.207071661949157715e+00 -4.816576242446899414e-01 -1.860139727592468262e+00 1.835652709007263184e+00 -9.679436087608337402e-01 -1.094861030578613281e+00 -5.449919700622558594e-01 -7.778903841972351074e-02 7.674462199211120605e-01 1.738803744316101074e+00 9.875009655952453613e-01 1.689828038215637207e+00 -4.421570897102355957e-01 -7.079573869705200195e-01 -4.960097372531890869e-01
-1.078833818435668945e+00 9.318079948425292969e-01 1.260440468788146973e+00 -9.488073587417602539e-01 2.001706600189208984e+00 -1.080498933792114258e+00 -4.166191518306732178e-01 -1.714697241783142090e+00 1.741877317428588867e+00 -7.951696515083312988e-01 -1.157693147659301758e+00 -7.277648448944091797e-01 -7.712215185165405273e-03 4.757194519042968750e-01 1.729731559753417969e+00 9.413607120513916016e-01 1.593948483467102051e+00 -2.997526228427886963e-01 -7.160124182701110840e-01 -3.740446567535400391e-01
-9.599307179450988770e-01 7.398897409439086914e-01 1.440745949745178223e+00 -7.149273753166198730e-01 2.081840991973876953e+00 -1.042418479919433594e+00 -4.574450552463531494e-01 -1.618037223815917969e+00 1.811049938201904297e+00 -6.469264030456542969e-01 -1.233619213104248047e+00 -1.020858049392700195e+00 5.120872706174850464e-02 7.344692200422286987e-02 1.884433746337890625e+00 9.862253665924072266e-01 1.540335178375244141e+00 -2.113953530788421631e-01 -8.510306477546691895e-01 -2.695816159248352051e-01
-8.391187787055969238e-01 6.346256732940673828e-01 1.621012210845947266e+00 -5.802387595176696777e-01 2.105310916900634766e+00 -9.963564872741699219e-01 -5.356668233871459961e-01 -1.488039016723632812e+00 1.849956393241882324e+00 -5.102146267890930176e-01 -1.238598465919494629e+00 -1.243187546730041504e+00 6.483469903469085693e-02 -2.649162709712982178e-01 2.004628419876098633e+00 1.026304006576538086e+00 1.474386215209960938e+00 -1.384834796190261841e-01 -1.000613451004028320e+00 -1.861714720726013184e-01
-7.894617915153503418e-01 6.440709233283996582e-01 1.860407352447509766e+00 -5.509580373764038086e-01 2.136755466461181641e+00 -9.842971563339233398e-01 -6.967434883117675781e-01 -1.403872489929199219e+00 1.882650494575500488e+00 -4.153594374656677246e-01 -1.217194914817810059e+00 -1.428186774253845215e+00 -2.280485630035400391e-02 -4.929656684398651123e-01 2.119911909103393555e+00 1.070046186447143555e+00 1.482383966445922852e+00 -6.346774846315383911e-02 -1.217849612236022949e+00 -8.095844089984893799e-02
-8.077807426452636719e-01 7.211630344390869141e-01 2.039671182632446289e+00 -5.970417261123657227e-01 2.153418064117431641e+00 -1.007219433784484863e+00 -8.677783012390136719e-01 -1.408404827117919922e+00 1.895176768302917480e+00 -3.374887108802795410e-01 -1.196226596832275391e+00 -1.574282526969909668e+00 -1.817887425422668457e-01 -6.258614659309387207e-01 2.210717916488647461e+00 1.119241714477539062e+00 1.548816680908203125e+00 -4.544774442911148071e-02 -1.443889260292053223e+00 1.210317015647888184e-02
-8.174664974212646484e-01 8.196417093276977539e-01 2.177195072174072266e+00 -6.737185716629028320e-01 2.144196987152099609e+00 -1.049974560737609863e+00 -1.007535457611083984e+00 -1.414457798004150391e+00 1.893628358840942383e+00 -2.670877575874328613e-01 -1.161420226097106934e+00 -1.662087082862854004e+00 -3.333451151847839355e-01 -6.857048273086547852e-01 2.277303457260131836e+00 1.152014493942260742e+00 1.622412919998168945e+00 -5.387786775827407837e-02 -1.626452684402465820e+00 6.877335906028747559e-02
-8.188782334327697754e-01 9.457402229309082031e-01 2.308823347091674805e+00 -7.745821475982666016e-01 2.125205039978027344e+00 -1.134025096893310547e+00 -1.140977740287780762e+00 -1.417470097541809082e+00 1.892832159996032715e+00 -2.200512439012527466e-01 -1.122276902198791504e+00 -1.667997241020202637e+00 -4.618920683860778809e-01 -6.728440523147583008e-01 2.338946580886840820e+00 1.183052301406860352e+00 1.686871767044067383e+00 -7.419236749410629272e-02 -1.750991702079772949e+00 7.233433425426483154e-02
-8.057543039321899414e-01 1.056450128555297852e+00 2.382657766342163086e+00 -8.814108371734619141e-01 2.071234703063964844e+00 -1.207928538322448730e+00 -1.263818502426147461e+00 -1.419010996818542480e+00 1.868789911270141602e+00 -1.602462530136108398e-01 -1.055361151695251465e+00 -1.642776727676391602e+00 -5.520151853561401367e-01 -6.261671781539916992e-01 2.359710931777954102e+00 1.190076589584350586e+00 1.734776258468627930e+00 -1.011304855346679688e-01 -1.828545689582824707e+00 7.985171675682067871e-02
-7.788152098655700684e-01 1.126146793365478516e+00 2.399758100509643555e+00 -9.929392337799072266e-01 1.983334898948669434e+00 -1.264788985252380371e+00 -1.334347844123840332e+00 -1.424193382263183594e+00 1.824698686599731445e+00 -9.162013977766036987e-02 -9.722279310226440430e-01 -1.603350520133972168e+00 -6.020057797431945801e-01 -5.568551421165466309e-01 2.344429492950439453e+00 1.175027847290039062e+00 1.766686916351318359e+00 -1.327471137046813965e-01 -1.864834904670715332e+00 9.174510836601257324e-02
-7.387289404869079590e-01 1.156327128410339355e+00 2.376157760620117188e+00 -1.101839065551757812e+00 1.872675776481628418e+00 -1.311482906341552734e+00 -1.361136674880981445e+00 -1.428699612617492676e+00 1.772316575050354004e+00 -1.882473379373550415e-02 -8.783816099166870117e-01 -1.550478935241699219e+00 -6.198965907096862793e-01 -4.714321792125701904e-01 2.297456979751586914e+00 1.146714687347412109e+00 1.782040834426879883e+00 -1.625421345233917236e-01 -1.865212917327880859e+00 1.041392385959625244e-01
-7.022256851196289062e-01 1.159977793693542480e+00 2.312299728393554688e+00 -1.196130037307739258e+00 1.744923353195190430e+00 -1.343242168426513672e+00 -1.360152125358581543e+00 -1.431877136230468750e+00 1.701605439186096191e+00 4.890888184309005737e-02 -7.868905663490295410e-01 -1.478757858276367188e+00 -6.113119721412658691e-01 -3.763235509395599365e-01 2.228230714797973633e+00 1.109421968460083008e+00 1.777542471885681152e+00 -1.887309700250625610e-01 -1.829691171646118164e+00 1.135905534029006958e-01
-6.864699721336364746e-01 1.158470630645751953e+00 2.225583076477050781e+00 -1.251529455184936523e+00 1.632236838340759277e+00 -1.360041141510009766e+00 -1.349676132202148438e+00 -1.430901408195495605e+00 1.638673901557922363e+00 7.415130734443664551e-02 -7.183653116226196289e-01 -1.397351741790771484e+00 -5.841227769851684570e-01 -2.883011400699615479e-01 2.167778730392456055e+00 1.092771768569946289e+00 1.755995273590087891e+00 -2.033620476722717285e-01 -1.774504184722900391e+00 1.129268109798431396e-01
-6.899248361587524414e-01 1.178115010261535645e+00 2.078168630599975586e+00 -1.326042413711547852e+00 1.507462620735168457e+00 -1.350317120552062988e+00 -1.344741225242614746e+00 -1.439916133880615234e+00 1.569510221481323242e+00 1.034695655107498169e-01 -6.317053437232971191e-01 -1.307243466377258301e+00 -5.362644195556640625e-01 -1.663744151592254639e-01 2.092276811599731445e+00 1.084368705749511719e+00 1.745640754699707031e+00 -2.402086108922958374e-01 -1.691416144371032715e+00 7.174086570739746094e-02
-7.892036437988281250e-01 1.235449433326721191e+00 1.885710716247558594e+00 -1.426081657409667969e+00 1.370402216911315918e+00 -1.312619090080261230e+00 -1.321408867835998535e+00 -1.464647531509399414e+00 1.497784018516540527e+00 3.350079059600830078e-02 -5.466020703315734863e-01 -1.144663572311401367e+00 -4.977999925613403320e-01 6.646407395601272583e-02 1.954469203948974609e+00 1.081866741180419922e+00 1.737272858619689941e+00 -2.747687101364135742e-01 -1.562683224678039551e+00 2.345099300146102905e-02
-9.596163034439086914e-01 1.335495710372924805e+00 1.642660260200500488e+00 -1.560954332351684570e+00 1.240836024284362793e+00 -1.258814096450805664e+00 -1.250565528869628906e+00 -1.518760919570922852e+00 1.425120711326599121e+00 -1.270778775215148926e-01 -4.683604538440704346e-01 -9.052472114562988281e-01 -4.562047123908996582e-01 3.776915073394775391e-01 1.765278339385986328e+00 1.118978500366210938e+00 1.727553486824035645e+00 -3.322100639343261719e-01 -1.387095212936401367e+00 -8.537535369396209717e-02
-1.107362627983093262e+00 1.508767604827880859e+00 1.494809150695800781e+00 -1.675344467163085938e+00 1.274753928184509277e+00 -1.290310859680175781e+00 -1.140814661979675293e+00 -1.607071518898010254e+00 1.462810277938842773e+00 -3.645521402359008789e-01 -4.846898317337036133e-01 -6.692390441894531250e-01 -3.937608599662780762e-01 6.596243381500244141e-01 1.660908699035644531e+00 1.192927360534667969e+00 1.738524079322814941e+00 -4.182689487934112549e-01 -1.207204580307006836e+00 -2.917885482311248779e-01
-1.235847234725952148e+00 1.709338903427124023e+00 1.430294871330261230e+00 -1.731317043304443359e+00 1.397736310958862305e+00 -1.385931491851806641e+00 -1.023037195205688477e+00 -1.721686720848083496e+00 1.553231954574584961e+00 -6.059299111366271973e-01 -5.580146312713623047e-01 -4.542033672332763672e-01 -3.650429844856262207e-01 8.869920969009399414e-01 1.615829229354858398e+00 1.233495473861694336e+00 1.729588627815246582e+00 -5.168295502662658691e-01 -1.045163989067077637e+00 -5.269231796264648438e-01
-1.357747197151184082e+00 1.849264264106750488e+00 1.481573581695556641e+00 -1.769375562667846680e+00 1.537883043289184570e+00 -1.465589642524719238e+00 -9.461119174957275391e-01 -1.836541295051574707e+00 1.625215053558349609e+00 -7.867056131362915039e-01 -6.452792882919311523e-01 -3.449530303478240967e-01 -3.728585839271545410e-01 1.000636100769042969e+00 1.684349656105041504e+00 1.281422615051269531e+00 1.730141878128051758e+00 -5.780749320983886719e-01 -9.827142357826232910e-01 -6.877747178077697754e-01
-1.426267743110656738e+00 1.921428918838500977e+00 1.512841582298278809e+00 -1.742242574691772461e+00 1.620351195335388184e+00 -1.529122591018676758e+00 -8.353363275527954102e-01 -1.909712910652160645e+00 1.644441008567810059e+00 -9.175516963005065918e-01 -7.266592383384704590e-01 -2.606695592403411865e-01 -3.808704614639282227e-01 1.059194684028625488e+00 1.714419245719909668e+00 1.269923210144042969e+00 1.680048823356628418e+00 -6.241553425788879395e-01 -9.165565967559814453e-01 -7.984364032745361328e-01
