-1.433132886886596680e+00 1.814923882484436035e+00 2.040173530578613281e+00 -9.027931094169616699e-01 1.635636568069458008e+00 -1.107666969299316406e+00 -1.397901892662048340e+00 -9.825552701950073242e-01 1.567286968231201172e+00 -1.213897824287414551e+00 -7.939633727073669434e-01 -3.962969183921813965e-01 -7.169848084449768066e-01 1.232696026563644409e-01 2.094143390655517578e+00 1.544200301170349121e+00 1.156087994575500488e+00 -9.776896238327026367e-02 -1.323123097419738770e+00 -3.798861801624298096e-01
-1.538554668426513672e+00 1.721641778945922852e+00 1.958541989326477051e+00 -7.435791492462158203e-01 1.646626234054565430e+00 -1.189454078674316406e+00 -1.251076698303222656e+00 -1.167222738265991211e+00 1.507259726524353027e+00 -1.217061519622802734e+00 -8.668239712715148926e-01 -4.688095152378082275e-01 -5.954929590225219727e-01 2.484910190105438232e-01 2.045603275299072266e+00 1.467746376991271973e+00 1.174335122108459473e+00 -1.743266135454177856e-01 -1.234188079833984375e+00 -3.143796622753143311e-01
-1.575589179992675781e+00 1.629465699195861816e+00 1.873539209365844727e+00 -6.600138545036315918e-01 1.628795623779296875e+00 -1.222058653831481934e+00 -1.135679006576538086e+00 -1.268079757690429688e+00 1.458853602409362793e+00 -1.193389296531677246e+00 -8.996344208717346191e-01 -5.070637464523315430e-01 -5.096079707145690918e-01 3.336998224258422852e-01 1.980408430099487305e+00 1.398243665695190430e+00 1.178460955619812012e+00 -2.204509675502777100e-01 -1.157688617706298828e+00 -2.670345008373260498e-01
-1.596876859664916992e+00 1.560597300529479980e+00 1.820618510246276855e+00 -6.127564311027526855e-01 1.617586135864257812e+00 -1.244499206542968750e+00 -1.063933610916137695e+00 -1.335792064666748047e+00 1.436279058456420898e+00 -1.167010307312011719e+00 -9.208043217658996582e-01 -5.400147438049316406e-01 -4.501243829727172852e-01 3.856006562709808350e-01 1.944842696189880371e+00 1.360351085662841797e+00 1.188641428947448730e+00 -2.486206293106079102e-01 -1.110116124153137207e+00 -2.327404916286468506e-01
-1.616408586502075195e+00 1.498985171318054199e+00 1.794613003730773926e+00 -5.792623758316040039e-01 1.620341062545776367e+00 -1.259813666343688965e+00 -1.023878335952758789e+00 -1.370971560478210449e+00 1.431582093238830566e+00 -1.159779787063598633e+00 -9.342355132102966309e-01 -5.564801692962646484e-01 -3.985743522644042969e-01 4.171730875968933105e-01 1.940324664115905762e+00 1.355029940605163574e+00 1.192574262619018555e+00 -2.643001675605773926e-01 -1.075850844383239746e+00 -2.045114487409591675e-01
-1.631818294525146484e+00 1.453353881835937500e+00 1.796273469924926758e+00 -5.556856393814086914e-01 1.628837823867797852e+00 -1.267213106155395508e+00 -1.016345262527465820e+00 -1.367583274841308594e+00 1.434634447097778320e+00 -1.172306180000305176e+00 -9.409745335578918457e-01 -5.529471039772033691e-01 -3.658840358257293701e-01 4.326982200145721436e-01 1.957884788513183594e+00 1.373485445976257324e+00 1.186532258987426758e+00 -2.641445100307464600e-01 -1.057999968528747559e+00 -1.842782795429229736e-01
-1.634953498840332031e+00 1.431147575378417969e+00 1.825283765792846680e+00 -5.414606332778930664e-01 1.648130178451538086e+00 -1.271760940551757812e+00 -1.044829607009887695e+00 -1.326637744903564453e+00 1.446376323699951172e+00 -1.198963403701782227e+00 -9.311978220939636230e-01 -5.332599878311157227e-01 -3.435202240943908691e-01 4.203678965568542480e-01 2.009824514389038086e+00 1.414054870605468750e+00 1.164749860763549805e+00 -2.546576559543609619e-01 -1.053400516510009766e+00 -1.691762655973434448e-01
-1.610002517700195312e+00 1.420981645584106445e+00 1.890273928642272949e+00 -5.476326942443847656e-01 1.669028043746948242e+00 -1.263946175575256348e+00 -1.127579927444458008e+00 -1.222362518310546875e+00 1.471197247505187988e+00 -1.219807267189025879e+00 -9.030194282531738281e-01 -5.001288652420043945e-01 -3.446029722690582275e-01 3.738645315170288086e-01 2.085778951644897461e+00 1.487768411636352539e+00 1.131000041961669922e+00 -2.201869040727615356e-01 -1.072944998741149902e+00 -1.572334915399551392e-01
-1.473717927932739258e+00 1.393129944801330566e+00 1.981040954589843750e+00 -6.127291917800903320e-01 1.702395439147949219e+00 -1.211134195327758789e+00 -1.263540625572204590e+00 -1.000626564025878906e+00 1.539131879806518555e+00 -1.201566576957702637e+00 -8.327336311340332031e-01 -4.598606526851654053e-01 -3.717767298221588135e-01 2.353335320949554443e-01 2.159954786300659180e+00 1.591939568519592285e+00 1.088705062866210938e+00 -1.398262977600097656e-01 -1.114643096923828125e+00 -1.522232741117477417e-01
-1.183134555816650391e+00 1.349143981933593750e+00 1.996628284454345703e+00 -7.966791987419128418e-01 1.727825880050659180e+00 -1.086024045944213867e+00 -1.365118980407714844e+00 -7.593253850936889648e-01 1.632746458053588867e+00 -1.071053147315979004e+00 -7.374023795127868652e-01 -4.412048757076263428e-01 -4.784306287765502930e-01 1.007004454731941223e-02 2.104775190353393555e+00 1.621862411499023438e+00 1.104846715927124023e+00 -6.158340349793434143e-02 -1.187455058097839355e+00 -2.086552530527114868e-01
-8.839934468269348145e-01 1.395665645599365234e+00 1.949550151824951172e+00 -1.062107920646667480e+00 1.774746656417846680e+00 -1.008059501647949219e+00 -1.435707092285156250e+00 -7.532612681388854980e-01 1.715796470642089844e+00 -8.005717396736145020e-01 -6.533590555191040039e-01 -5.227816104888916016e-01 -5.841445922851562500e-01 -1.457366347312927246e-01 2.046984910964965820e+00 1.537849068641662598e+00 1.224326014518737793e+00 -9.320263564586639404e-02 -1.293071866035461426e+00 -3.172979950904846191e-01
-7.195185422897338867e-01 1.432518959045410156e+00 1.900829553604125977e+00 -1.233818650245666504e+00 1.794635057449340820e+00 -9.797822237014770508e-01 -1.438865780830383301e+00 -7.917552590370178223e-01 1.773914337158203125e+00 -6.481542587280273438e-01 -6.050235629081726074e-01 -5.752998590469360352e-01 -6.272169351577758789e-01 -1.881236433982849121e-01 2.028141021728515625e+00 1.463278055191040039e+00 1.319681048393249512e+00 -1.319079399108886719e-01 -1.326981663703918457e+00 -3.836246132850646973e-01
-6.471520066261291504e-01 1.477488398551940918e+00 1.872545123100280762e+00 -1.337956786155700684e+00 1.794394016265869141e+00 -9.748321771621704102e-01 -1.443708658218383789e+00 -8.217399716377258301e-01 1.812712430953979492e+00 -5.838217139244079590e-01 -5.713530778884887695e-01 -5.947685241699218750e-01 -6.529350876808166504e-01 -1.832189261913299561e-01 2.019478797912597656e+00 1.420807719230651855e+00 1.380843281745910645e+00 -1.575403958559036255e-01 -1.337222695350646973e+00 -4.199724793434143066e-01
-6.160821318626403809e-01 1.525184273719787598e+00 1.856716632843017578e+00 -1.410325050354003906e+00 1.799342870712280273e+00 -9.838715195655822754e-01 -1.464149117469787598e+00 -8.488501310348510742e-01 1.835475087165832520e+00 -5.521707534790039062e-01 -5.392560362815856934e-01 -5.993144512176513672e-01 -6.799914240837097168e-01 -1.538891196250915527e-01 2.005410671234130859e+00 1.404891967773437500e+00 1.433570742607116699e+00 -1.713182777166366577e-01 -1.346243143081665039e+00 -4.456056654453277588e-01
-6.078905463218688965e-01 1.571288108825683594e+00 1.845530152320861816e+00 -1.467042207717895508e+00 1.793528079986572266e+00 -9.986784458160400391e-01 -1.494327187538146973e+00 -8.668242096900939941e-01 1.846354365348815918e+00 -5.361747741699218750e-01 -5.027766227722167969e-01 -5.907412767410278320e-01 -7.061526775360107422e-01 -1.087318584322929382e-01 1.988598108291625977e+00 1.398302912712097168e+00 1.472412347793579102e+00 -1.835739165544509888e-01 -1.351417064666748047e+00 -4.548743963241577148e-01
-6.134573221206665039e-01 1.621295213699340820e+00 1.833550572395324707e+00 -1.519462704658508301e+00 1.778906583786010742e+00 -1.018526196479797363e+00 -1.529235005378723145e+00 -8.814768195152282715e-01 1.853284358978271484e+00 -5.307648181915283203e-01 -4.651916325092315674e-01 -5.727129578590393066e-01 -7.293837070465087891e-01 -5.348224192857742310e-02 1.975144863128662109e+00 1.394064545631408691e+00 1.502579450607299805e+00 -2.003483325242996216e-01 -1.351982951164245605e+00 -4.529430568218231201e-01
-6.410828232765197754e-01 1.677442073822021484e+00 1.818773627281188965e+00 -1.577129840850830078e+00 1.766891241073608398e+00 -1.048632979393005371e+00 -1.576292514801025391e+00 -9.166576862335205078e-01 1.845462322235107422e+00 -5.246536135673522949e-01 -4.362846314907073975e-01 -5.440449118614196777e-01 -7.609028220176696777e-01 3.266542404890060425e-02 1.965997695922851562e+00 1.384807229042053223e+00 1.536559104919433594e+00 -2.284127473831176758e-01 -1.353346347808837891e+00 -4.474837481975555420e-01
-6.775410771369934082e-01 1.710674524307250977e+00 1.800711274147033691e+00 -1.638504028320312500e+00 1.748676538467407227e+00 -1.082681179046630859e+00 -1.613918423652648926e+00 -9.694544076919555664e-01 1.821240067481994629e+00 -5.053854584693908691e-01 -4.134307205677032471e-01 -5.192433595657348633e-01 -7.893205285072326660e-01 1.407491862773895264e-01 1.956272363662719727e+00 1.360397219657897949e+00 1.574190735816955566e+00 -2.610045671463012695e-01 -1.351999044418334961e+00 -4.304739534854888916e-01
-7.125725150108337402e-01 1.689940690994262695e+00 1.773270130157470703e+00 -1.694434165954589844e+00 1.715741157531738281e+00 -1.113030433654785156e+00 -1.615303516387939453e+00 -1.047458171844482422e+00 1.768399000167846680e+00 -4.539023935794830322e-01 -4.044441878795623779e-01 -5.124980211257934570e-01 -8.036297559738159180e-01 2.629467248916625977e-01 1.939519166946411133e+00 1.301934123039245605e+00 1.611793875694274902e+00 -2.968880534172058105e-01 -1.346296191215515137e+00 -3.988367319107055664e-01
-7.324061989784240723e-01 1.595403671264648438e+00 1.736719012260437012e+00 -1.729000091552734375e+00 1.643274068832397461e+00 -1.136807322502136230e+00 -1.555008530616760254e+00 -1.173753499984741211e+00 1.699613451957702637e+00 -3.288873434066772461e-01 -4.290851354598999023e-01 -5.804663896560668945e-01 -7.952435612678527832e-01 3.634034395217895508e-01 1.903547286987304688e+00 1.182915210723876953e+00 1.673452377319335938e+00 -3.359698057174682617e-01 -1.370589613914489746e+00 -3.456899523735046387e-01
-7.591005563735961914e-01 1.443191409111022949e+00 1.727059602737426758e+00 -1.721854090690612793e+00 1.602360963821411133e+00 -1.160140752792358398e+00 -1.438992142677307129e+00 -1.377839326858520508e+00 1.651521921157836914e+00 -1.523562371730804443e-01 -5.474290251731872559e-01 -7.828155755996704102e-01 -7.453182339668273926e-01 3.915227055549621582e-01 1.886386156082153320e+00 1.046270489692687988e+00 1.793377518653869629e+00 -3.423294425010681152e-01 -1.461133956909179688e+00 -2.627033293247222900e-01
-7.612534761428833008e-01 1.270590066909790039e+00 1.722690820693969727e+00 -1.682028055191040039e+00 1.570603132247924805e+00 -1.148328661918640137e+00 -1.287319421768188477e+00 -1.546988248825073242e+00 1.607231140136718750e+00 6.642177700996398926e-03 -6.907032728195190430e-01 -9.860477447509765625e-01 -6.320754289627075195e-01 3.159416019916534424e-01 1.895052075386047363e+00 9.537279009819030762e-01 1.850221276283264160e+00 -3.208755850791931152e-01 -1.528601765632629395e+00 -2.154788970947265625e-01
-7.403248548507690430e-01 1.127496838569641113e+00 1.720969319343566895e+00 -1.641837596893310547e+00 1.539511919021606445e+00 -1.094666123390197754e+00 -1.141032218933105469e+00 -1.626091241836547852e+00 1.600843071937561035e+00 1.004954949021339417e-01 -8.166719079017639160e-01 -1.140731930732727051e+00 -5.390666723251342773e-01 1.811152398586273193e-01 1.911367774009704590e+00 9.072696566581726074e-01 1.860179901123046875e+00 -2.725832462310791016e-01 -1.570768356323242188e+00 -1.995296627283096313e-01
-7.011861205101013184e-01 1.029056310653686523e+00 1.743600368499755859e+00 -1.590950131416320801e+00 1.553458690643310547e+00 -1.021683096885681152e+00 -1.033589363098144531e+00 -1.625019788742065430e+00 1.620497107505798340e+00 1.204429045319557190e-01 -9.099682569503784180e-01 -1.259589552879333496e+00 -5.070381760597229004e-01 2.080734446644783020e-02 1.944619417190551758e+00 9.086256623268127441e-01 1.876601696014404297e+00 -1.966185420751571655e-01 -1.611270546913146973e+00 -2.154299467802047729e-01
-6.468614339828491211e-01 1.006878733634948730e+00 1.787953138351440430e+00 -1.547166347503662109e+00 1.602234363555908203e+00 -9.805293083190917969e-01 -9.730671048164367676e-01 -1.595823526382446289e+00 1.669179081916809082e+00 1.052249744534492493e-01 -9.621469378471374512e-01 -1.338278770446777344e+00 -5.066474080085754395e-01 -1.227341368794441223e-01 1.985643982887268066e+00 9.357641935348510742e-01 1.898868203163146973e+00 -1.432145237922668457e-01 -1.647741675376892090e+00 -2.619982063770294189e-01
-6.100865602493286133e-01 1.033683419227600098e+00 1.841790795326232910e+00 -1.522856235504150391e+00 1.676600456237792969e+00 -9.633129239082336426e-01 -9.693101048469543457e-01 -1.564685940742492676e+00 1.722649693489074707e+00 6.373434513807296753e-02 -9.900867938995361328e-01 -1.369681239128112793e+00 -5.346155166625976562e-01 -2.151870727539062500e-01 2.024132013320922852e+00 9.768239855766296387e-01 1.923603892326354980e+00 -1.038762032985687256e-01 -1.679375886917114258e+00 -3.155120909214019775e-01
-5.866798162460327148e-01 1.078440189361572266e+00 1.901030659675598145e+00 -1.511778354644775391e+00 1.759465217590332031e+00 -9.602152109146118164e-01 -9.929248690605163574e-01 -1.536149740219116211e+00 1.780430555343627930e+00 1.212549209594726562e-02 -1.004628539085388184e+00 -1.384838581085205078e+00 -5.756326317787170410e-01 -2.747300565242767334e-01 2.061855077743530273e+00 1.021150469779968262e+00 1.955879807472229004e+00 -7.444171607494354248e-02 -1.709981679916381836e+00 -3.575141131877899170e-01
-5.630693435668945312e-01 1.119483590126037598e+00 1.959764838218688965e+00 -1.501635074615478516e+00 1.841193914413452148e+00 -9.691843986511230469e-01 -1.023839950561523438e+00 -1.511426329612731934e+00 1.835946679115295410e+00 -3.162679448723793030e-02 -1.010902166366577148e+00 -1.401313066482543945e+00 -6.120774745941162109e-01 -3.263775706291198730e-01 2.103234052658081055e+00 1.066284060478210449e+00 1.988287568092346191e+00 -5.390254035592079163e-02 -1.736671209335327148e+00 -3.869259357452392578e-01
-5.355848073959350586e-01 1.150117158889770508e+00 2.018451929092407227e+00 -1.491720199584960938e+00 1.921203613281250000e+00 -9.936677813529968262e-01 -1.051841974258422852e+00 -1.494804739952087402e+00 1.887298583984375000e+00 -6.213806197047233582e-02 -1.015382409095764160e+00 -1.421879172325134277e+00 -6.366204023361206055e-01 -3.718838393688201904e-01 2.147264003753662109e+00 1.106032609939575195e+00 2.017177581787109375e+00 -4.229148477315902710e-02 -1.756033658981323242e+00 -4.033163487911224365e-01
-5.039585828781127930e-01 1.163817405700683594e+00 2.072683095932006836e+00 -1.477928638458251953e+00 1.995244979858398438e+00 -1.034495353698730469e+00 -1.069208264350891113e+00 -1.488372921943664551e+00 1.931242823600769043e+00 -7.628089189529418945e-02 -1.021112084388732910e+00 -1.446491479873657227e+00 -6.425740122795104980e-01 -4.104910790920257568e-01 2.189817190170288086e+00 1.134993433952331543e+00 2.036881923675537109e+00 -4.047339037060737610e-02 -1.762485265731811523e+00 -4.043864607810974121e-01
-4.687263667583465576e-01 1.155185103416442871e+00 2.110469579696655273e+00 -1.456321835517883301e+00 2.051971197128295898e+00 -1.088246822357177734e+00 -1.067812681198120117e+00 -1.490750312805175781e+00 1.960064172744750977e+00 -7.195329666137695312e-02 -1.026523590087890625e+00 -1.468673229217529297e+00 -6.237675547599792480e-01 -4.375286102294921875e-01 2.220404386520385742e+00 1.145901918411254883e+00 2.037725210189819336e+00 -5.002105608582496643e-02 -1.746811747550964355e+00 -3.893696963787078857e-01
-4.321029782295227051e-01 1.124459624290466309e+00 2.116014003753662109e+00 -1.427485466003417969e+00 2.077269315719604492e+00 -1.146476149559020996e+00 -1.042626619338989258e+00 -1.499126434326171875e+00 1.965684890747070312e+00 -4.958616197109222412e-02 -1.026645064353942871e+00 -1.478108048439025879e+00 -5.787147283554077148e-01 -4.459548592567443848e-01 2.226384878158569336e+00 1.133309125900268555e+00 2.012321233749389648e+00 -7.197552174329757690e-02 -1.701748013496398926e+00 -3.622032999992370605e-01
-3.996792435646057129e-01 1.095125555992126465e+00 2.082674741744995117e+00 -1.402215123176574707e+00 2.074548959732055664e+00 -1.209238409996032715e+00 -1.000574111938476562e+00 -1.524346947669982910e+00 1.950574517250061035e+00 -1.214769110083580017e-02 -1.019182324409484863e+00 -1.466923356056213379e+00 -5.123248100280761719e-01 -4.263643324375152588e-01 2.205006837844848633e+00 1.095544219017028809e+00 1.964159727096557617e+00 -1.172791123390197754e-01 -1.630778551101684570e+00 -3.355519771575927734e-01
-3.812946975231170654e-01 1.088893294334411621e+00 2.006356239318847656e+00 -1.393291473388671875e+00 2.051488399505615234e+00 -1.270891785621643066e+00 -9.557446241378784180e-01 -1.576958537101745605e+00 1.925863862037658691e+00 3.270465135574340820e-02 -1.000768065452575684e+00 -1.435673236846923828e+00 -4.369306266307830811e-01 -3.736504912376403809e-01 2.161380290985107422e+00 1.044073939323425293e+00 1.911404609680175781e+00 -1.895291358232498169e-01 -1.545200705528259277e+00 -3.218217790126800537e-01
-3.672700524330139160e-01 1.098632454872131348e+00 1.853911161422729492e+00 -1.416234374046325684e+00 1.977957725524902344e+00 -1.302549481391906738e+00 -8.992790579795837402e-01 -1.634127497673034668e+00 1.879037618637084961e+00 8.020538836717605591e-02 -9.479023218154907227e-01 -1.364496827125549316e+00 -3.614332675933837891e-01 -2.816013991832733154e-01 2.074438095092773438e+00 9.865186214447021484e-01 1.856586694717407227e+00 -2.731546759605407715e-01 -1.433100819587707520e+00 -3.380920588970184326e-01
-3.700121939182281494e-01 1.143057823181152344e+00 1.580324292182922363e+00 -1.489082455635070801e+00 1.817622423171997070e+00 -1.273108482360839844e+00 -8.310698270797729492e-01 -1.671429872512817383e+00 1.789634823799133301e+00 1.015020534396171570e-01 -8.214929103851318359e-01 -1.203206777572631836e+00 -2.962125837802886963e-01 -1.018811538815498352e-01 1.894601821899414062e+00 9.161887764930725098e-01 1.791224360466003418e+00 -3.642363548278808594e-01 -1.267838716506958008e+00 -3.948442041873931885e-01
-5.753055810928344727e-01 1.264088988304138184e+00 1.357406139373779297e+00 -1.639268636703491211e+00 1.632999897003173828e+00 -1.232100605964660645e+00 -8.208761215209960938e-01 -1.732460260391235352e+00 1.715632200241088867e+00 -2.513246983289718628e-02 -6.840716600418090820e-01 -9.603486061096191406e-01 -3.135913610458374023e-01 2.848982512950897217e-01 1.732411384582519531e+00 8.785640001296997070e-01 1.807354092597961426e+00 -4.535142183303833008e-01 -1.131835103034973145e+00 -4.357010126113891602e-01
-9.252439141273498535e-01 1.572895050048828125e+00 1.278457164764404297e+00 -1.814613461494445801e+00 1.622798919677734375e+00 -1.236313700675964355e+00 -8.604081273078918457e-01 -1.833875775337219238e+00 1.772599339485168457e+00 -3.903386592864990234e-01 -6.235086917877197266e-01 -7.253096103668212891e-01 -3.801797926425933838e-01 6.233772039413452148e-01 1.717927455902099609e+00 1.033764243125915527e+00 1.911113381385803223e+00 -5.239495038986206055e-01 -1.069514989852905273e+00 -5.799355506896972656e-01
-1.144811391830444336e+00 1.772685647010803223e+00 1.235087037086486816e+00 -1.894928455352783203e+00 1.608464717864990234e+00 -1.187927126884460449e+00 -8.894419670104980469e-01 -1.816117763519287109e+00 1.791954398155212402e+00 -6.826486587524414062e-01 -5.870313048362731934e-01 -5.453125238418579102e-01 -4.134011566638946533e-01 7.852921485900878906e-01 1.702202796936035156e+00 1.173651576042175293e+00 1.925874114036560059e+00 -5.336817502975463867e-01 -1.021121501922607422e+00 -6.878430843353271484e-01
-1.272578954696655273e+00 1.855370521545410156e+00 1.217792749404907227e+00 -1.910851120948791504e+00 1.612645864486694336e+00 -1.137816190719604492e+00 -8.953131437301635742e-01 -1.816185832023620605e+00 1.806013107299804688e+00 -8.301234245300292969e-01 -6.073964238166809082e-01 -4.878014922142028809e-01 -4.352332651615142822e-01 8.337740898132324219e-01 1.704593300819396973e+00 1.243881940841674805e+00 1.929013729095458984e+00 -5.244795680046081543e-01 -1.006765365600585938e+00 -7.268471717834472656e-01
-1.346045017242431641e+00 1.890018224716186523e+00 1.208702564239501953e+00 -1.910011649131774902e+00 1.625131607055664062e+00 -1.104672551155090332e+00 -8.913854956626892090e-01 -1.823418140411376953e+00 1.812699913978576660e+00 -9.127227067947387695e-01 -6.315242052078247070e-01 -4.716684222221374512e-01 -4.415229558944702148e-01 8.480171561241149902e-01 1.712353706359863281e+00 1.281974315643310547e+00 1.935494303703308105e+00 -5.151920318603515625e-01 -1.002057075500488281e+00 -7.404958009719848633e-01
-1.386921644210815430e+00 1.902257323265075684e+00 1.199649333953857422e+00 -1.906462073326110840e+00 1.638557672500610352e+00 -1.086209416389465332e+00 -8.717972040176391602e-01 -1.838578343391418457e+00 1.811090350151062012e+00 -9.611935615539550781e-01 -6.535854339599609375e-01 -4.672073423862457275e-01 -4.339407086372375488e-01 8.507989645004272461e-01 1.718032479286193848e+00 1.298065781593322754e+00 1.937631487846374512e+00 -5.129121541976928711e-01 -9.925496578216552734e-01 -7.500783205032348633e-01
-1.404755115509033203e+00 1.897487401962280273e+00 1.186104774475097656e+00 -1.898488879203796387e+00 1.651282310485839844e+00 -1.077136635780334473e+00 -8.325392603874206543e-01 -1.860896468162536621e+00 1.800738334655761719e+00 -9.876628518104553223e-01 -6.737553477287292480e-01 -4.672222435474395752e-01 -4.117993116378784180e-01 8.468580245971679688e-01 1.718098521232604980e+00 1.295047283172607422e+00 1.931192040443420410e+00 -5.192160606384277344e-01 -9.729872941970825195e-01 -7.606372833251953125e-01
-1.402202606201171875e+00 1.873680591583251953e+00 1.165113806724548340e+00 -1.880648732185363770e+00 1.661486148834228516e+00 -1.077456593513488770e+00 -7.681363821029663086e-01 -1.894770860671997070e+00 1.780360341072082520e+00 -9.927587509155273438e-01 -6.957792639732360840e-01 -4.765883386135101318e-01 -3.704739511013031006e-01 8.329525589942932129e-01 1.710726618766784668e+00 1.268462181091308594e+00 1.915229439735412598e+00 -5.343932509422302246e-01 -9.426420927047729492e-01 -7.686743736267089844e-01
-1.381196737289428711e+00 1.844574093818664551e+00 1.139700174331665039e+00 -1.848483324050903320e+00 1.675273895263671875e+00 -1.105827808380126953e+00 -6.891720890998840332e-01 -1.950691580772399902e+00 1.764525532722473145e+00 -9.814210534095764160e-01 -7.286054491996765137e-01 -5.083918571472167969e-01 -3.176126778125762939e-01 7.980841994285583496e-01 1.705910325050354004e+00 1.218096017837524414e+00 1.898012518882751465e+00 -5.620923638343811035e-01 -9.103456139564514160e-01 -7.606016397476196289e-01
-1.340962886810302734e+00 1.785873055458068848e+00 1.112236976623535156e+00 -1.777211427688598633e+00 1.678973674774169922e+00 -1.153089404106140137e+00 -5.884146690368652344e-01 -2.015799045562744141e+00 1.737285137176513672e+00 -9.376878738403320312e-01 -7.705429196357727051e-01 -5.695327520370483398e-01 -2.598132789134979248e-01 7.320843935012817383e-01 1.698294639587402344e+00 1.140045404434204102e+00 1.869395136833190918e+00 -5.998547077178955078e-01 -8.809714317321777344e-01 -7.285454273223876953e-01
-1.266489267349243164e+00 1.714013814926147461e+00 1.158637404441833496e+00 -1.635456323623657227e+00 1.695787906646728516e+00 -1.272697448730468750e+00 -4.359555840492248535e-01 -2.142376184463500977e+00 1.750373840332031250e+00 -8.052482604980468750e-01 -8.683078885078430176e-01 -7.585815191268920898e-01 -2.113537490367889404e-01 5.881634354591369629e-01 1.720600962638854980e+00 1.042329907417297363e+00 1.893062233924865723e+00 -6.365541815757751465e-01 -9.104056954383850098e-01 -7.044329643249511719e-01
-1.131803274154663086e+00 1.555979728698730469e+00 1.208134531974792480e+00 -1.395855307579040527e+00 1.658926963806152344e+00 -1.389807105064392090e+00 -2.534002959728240967e-01 -2.256258487701416016e+00 1.738405227661132812e+00 -5.675588250160217285e-01 -9.977081418037414551e-01 -1.019899487495422363e+00 -1.507842838764190674e-01 3.571920990943908691e-01 1.706187248229980469e+00 8.709983825683593750e-01 1.860120058059692383e+00 -6.399363875389099121e-01 -9.454954266548156738e-01 -6.307013034820556641e-01
-9.994010925292968750e-01 1.396517276763916016e+00 1.308907985687255859e+00 -1.206026554107666016e+00 1.619324445724487305e+00 -1.452614784240722656e+00 -2.126969099044799805e-01 -2.241985559463500977e+00 1.695422649383544922e+00 -3.605965375900268555e-01 -1.062881827354431152e+00 -1.196743249893188477e+00 -7.699718326330184937e-02 1.357325613498687744e-01 1.730475783348083496e+00 7.839128375053405762e-01 1.777044773101806641e+00 -6.205422282218933105e-01 -9.895865321159362793e-01 -5.261529684066772461e-01
-8.901303410530090332e-01 1.288883328437805176e+00 1.478572249412536621e+00 -1.061478734016418457e+00 1.692513227462768555e+00 -1.511773347854614258e+00 -2.473124861717224121e-01 -2.184368371963500977e+00 1.763675689697265625e+00 -2.328990399837493896e-01 -1.152746081352233887e+00 -1.365303397178649902e+00 -1.495730504393577576e-02 -4.819234460592269897e-02 1.810017943382263184e+00 7.748161554336547852e-01 1.740623950958251953e+00 -5.525197386741638184e-01 -1.086629986763000488e+00 -4.282903075218200684e-01
-8.196243643760681152e-01 1.228147268295288086e+00 1.589915513992309570e+00 -9.687571525573730469e-01 1.734698534011840820e+00 -1.542104601860046387e+00 -2.805732786655426025e-01 -2.125322103500366211e+00 1.810330510139465332e+00 -1.583449244499206543e-01 -1.197938919067382812e+00 -1.459588050842285156e+00 5.494982004165649414e-03 -1.504773497581481934e-01 1.834518432617187500e+00 7.482234835624694824e-01 1.703081250190734863e+00 -4.990987777709960938e-01 -1.152523994445800781e+00 -3.529568314552307129e-01
-7.937306165695190430e-01 1.194600224494934082e+00 1.656271219253540039e+00 -9.189429283142089844e-01 1.745840072631835938e+00 -1.542217612266540527e+00 -3.259840905666351318e-01 -2.079210996627807617e+00 1.835076808929443359e+00 -1.227809339761734009e-01 -1.204775691032409668e+00 -1.518586754798889160e+00 3.310438245534896851e-03 -2.060608565807342529e-01 1.844281196594238281e+00 7.414510250091552734e-01 1.691146731376647949e+00 -4.573582410812377930e-01 -1.201873540878295898e+00 -2.855153977870941162e-01
-7.906638383865356445e-01 1.177479147911071777e+00 1.679083704948425293e+00 -8.991240262985229492e-01 1.736218452453613281e+00 -1.527830004692077637e+00 -3.677063882350921631e-01 -2.050388813018798828e+00 1.836012244224548340e+00 -1.037766337394714355e-01 -1.189471006393432617e+00 -1.546480178833007812e+00 -6.637867540121078491e-03 -2.297393977642059326e-01 1.843630313873291016e+00 7.455088496208190918e-01 1.689792156219482422e+00 -4.340655803680419922e-01 -1.228738427162170410e+00 -2.397371530532836914e-01
-8.019595146179199219e-01 1.169266462326049805e+00 1.667974829673767090e+00 -8.968756794929504395e-01 1.710792064666748047e+00 -1.504119873046875000e+00 -3.958190381526947021e-01 -2.036079645156860352e+00 1.824135780334472656e+00 -9.321621060371398926e-02 -1.163313269615173340e+00 -1.557933568954467773e+00 -1.644239947199821472e-02 -2.324249446392059326e-01 1.835012912750244141e+00 7.559151649475097656e-01 1.695627927780151367e+00 -4.230774044990539551e-01 -1.238054037094116211e+00 -2.143033742904663086e-01
-8.181706070899963379e-01 1.154027342796325684e+00 1.637822389602661133e+00 -8.976534605026245117e-01 1.672787904739379883e+00 -1.470284461975097656e+00 -4.096432030200958252e-01 -2.020685434341430664e+00 1.801100611686706543e+00 -9.012961387634277344e-02 -1.130548596382141113e+00 -1.556715130805969238e+00 -2.401519566774368286e-02 -2.257561087608337402e-01 1.817775726318359375e+00 7.690467238426208496e-01 1.698637127876281738e+00 -4.138119816780090332e-01 -1.234619021415710449e+00 -1.970928907394409180e-01
-8.381292223930358887e-01 1.128308773040771484e+00 1.606804490089416504e+00 -8.958448171615600586e-01 1.636494159698486328e+00 -1.430819272994995117e+00 -4.167298972606658936e-01 -2.002019405364990234e+00 1.772609114646911621e+00 -9.277479350566864014e-02 -1.101616621017456055e+00 -1.551265239715576172e+00 -3.090326488018035889e-02 -2.176824510097503662e-01 1.805314660072326660e+00 7.858040928840637207e-01 1.699248909950256348e+00 -4.029552936553955078e-01 -1.227900385856628418e+00 -1.810295581817626953e-01
-8.617641329765319824e-01 1.091457724571228027e+00 1.595842599868774414e+00 -8.846528530120849609e-01 1.616601705551147461e+00 -1.393685221672058105e+00 -4.297826290130615234e-01 -1.979248404502868652e+00 1.746344208717346191e+00 -9.829462319612503052e-02 -1.086586713790893555e+00 -1.551808714866638184e+00 -3.891814500093460083e-02 -2.159079313278198242e-01 1.812346100807189941e+00 8.072844147682189941e-01 1.699016690254211426e+00 -3.874624371528625488e-01 -1.229505777359008789e+00 -1.566638052463531494e-01
-8.831624388694763184e-01 1.046730399131774902e+00 1.625304222106933594e+00 -8.551831245422363281e-01 1.627342462539672852e+00 -1.373231649398803711e+00 -4.596517980098724365e-01 -1.945288777351379395e+00 1.740050673484802246e+00 -1.068253517150878906e-01 -1.094681739807128906e+00 -1.561548590660095215e+00 -4.968795180320739746e-02 -2.239475846290588379e-01 1.841415643692016602e+00 8.313009142875671387e-01 1.694530010223388672e+00 -3.619920015335083008e-01 -1.245082974433898926e+00 -1.204294562339782715e-01
-9.027475118637084961e-01 9.867630004882812500e-01 1.705374479293823242e+00 -7.959054708480834961e-01 1.672805786132812500e+00 -1.364899396896362305e+00 -5.108599662780761719e-01 -1.890572667121887207e+00 1.744283676147460938e+00 -1.174269840121269226e-01 -1.134049654006958008e+00 -1.584748148918151855e+00 -6.449384242296218872e-02 -2.473963797092437744e-01 1.897264480590820312e+00 8.532935976982116699e-01 1.677991509437561035e+00 -3.229125142097473145e-01 -1.280540585517883301e+00 -6.191542744636535645e-02
-9.196098446846008301e-01 9.095710515975952148e-01 1.831562638282775879e+00 -6.978129148483276367e-01 1.743999958038330078e+00 -1.360274195671081543e+00 -5.874328017234802246e-01 -1.801783204078674316e+00 1.744081377983093262e+00 -1.321157217025756836e-01 -1.199348688125610352e+00 -1.612950921058654785e+00 -8.530470728874206543e-02 -2.851288020610809326e-01 1.972509980201721191e+00 8.675022125244140625e-01 1.636473894119262695e+00 -2.688823342323303223e-01 -1.332336902618408203e+00 2.461168728768825531e-02
-9.279549717903137207e-01 8.273532390594482422e-01 1.978778481483459473e+00 -5.765318274497985840e-01 1.830845832824707031e+00 -1.344518542289733887e+00 -6.876267194747924805e-01 -1.677340030670166016e+00 1.729780673980712891e+00 -1.550488173961639404e-01 -1.268105864524841309e+00 -1.627466082572937012e+00 -1.192890480160713196e-01 -3.280593156814575195e-01 2.049745559692382812e+00 8.769799470901489258e-01 1.571996212005615234e+00 -2.040831297636032104e-01 -1.392489671707153320e+00 1.171780824661254883e-01
-9.486447572708129883e-01 8.170350790023803711e-01 2.134902715682983398e+00 -5.039770603179931641e-01 1.922788619995117188e+00 -1.323542475700378418e+00 -8.187063336372375488e-01 -1.565074443817138672e+00 1.720450401306152344e+00 -2.127830088138580322e-01 -1.318797469139099121e+00 -1.602961421012878418e+00 -1.959448456764221191e-01 -3.730201423168182373e-01 2.126082897186279297e+00 9.121618866920471191e-01 1.517479300498962402e+00 -1.413807421922683716e-01 -1.465917944908142090e+00 1.382555216550827026e-01
-1.000335693359375000e+00 8.418822884559631348e-01 2.251183748245239258e+00 -4.538891315460205078e-01 1.967036008834838867e+00 -1.295326471328735352e+00 -9.466829299926757812e-01 -1.442722320556640625e+00 1.681327581405639648e+00 -2.962129712104797363e-01 -1.327092647552490234e+00 -1.514829397201538086e+00 -3.097287416458129883e-01 -3.773189485073089600e-01 2.177313566207885742e+00 9.718901515007019043e-01 1.451908230781555176e+00 -1.016358882188796997e-01 -1.521796226501464844e+00 1.276811063289642334e-01
-1.066278696060180664e+00 9.006574749946594238e-01 2.306175708770751953e+00 -4.217504262924194336e-01 1.963569402694702148e+00 -1.268309473991394043e+00 -1.055338978767395020e+00 -1.310480594635009766e+00 1.606787800788879395e+00 -4.053090512752532959e-01 -1.288818836212158203e+00 -1.340639591217041016e+00 -4.479859769344329834e-01 -3.133921325206756592e-01 2.189781427383422852e+00 1.039744377136230469e+00 1.358422279357910156e+00 -8.825637400150299072e-02 -1.534820795059204102e+00 7.501799613237380981e-02
-1.157466173171997070e+00 1.000514149665832520e+00 2.297648668289184570e+00 -4.154792428016662598e-01 1.947459220886230469e+00 -1.234635233879089355e+00 -1.165152549743652344e+00 -1.157576560974121094e+00 1.516318440437316895e+00 -5.779547095298767090e-01 -1.213232040405273438e+00 -1.053142189979553223e+00 -5.654309391975402832e-01 -1.549836993217468262e-01 2.167008876800537109e+00 1.146917700767517090e+00 1.232520937919616699e+00 -8.733136951923370361e-02 -1.476242899894714355e+00 -2.372075989842414856e-02
-1.279167890548706055e+00 1.187810897827148438e+00 2.212170362472534180e+00 -4.786873757839202881e-01 1.934409141540527344e+00 -1.217715859413146973e+00 -1.293579578399658203e+00 -1.042533278465270996e+00 1.445664644241333008e+00 -8.107990026473999023e-01 -1.130162119865417480e+00 -6.949938535690307617e-01 -6.140421032905578613e-01 8.215123414993286133e-02 2.137690305709838867e+00 1.299729347229003906e+00 1.128690242767333984e+00 -1.244103983044624329e-01 -1.375888109207153320e+00 -1.548595130443572998e-01
-1.428220033645629883e+00 1.489801287651062012e+00 2.084536552429199219e+00 -6.219290494918823242e-01 1.922609567642211914e+00 -1.242514133453369141e+00 -1.406364917755126953e+00 -1.056730508804321289e+00 1.453908443450927734e+00 -1.048461914062500000e+00 -1.047948241233825684e+00 -3.831515908241271973e-01 -6.298078894615173340e-01 3.460751473903656006e-01 2.089858531951904297e+00 1.401770353317260742e+00 1.087856531143188477e+00 -1.857894062995910645e-01 -1.253730535507202148e+00 -2.897204756736755371e-01
-1.538761854171752930e+00 1.781810879707336426e+00 1.947681188583374023e+00 -7.872986793518066406e-01 1.939286708831787109e+00 -1.304831862449645996e+00 -1.441885590553283691e+00 -1.182491779327392578e+00 1.556995987892150879e+00 -1.222142934799194336e+00 -9.867941141128540039e-01 -2.119381278753280640e-01 -6.023238897323608398e-01 5.513067245483398438e-01 2.034798145294189453e+00 1.485885262489318848e+00 1.153958082199096680e+00 -2.574960589408874512e-01 -1.143022179603576660e+00 -4.298658370971679688e-01
-1.615361928939819336e+00 1.977180719375610352e+00 1.815713882446289062e+00 -9.481030702590942383e-01 1.931670904159545898e+00 -1.355219364166259766e+00 -1.404026985168457031e+00 -1.325016617774963379e+00 1.657954812049865723e+00 -1.338771104812622070e+00 -9.293634295463562012e-01 -1.151565611362457275e-01 -5.643323659896850586e-01 7.246289849281311035e-01 1.964190483093261719e+00 1.541105031967163086e+00 1.255759358406066895e+00 -3.242276310920715332e-01 -1.044932246208190918e+00 -5.422840118408203125e-01
-1.658812522888183594e+00 2.084028482437133789e+00 1.717550754547119141e+00 -1.102453827857971191e+00 1.913477182388305664e+00 -1.412387132644653320e+00 -1.325354576110839844e+00 -1.459530115127563477e+00 1.721392512321472168e+00 -1.388804793357849121e+00 -8.922154903411865234e-01 -6.701780855655670166e-02 -5.181795358657836914e-01 8.642547726631164551e-01 1.923102021217346191e+00 1.558537840843200684e+00 1.344150781631469727e+00 -3.868534564971923828e-01 -9.602960944175720215e-01 -6.271972656250000000e-01
-1.659742593765258789e+00 2.115739583969116211e+00 1.679801106452941895e+00 -1.207481145858764648e+00 1.918586015701293945e+00 -1.464933395385742188e+00 -1.250869274139404297e+00 -1.559151768684387207e+00 1.763844966888427734e+00 -1.394962430000305176e+00 -8.843449950218200684e-01 -6.429216265678405762e-02 -4.709578752517700195e-01 9.407979249954223633e-01 1.906776070594787598e+00 1.542881011962890625e+00 1.409779191017150879e+00 -4.264559149742126465e-01 -9.146792292594909668e-01 -6.718913316726684570e-01
-1.609884262084960938e+00 2.108574628829956055e+00 1.654471397399902344e+00 -1.253636240959167480e+00 1.956076145172119141e+00 -1.512835979461669922e+00 -1.151541590690612793e+00 -1.635960578918457031e+00 1.800274610519409180e+00 -1.381517052650451660e+00 -8.951613903045654297e-01 -7.972086220979690552e-02 -4.003786444664001465e-01 9.494408965110778809e-01 1.894651055335998535e+00 1.495466232299804688e+00 1.430152416229248047e+00 -4.762998819351196289e-01 -8.716300129890441895e-01 -6.982431411743164062e-01
-1.524860858917236328e+00 2.055277347564697266e+00 1.626899480819702148e+00 -1.237302064895629883e+00 1.978771924972534180e+00 -1.541747093200683594e+00 -1.024908065795898438e+00 -1.679834842681884766e+00 1.805325746536254883e+00 -1.345353126525878906e+00 -9.269019365310668945e-01 -9.685888886451721191e-02 -3.242229223251342773e-01 9.063145518302917480e-01 1.862139582633972168e+00 1.405327200889587402e+00 1.391257166862487793e+00 -5.115188956260681152e-01 -8.223831057548522949e-01 -7.163350582122802734e-01
-1.396353483200073242e+00 1.947962641716003418e+00 1.591396927833557129e+00 -1.149186134338378906e+00 1.975468158721923828e+00 -1.556128978729248047e+00 -8.760072588920593262e-01 -1.687236547470092773e+00 1.771986842155456543e+00 -1.274921178817749023e+00 -9.658442139625549316e-01 -1.170673668384552002e-01 -2.359299063682556152e-01 8.101298809051513672e-01 1.802500724792480469e+00 1.270073294639587402e+00 1.288689613342285156e+00 -5.351704359054565430e-01 -7.617297768592834473e-01 -7.139823436737060547e-01
-1.221931219100952148e+00 1.792582869529724121e+00 1.597551345825195312e+00 -9.976040720939636230e-01 1.971277713775634766e+00 -1.570154547691345215e+00 -6.863369345664978027e-01 -1.691688895225524902e+00 1.725677371025085449e+00 -1.131732821464538574e+00 -1.038258671760559082e+00 -2.213612794876098633e-01 -1.515746414661407471e-01 6.202422976493835449e-01 1.762852668762207031e+00 1.101387500762939453e+00 1.180151462554931641e+00 -5.365908741950988770e-01 -7.287818193435668945e-01 -7.089476585388183594e-01
-1.037365198135375977e+00 1.633433341979980469e+00 1.674536228179931641e+00 -8.213152289390563965e-01 2.009220361709594727e+00 -1.621029257774353027e+00 -5.182689428329467773e-01 -1.768942236900329590e+00 1.745098114013671875e+00 -8.697458505630493164e-01 -1.161913394927978516e+00 -5.021299123764038086e-01 -1.101637408137321472e-01 3.117632567882537842e-01 1.817408204078674316e+00 8.948583006858825684e-01 1.129745125770568848e+00 -5.545318126678466797e-01 -7.866430282592773438e-01 -6.484305858612060547e-01
-8.392726778984069824e-01 1.516179084777832031e+00 1.848712444305419922e+00 -7.109134197235107422e-01 2.104878902435302734e+00 -1.715291261672973633e+00 -4.605129063129425049e-01 -1.839283347129821777e+00 1.867043972015380859e+00 -5.766207575798034668e-01 -1.298554062843322754e+00 -8.875256776809692383e-01 -3.228750824928283691e-02 -7.203056663274765015e-02 1.983311653137207031e+00 7.839858531951904297e-01 1.166624546051025391e+00 -5.728722214698791504e-01 -9.364079236984252930e-01 -5.596615076065063477e-01
-7.166557312011718750e-01 1.399339318275451660e+00 2.021952867507934570e+00 -6.873833537101745605e-01 2.132919549942016602e+00 -1.735422849655151367e+00 -5.005050897598266602e-01 -1.858566164970397949e+00 1.948217511177062988e+00 -3.235875368118286133e-01 -1.415800094604492188e+00 -1.253070592880249023e+00 -2.838514000177383423e-02 -3.360092341899871826e-01 2.072462081909179688e+00 7.060912847518920898e-01 1.287210702896118164e+00 -5.049011707305908203e-01 -1.153350591659545898e+00 -4.150761663913726807e-01
-6.855837106704711914e-01 1.303055644035339355e+00 2.148553848266601562e+00 -7.222650647163391113e-01 2.119022369384765625e+00 -1.665417551994323730e+00 -5.984300374984741211e-01 -1.834272146224975586e+00 1.967737436294555664e+00 -1.736811995506286621e-01 -1.482144474983215332e+00 -1.514396429061889648e+00 -1.105265244841575623e-01 -4.638864398002624512e-01 2.094288587570190430e+00 6.797113418579101562e-01 1.441969037055969238e+00 -3.854098320007324219e-01 -1.372670888900756836e+00 -2.630206942558288574e-01
-7.005140185356140137e-01 1.229147076606750488e+00 2.215559959411621094e+00 -7.696693539619445801e-01 2.056461811065673828e+00 -1.564763903617858887e+00 -6.975716948509216309e-01 -1.816331267356872559e+00 1.946236133575439453e+00 -7.273661345243453979e-02 -1.515139937400817871e+00 -1.692372441291809082e+00 -2.314735651016235352e-01 -5.420835614204406738e-01 2.102391481399536133e+00 6.652038097381591797e-01 1.580246806144714355e+00 -2.812163233757019043e-01 -1.560213685035705566e+00 -1.381187587976455688e-01
-7.197830677032470703e-01 1.142054796218872070e+00 2.222009420394897461e+00 -8.091069459915161133e-01 1.958410263061523438e+00 -1.453559398651123047e+00 -7.685174942016601562e-01 -1.774327397346496582e+00 1.897111177444458008e+00 -5.622550845146179199e-03 -1.494888901710510254e+00 -1.791892766952514648e+00 -3.267965316772460938e-01 -5.554351210594177246e-01 2.092769145965576172e+00 6.668687462806701660e-01 1.683146834373474121e+00 -2.004659026861190796e-01 -1.675196766853332520e+00 -3.292150050401687622e-02
-7.503870725631713867e-01 1.072127223014831543e+00 2.178372621536254883e+00 -8.643013834953308105e-01 1.813676834106445312e+00 -1.325410962104797363e+00 -8.602430224418640137e-01 -1.719729185104370117e+00 1.811618328094482422e+00 6.231773644685745239e-02 -1.407487630844116211e+00 -1.842755198478698730e+00 -4.239734411239624023e-01 -5.365593433380126953e-01 2.059303283691406250e+00 6.862907409667968750e-01 1.765946149826049805e+00 -1.321405172348022461e-01 -1.759929060935974121e+00 5.682790279388427734e-02
-7.716134786605834961e-01 1.017468571662902832e+00 2.091533184051513672e+00 -9.232893586158752441e-01 1.646863222122192383e+00 -1.198985219001770020e+00 -9.599413871765136719e-01 -1.644996285438537598e+00 1.703620910644531250e+00 1.253218054771423340e-01 -1.267513632774353027e+00 -1.824468731880187988e+00 -5.029924511909484863e-01 -4.934752583503723145e-01 1.993096351623535156e+00 7.276258468627929688e-01 1.803589224815368652e+00 -6.907638907432556152e-02 -1.790976881980895996e+00 9.909069538116455078e-02
-7.713492512702941895e-01 9.928074479103088379e-01 1.926761984825134277e+00 -1.032837629318237305e+00 1.504614114761352539e+00 -1.054877638816833496e+00 -1.063198447227478027e+00 -1.571820020675659180e+00 1.611665129661560059e+00 1.858174800872802734e-01 -1.070982575416564941e+00 -1.766900062561035156e+00 -5.491260886192321777e-01 -3.961812555789947510e-01 1.901386857032775879e+00 7.816564440727233887e-01 1.870935559272766113e+00 -3.870814293622970581e-02 -1.772161126136779785e+00 9.201577305793762207e-02
-7.566831707954406738e-01 1.026187419891357422e+00 1.700086832046508789e+00 -1.195986628532409668e+00 1.416578769683837891e+00 -9.280727505683898926e-01 -1.139437079429626465e+00 -1.530102968215942383e+00 1.552839875221252441e+00 2.250315248966217041e-01 -8.756805062294006348e-01 -1.669168949127197266e+00 -5.635583996772766113e-01 -2.526969909667968750e-01 1.816349506378173828e+00 8.504663109779357910e-01 1.968330383300781250e+00 -6.093748658895492554e-02 -1.702849745750427246e+00 3.336116671562194824e-03
-7.303825020790100098e-01 1.091505289077758789e+00 1.486969947814941406e+00 -1.337932586669921875e+00 1.425079584121704102e+00 -8.766200542449951172e-01 -1.205731391906738281e+00 -1.513951778411865234e+00 1.541918754577636719e+00 2.158990204334259033e-01 -7.296819090843200684e-01 -1.524073362350463867e+00 -5.609291195869445801e-01 -8.214736729860305786e-02 1.754030466079711914e+00 9.302796721458435059e-01 2.043190479278564453e+00 -1.219070553779602051e-01 -1.597391366958618164e+00 -1.132163554430007935e-01
-6.432728171348571777e-01 1.126008033752441406e+00 1.371382117271423340e+00 -1.386971116065979004e+00 1.553047418594360352e+00 -9.239246845245361328e-01 -1.193128824234008789e+00 -1.507722854614257812e+00 1.573849201202392578e+00 1.808701753616333008e-01 -6.783537268638610840e-01 -1.363383173942565918e+00 -4.741380810737609863e-01 1.755627617239952087e-02 1.735854268074035645e+00 9.878257513046264648e-01 2.022311687469482422e+00 -1.973364651203155518e-01 -1.441318511962890625e+00 -2.576933205127716064e-01
-5.508662462234497070e-01 1.106807351112365723e+00 1.373871088027954102e+00 -1.358994483947753906e+00 1.707207441329956055e+00 -1.001137018203735352e+00 -1.132767796516418457e+00 -1.482327461242675781e+00 1.620048165321350098e+00 1.271203458309173584e-01 -7.222480177879333496e-01 -1.234449505805969238e+00 -3.726058602333068848e-01 4.033334925770759583e-02 1.741425752639770508e+00 9.822332262992858887e-01 1.922045111656188965e+00 -2.449106872081756592e-01 -1.309685945510864258e+00 -3.324884474277496338e-01
-4.835714697837829590e-01 1.057117462158203125e+00 1.454107284545898438e+00 -1.294874310493469238e+00 1.816416978836059570e+00 -1.062784075736999512e+00 -1.079397559165954590e+00 -1.439664721488952637e+00 1.647613644599914551e+00 8.232892304658889771e-02 -8.000229001045227051e-01 -1.167024731636047363e+00 -3.048054277896881104e-01 -1.232739537954330444e-02 1.773290872573852539e+00 9.483595490455627441e-01 1.796811342239379883e+00 -2.542490363121032715e-01 -1.249602913856506348e+00 -3.292530775070190430e-01
-4.222858548164367676e-01 1.026394009590148926e+00 1.581508040428161621e+00 -1.231406092643737793e+00 1.902622222900390625e+00 -1.132586479187011719e+00 -1.029762864112854004e+00 -1.396211624145507812e+00 1.719467639923095703e+00 4.011753946542739868e-02 -8.862091302871704102e-01 -1.147262215614318848e+00 -2.806104719638824463e-01 -1.014933809638023376e-01 1.820237636566162109e+00 9.235413670539855957e-01 1.705260515213012695e+00 -2.352745234966278076e-01 -1.240043044090270996e+00 -3.246947824954986572e-01
-3.885166049003601074e-01 1.003238081932067871e+00 1.689864039421081543e+00 -1.183060646057128906e+00 1.946913480758666992e+00 -1.171970486640930176e+00 -1.006007432937622070e+00 -1.354032158851623535e+00 1.772526860237121582e+00 8.596926927566528320e-03 -9.475759267807006836e-01 -1.145936369895935059e+00 -2.885388731956481934e-01 -1.803784668445587158e-01 1.864863872528076172e+00 9.159746170043945312e-01 1.647670149803161621e+00 -2.074928283691406250e-01 -1.257496714591979980e+00 -3.130320012569427490e-01
-3.874463140964508057e-01 1.002733349800109863e+00 1.768471121788024902e+00 -1.170147776603698730e+00 1.961555719375610352e+00 -1.183266639709472656e+00 -1.021444559097290039e+00 -1.316293358802795410e+00 1.808310866355895996e+00 -2.490350231528282166e-02 -9.717615842819213867e-01 -1.137673020362854004e+00 -3.295381069183349609e-01 -2.187027633190155029e-01 1.900405049324035645e+00 9.311034083366394043e-01 1.628951787948608398e+00 -1.776588261127471924e-01 -1.290222883224487305e+00 -3.017556965351104736e-01
-4.047257304191589355e-01 1.022994399070739746e+00 1.806208372116088867e+00 -1.193259477615356445e+00 1.934544324874877930e+00 -1.158886790275573730e+00 -1.077168822288513184e+00 -1.268642067909240723e+00 1.818311452865600586e+00 -5.670778825879096985e-02 -9.352775812149047852e-01 -1.121927380561828613e+00 -3.953138887882232666e-01 -2.323608100414276123e-01 1.929081559181213379e+00 9.789681434631347656e-01 1.645557999610900879e+00 -1.456838548183441162e-01 -1.333243608474731445e+00 -2.912996113300323486e-01
-4.430311918258666992e-01 1.080015182495117188e+00 1.785240054130554199e+00 -1.268233299255371094e+00 1.862253665924072266e+00 -1.096701622009277344e+00 -1.179858446121215820e+00 -1.206121683120727539e+00 1.797148346900939941e+00 -9.899363666772842407e-02 -8.201372623443603516e-01 -1.068079352378845215e+00 -4.716857075691223145e-01 -2.033110857009887695e-01 1.947613477706909180e+00 1.078391075134277344e+00 1.688347220420837402e+00 -1.233053281903266907e-01 -1.368272066116333008e+00 -3.012191057205200195e-01
-5.361419320106506348e-01 1.232982516288757324e+00 1.711377263069152832e+00 -1.423199653625488281e+00 1.791006565093994141e+00 -1.046938776969909668e+00 -1.326394557952880859e+00 -1.202411413192749023e+00 1.764819264411926270e+00 -1.660261154174804688e-01 -6.494775414466857910e-01 -9.519164562225341797e-01 -5.355375409126281738e-01 -7.276765257120132446e-02 1.957761168479919434e+00 1.211365103721618652e+00 1.748262882232666016e+00 -1.633415222167968750e-01 -1.375950694084167480e+00 -3.460141718387603760e-01
-6.499894261360168457e-01 1.402596116065979004e+00 1.591248035430908203e+00 -1.606072545051574707e+00 1.697668075561523438e+00 -1.007888436317443848e+00 -1.416823625564575195e+00 -1.244959354400634766e+00 1.725508809089660645e+00 -2.399106919765472412e-01 -4.569077193737030029e-01 -8.183882236480712891e-01 -5.672314167022705078e-01 1.183154508471488953e-01 1.944237112998962402e+00 1.342998504638671875e+00 1.815412878990173340e+00 -2.332941144704818726e-01 -1.342341184616088867e+00 -4.207461774349212646e-01
-8.239428997039794922e-01 1.562889814376831055e+00 1.521593093872070312e+00 -1.800872683525085449e+00 1.680622816085815430e+00 -1.013739705085754395e+00 -1.470489740371704102e+00 -1.379746437072753906e+00 1.738146901130676270e+00 -3.161221742630004883e-01 -3.412539660930633545e-01 -7.574449777603149414e-01 -5.896222591400146484e-01 3.197537958621978760e-01 1.970964193344116211e+00 1.472134113311767578e+00 1.941732287406921387e+00 -3.206874728202819824e-01 -1.352152347564697266e+00 -4.696052372455596924e-01
-9.465171694755554199e-01 1.644086241722106934e+00 1.435445547103881836e+00 -1.918440341949462891e+00 1.667668104171752930e+00 -1.010883092880249023e+00 -1.447306632995605469e+00 -1.488587141036987305e+00 1.731448411941528320e+00 -3.780378103256225586e-01 -2.683107852935791016e-01 -7.127548456192016602e-01 -5.830893516540527344e-01 4.678006768226623535e-01 1.954004526138305664e+00 1.533451318740844727e+00 2.014286756515502930e+00 -3.903644084930419922e-01 -1.325474500656127930e+00 -5.037969350814819336e-01
-1.017647266387939453e+00 1.711737394332885742e+00 1.393149137496948242e+00 -1.984439492225646973e+00 1.670904874801635742e+00 -1.023301959037780762e+00 -1.396356105804443359e+00 -1.563805460929870605e+00 1.763872504234313965e+00 -4.541417062282562256e-01 -2.429944872856140137e-01 -6.931586265563964844e-01 -5.576342940330505371e-01 5.460475683212280273e-01 1.962109684944152832e+00 1.552531123161315918e+00 2.053516864776611328e+00 -4.422273635864257812e-01 -1.289597034454345703e+00 -5.329114198684692383e-01
-1.034126281738281250e+00 1.746010184288024902e+00 1.359514713287353516e+00 -2.011376142501831055e+00 1.684234857559204102e+00 -1.045482397079467773e+00 -1.335692405700683594e+00 -1.616633653640747070e+00 1.800738334655761719e+00 -4.961015284061431885e-01 -2.303398251533508301e-01 -6.899054050445556641e-01 -5.140838623046875000e-01 5.805262923240661621e-01 1.956386327743530273e+00 1.543683767318725586e+00 2.070970296859741211e+00 -4.807022213935852051e-01 -1.249402642250061035e+00 -5.571150779724121094e-01
-1.012876749038696289e+00 1.754629969596862793e+00 1.322760105133056641e+00 -2.012210607528686523e+00 1.700673103332519531e+00 -1.070004940032958984e+00 -1.270908832550048828e+00 -1.656273126602172852e+00 1.830794572830200195e+00 -5.066436529159545898e-01 -2.240619361400604248e-01 -6.896201372146606445e-01 -4.591215848922729492e-01 5.897111892700195312e-01 1.936894416809082031e+00 1.509290814399719238e+00 2.066882133483886719e+00 -5.140773057937622070e-01 -1.204019308090209961e+00 -5.779267549514770508e-01
-9.701470136642456055e-01 1.739054203033447266e+00 1.286949276924133301e+00 -1.990533113479614258e+00 1.719155311584472656e+00 -1.086844682693481445e+00 -1.208485960960388184e+00 -1.680455207824707031e+00 1.852660536766052246e+00 -4.985122680664062500e-01 -2.260496020317077637e-01 -6.955807209014892578e-01 -4.060537815093994141e-01 5.782304406166076660e-01 1.907883644104003906e+00 1.460194826126098633e+00 2.049693822860717773e+00 -5.326758027076721191e-01 -1.159771442413330078e+00 -5.919510126113891602e-01
-9.049329161643981934e-01 1.709683418273925781e+00 1.264049768447875977e+00 -1.949939370155334473e+00 1.753249645233154297e+00 -1.102155923843383789e+00 -1.155408978462219238e+00 -1.692075252532958984e+00 1.882234692573547363e+00 -4.765168428421020508e-01 -2.386244237422943115e-01 -7.168806791305541992e-01 -3.565644919872283936e-01 5.373702645301818848e-01 1.878598570823669434e+00 1.406357288360595703e+00 2.029932022094726562e+00 -5.350642204284667969e-01 -1.125941276550292969e+00 -6.014620065689086914e-01
-8.170798420906066895e-01 1.671624541282653809e+00 1.260653257369995117e+00 -1.889371633529663086e+00 1.807537317276000977e+00 -1.115284681320190430e+00 -1.119194388389587402e+00 -1.687505841255187988e+00 1.925433397293090820e+00 -4.435417652130126953e-01 -2.628480195999145508e-01 -7.569632530212402344e-01 -3.155161738395690918e-01 4.612238109111785889e-01 1.851422905921936035e+00 1.353143215179443359e+00 2.010986328125000000e+00 -5.176585912704467773e-01 -1.109367132186889648e+00 -6.060467958450317383e-01
-7.101160883903503418e-01 1.623809337615966797e+00 1.289248347282409668e+00 -1.805437684059143066e+00 1.879469871520996094e+00 -1.103562831878662109e+00 -1.114883780479431152e+00 -1.644223451614379883e+00 1.972365498542785645e+00 -4.086349606513977051e-01 -3.063582479953765869e-01 -8.145033121109008789e-01 -3.063796162605285645e-01 3.382725119590759277e-01 1.834065318107604980e+00 1.297545909881591797e+00 1.986353278160095215e+00 -4.685931801795959473e-01 -1.125936031341552734e+00 -5.921486616134643555e-01
-5.933419466018676758e-01 1.554539203643798828e+00 1.339519262313842773e+00 -1.679615974426269531e+00 1.961951255798339844e+00 -1.055003643035888672e+00 -1.144275188446044922e+00 -1.548391103744506836e+00 2.011429548263549805e+00 -3.773108422756195068e-01 -3.785609900951385498e-01 -8.738138675689697266e-01 -3.385574221611022949e-01 1.795454919338226318e-01 1.809454679489135742e+00 1.241617560386657715e+00 1.942035794258117676e+00 -3.780758380889892578e-01 -1.166687250137329102e+00 -5.642766952514648438e-01
-5.157614946365356445e-01 1.452151179313659668e+00 1.426478743553161621e+00 -1.489404797554016113e+00 2.039769172668457031e+00 -9.827303290367126465e-01 -1.205376982688903809e+00 -1.393247723579406738e+00 2.043870687484741211e+00 -3.843314051628112793e-01 -5.103537440299987793e-01 -9.213397502899169922e-01 -4.327234029769897461e-01 2.668338641524314880e-02 1.798670411109924316e+00 1.203394651412963867e+00 1.888628363609313965e+00 -2.430812567472457886e-01 -1.227387547492980957e+00 -5.113006830215454102e-01
-5.395978689193725586e-01 1.318106532096862793e+00 1.535308480262756348e+00 -1.235417723655700684e+00 2.039531707763671875e+00 -8.155377507209777832e-01 -1.314491868019104004e+00 -1.159778833389282227e+00 1.986799836158752441e+00 -4.500887095928192139e-01 -6.905946135520935059e-01 -9.461320638656616211e-01 -6.429920792579650879e-01 -1.379688382148742676e-01 1.764816164970397949e+00 1.192622065544128418e+00 1.797381877899169922e+00 -3.486009687185287476e-02 -1.334769606590270996e+00 -4.107432663440704346e-01
-7.181850075721740723e-01 1.207989096641540527e+00 1.744965910911560059e+00 -1.044314265251159668e+00 1.950280427932739258e+00 -6.467280387878417969e-01 -1.384601950645446777e+00 -9.222226738929748535e-01 1.828586935997009277e+00 -6.008562445640563965e-01 -8.883564472198486328e-01 -9.206176996231079102e-01 -9.134246706962585449e-01 -2.178049385547637939e-01 1.786660432815551758e+00 1.208814501762390137e+00 1.654206752777099609e+00 1.795065253973007202e-01 -1.484333395957946777e+00 -2.931372523307800293e-01
-9.566141963005065918e-01 1.151195406913757324e+00 1.957817077636718750e+00 -8.607281446456909180e-01 1.859896659851074219e+00 -6.367874145507812500e-01 -1.381221532821655273e+00 -8.283225893974304199e-01 1.632936596870422363e+00 -7.282388806343078613e-01 -1.067626476287841797e+00 -8.486067056655883789e-01 -1.027151584625244141e+00 -1.929090619087219238e-01 1.854905128479003906e+00 1.252764463424682617e+00 1.474472045898437500e+00 2.619246840476989746e-01 -1.575152158737182617e+00 -2.393015921115875244e-01
-1.152624368667602539e+00 1.182066917419433594e+00 2.051920890808105469e+00 -8.043330907821655273e-01 1.767462015151977539e+00 -6.901854872703552246e-01 -1.393868327140808105e+00 -8.589395284652709961e-01 1.466796398162841797e+00 -7.757730484008789062e-01 -1.129086971282958984e+00 -7.994992733001708984e-01 -1.081938862800598145e+00 -9.219219535589218140e-02 1.888816475868225098e+00 1.309201598167419434e+00 1.415046453475952148e+00 2.524775266647338867e-01 -1.640467643737792969e+00 -2.431718409061431885e-01
-1.290497541427612305e+00 1.244385480880737305e+00 2.070209980010986328e+00 -7.691302895545959473e-01 1.657129049301147461e+00 -7.451166510581970215e-01 -1.391707062721252441e+00 -9.095442295074462891e-01 1.325824737548828125e+00 -7.985327839851379395e-01 -1.136571049690246582e+00 -7.502299547195434570e-01 -1.087260127067565918e+00 1.792937517166137695e-03 1.872583389282226562e+00 1.308057665824890137e+00 1.349357247352600098e+00 2.067878395318984985e-01 -1.650648474693298340e+00 -2.486940622329711914e-01
-1.388148069381713867e+00 1.320305705070495605e+00 2.064152002334594727e+00 -7.544417977333068848e-01 1.587731838226318359e+00 -8.072898983955383301e-01 -1.361206293106079102e+00 -9.956489801406860352e-01 1.258298397064208984e+00 -8.121234774589538574e-01 -1.131700754165649414e+00 -7.416802644729614258e-01 -1.064142942428588867e+00 6.302305310964584351e-02 1.848689317703247070e+00 1.285023093223571777e+00 1.325634121894836426e+00 1.382012963294982910e-01 -1.649699568748474121e+00 -2.646175920963287354e-01
-1.458238124847412109e+00 1.396274924278259277e+00 2.079710960388183594e+00 -7.173785567283630371e-01 1.577259302139282227e+00 -9.225792884826660156e-01 -1.287930607795715332e+00 -1.117493510246276855e+00 1.275254011154174805e+00 -8.383197784423828125e-01 -1.158718347549438477e+00 -7.693215608596801758e-01 -9.934490323066711426e-01 1.063574552536010742e-01 1.865860223770141602e+00 1.245426177978515625e+00 1.322811961174011230e+00 4.865552484989166260e-02 -1.620901226997375488e+00 -2.809682488441467285e-01
-1.494835138320922852e+00 1.456066846847534180e+00 2.063602209091186523e+00 -6.570557355880737305e-01 1.576853036880493164e+00 -1.028445959091186523e+00 -1.183486938476562500e+00 -1.245612859725952148e+00 1.307112812995910645e+00 -8.459615111351013184e-01 -1.194244027137756348e+00 -8.130378723144531250e-01 -8.907336592674255371e-01 1.203524246811866760e-01 1.867697358131408691e+00 1.169614315032958984e+00 1.294399261474609375e+00 -5.226478725671768188e-02 -1.562896013259887695e+00 -2.881549298763275146e-01
-1.500390052795410156e+00 1.503492355346679688e+00 2.024342536926269531e+00 -5.831568837165832520e-01 1.580438375473022461e+00 -1.127486586570739746e+00 -1.072301864624023438e+00 -1.358456850051879883e+00 1.340261459350585938e+00 -8.428926467895507812e-01 -1.222160696983337402e+00 -8.481613397598266602e-01 -7.774567008018493652e-01 1.150085180997848511e-01 1.857694864273071289e+00 1.071013808250427246e+00 1.238543987274169922e+00 -1.539282798767089844e-01 -1.479220867156982422e+00 -2.851218581199645996e-01
-1.463170051574707031e+00 1.580379009246826172e+00 1.992029428482055664e+00 -5.459542870521545410e-01 1.644666194915771484e+00 -1.285883307456970215e+00 -9.844651222229003906e-01 -1.508416056632995605e+00 1.432963132858276367e+00 -8.278289437294006348e-01 -1.242571473121643066e+00 -8.715549707412719727e-01 -6.490592360496520996e-01 9.196086227893829346e-02 1.894507646560668945e+00 9.711292982101440430e-01 1.197781205177307129e+00 -2.855361104011535645e-01 -1.383592486381530762e+00 -2.858450710773468018e-01
-1.410183191299438477e+00 1.659014105796813965e+00 1.963772416114807129e+00 -5.743421912193298340e-01 1.699052572250366211e+00 -1.420713424682617188e+00 -8.974852561950683594e-01 -1.638917922973632812e+00 1.540930271148681641e+00 -8.132209777832031250e-01 -1.238754391670227051e+00 -8.965046405792236328e-01 -5.218388438224792480e-01 7.759192585945129395e-02 1.945041775703430176e+00 9.045145511627197266e-01 1.192095279693603516e+00 -3.949931859970092773e-01 -1.306821346282958984e+00 -3.038793802261352539e-01
-1.348455667495727539e+00 1.709602117538452148e+00 1.923868536949157715e+00 -6.182444691658020020e-01 1.724722385406494141e+00 -1.504471302032470703e+00 -8.282927274703979492e-01 -1.707447290420532227e+00 1.614591479301452637e+00 -8.078959584236145020e-01 -1.214866876602172852e+00 -8.868526220321655273e-01 -4.211278855800628662e-01 7.807040214538574219e-02 1.976480245590209961e+00 8.593854904174804688e-01 1.181005239486694336e+00 -4.680627584457397461e-01 -1.231555461883544922e+00 -3.237754404544830322e-01
-1.304109573364257812e+00 1.735853433609008789e+00 1.892385005950927734e+00 -6.657479405403137207e-01 1.725885391235351562e+00 -1.540915131568908691e+00 -7.833896279335021973e-01 -1.717903494834899902e+00 1.665673375129699707e+00 -8.279490470886230469e-01 -1.175535917282104492e+00 -8.434550762176513672e-01 -3.467871844768524170e-01 9.765894711017608643e-02 1.987220406532287598e+00 8.587632179260253906e-01 1.160756826400756836e+00 -5.088363289833068848e-01 -1.169715166091918945e+00 -3.501128256320953369e-01
-1.267507791519165039e+00 1.725720882415771484e+00 1.858621597290039062e+00 -7.166913151741027832e-01 1.700521945953369141e+00 -1.534995436668395996e+00 -7.488064169883728027e-01 -1.661909341812133789e+00 1.690595388412475586e+00 -8.776443600654602051e-01 -1.109543442726135254e+00 -7.530561685562133789e-01 -2.788380980491638184e-01 1.298660635948181152e-01 1.986983895301818848e+00 9.059335589408874512e-01 1.118703961372375488e+00 -5.239864587783813477e-01 -1.100286960601806641e+00 -3.792882263660430908e-01
-1.230973005294799805e+00 1.681630015373229980e+00 1.809695959091186523e+00 -7.712544202804565430e-01 1.632155179977416992e+00 -1.477043151855468750e+00 -7.194334268569946289e-01 -1.519833326339721680e+00 1.676848411560058594e+00 -9.614673852920532227e-01 -1.002707004547119141e+00 -6.032558679580688477e-01 -2.195821106433868408e-01 1.772149503231048584e-01 1.965144157409667969e+00 9.962737560272216797e-01 1.045467138290405273e+00 -5.081992149353027344e-01 -1.011803746223449707e+00 -4.102260470390319824e-01
-1.200898885726928711e+00 1.609905958175659180e+00 1.761929988861083984e+00 -8.544175028800964355e-01 1.543876171112060547e+00 -1.371444463729858398e+00 -7.163379788398742676e-01 -1.318522691726684570e+00 1.651070713996887207e+00 -1.069859027862548828e+00 -8.614436388015747070e-01 -4.251142442226409912e-01 -1.709478199481964111e-01 2.273437976837158203e-01 1.943832755088806152e+00 1.127703666687011719e+00 9.740453958511352539e-01 -4.563503861427307129e-01 -9.304530024528503418e-01 -4.223094880580902100e-01
-1.175720453262329102e+00 1.549739241600036621e+00 1.756352186203002930e+00 -1.004841208457946777e+00 1.458063602447509766e+00 -1.257125973701477051e+00 -8.121774792671203613e-01 -1.141913890838623047e+00 1.645930528640747070e+00 -1.118273735046386719e+00 -6.992360949516296387e-01 -3.081003427505493164e-01 -2.017313838005065918e-01 2.333654761314392090e-01 1.977254629135131836e+00 1.299276709556579590e+00 9.786620140075683594e-01 -3.744069337844848633e-01 -9.327038526535034180e-01 -3.970544934272766113e-01
-1.106720924377441406e+00 1.463945865631103516e+00 1.739851593971252441e+00 -1.154382228851318359e+00 1.378366231918334961e+00 -1.106483221054077148e+00 -9.309376478195190430e-01 -9.590278267860412598e-01 1.612819194793701172e+00 -1.091678500175476074e+00 -5.472274422645568848e-01 -2.629565596580505371e-01 -2.623138725757598877e-01 1.910242438316345215e-01 2.002352237701416016e+00 1.465439200401306152e+00 1.042050004005432129e+00 -2.733608484268188477e-01 -9.726346135139465332e-01 -3.725275099277496338e-01
-1.055750966072082520e+00 1.466766357421875000e+00 1.778309345245361328e+00 -1.323204040527343750e+00 1.479692459106445312e+00 -1.061859846115112305e+00 -1.077120900154113770e+00 -9.465303421020507812e-01 1.653654098510742188e+00 -9.927549362182617188e-01 -4.242073893547058105e-01 -3.239344358444213867e-01 -2.947877049446105957e-01 1.312857866287231445e-01 2.139492988586425781e+00 1.642050504684448242e+00 1.172197699546813965e+00 -2.792512178421020508e-01 -1.055809736251831055e+00 -3.811504542827606201e-01
-1.002403736114501953e+00 1.433357596397399902e+00 1.824855923652648926e+00 -1.409925460815429688e+00 1.569172859191894531e+00 -1.018442630767822266e+00 -1.175202608108520508e+00 -9.513673782348632812e-01 1.657274603843688965e+00 -8.745521306991577148e-01 -3.724929392337799072e-01 -4.179485142230987549e-01 -3.394216001033782959e-01 3.955525904893875122e-02 2.227601051330566406e+00 1.747456669807434082e+00 1.273087501525878906e+00 -2.776013314723968506e-01 -1.155939698219299316e+00 -3.910420835018157959e-01
-9.496694207191467285e-01 1.373263835906982422e+00 1.907351493835449219e+00 -1.422514438629150391e+00 1.645022630691528320e+00 -9.819246530532836914e-01 -1.224666118621826172e+00 -9.495465755462646484e-01 1.650155305862426758e+00 -7.668517231941223145e-01 -3.863877654075622559e-01 -5.402114391326904297e-01 -3.989204764366149902e-01 -7.074908167123794556e-02 2.282872676849365234e+00 1.798952221870422363e+00 1.353798270225524902e+00 -2.485389560461044312e-01 -1.270496845245361328e+00 -3.967777788639068604e-01
-9.038074016571044922e-01 1.289961099624633789e+00 2.023616313934326172e+00 -1.376151919364929199e+00 1.715486526489257812e+00 -9.572101831436157227e-01 -1.232517600059509277e+00 -9.372063279151916504e-01 1.640949249267578125e+00 -6.862266659736633301e-01 -4.548835158348083496e-01 -6.712411642074584961e-01 -4.693137407302856445e-01 -1.795538067817687988e-01 2.311244726181030273e+00 1.793412923812866211e+00 1.410770177841186523e+00 -1.889536529779434204e-01 -1.383918762207031250e+00 -3.784346580505371094e-01
-8.792095780372619629e-01 1.180788516998291016e+00 2.184539318084716797e+00 -1.248558044433593750e+00 1.792463302612304688e+00 -9.599106311798095703e-01 -1.183823108673095703e+00 -9.309351444244384766e-01 1.635497689247131348e+00 -6.397790908813476562e-01 -5.802936553955078125e-01 -8.260996341705322266e-01 -5.212220549583435059e-01 -2.968774735927581787e-01 2.344692230224609375e+00 1.747770547866821289e+00 1.442443728446960449e+00 -1.101813986897468567e-01 -1.490337133407592773e+00 -3.431640863418579102e-01
