-6.162222027778625488e-01 1.366860389709472656e+00 1.725055694580078125e+00 -1.404289364814758301e+00 2.159920454025268555e+00 -9.154950380325317383e-01 -1.658632159233093262e+00 -1.043788433074951172e+00 1.996562838554382324e+00 -4.732450842857360840e-01 -5.416399836540222168e-01 -8.270777463912963867e-01 -6.508836150169372559e-01 -8.485689759254455566e-04 2.028548717498779297e+00 1.434495210647583008e+00 1.843296766281127930e+00 -1.245215088129043579e-01 -1.430262088775634766e+00 -2.527461647987365723e-01
-6.531251072883605957e-01 1.410377144813537598e+00 1.615305662155151367e+00 -1.409499883651733398e+00 2.195267200469970703e+00 -9.402146339416503906e-01 -1.677859187126159668e+00 -1.036789894104003906e+00 1.996423363685607910e+00 -5.676352381706237793e-01 -5.283147096633911133e-01 -6.733788251876831055e-01 -6.220840811729431152e-01 2.125110626220703125e-01 1.910216331481933594e+00 1.455211758613586426e+00 1.838942408561706543e+00 -1.214527189731597900e-01 -1.295402288436889648e+00 -2.998259961605072021e-01
-7.305413484573364258e-01 1.499655842781066895e+00 1.469856977462768555e+00 -1.388743638992309570e+00 2.241369247436523438e+00 -1.026532053947448730e+00 -1.642263054847717285e+00 -1.072764515876770020e+00 1.978232860565185547e+00 -7.132410407066345215e-01 -5.534095168113708496e-01 -4.359980821609497070e-01 -5.398703813552856445e-01 5.197129249572753906e-01 1.767054915428161621e+00 1.427828669548034668e+00 1.785506725311279297e+00 -1.655169427394866943e-01 -1.059978365898132324e+00 -3.770591616630554199e-01
-8.649175167083740234e-01 1.573311209678649902e+00 1.383291959762573242e+00 -1.281596302986145020e+00 2.244209051132202148e+00 -1.182955145835876465e+00 -1.563151955604553223e+00 -1.114937543869018555e+00 1.913119316101074219e+00 -8.941862583160400391e-01 -6.122241616249084473e-01 -1.776504218578338623e-01 -3.835428059101104736e-01 8.900279402732849121e-01 1.643951892852783203e+00 1.332048773765563965e+00 1.661607384681701660e+00 -2.349422276020050049e-01 -7.675436735153198242e-01 -3.879334032535552979e-01
-1.065291881561279297e+00 1.699228286743164062e+00 1.424833774566650391e+00 -1.155359148979187012e+00 2.241441965103149414e+00 -1.372335076332092285e+00 -1.381900310516357422e+00 -1.334198236465454102e+00 1.880756616592407227e+00 -1.054540753364562988e+00 -7.016235589981079102e-01 -1.027671545743942261e-01 -2.566731274127960205e-01 1.046303153038024902e+00 1.609546542167663574e+00 1.276600241661071777e+00 1.552790760993957520e+00 -3.712281584739685059e-01 -6.399138569831848145e-01 -4.509448409080505371e-01
-1.216324448585510254e+00 1.673657178878784180e+00 1.513352155685424805e+00 -9.514572620391845703e-01 2.127145767211914062e+00 -1.468101620674133301e+00 -1.056535720825195312e+00 -1.587172985076904297e+00 1.790948748588562012e+00 -1.062949299812316895e+00 -8.893011808395385742e-01 -2.493950724601745605e-01 -1.885379552841186523e-01 8.780191540718078613e-01 1.635601997375488281e+00 1.148287534713745117e+00 1.388720393180847168e+00 -4.229563176631927490e-01 -6.336428523063659668e-01 -4.958467483520507812e-01
-1.208157896995544434e+00 1.562003374099731445e+00 1.587415456771850586e+00 -7.503830194473266602e-01 1.975547552108764648e+00 -1.493929147720336914e+00 -6.926778554916381836e-01 -1.713425397872924805e+00 1.720373988151550293e+00 -9.612816572189331055e-01 -1.025160551071166992e+00 -4.874583482742309570e-01 -1.588696837425231934e-01 5.801311731338500977e-01 1.650137305259704590e+00 9.777725934982299805e-01 1.264227509498596191e+00 -4.219173491001129150e-01 -6.824466586112976074e-01 -5.234019160270690918e-01
-1.167253017425537109e+00 1.445657253265380859e+00 1.704456567764282227e+00 -6.395151615142822266e-01 1.834730863571166992e+00 -1.514659881591796875e+00 -5.325332283973693848e-01 -1.755612611770629883e+00 1.692027330398559570e+00 -8.167340755462646484e-01 -1.154111742973327637e+00 -7.654619812965393066e-01 -1.709327995777130127e-01 2.681442201137542725e-01 1.731909751892089844e+00 8.709012866020202637e-01 1.219271898269653320e+00 -3.829723000526428223e-01 -8.345021605491638184e-01 -4.370051622390747070e-01
-1.070891261100769043e+00 1.348122596740722656e+00 1.811078548431396484e+00 -5.550614595413208008e-01 1.774203658103942871e+00 -1.532746076583862305e+00 -4.505621790885925293e-01 -1.777530550956726074e+00 1.730893969535827637e+00 -6.299744844436645508e-01 -1.251311898231506348e+00 -1.096156835556030273e+00 -1.465407013893127441e-01 -8.494556695222854614e-02 1.849797487258911133e+00 8.098703622817993164e-01 1.239090085029602051e+00 -3.651009500026702881e-01 -9.994495511054992676e-01 -3.411217927932739258e-01
-1.035560131072998047e+00 1.303162932395935059e+00 1.996349573135375977e+00 -5.641494989395141602e-01 1.821678996086120605e+00 -1.503131031990051270e+00 -5.203459858894348145e-01 -1.786074399948120117e+00 1.813601255416870117e+00 -5.086022019386291504e-01 -1.358184933662414551e+00 -1.386809110641479492e+00 -2.138938307762145996e-01 -3.322187662124633789e-01 1.978075504302978516e+00 7.986536026000976562e-01 1.354993700981140137e+00 -2.879458963871002197e-01 -1.244200468063354492e+00 -2.165846675634384155e-01
-9.843809604644775391e-01 1.256881237030029297e+00 2.152024507522583008e+00 -6.022653579711914062e-01 1.879208087921142578e+00 -1.416630864143371582e+00 -6.375738382339477539e-01 -1.757424235343933105e+00 1.873293638229370117e+00 -3.956788182258605957e-01 -1.441353917121887207e+00 -1.620117425918579102e+00 -3.208441436290740967e-01 -5.358161330223083496e-01 2.064396858215332031e+00 7.945325970649719238e-01 1.488110065460205078e+00 -1.839420348405838013e-01 -1.491269707679748535e+00 -1.259967982769012451e-01
-9.193786978721618652e-01 1.185974240303039551e+00 2.227178573608398438e+00 -6.334949731826782227e-01 1.903073549270629883e+00 -1.313643693923950195e+00 -7.251502871513366699e-01 -1.701042771339416504e+00 1.892096519470214844e+00 -2.953298091888427734e-01 -1.483364343643188477e+00 -1.768126845359802246e+00 -4.048974215984344482e-01 -6.714866757392883301e-01 2.095114707946777344e+00 7.791023850440979004e-01 1.579116821289062500e+00 -9.876034408807754517e-02 -1.656370520591735840e+00 -5.343703553080558777e-02
-8.903490900993347168e-01 1.125765919685363770e+00 2.273265600204467773e+00 -6.764758825302124023e-01 1.952790617942810059e+00 -1.248474717140197754e+00 -7.775631546974182129e-01 -1.686493754386901855e+00 1.934254050254821777e+00 -2.428751885890960693e-01 -1.501369118690490723e+00 -1.861189603805541992e+00 -4.529126286506652832e-01 -7.252974510192871094e-01 2.155589580535888672e+00 8.003392219543457031e-01 1.676911115646362305e+00 -6.525529921054840088e-02 -1.756822586059570312e+00 -1.021435856819152832e-02
-8.631507158279418945e-01 1.077723741531372070e+00 2.274501085281372070e+00 -6.929757595062255859e-01 1.969550848007202148e+00 -1.197776317596435547e+00 -8.111432194709777832e-01 -1.662942528724670410e+00 1.941061496734619141e+00 -1.995472311973571777e-01 -1.505881309509277344e+00 -1.899941682815551758e+00 -4.807115793228149414e-01 -7.411256432533264160e-01 2.163080692291259766e+00 7.984166145324707031e-01 1.724586725234985352e+00 -4.721599444746971130e-02 -1.801577329635620117e+00 1.565210893750190735e-02
-8.526841402053833008e-01 1.070723891258239746e+00 2.252770423889160156e+00 -6.976227760314941406e-01 1.956410408020019531e+00 -1.175672769546508789e+00 -8.374179005622863770e-01 -1.651116371154785156e+00 1.929185628890991211e+00 -1.703488528728485107e-01 -1.509559631347656250e+00 -1.903219938278198242e+00 -4.978716373443603516e-01 -7.301284670829772949e-01 2.138121843338012695e+00 7.777336239814758301e-01 1.737902045249938965e+00 -4.605530947446823120e-02 -1.811064004898071289e+00 1.870263740420341492e-02
-8.616053462028503418e-01 1.086449146270751953e+00 2.190613985061645508e+00 -6.719239950180053711e-01 1.928985357284545898e+00 -1.179764270782470703e+00 -8.457499146461486816e-01 -1.660012245178222656e+00 1.887837290763854980e+00 -1.507554650306701660e-01 -1.521574258804321289e+00 -1.868741154670715332e+00 -4.999967813491821289e-01 -6.734189987182617188e-01 2.068904876708984375e+00 7.286176085472106934e-01 1.718265533447265625e+00 -6.696359813213348389e-02 -1.778222799301147461e+00 6.415966898202896118e-03
-9.331517815589904785e-01 1.138565897941589355e+00 2.078676223754882812e+00 -6.389400959014892578e-01 1.900931000709533691e+00 -1.250142931938171387e+00 -8.075534701347351074e-01 -1.751189589500427246e+00 1.813220977783203125e+00 -1.606649160385131836e-01 -1.557676315307617188e+00 -1.767434358596801758e+00 -4.954847097396850586e-01 -5.071170926094055176e-01 1.978559136390686035e+00 6.658428907394409180e-01 1.683102130889892578e+00 -1.468548029661178589e-01 -1.689460635185241699e+00 -4.720480367541313171e-02
-1.084741473197937012e+00 1.219693899154663086e+00 1.885360240936279297e+00 -6.176494359970092773e-01 1.900187969207763672e+00 -1.389828085899353027e+00 -7.128512263298034668e-01 -1.933030605316162109e+00 1.727680444717407227e+00 -2.407995909452438354e-01 -1.560226559638977051e+00 -1.556487321853637695e+00 -4.367589056491851807e-01 -1.761532723903656006e-01 1.902676939964294434e+00 6.419517993927001953e-01 1.647220373153686523e+00 -3.185998797416687012e-01 -1.488402128219604492e+00 -1.509172618389129639e-01
-1.266099095344543457e+00 1.381392121315002441e+00 1.635131597518920898e+00 -6.753371953964233398e-01 1.850380539894104004e+00 -1.520416259765625000e+00 -6.279689669609069824e-01 -2.113207340240478516e+00 1.595793128013610840e+00 -4.146400690078735352e-01 -1.452829241752624512e+00 -1.201173663139343262e+00 -3.747416138648986816e-01 2.417293488979339600e-01 1.826401710510253906e+00 6.380111575126647949e-01 1.578922748565673828e+00 -5.175099968910217285e-01 -1.200151085853576660e+00 -2.831325829029083252e-01
-1.315350174903869629e+00 1.555720210075378418e+00 1.498031854629516602e+00 -8.419589996337890625e-01 1.826993227005004883e+00 -1.611402392387390137e+00 -5.603054165840148926e-01 -2.170801639556884766e+00 1.594195246696472168e+00 -6.190680265426635742e-01 -1.253163695335388184e+00 -8.962146639823913574e-01 -3.030701279640197754e-01 5.449939370155334473e-01 1.745108962059020996e+00 7.065783143043518066e-01 1.561891794204711914e+00 -6.381179690361022949e-01 -9.939277172088623047e-01 -4.114489555358886719e-01
-1.402592778205871582e+00 1.740655779838562012e+00 1.450350522994995117e+00 -1.060393810272216797e+00 1.763564705848693848e+00 -1.684801936149597168e+00 -6.363860368728637695e-01 -2.163895845413208008e+00 1.602249264717102051e+00 -7.884055376052856445e-01 -1.057624459266662598e+00 -6.054364442825317383e-01 -2.354543805122375488e-01 7.822911143302917480e-01 1.755538105964660645e+00 8.755682110786437988e-01 1.521567225456237793e+00 -7.236022949218750000e-01 -8.643249273300170898e-01 -5.301597714424133301e-01
-1.457565426826477051e+00 1.858348965644836426e+00 1.488184452056884766e+00 -1.239280343055725098e+00 1.749538660049438477e+00 -1.711391568183898926e+00 -7.097799777984619141e-01 -2.109588146209716797e+00 1.635115146636962891e+00 -9.187690019607543945e-01 -9.509871602058410645e-01 -4.265921115875244141e-01 -2.125548422336578369e-01 9.066289067268371582e-01 1.813907265663146973e+00 1.027363419532775879e+00 1.508740901947021484e+00 -7.430713176727294922e-01 -8.220357894897460938e-01 -6.115779876708984375e-01
-1.494664430618286133e+00 1.930078983306884766e+00 1.524664878845214844e+00 -1.391928553581237793e+00 1.730695247650146484e+00 -1.712896347045898438e+00 -7.603064179420471191e-01 -2.062362670898437500e+00 1.664714694023132324e+00 -9.905432462692260742e-01 -8.756724596023559570e-01 -3.216878473758697510e-01 -2.043191194534301758e-01 9.741592407226562500e-01 1.875244498252868652e+00 1.156214356422424316e+00 1.516849756240844727e+00 -7.425017356872558594e-01 -8.108000755310058594e-01 -6.709583997726440430e-01
-1.510916709899902344e+00 1.991941213607788086e+00 1.549585342407226562e+00 -1.543025612831115723e+00 1.703784227371215820e+00 -1.694602251052856445e+00 -8.159044981002807617e-01 -2.024836301803588867e+00 1.706251621246337891e+00 -1.012686014175415039e+00 -8.045481443405151367e-01 -2.724314928054809570e-01 -2.113489508628845215e-01 1.006077885627746582e+00 1.923941016197204590e+00 1.269433259963989258e+00 1.560874462127685547e+00 -7.319267988204956055e-01 -8.305398821830749512e-01 -7.210633754730224609e-01
-1.509326696395874023e+00 2.017733573913574219e+00 1.548967599868774414e+00 -1.687511563301086426e+00 1.648096323013305664e+00 -1.642032504081726074e+00 -8.710182905197143555e-01 -1.959422469139099121e+00 1.733217477798461914e+00 -1.010543704032897949e+00 -7.275729179382324219e-01 -2.435352504253387451e-01 -2.228887379169464111e-01 1.019343495368957520e+00 1.948999166488647461e+00 1.370647192001342773e+00 1.612680077552795410e+00 -7.013832330703735352e-01 -8.576584458351135254e-01 -7.463842630386352539e-01
-1.466804981231689453e+00 1.991461992263793945e+00 1.511253595352172852e+00 -1.821705937385559082e+00 1.547520518302917480e+00 -1.534691929817199707e+00 -9.208005666732788086e-01 -1.836995840072631836e+00 1.724329829216003418e+00 -9.716448187828063965e-01 -6.279382705688476562e-01 -2.243438959121704102e-01 -2.383446693420410156e-01 1.003400444984436035e+00 1.934682369232177734e+00 1.451195836067199707e+00 1.653416156768798828e+00 -6.435255408287048340e-01 -8.821237683296203613e-01 -7.474925518035888672e-01
-1.396007180213928223e+00 1.984176397323608398e+00 1.486809253692626953e+00 -1.965593695640563965e+00 1.458834767341613770e+00 -1.388756871223449707e+00 -1.030856370925903320e+00 -1.692440509796142578e+00 1.719077587127685547e+00 -9.045985341072082520e-01 -5.109314918518066406e-01 -2.593630552291870117e-01 -3.060066401958465576e-01 9.072444438934326172e-01 1.953089356422424316e+00 1.533150911331176758e+00 1.719022512435913086e+00 -5.763229727745056152e-01 -9.735367894172668457e-01 -7.140334248542785645e-01
-1.315185427665710449e+00 1.960965275764465332e+00 1.490599870681762695e+00 -2.092763662338256836e+00 1.456877827644348145e+00 -1.223642706871032715e+00 -1.182460904121398926e+00 -1.582723259925842285e+00 1.727160692214965820e+00 -8.034335374832153320e-01 -4.081019461154937744e-01 -3.593508601188659668e-01 -4.160257875919342041e-01 7.649186849594116211e-01 2.012066125869750977e+00 1.629268169403076172e+00 1.813015222549438477e+00 -5.255379080772399902e-01 -1.121211290359497070e+00 -6.652659773826599121e-01
-1.235897064208984375e+00 1.892281532287597656e+00 1.534408092498779297e+00 -2.141360521316528320e+00 1.485046148300170898e+00 -1.063020944595336914e+00 -1.318644285202026367e+00 -1.491017818450927734e+00 1.717131853103637695e+00 -6.933369040489196777e-01 -3.528641760349273682e-01 -4.874553382396697998e-01 -5.429203510284423828e-01 5.913575291633605957e-01 2.075147628784179688e+00 1.697530746459960938e+00 1.885310649871826172e+00 -4.556014835834503174e-01 -1.282751083374023438e+00 -6.047194004058837891e-01
-1.177763819694519043e+00 1.810696601867675781e+00 1.573086500167846680e+00 -2.121356487274169922e+00 1.489951729774475098e+00 -9.572542905807495117e-01 -1.408169031143188477e+00 -1.423162341117858887e+00 1.678708195686340332e+00 -5.938270688056945801e-01 -3.174809515476226807e-01 -5.971224904060363770e-01 -6.384099125862121582e-01 4.635140895843505859e-01 2.098333835601806641e+00 1.727211594581604004e+00 1.922852277755737305e+00 -3.966960608959197998e-01 -1.403782367706298828e+00 -5.446097850799560547e-01
-1.148486375808715820e+00 1.743122458457946777e+00 1.606567859649658203e+00 -2.080373287200927734e+00 1.480227112770080566e+00 -9.148201942443847656e-01 -1.447474718093872070e+00 -1.388688445091247559e+00 1.650374770164489746e+00 -5.286939740180969238e-01 -3.124935626983642578e-01 -6.813441514968872070e-01 -6.831272840499877930e-01 3.943090438842773438e-01 2.126045942306518555e+00 1.726168870925903320e+00 1.948309063911437988e+00 -3.650625646114349365e-01 -1.469234108924865723e+00 -4.887788891792297363e-01
-1.134806036949157715e+00 1.707944273948669434e+00 1.624842166900634766e+00 -2.050953865051269531e+00 1.447215795516967773e+00 -9.057804346084594727e-01 -1.463780641555786133e+00 -1.380986332893371582e+00 1.605669140815734863e+00 -4.691521525382995605e-01 -3.114414215087890625e-01 -7.382813096046447754e-01 -7.025842070579528809e-01 3.546100556850433350e-01 2.138545274734497070e+00 1.704999685287475586e+00 1.952272772789001465e+00 -3.575598001480102539e-01 -1.504295229911804199e+00 -4.543725550174713135e-01
-1.122113227844238281e+00 1.707627058029174805e+00 1.639794349670410156e+00 -2.036594867706298828e+00 1.396082639694213867e+00 -9.353411197662353516e-01 -1.453662276268005371e+00 -1.392657756805419922e+00 1.560701489448547363e+00 -4.148173928260803223e-01 -3.082807064056396484e-01 -7.757716178894042969e-01 -6.868982315063476562e-01 3.256647288799285889e-01 2.144960880279541016e+00 1.669466257095336914e+00 1.934652686119079590e+00 -3.722402453422546387e-01 -1.512035369873046875e+00 -4.419389963150024414e-01
-1.119444727897644043e+00 1.718234896659851074e+00 1.629829883575439453e+00 -2.013605117797851562e+00 1.300019264221191406e+00 -9.750390052795410156e-01 -1.409440994262695312e+00 -1.403278946876525879e+00 1.490958094596862793e+00 -3.716168403625488281e-01 -2.988996803760528564e-01 -7.787739634513854980e-01 -6.404558420181274414e-01 3.146337866783142090e-01 2.124587774276733398e+00 1.606305241584777832e+00 1.872174978256225586e+00 -3.995984196662902832e-01 -1.479058623313903809e+00 -4.389200508594512939e-01
-1.123107910156250000e+00 1.732557535171508789e+00 1.597802162170410156e+00 -1.959925293922424316e+00 1.194153308868408203e+00 -1.020055174827575684e+00 -1.336670637130737305e+00 -1.413072705268859863e+00 1.419766783714294434e+00 -3.515099883079528809e-01 -3.004585504531860352e-01 -7.484483718872070312e-01 -5.695817470550537109e-01 3.129683136940002441e-01 2.078218460083007812e+00 1.518030643463134766e+00 1.768761396408081055e+00 -4.309571683406829834e-01 -1.408338665962219238e+00 -4.486284852027893066e-01
-1.126816034317016602e+00 1.746175765991210938e+00 1.583066940307617188e+00 -1.868706345558166504e+00 1.119509696960449219e+00 -1.084575533866882324e+00 -1.245536565780639648e+00 -1.418395519256591797e+00 1.350821614265441895e+00 -3.574297428131103516e-01 -3.074970841407775879e-01 -6.927134394645690918e-01 -5.021542310714721680e-01 3.171502053737640381e-01 2.008383989334106445e+00 1.419964790344238281e+00 1.634540081024169922e+00 -4.565353393554687500e-01 -1.332934141159057617e+00 -4.716776013374328613e-01
-1.145925521850585938e+00 1.715917110443115234e+00 1.598148584365844727e+00 -1.751773595809936523e+00 1.125394701957702637e+00 -1.133157610893249512e+00 -1.139037847518920898e+00 -1.424955248832702637e+00 1.312005519866943359e+00 -4.122515916824340820e-01 -3.617985844612121582e-01 -6.507702469825744629e-01 -4.394832551479339600e-01 3.154882192611694336e-01 1.983789801597595215e+00 1.357862472534179688e+00 1.525677084922790527e+00 -4.403198361396789551e-01 -1.258622288703918457e+00 -4.964571595191955566e-01
-1.132325530052185059e+00 1.665342092514038086e+00 1.607792377471923828e+00 -1.656430363655090332e+00 1.156914234161376953e+00 -1.137537240982055664e+00 -1.042139410972595215e+00 -1.404224157333374023e+00 1.291592240333557129e+00 -4.589985013008117676e-01 -4.061703085899353027e-01 -6.215038895606994629e-01 -3.915535211563110352e-01 2.840789258480072021e-01 1.964376568794250488e+00 1.320482969284057617e+00 1.441427230834960938e+00 -4.038909673690795898e-01 -1.204364776611328125e+00 -5.250808000564575195e-01
-1.079804062843322754e+00 1.588955760002136230e+00 1.616768836975097656e+00 -1.581727981567382812e+00 1.212732672691345215e+00 -1.102585792541503906e+00 -9.475460052490234375e-01 -1.357576966285705566e+00 1.297605872154235840e+00 -4.886193275451660156e-01 -4.413738548755645752e-01 -6.164992451667785645e-01 -3.608722388744354248e-01 2.098973691463470459e-01 1.949370741844177246e+00 1.306665658950805664e+00 1.382649421691894531e+00 -3.476106822490692139e-01 -1.174475908279418945e+00 -5.561746358871459961e-01
-9.901779890060424805e-01 1.452651023864746094e+00 1.612218379974365234e+00 -1.491216897964477539e+00 1.295101761817932129e+00 -1.014013171195983887e+00 -8.415867686271667480e-01 -1.288116812705993652e+00 1.294939041137695312e+00 -4.878359436988830566e-01 -4.895993769168853760e-01 -6.457943320274353027e-01 -3.528813719749450684e-01 8.467712253332138062e-02 1.930120706558227539e+00 1.296574234962463379e+00 1.336275815963745117e+00 -2.690518498420715332e-01 -1.168624877929687500e+00 -5.775755047798156738e-01
-8.463273048400878906e-01 1.257382988929748535e+00 1.654016256332397461e+00 -1.325385689735412598e+00 1.454463124275207520e+00 -9.385722875595092773e-01 -7.176915407180786133e-01 -1.221700787544250488e+00 1.365547418594360352e+00 -4.653698205947875977e-01 -5.862563252449035645e-01 -7.692735195159912109e-01 -3.573071360588073730e-01 -9.413274377584457397e-02 1.935923576354980469e+00 1.284289956092834473e+00 1.364630460739135742e+00 -1.600279808044433594e-01 -1.197506070137023926e+00 -5.740947127342224121e-01
-7.482551932334899902e-01 9.840363860130310059e-01 1.784678459167480469e+00 -1.033998131752014160e+00 1.674136757850646973e+00 -9.030761718750000000e-01 -6.700890064239501953e-01 -1.209807395935058594e+00 1.553768992424011230e+00 -4.036231040954589844e-01 -7.676574587821960449e-01 -1.073044419288635254e+00 -3.932718634605407715e-01 -2.847374379634857178e-01 1.968858599662780762e+00 1.258893370628356934e+00 1.521960973739624023e+00 -2.249182574450969696e-02 -1.315746784210205078e+00 -4.335640072822570801e-01
-6.993061900138854980e-01 8.294170498847961426e-01 1.889651775360107422e+00 -8.254297971725463867e-01 1.844551086425781250e+00 -9.224797487258911133e-01 -6.894392371177673340e-01 -1.295261383056640625e+00 1.742770671844482422e+00 -2.845321297645568848e-01 -9.665420651435852051e-01 -1.382608652114868164e+00 -4.057125449180603027e-01 -4.397114217281341553e-01 1.999512791633605957e+00 1.218227624893188477e+00 1.680218219757080078e+00 4.428058490157127380e-02 -1.427209734916687012e+00 -3.199720978736877441e-01
-6.965820789337158203e-01 8.158414959907531738e-01 1.940769910812377930e+00 -7.338134050369262695e-01 1.914101123809814453e+00 -9.482600688934326172e-01 -7.359520792961120605e-01 -1.374585986137390137e+00 1.853121161460876465e+00 -2.264203429222106934e-01 -1.080245256423950195e+00 -1.552730083465576172e+00 -3.920019567012786865e-01 -5.306805372238159180e-01 2.018405675888061523e+00 1.186428785324096680e+00 1.751961827278137207e+00 5.051427707076072693e-02 -1.483565092086791992e+00 -2.700669765472412109e-01
-7.092429399490356445e-01 8.390347361564636230e-01 1.970964670181274414e+00 -6.855162382125854492e-01 1.967048406600952148e+00 -9.881311655044555664e-01 -7.663269639015197754e-01 -1.452448487281799316e+00 1.905457496643066406e+00 -1.902977228164672852e-01 -1.156589150428771973e+00 -1.645334839820861816e+00 -3.717280328273773193e-01 -5.614912509918212891e-01 2.025653600692749023e+00 1.147273063659667969e+00 1.779559969902038574e+00 2.065193280577659607e-02 -1.515347361564636230e+00 -2.344265133142471313e-01
-7.264676094055175781e-01 8.716222643852233887e-01 1.996606111526489258e+00 -6.683887243270874023e-01 2.000537157058715820e+00 -1.031097888946533203e+00 -7.882239222526550293e-01 -1.518987178802490234e+00 1.932000398635864258e+00 -1.612949520349502563e-01 -1.208285689353942871e+00 -1.704332709312438965e+00 -3.593191206455230713e-01 -5.686240792274475098e-01 2.037275314331054688e+00 1.116092085838317871e+00 1.797206997871398926e+00 -1.764105819165706635e-02 -1.543338656425476074e+00 -2.103609293699264526e-01
-7.377960085868835449e-01 9.022930860519409180e-01 2.014355897903442383e+00 -6.686059236526489258e-01 2.014646053314208984e+00 -1.061929464340209961e+00 -8.102099299430847168e-01 -1.565314054489135742e+00 1.939028859138488770e+00 -1.304295808076858521e-01 -1.239316582679748535e+00 -1.745009899139404297e+00 -3.619395196437835693e-01 -5.737710595130920410e-01 2.044529676437377930e+00 1.091555833816528320e+00 1.808953166007995605e+00 -5.283914133906364441e-02 -1.574114680290222168e+00 -1.931983232498168945e-01
-7.411331534385681152e-01 9.341990351676940918e-01 2.028521060943603516e+00 -6.892695426940917969e-01 2.016969919204711914e+00 -1.079484105110168457e+00 -8.335171341896057129e-01 -1.595191478729248047e+00 1.937078237533569336e+00 -9.990892559289932251e-02 -1.250501036643981934e+00 -1.771618008613586426e+00 -3.809947967529296875e-01 -5.808879733085632324e-01 2.051845550537109375e+00 1.076608300209045410e+00 1.819528937339782715e+00 -8.475053310394287109e-02 -1.611234307289123535e+00 -1.850272566080093384e-01
-7.314066886901855469e-01 9.744513034820556641e-01 2.046306610107421875e+00 -7.332700490951538086e-01 2.013537883758544922e+00 -1.088206768035888672e+00 -8.670010566711425781e-01 -1.599552035331726074e+00 1.935959100723266602e+00 -7.699609547853469849e-02 -1.240844130516052246e+00 -1.770675659179687500e+00 -4.212286174297332764e-01 -5.853187441825866699e-01 2.061146259307861328e+00 1.075869083404541016e+00 1.826676607131958008e+00 -1.120084375143051147e-01 -1.650027751922607422e+00 -1.949992924928665161e-01
-7.054792642593383789e-01 1.035613179206848145e+00 2.061504364013671875e+00 -8.098804950714111328e-01 2.005612134933471680e+00 -1.080119609832763672e+00 -9.343075156211853027e-01 -1.563949227333068848e+00 1.921152949333190918e+00 -6.544967740774154663e-02 -1.203356266021728516e+00 -1.709117293357849121e+00 -5.034220814704895020e-01 -5.735523700714111328e-01 2.061789751052856445e+00 1.092605233192443848e+00 1.820326924324035645e+00 -1.332544833421707153e-01 -1.686097860336303711e+00 -2.410472482442855835e-01
-6.449595689773559570e-01 1.091498970985412598e+00 2.019894599914550781e+00 -9.193391799926757812e-01 1.940801382064819336e+00 -1.011687755584716797e+00 -1.030367493629455566e+00 -1.434921622276306152e+00 1.838447928428649902e+00 -6.502529978752136230e-02 -1.086495637893676758e+00 -1.540815114974975586e+00 -6.263769865036010742e-01 -5.301468372344970703e-01 2.015433549880981445e+00 1.118514657020568848e+00 1.765445709228515625e+00 -1.490706652402877808e-01 -1.687972068786621094e+00 -3.116165101528167725e-01
-5.937361717224121094e-01 1.203539252281188965e+00 1.869429826736450195e+00 -1.095535039901733398e+00 1.832232236862182617e+00 -8.686203956604003906e-01 -1.264025449752807617e+00 -1.187128186225891113e+00 1.710108637809753418e+00 -1.404100954532623291e-01 -8.166840672492980957e-01 -1.212282180786132812e+00 -7.714084982872009277e-01 -3.628119528293609619e-01 1.906501650810241699e+00 1.192644357681274414e+00 1.715411782264709473e+00 -1.397265046834945679e-01 -1.643914222717285156e+00 -3.636379241943359375e-01
-6.970241069793701172e-01 1.418286681175231934e+00 1.631871938705444336e+00 -1.365871906280517578e+00 1.738878011703491211e+00 -7.558200359344482422e-01 -1.604347467422485352e+00 -9.736522436141967773e-01 1.529060244560241699e+00 -3.456661105155944824e-01 -5.065035223960876465e-01 -7.011684179306030273e-01 -7.933841347694396973e-01 -8.021481335163116455e-03 1.856597065925598145e+00 1.415393590927124023e+00 1.618919014930725098e+00 -1.676291823387145996e-01 -1.470987081527709961e+00 -4.375500679016113281e-01
-8.896992802619934082e-01 1.686249613761901855e+00 1.577787637710571289e+00 -1.646070361137390137e+00 1.768039941787719727e+00 -8.188457489013671875e-01 -1.743031978607177734e+00 -9.961015582084655762e-01 1.585753083229064941e+00 -6.054331064224243164e-01 -3.896841406822204590e-01 -3.925914168357849121e-01 -7.397465109825134277e-01 3.642621934413909912e-01 1.892810940742492676e+00 1.564660429954528809e+00 1.648604154586791992e+00 -1.876461356878280640e-01 -1.298150062561035156e+00 -4.995052218437194824e-01
-1.014149904251098633e+00 1.883225679397583008e+00 1.595713138580322266e+00 -1.810145974159240723e+00 1.817287921905517578e+00 -9.226242303848266602e-01 -1.789994001388549805e+00 -1.077147006988525391e+00 1.728864789009094238e+00 -7.663736343383789062e-01 -3.633065223693847656e-01 -2.856525182723999023e-01 -6.873031854629516602e-01 5.400818586349487305e-01 1.948643565177917480e+00 1.651989221572875977e+00 1.718268990516662598e+00 -2.238813340663909912e-01 -1.234429717063903809e+00 -5.412111878395080566e-01
-1.097533583641052246e+00 1.972299098968505859e+00 1.612594127655029297e+00 -1.872419357299804688e+00 1.878124356269836426e+00 -1.017266392707824707e+00 -1.771791338920593262e+00 -1.144630908966064453e+00 1.858170866966247559e+00 -8.945954442024230957e-01 -3.669859468936920166e-01 -2.364040017127990723e-01 -6.230702400207519531e-01 6.516422033309936523e-01 2.000129222869873047e+00 1.701714992523193359e+00 1.772437453269958496e+00 -2.593425512313842773e-01 -1.170300006866455078e+00 -5.463833212852478027e-01
-1.146966576576232910e+00 1.991300344467163086e+00 1.611509084701538086e+00 -1.876574516296386719e+00 1.930751681327819824e+00 -1.074181079864501953e+00 -1.740779399871826172e+00 -1.180686831474304199e+00 1.939335227012634277e+00 -9.830255508422851562e-01 -3.735299408435821533e-01 -2.093423008918762207e-01 -5.571922659873962402e-01 7.210392951965332031e-01 2.028489351272583008e+00 1.725905179977416992e+00 1.794684767723083496e+00 -2.740998864173889160e-01 -1.103282928466796875e+00 -5.233590602874755859e-01
-1.170557737350463867e+00 1.970311284065246582e+00 1.607327699661254883e+00 -1.847460985183715820e+00 1.979328632354736328e+00 -1.106211900711059570e+00 -1.712476491928100586e+00 -1.190607786178588867e+00 1.998892903327941895e+00 -1.046014189720153809e+00 -3.794778585433959961e-01 -1.944209337234497070e-01 -4.969440698623657227e-01 7.634391188621520996e-01 2.041755437850952148e+00 1.738534688949584961e+00 1.800191521644592285e+00 -2.757578790187835693e-01 -1.045271873474121094e+00 -4.869741797447204590e-01
-1.173975229263305664e+00 1.916215181350708008e+00 1.610934734344482422e+00 -1.792615175247192383e+00 2.030131816864013672e+00 -1.115938067436218262e+00 -1.694633960723876953e+00 -1.179078936576843262e+00 2.046559572219848633e+00 -1.086881399154663086e+00 -3.872281610965728760e-01 -1.940557509660720825e-01 -4.461071789264678955e-01 7.827585935592651367e-01 2.044301509857177734e+00 1.746040701866149902e+00 1.796326875686645508e+00 -2.631002664566040039e-01 -1.005000948905944824e+00 -4.394361376762390137e-01
-1.144005775451660156e+00 1.825040698051452637e+00 1.608519792556762695e+00 -1.708139300346374512e+00 2.081921577453613281e+00 -1.103887200355529785e+00 -1.678449988365173340e+00 -1.138050436973571777e+00 2.079962730407714844e+00 -1.105250120162963867e+00 -3.891597092151641846e-01 -2.033036351203918457e-01 -3.959123492240905762e-01 7.702336907386779785e-01 2.039171457290649414e+00 1.739114284515380859e+00 1.774837970733642578e+00 -2.376035600900650024e-01 -9.665963649749755859e-01 -3.733368813991546631e-01
-1.073924183845520020e+00 1.699333071708679199e+00 1.604932069778442383e+00 -1.589122176170349121e+00 2.136746168136596680e+00 -1.069749951362609863e+00 -1.662913322448730469e+00 -1.064746975898742676e+00 2.098658561706542969e+00 -1.095797061920166016e+00 -3.911538422107696533e-01 -2.309148311614990234e-01 -3.566145896911621094e-01 7.057990431785583496e-01 2.032381057739257812e+00 1.708097338676452637e+00 1.730707645416259766e+00 -2.012250870466232300e-01 -9.411562085151672363e-01 -2.863811552524566650e-01
-9.422436356544494629e-01 1.543118715286254883e+00 1.627881526947021484e+00 -1.441941618919372559e+00 2.210318565368652344e+00 -1.025752067565917969e+00 -1.649863958358764648e+00 -9.630261063575744629e-01 2.113878488540649414e+00 -1.035887360572814941e+00 -4.008187055587768555e-01 -3.100073039531707764e-01 -3.424284160137176514e-01 5.506699681282043457e-01 2.037124872207641602e+00 1.641312360763549805e+00 1.673498272895812988e+00 -1.566760540008544922e-01 -9.592115283012390137e-01 -1.788836866617202759e-01
-8.174097537994384766e-01 1.416902661323547363e+00 1.723406553268432617e+00 -1.335627555847167969e+00 2.311442613601684570e+00 -9.983239173889160156e-01 -1.646185874938964844e+00 -9.439073204994201660e-01 2.168124675750732422e+00 -9.319106936454772949e-01 -4.532890617847442627e-01 -5.092625617980957031e-01 -3.879556357860565186e-01 2.692464888095855713e-01 2.113450765609741211e+00 1.574273109436035156e+00 1.676343679428100586e+00 -1.161315888166427612e-01 -1.085856556892395020e+00 -8.192023634910583496e-02
-6.877273321151733398e-01 1.309966683387756348e+00 1.807157754898071289e+00 -1.263209700584411621e+00 2.345633268356323242e+00 -9.404348134994506836e-01 -1.613609075546264648e+00 -9.575169086456298828e-01 2.154446840286254883e+00 -7.697592973709106445e-01 -5.255318284034729004e-01 -7.303581833839416504e-01 -4.959082603454589844e-01 -4.573351144790649414e-02 2.156623125076293945e+00 1.458141326904296875e+00 1.676602125167846680e+00 -7.828779518604278564e-02 -1.256660580635070801e+00 -3.915578499436378479e-02
-6.122599244117736816e-01 1.256018996238708496e+00 1.885127305984497070e+00 -1.257311105728149414e+00 2.288116693496704102e+00 -9.159775972366333008e-01 -1.526101469993591309e+00 -1.013705015182495117e+00 2.108206033706665039e+00 -6.102552413940429688e-01 -6.252899169921875000e-01 -9.029978513717651367e-01 -6.268621087074279785e-01 -2.532704174518585205e-01 2.186220884323120117e+00 1.324422717094421387e+00 1.700585126876831055e+00 -7.145428657531738281e-02 -1.412532567977905273e+00 -7.603564858436584473e-02
-5.590615868568420410e-01 1.280350685119628906e+00 1.937142133712768555e+00 -1.349268674850463867e+00 2.153656005859375000e+00 -9.109028577804565430e-01 -1.483878970146179199e+00 -1.062886357307434082e+00 2.049364805221557617e+00 -4.571659564971923828e-01 -6.652020215988159180e-01 -1.012554049491882324e+00 -7.571465969085693359e-01 -3.329284787178039551e-01 2.157908678054809570e+00 1.230458617210388184e+00 1.755182027816772461e+00 -8.068661391735076904e-02 -1.564404010772705078e+00 -1.495481431484222412e-01
-5.189102292060852051e-01 1.346243619918823242e+00 1.941476345062255859e+00 -1.498420834541320801e+00 1.947811961174011230e+00 -9.173053503036499023e-01 -1.450325250625610352e+00 -1.103439927101135254e+00 1.974479794502258301e+00 -3.092564940452575684e-01 -6.506634354591369629e-01 -1.069492578506469727e+00 -8.872390389442443848e-01 -2.901252210140228271e-01 2.047216653823852539e+00 1.137030243873596191e+00 1.830851674079895020e+00 -9.563463926315307617e-02 -1.687042474746704102e+00 -2.350157052278518677e-01
-5.373947620391845703e-01 1.476485013961791992e+00 1.869820594787597656e+00 -1.676773667335510254e+00 1.673712730407714844e+00 -9.336956739425659180e-01 -1.351743936538696289e+00 -1.170615792274475098e+00 1.861682891845703125e+00 -2.130710631608963013e-01 -6.519505977630615234e-01 -1.047660350799560547e+00 -1.006881952285766602e+00 -1.608421206474304199e-01 1.886618852615356445e+00 1.022127151489257812e+00 1.882501244544982910e+00 -1.235276907682418823e-01 -1.736653566360473633e+00 -3.690549433231353760e-01
-7.373530864715576172e-01 1.670032024383544922e+00 1.800910949707031250e+00 -1.827586293220520020e+00 1.425660371780395508e+00 -1.000334739685058594e+00 -1.313977003097534180e+00 -1.342131733894348145e+00 1.736047148704528809e+00 -2.153850942850112915e-01 -6.837575435638427734e-01 -9.875625967979431152e-01 -1.038177013397216797e+00 6.721131503582000732e-02 1.782978057861328125e+00 9.912948608398437500e-01 1.918833851814270020e+00 -1.247862130403518677e-01 -1.715417265892028809e+00 -5.173586010932922363e-01
-9.917151331901550293e-01 1.783662915229797363e+00 1.676524400711059570e+00 -1.868720293045043945e+00 1.114114522933959961e+00 -1.112907528877258301e+00 -1.142183065414428711e+00 -1.560134291648864746e+00 1.533210277557373047e+00 -2.465111911296844482e-01 -7.147788405418395996e-01 -8.726172447204589844e-01 -9.797810316085815430e-01 3.209319114685058594e-01 1.598060607910156250e+00 9.426713585853576660e-01 1.845578670501708984e+00 -1.831470876932144165e-01 -1.606443524360656738e+00 -6.577717065811157227e-01
-1.112567663192749023e+00 1.850860118865966797e+00 1.583755731582641602e+00 -1.760967731475830078e+00 9.680646061897277832e-01 -1.309917330741882324e+00 -8.551989197731018066e-01 -1.784752130508422852e+00 1.431612133979797363e+00 -2.809387445449829102e-01 -7.741203904151916504e-01 -8.514022231101989746e-01 -7.979341745376586914e-01 4.169003665447235107e-01 1.438401222229003906e+00 8.725537657737731934e-01 1.743622303009033203e+00 -3.023396134376525879e-01 -1.446858048439025879e+00 -7.533444166183471680e-01
-1.168096303939819336e+00 1.851845502853393555e+00 1.547435522079467773e+00 -1.605556249618530273e+00 1.056209921836853027e+00 -1.464310646057128906e+00 -6.052548289299011230e-01 -1.944288849830627441e+00 1.508502006530761719e+00 -3.997638225555419922e-01 -8.280939459800720215e-01 -9.081558585166931152e-01 -6.239517331123352051e-01 4.495870769023895264e-01 1.460098028182983398e+00 8.499945998191833496e-01 1.742858886718750000e+00 -4.152627885341644287e-01 -1.299553871154785156e+00 -7.422909140586853027e-01
-1.179141759872436523e+00 1.771440744400024414e+00 1.544988870620727539e+00 -1.390970945358276367e+00 1.173247575759887695e+00 -1.545624136924743652e+00 -3.967783451080322266e-01 -2.047677516937255859e+00 1.591865658760070801e+00 -4.737141728401184082e-01 -9.213832020759582520e-01 -1.025680065155029297e+00 -4.619475007057189941e-01 3.498438298702239990e-01 1.560683608055114746e+00 8.205375075340270996e-01 1.705042839050292969e+00 -4.730209708213806152e-01 -1.197942852973937988e+00 -6.518705487251281738e-01
-1.168717980384826660e+00 1.588040351867675781e+00 1.606626987457275391e+00 -1.130497455596923828e+00 1.265910744667053223e+00 -1.570369720458984375e+00 -2.850000560283660889e-01 -2.060281753540039062e+00 1.638905167579650879e+00 -4.778209328651428223e-01 -1.026893854141235352e+00 -1.175117373466491699e+00 -3.093223571777343750e-01 1.678301990032196045e-01 1.690659523010253906e+00 7.983501553535461426e-01 1.617292761802673340e+00 -4.672988355159759521e-01 -1.164949774742126465e+00 -4.911472797393798828e-01
-1.099647283554077148e+00 1.400221109390258789e+00 1.743863105773925781e+00 -8.722152709960937500e-01 1.419539213180541992e+00 -1.576473116874694824e+00 -2.737430036067962646e-01 -2.014647483825683594e+00 1.728451967239379883e+00 -4.487009644508361816e-01 -1.134602904319763184e+00 -1.365727305412292480e+00 -1.795805394649505615e-01 -1.043098941445350647e-01 1.837692499160766602e+00 8.212186694145202637e-01 1.549275636672973633e+00 -4.014594554901123047e-01 -1.208432435989379883e+00 -3.410404324531555176e-01
-1.042227864265441895e+00 1.286521196365356445e+00 1.923335075378417969e+00 -7.411736249923706055e-01 1.618665933609008789e+00 -1.563103795051574707e+00 -3.484265804290771484e-01 -1.950162768363952637e+00 1.834965825080871582e+00 -4.231062531471252441e-01 -1.250027775764465332e+00 -1.531034350395202637e+00 -1.353832781314849854e-01 -2.968017458915710449e-01 1.989420413970947266e+00 8.491496443748474121e-01 1.556993603706359863e+00 -3.316283524036407471e-01 -1.305879712104797363e+00 -2.136167138814926147e-01
-9.637514352798461914e-01 1.171656727790832520e+00 2.060989618301391602e+00 -6.446763277053833008e-01 1.791324734687805176e+00 -1.512726187705993652e+00 -4.693332612514495850e-01 -1.840685486793518066e+00 1.888999462127685547e+00 -3.734919428825378418e-01 -1.310531854629516602e+00 -1.647287607192993164e+00 -1.108908727765083313e-01 -4.485178291797637939e-01 2.087636947631835938e+00 8.842892050743103027e-01 1.564733624458312988e+00 -2.465047985315322876e-01 -1.392497181892395020e+00 -1.106185913085937500e-01
-8.728722333908081055e-01 1.070656538009643555e+00 2.174960613250732422e+00 -6.047456264495849609e-01 1.910858631134033203e+00 -1.428299188613891602e+00 -5.992962718009948730e-01 -1.718666434288024902e+00 1.915120601654052734e+00 -3.125391602516174316e-01 -1.338207721710205078e+00 -1.730868697166442871e+00 -1.389430165290832520e-01 -6.042825579643249512e-01 2.162128448486328125e+00 9.095599055290222168e-01 1.574410200119018555e+00 -1.574419438838958740e-01 -1.493160724639892578e+00 -2.456080168485641479e-02
-8.114241361618041992e-01 9.853152036666870117e-01 2.277854681015014648e+00 -6.628007888793945312e-01 2.019274950027465820e+00 -1.325300097465515137e+00 -7.234627604484558105e-01 -1.629442095756530762e+00 1.950930237770080566e+00 -2.612374424934387207e-01 -1.315064430236816406e+00 -1.789669632911682129e+00 -2.135079205036163330e-01 -7.218325734138488770e-01 2.272644281387329102e+00 9.969042539596557617e-01 1.641147255897521973e+00 -9.685637056827545166e-02 -1.616340637207031250e+00 1.895603910088539124e-02
-7.419618368148803711e-01 9.035867452621459961e-01 2.345552921295166016e+00 -7.468953132629394531e-01 2.077297687530517578e+00 -1.210227727890014648e+00 -8.483151793479919434e-01 -1.492957234382629395e+00 1.963928222656250000e+00 -2.382173985242843628e-01 -1.237438440322875977e+00 -1.773223042488098145e+00 -3.062435090541839600e-01 -7.809461951255798340e-01 2.360100269317626953e+00 1.093935012817382812e+00 1.691731929779052734e+00 -4.103758558630943298e-02 -1.700501203536987305e+00 4.916976764798164368e-02
-6.708934307098388672e-01 9.352703690528869629e-01 2.361397027969360352e+00 -9.236325025558471680e-01 2.099618911743164062e+00 -1.092090010643005371e+00 -1.077539324760437012e+00 -1.330395698547363281e+00 1.991873502731323242e+00 -2.528832554817199707e-01 -1.030210018157958984e+00 -1.669639706611633301e+00 -4.457808136940002441e-01 -7.734183669090270996e-01 2.428041219711303711e+00 1.229117989540100098e+00 1.759144663810729980e+00 -1.894068717956542969e-02 -1.769281864166259766e+00 5.908353626728057861e-02
-6.224430799484252930e-01 1.099330902099609375e+00 2.186154365539550781e+00 -1.198304295539855957e+00 1.996933341026306152e+00 -9.521282911300659180e-01 -1.352821469306945801e+00 -1.141295909881591797e+00 1.908948183059692383e+00 -2.877686917781829834e-01 -6.822391748428344727e-01 -1.338312864303588867e+00 -5.963227152824401855e-01 -6.126282215118408203e-01 2.381494522094726562e+00 1.324560761451721191e+00 1.761125564575195312e+00 -6.969969719648361206e-02 -1.714485168457031250e+00 -5.448549985885620117e-03
-7.255110144615173340e-01 1.436346888542175293e+00 1.862049579620361328e+00 -1.581470608711242676e+00 1.890694022178649902e+00 -8.875660896301269531e-01 -1.689290404319763184e+00 -1.082781076431274414e+00 1.840694189071655273e+00 -3.856834769248962402e-01 -3.171381950378417969e-01 -9.001519083976745605e-01 -6.442583203315734863e-01 -1.677104830741882324e-01 2.307721138000488281e+00 1.618450403213500977e+00 1.808037757873535156e+00 -2.023961991071701050e-01 -1.553123116493225098e+00 -2.085074484348297119e-01
-9.623505473136901855e-01 1.825724840164184570e+00 1.629947185516357422e+00 -1.915325999259948730e+00 1.800941228866577148e+00 -9.715336561203002930e-01 -1.774713277816772461e+00 -1.220074295997619629e+00 1.867421030998229980e+00 -6.043621301651000977e-01 -2.153967916965484619e-01 -5.520752072334289551e-01 -6.501409411430358887e-01 4.126012027263641357e-01 2.117917060852050781e+00 1.711803793907165527e+00 1.917201995849609375e+00 -3.045189678668975830e-01 -1.357451796531677246e+00 -4.189927279949188232e-01
-1.182698845863342285e+00 2.044129848480224609e+00 1.563515663146972656e+00 -2.064599752426147461e+00 1.831765055656433105e+00 -1.158381342887878418e+00 -1.702095389366149902e+00 -1.451136589050292969e+00 1.945085883140563965e+00 -7.742247581481933594e-01 -3.242842257022857666e-01 -4.098357558250427246e-01 -5.975041389465332031e-01 7.530434727668762207e-01 2.062793970108032227e+00 1.703993082046508789e+00 2.006440639495849609e+00 -4.162124097347259521e-01 -1.237727761268615723e+00 -5.500746965408325195e-01
-1.302457928657531738e+00 2.095304250717163086e+00 1.494134426116943359e+00 -2.049745798110961914e+00 1.820369362831115723e+00 -1.281460762023925781e+00 -1.558334469795227051e+00 -1.573725700378417969e+00 1.957931399345397949e+00 -8.926172256469726562e-01 -4.203099608421325684e-01 -3.061688840389251709e-01 -5.074937343597412109e-01 9.664255976676940918e-01 1.989455342292785645e+00 1.640868306159973145e+00 1.993474960327148438e+00 -4.851098954677581787e-01 -1.098385453224182129e+00 -6.113237142562866211e-01
-1.364746689796447754e+00 2.097006797790527344e+00 1.434529304504394531e+00 -1.979771971702575684e+00 1.809370517730712891e+00 -1.367388248443603516e+00 -1.424076557159423828e+00 -1.651508688926696777e+00 1.938843607902526855e+00 -9.636128544807434082e-01 -4.980809092521667480e-01 -2.343197166919708252e-01 -4.192430377006530762e-01 1.096460938453674316e+00 1.910838603973388672e+00 1.556994080543518066e+00 1.939448475837707520e+00 -5.399664640426635742e-01 -9.835219979286193848e-01 -6.382802724838256836e-01
-1.403389811515808105e+00 2.091027259826660156e+00 1.427011489868164062e+00 -1.899354457855224609e+00 1.821378231048583984e+00 -1.427461385726928711e+00 -1.334254384040832520e+00 -1.714513421058654785e+00 1.920841574668884277e+00 -1.010494947433471680e+00 -5.717415213584899902e-01 -2.098729014396667480e-01 -3.577595353126525879e-01 1.150220274925231934e+00 1.875418186187744141e+00 1.479939460754394531e+00 1.893378376960754395e+00 -5.755155086517333984e-01 -9.288485646247863770e-01 -6.310928463935852051e-01
-1.433401107788085938e+00 2.045262336730957031e+00 1.440618991851806641e+00 -1.811120390892028809e+00 1.889035582542419434e+00 -1.452119469642639160e+00 -1.249648094177246094e+00 -1.780141234397888184e+00 1.912207007408142090e+00 -1.052497029304504395e+00 -6.620716452598571777e-01 -2.198912501335144043e-01 -3.101306557655334473e-01 1.153260588645935059e+00 1.886161804199218750e+00 1.431926846504211426e+00 1.858454465866088867e+00 -5.892486572265625000e-01 -9.013105034828186035e-01 -6.221659779548645020e-01
-1.447980642318725586e+00 1.978030920028686523e+00 1.449885606765747070e+00 -1.668900132179260254e+00 1.970670461654663086e+00 -1.453407406806945801e+00 -1.149206757545471191e+00 -1.823180198669433594e+00 1.899421691894531250e+00 -1.104621291160583496e+00 -7.812853455543518066e-01 -2.372645437717437744e-01 -2.589378952980041504e-01 1.102540612220764160e+00 1.906713843345642090e+00 1.373342752456665039e+00 1.788628578186035156e+00 -5.895863175392150879e-01 -8.734583258628845215e-01 -6.065934300422668457e-01
-1.427217483520507812e+00 1.841336250305175781e+00 1.443815231323242188e+00 -1.436786651611328125e+00 2.041914463043212891e+00 -1.411609649658203125e+00 -1.010102987289428711e+00 -1.816838145256042480e+00 1.844648957252502441e+00 -1.143308520317077637e+00 -9.276579022407531738e-01 -2.598895728588104248e-01 -2.015103697776794434e-01 9.922586083412170410e-01 1.899155974388122559e+00 1.272138595581054688e+00 1.654952645301818848e+00 -5.626390576362609863e-01 -8.316086530685424805e-01 -5.717191100120544434e-01
-1.342717051506042480e+00 1.617280125617980957e+00 1.431932210922241211e+00 -1.083570957183837891e+00 2.085436344146728516e+00 -1.309502363204956055e+00 -8.399474024772644043e-01 -1.740209817886352539e+00 1.718547940254211426e+00 -1.112107515335083008e+00 -1.105063319206237793e+00 -3.352173864841461182e-01 -1.778170466423034668e-01 7.598102688789367676e-01 1.865872144699096680e+00 1.107739329338073730e+00 1.453393816947937012e+00 -4.942003190517425537e-01 -8.100280761718750000e-01 -5.114266276359558105e-01
-1.250006437301635742e+00 1.302007555961608887e+00 1.528474092483520508e+00 -6.651388406753540039e-01 2.099812030792236328e+00 -1.235494971275329590e+00 -7.401019930839538574e-01 -1.729041695594787598e+00 1.579739451408386230e+00 -8.325529694557189941e-01 -1.359744668006896973e+00 -6.860346198081970215e-01 -1.959996819496154785e-01 3.203289508819580078e-01 1.944097638130187988e+00 8.444908261299133301e-01 1.237632870674133301e+00 -4.217119812965393066e-01 -9.038141965866088867e-01 -3.112440407276153564e-01
-1.029048562049865723e+00 1.131557226181030273e+00 1.825096368789672852e+00 -4.057875871658325195e-01 2.112626314163208008e+00 -1.368664622306823730e+00 -6.396566629409790039e-01 -1.747107148170471191e+00 1.750547409057617188e+00 -5.137512087821960449e-01 -1.552411675453186035e+00 -1.253072261810302734e+00 -1.820526719093322754e-01 -2.253710031509399414e-01 2.057805061340332031e+00 6.841338872909545898e-01 1.282695174217224121e+00 -3.230134844779968262e-01 -1.153577685356140137e+00 -1.432031840085983276e-01
-9.523193836212158203e-01 1.131870150566101074e+00 2.137786149978637695e+00 -4.654859006404876709e-01 2.095566272735595703e+00 -1.396747112274169922e+00 -7.451080679893493652e-01 -1.691156744956970215e+00 1.893873095512390137e+00 -3.849653005599975586e-01 -1.566447854042053223e+00 -1.586636304855346680e+00 -2.682138085365295410e-01 -4.785176813602447510e-01 2.126547813415527344e+00 7.500255107879638672e-01 1.468271017074584961e+00 -1.654478609561920166e-01 -1.448662638664245605e+00 -3.331193700432777405e-02
-9.530330896377563477e-01 1.168899774551391602e+00 2.281051158905029297e+00 -5.606523752212524414e-01 2.027631521224975586e+00 -1.401452064514160156e+00 -8.235276341438293457e-01 -1.671440839767456055e+00 1.906230330467224121e+00 -3.173012137413024902e-01 -1.522430658340454102e+00 -1.697303891181945801e+00 -3.619721531867980957e-01 -5.416437983512878418e-01 2.143703460693359375e+00 8.245673775672912598e-01 1.587761044502258301e+00 -9.277510643005371094e-02 -1.604817867279052734e+00 -2.555175125598907471e-02
-9.551402926445007324e-01 1.188170313835144043e+00 2.309836864471435547e+00 -6.169047355651855469e-01 1.925599694252014160e+00 -1.397836565971374512e+00 -8.430053591728210449e-01 -1.645313858985900879e+00 1.860325932502746582e+00 -2.829757928848266602e-01 -1.453041791915893555e+00 -1.701941609382629395e+00 -4.067812263965606689e-01 -5.245613455772399902e-01 2.101510286331176758e+00 8.620898723602294922e-01 1.626801013946533203e+00 -6.303503364324569702e-02 -1.646889209747314453e+00 -4.400340840220451355e-02
-9.570548534393310547e-01 1.203275084495544434e+00 2.287520170211791992e+00 -6.690510511398315430e-01 1.806489706039428711e+00 -1.413182735443115234e+00 -7.995429635047912598e-01 -1.638490200042724609e+00 1.806642651557922363e+00 -2.688435018062591553e-01 -1.372219324111938477e+00 -1.663061499595642090e+00 -4.128026068210601807e-01 -4.667969048023223877e-01 2.044025659561157227e+00 8.826710581779479980e-01 1.629920363426208496e+00 -6.752318143844604492e-02 -1.630505323410034180e+00 -8.194671571254730225e-02
-9.668151736259460449e-01 1.216347336769104004e+00 2.230225801467895508e+00 -7.210607528686523438e-01 1.675996661186218262e+00 -1.451843142509460449e+00 -7.226515412330627441e-01 -1.654629588127136230e+00 1.746689200401306152e+00 -2.568155229091644287e-01 -1.291941642761230469e+00 -1.607024431228637695e+00 -3.911093175411224365e-01 -3.723562359809875488e-01 1.982787370681762695e+00 8.928264379501342773e-01 1.622946023941040039e+00 -1.022894233465194702e-01 -1.579199194908142090e+00 -1.272837370634078979e-01
-9.848288893699645996e-01 1.227028965950012207e+00 2.140119791030883789e+00 -7.705639600753784180e-01 1.546786189079284668e+00 -1.495630860328674316e+00 -6.116707921028137207e-01 -1.699322223663330078e+00 1.694216847419738770e+00 -2.526808083057403564e-01 -1.224227190017700195e+00 -1.542632341384887695e+00 -3.481564223766326904e-01 -2.637449204921722412e-01 1.919047832489013672e+00 8.894271254539489746e-01 1.608465433120727539e+00 -1.565951555967330933e-01 -1.503077864646911621e+00 -1.879789829254150391e-01
-1.032745718955993652e+00 1.246642708778381348e+00 2.006939888000488281e+00 -8.450182676315307617e-01 1.430771231651306152e+00 -1.550119996070861816e+00 -4.604481756687164307e-01 -1.812960863113403320e+00 1.666407585144042969e+00 -2.547867894172668457e-01 -1.173332810401916504e+00 -1.491560697555541992e+00 -2.889800965785980225e-01 -1.420528590679168701e-01 1.870877146720886230e+00 8.874060511589050293e-01 1.620616316795349121e+00 -2.539085745811462402e-01 -1.411677956581115723e+00 -2.660860121250152588e-01
-1.067772507667541504e+00 1.264517426490783691e+00 1.867003917694091797e+00 -9.172328710556030273e-01 1.391201496124267578e+00 -1.604557156562805176e+00 -2.952929437160491943e-01 -1.963993430137634277e+00 1.667076826095581055e+00 -2.772548198699951172e-01 -1.159690260887145996e+00 -1.426970720291137695e+00 -2.275724709033966064e-01 -3.662885725498199463e-02 1.870082259178161621e+00 8.773528337478637695e-01 1.631849765777587891e+00 -3.740670979022979736e-01 -1.306874275207519531e+00 -3.541803359985351562e-01
-1.094864606857299805e+00 1.264521241188049316e+00 1.708604812622070312e+00 -9.786783456802368164e-01 1.420841574668884277e+00 -1.631672024726867676e+00 -1.677899658679962158e-01 -2.113730192184448242e+00 1.652748107910156250e+00 -3.174611926078796387e-01 -1.155120015144348145e+00 -1.336470365524291992e+00 -1.741519868373870850e-01 7.348693162202835083e-02 1.875248908996582031e+00 8.696199059486389160e-01 1.649506807327270508e+00 -4.908638894557952881e-01 -1.190352201461791992e+00 -4.351918995380401611e-01
-1.120928883552551270e+00 1.268999457359313965e+00 1.588230848312377930e+00 -1.028786540031433105e+00 1.485686063766479492e+00 -1.620534539222717285e+00 -1.118890494108200073e-01 -2.203442096710205078e+00 1.628970742225646973e+00 -3.585207462310791016e-01 -1.149848222732543945e+00 -1.246131181716918945e+00 -1.581874489784240723e-01 1.464827507734298706e-01 1.910367727279663086e+00 8.913106918334960938e-01 1.672339320182800293e+00 -5.823227167129516602e-01 -1.112262248992919922e+00 -4.982355833053588867e-01
-1.104591488838195801e+00 1.286701798439025879e+00 1.518195152282714844e+00 -1.036110401153564453e+00 1.601821422576904297e+00 -1.598077058792114258e+00 -1.251881718635559082e-01 -2.234663724899291992e+00 1.629032015800476074e+00 -3.843520283699035645e-01 -1.172217130661010742e+00 -1.169952750205993652e+00 -1.570027172565460205e-01 1.654015928506851196e-01 1.929555058479309082e+00 9.015414118766784668e-01 1.667617559432983398e+00 -6.317605972290039062e-01 -1.059070587158203125e+00 -5.656100511550903320e-01
-1.076182126998901367e+00 1.286406517028808594e+00 1.474680900573730469e+00 -9.971650838851928711e-01 1.728865146636962891e+00 -1.530252575874328613e+00 -1.797627806663513184e-01 -2.204413890838623047e+00 1.642874240875244141e+00 -4.108475446701049805e-01 -1.237285494804382324e+00 -1.116568326950073242e+00 -1.727021932601928711e-01 1.560935676097869873e-01 1.928637385368347168e+00 8.897618651390075684e-01 1.643164157867431641e+00 -6.196746826171875000e-01 -1.033271551132202148e+00 -5.924984812736511230e-01
-1.053463697433471680e+00 1.298226356506347656e+00 1.468550920486450195e+00 -9.320621490478515625e-01 1.846954464912414551e+00 -1.455111145973205566e+00 -2.686846852302551270e-01 -2.161886930465698242e+00 1.671524763107299805e+00 -4.219378829002380371e-01 -1.331938982009887695e+00 -1.109107136726379395e+00 -2.087607383728027344e-01 1.111998707056045532e-01 1.919201493263244629e+00 8.471570611000061035e-01 1.618253588676452637e+00 -5.758242607116699219e-01 -1.046846985816955566e+00 -5.902898907661437988e-01
-1.019822597503662109e+00 1.346443295478820801e+00 1.527782440185546875e+00 -8.362510204315185547e-01 1.981644988059997559e+00 -1.427840471267700195e+00 -3.885010480880737305e-01 -2.132784605026245117e+00 1.739781618118286133e+00 -4.029946923255920410e-01 -1.440895915031433105e+00 -1.174514055252075195e+00 -2.495262920856475830e-01 1.582066714763641357e-02 1.917678356170654297e+00 7.748442292213439941e-01 1.602878808975219727e+00 -5.324927568435668945e-01 -1.104149818420410156e+00 -5.602147579193115234e-01
-9.690999388694763184e-01 1.411935329437255859e+00 1.656995058059692383e+00 -7.123568058013916016e-01 2.096315622329711914e+00 -1.431500196456909180e+00 -5.501574277877807617e-01 -2.084590911865234375e+00 1.823659300804138184e+00 -3.478001952171325684e-01 -1.534554719924926758e+00 -1.304754495620727539e+00 -2.938746511936187744e-01 -1.262225210666656494e-01 1.902585625648498535e+00 6.833894848823547363e-01 1.586294531822204590e+00 -4.799446761608123779e-01 -1.208771347999572754e+00 -4.905487895011901855e-01
-9.007236361503601074e-01 1.458368539810180664e+00 1.810859680175781250e+00 -6.471240520477294922e-01 2.089891195297241211e+00 -1.453127026557922363e+00 -6.473988890647888184e-01 -1.983186602592468262e+00 1.879598736763000488e+00 -2.967166900634765625e-01 -1.541521668434143066e+00 -1.414328932762145996e+00 -3.404204547405242920e-01 -2.510426640510559082e-01 1.853709578514099121e+00 6.055900454521179199e-01 1.536299467086791992e+00 -4.138031005859375000e-01 -1.326347589492797852e+00 -3.994790911674499512e-01
-8.561163544654846191e-01 1.459261298179626465e+00 1.986817598342895508e+00 -6.341761350631713867e-01 2.002465963363647461e+00 -1.449020862579345703e+00 -7.793653011322021484e-01 -1.810875892639160156e+00 1.862789869308471680e+00 -2.701605558395385742e-01 -1.459411144256591797e+00 -1.455018043518066406e+00 -3.780227899551391602e-01 -3.514593541622161865e-01 1.839420437812805176e+00 6.116249561309814453e-01 1.469151258468627930e+00 -3.220243752002716064e-01 -1.435863137245178223e+00 -2.859457731246948242e-01
-8.337498903274536133e-01 1.433354616165161133e+00 2.097942829132080078e+00 -6.436979770660400391e-01 1.894745588302612305e+00 -1.421290874481201172e+00 -8.720071911811828613e-01 -1.670816540718078613e+00 1.803940653800964355e+00 -2.560646533966064453e-01 -1.350707292556762695e+00 -1.463301658630371094e+00 -4.046848118305206299e-01 -4.156636595726013184e-01 1.829510688781738281e+00 6.435401439666748047e-01 1.420818209648132324e+00 -2.480842471122741699e-01 -1.505046486854553223e+00 -1.917277425527572632e-01
-8.457005023956298828e-01 1.428114533424377441e+00 2.175754785537719727e+00 -6.812287569046020508e-01 1.807737231254577637e+00 -1.397609949111938477e+00 -9.391202330589294434e-01 -1.576859712600708008e+00 1.744362473487854004e+00 -2.413792759180068970e-01 -1.262342929840087891e+00 -1.455526113510131836e+00 -4.573296010494232178e-01 -4.348201751708984375e-01 1.832698702812194824e+00 7.150878310203552246e-01 1.429777383804321289e+00 -1.992456614971160889e-01 -1.577904224395751953e+00 -1.727201193571090698e-01
-8.657042384147644043e-01 1.424771666526794434e+00 2.226654291152954102e+00 -7.076004743576049805e-01 1.742898225784301758e+00 -1.374233841896057129e+00 -1.007131218910217285e+00 -1.516626358032226562e+00 1.684656620025634766e+00 -2.220107913017272949e-01 -1.198003411293029785e+00 -1.450427174568176270e+00 -5.093873739242553711e-01 -4.391091167926788330e-01 1.838618159294128418e+00 7.757321000099182129e-01 1.449391484260559082e+00 -1.621737927198410034e-01 -1.643009424209594727e+00 -1.627680659294128418e-01
-8.939592242240905762e-01 1.407431840896606445e+00 2.266940832138061523e+00 -7.277127504348754883e-01 1.692074894905090332e+00 -1.345943570137023926e+00 -1.065878629684448242e+00 -1.469610095024108887e+00 1.638362526893615723e+00 -2.064085304737091064e-01 -1.152204513549804688e+00 -1.453007459640502930e+00 -5.567848682403564453e-01 -4.387127459049224854e-01 1.860670685768127441e+00 8.375397920608520508e-01 1.481069326400756836e+00 -1.321504116058349609e-01 -1.707270503044128418e+00 -1.516550332307815552e-01
-9.149507284164428711e-01 1.365830659866333008e+00 2.294308185577392578e+00 -7.531954050064086914e-01 1.646828889846801758e+00 -1.285310029983520508e+00 -1.120609164237976074e+00 -1.409355878829956055e+00 1.591653823852539062e+00 -1.895789802074432373e-01 -1.105795741081237793e+00 -1.458177685737609863e+00 -6.143717169761657715e-01 -4.482785165309906006e-01 1.889376401901245117e+00 9.088187813758850098e-01 1.519988775253295898e+00 -9.493626654148101807e-02 -1.778494477272033691e+00 -1.418992429971694946e-01
-9.201830029487609863e-01 1.293527126312255859e+00 2.290207386016845703e+00 -8.194334506988525391e-01 1.616261839866638184e+00 -1.163436770439147949e+00 -1.192690849304199219e+00 -1.320265054702758789e+00 1.549205303192138672e+00 -1.749981492757797241e-01 -1.019941926002502441e+00 -1.449112772941589355e+00 -7.054976224899291992e-01 -4.630242288112640381e-01 1.942039966583251953e+00 1.026809573173522949e+00 1.581648707389831543e+00 -5.254386737942695618e-02 -1.858897686004638672e+00 -1.404999196529388428e-01
-8.686481714248657227e-01 1.177965998649597168e+00 2.162537813186645508e+00 -9.072666168212890625e-01 1.569387555122375488e+00 -9.352365732192993164e-01 -1.258623003959655762e+00 -1.137619733810424805e+00 1.494079947471618652e+00 -1.862911283969879150e-01 -8.548939228057861328e-01 -1.338295936584472656e+00 -7.989240884780883789e-01 -4.475009739398956299e-01 1.940756201744079590e+00 1.152287602424621582e+00 1.605588316917419434e+00 -3.581903874874114990e-03 -1.859339714050292969e+00 -1.684770733118057251e-01
-8.691374063491821289e-01 1.210377931594848633e+00 1.856296539306640625e+00 -1.130013346672058105e+00 1.571759819984436035e+00 -6.712830066680908203e-01 -1.374785900115966797e+00 -9.920052289962768555e-01 1.442357659339904785e+00 -3.196679949760437012e-01 -6.286911368370056152e-01 -1.015936851501464844e+00 -7.556574344635009766e-01 -2.838186025619506836e-01 1.963461875915527344e+00 1.352446436882019043e+00 1.543344855308532715e+00 -6.839302182197570801e-02 -1.679289340972900391e+00 -2.747444510459899902e-01
-9.691194891929626465e-01 1.293379664421081543e+00 1.553487539291381836e+00 -1.421070814132690430e+00 1.655398726463317871e+00 -5.347664356231689453e-01 -1.400411128997802734e+00 -1.050468802452087402e+00 1.479851007461547852e+00 -5.075650215148925781e-01 -5.742637515068054199e-01 -7.576828598976135254e-01 -6.956464648246765137e-01 4.621326923370361328e-02 1.958677291870117188e+00 1.528642416000366211e+00 1.663388848304748535e+00 -9.863335639238357544e-02 -1.501623153686523438e+00 -3.847434520721435547e-01
-1.095342278480529785e+00 1.426827192306518555e+00 1.461291313171386719e+00 -1.671330094337463379e+00 1.819869637489318848e+00 -6.213978528976440430e-01 -1.369949936866760254e+00 -1.220270514488220215e+00 1.631442785263061523e+00 -6.843557953834533691e-01 -5.924093723297119141e-01 -6.105412840843200684e-01 -6.510163545608520508e-01 3.511646091938018799e-01 1.949229240417480469e+00 1.613298892974853516e+00 1.829816222190856934e+00 -1.737155616283416748e-01 -1.388830780982971191e+00 -4.750034809112548828e-01
-1.179614305496215820e+00 1.531697869300842285e+00 1.459751129150390625e+00 -1.805883407592773438e+00 1.970527172088623047e+00 -7.560963630676269531e-01 -1.339781999588012695e+00 -1.348436355590820312e+00 1.800992131233215332e+00 -8.374531269073486328e-01 -6.268160343170166016e-01 -5.272338986396789551e-01 -5.879051685333251953e-01 5.542932748794555664e-01 1.978997349739074707e+00 1.667184472084045410e+00 1.941742897033691406e+00 -2.255931645631790161e-01 -1.292007207870483398e+00 -5.225557684898376465e-01
-1.246671795845031738e+00 1.609752774238586426e+00 1.450985193252563477e+00 -1.877949953079223633e+00 2.044569969177246094e+00 -8.815503120422363281e-01 -1.302156567573547363e+00 -1.437492251396179199e+00 1.918769001960754395e+00 -9.588058590888977051e-01 -6.450708508491516113e-01 -4.483626186847686768e-01 -5.295653939247131348e-01 7.243257761001586914e-01 1.987650632858276367e+00 1.687724232673645020e+00 1.999008297920227051e+00 -2.676391303539276123e-01 -1.186231970787048340e+00 -5.478609800338745117e-01
-1.292290687561035156e+00 1.663143038749694824e+00 1.432279825210571289e+00 -1.902487397193908691e+00 2.075527429580688477e+00 -9.946219921112060547e-01 -1.256179213523864746e+00 -1.495557546615600586e+00 1.998439192771911621e+00 -1.056581735610961914e+00 -6.474844217300415039e-01 -3.691300749778747559e-01 -4.654440283775329590e-01 8.641443252563476562e-01 1.975670695304870605e+00 1.683638572692871094e+00 2.010411262512207031e+00 -3.028284907341003418e-01 -1.068437099456787109e+00 -5.576920509338378906e-01
-1.332220435142517090e+00 1.701652646064758301e+00 1.442013263702392578e+00 -1.890851259231567383e+00 2.074060201644897461e+00 -1.094557404518127441e+00 -1.228092193603515625e+00 -1.532905220985412598e+00 2.052175521850585938e+00 -1.134220480918884277e+00 -6.395916938781738281e-01 -3.129093050956726074e-01 -4.126432836055755615e-01 9.697452783584594727e-01 1.958304524421691895e+00 1.673859477043151855e+00 2.001324415206909180e+00 -3.207879662513732910e-01 -9.795557856559753418e-01 -5.463309288024902344e-01
-1.341396808624267578e+00 1.713144183158874512e+00 1.452485561370849609e+00 -1.830388069152832031e+00 2.047437667846679688e+00 -1.193251848220825195e+00 -1.190033078193664551e+00 -1.546267390251159668e+00 2.075685024261474609e+00 -1.183981657028198242e+00 -6.180500984191894531e-01 -2.621813118457794189e-01 -3.412375450134277344e-01 1.044686436653137207e+00 1.923785924911499023e+00 1.632921099662780762e+00 1.948228836059570312e+00 -3.417402207851409912e-01 -8.792889714241027832e-01 -5.175437927246093750e-01
-1.295708179473876953e+00 1.722296833992004395e+00 1.467656373977661133e+00 -1.713800191879272461e+00 2.025243997573852539e+00 -1.317840456962585449e+00 -1.132990360260009766e+00 -1.550977945327758789e+00 2.076154708862304688e+00 -1.189130663871765137e+00 -5.978057980537414551e-01 -2.197554409503936768e-01 -2.260099053382873535e-01 1.072040200233459473e+00 1.877913236618041992e+00 1.521739840507507324e+00 1.833214282989501953e+00 -4.066929221153259277e-01 -7.574475407600402832e-01 -4.835481047630310059e-01
-1.187298893928527832e+00 1.685672760009765625e+00 1.484322309494018555e+00 -1.551751852035522461e+00 1.978570938110351562e+00 -1.416855216026306152e+00 -1.065512418746948242e+00 -1.530414700508117676e+00 2.053530216217041016e+00 -1.119040012359619141e+00 -5.802083611488342285e-01 -2.129119336605072021e-01 -1.230319812893867493e-01 1.000343203544616699e+00 1.836246490478515625e+00 1.362921118736267090e+00 1.671246528625488281e+00 -4.701492488384246826e-01 -6.705042123794555664e-01 -4.589546322822570801e-01
-1.028208374977111816e+00 1.565661549568176270e+00 1.515865564346313477e+00 -1.273196816444396973e+00 1.910453438758850098e+00 -1.517200589179992676e+00 -9.676911830902099609e-01 -1.477893471717834473e+00 1.949302434921264648e+00 -9.540634751319885254e-01 -5.733090639114379883e-01 -2.466386854648590088e-01 -3.128136694431304932e-02 8.282482624053955078e-01 1.793499708175659180e+00 1.162077784538269043e+00 1.428701877593994141e+00 -5.422216653823852539e-01 -6.146228909492492676e-01 -4.146414697170257568e-01
-8.178001642227172852e-01 1.376105427742004395e+00 1.659704446792602539e+00 -9.438474178314208984e-01 1.882381319999694824e+00 -1.630470991134643555e+00 -9.139403700828552246e-01 -1.463956832885742188e+00 1.863125920295715332e+00 -6.052395701408386230e-01 -6.661569476127624512e-01 -4.876805245876312256e-01 2.925454080104827881e-02 4.660793244838714600e-01 1.841994047164916992e+00 9.264401197433471680e-01 1.215000510215759277e+00 -5.928155183792114258e-01 -7.099624276161193848e-01 -3.090294599533081055e-01
