-8.791902065277099609e-01 1.840695500373840332e+00 2.030188083648681641e+00 -1.059129476547241211e+00 1.914146304130554199e+00 -1.345649242401123047e+00 -1.276097178459167480e+00 -7.907090783119201660e-01 1.928988814353942871e+00 -1.143337488174438477e+00 -6.260679960250854492e-01 -1.266484856605529785e-01 -5.318632125854492188e-01 2.248995602130889893e-01 1.887748956680297852e+00 1.204765319824218750e+00 9.857626557350158691e-01 -2.661832571029663086e-01 -1.004327654838562012e+00 -4.426630437374114990e-01
-8.342427611351013184e-01 1.755205392837524414e+00 2.103131532669067383e+00 -9.581272602081298828e-01 2.000145196914672852e+00 -1.320513725280761719e+00 -1.247617721557617188e+00 -7.612655162811279297e-01 1.948022365570068359e+00 -1.128541946411132812e+00 -6.831001043319702148e-01 -2.501435279846191406e-01 -5.467073321342468262e-01 5.601128190755844116e-02 1.961553812026977539e+00 1.247769832611083984e+00 1.005897760391235352e+00 -2.027540653944015503e-01 -1.069329023361206055e+00 -4.098047018051147461e-01
-8.093558549880981445e-01 1.670001745223999023e+00 2.163674592971801758e+00 -8.798788189888000488e-01 2.049201726913452148e+00 -1.289238452911376953e+00 -1.262298822402954102e+00 -7.491828203201293945e-01 1.942094802856445312e+00 -1.074852108955383301e+00 -7.433302402496337891e-01 -4.042679071426391602e-01 -5.917652249336242676e-01 -9.846807271242141724e-02 2.041523694992065430e+00 1.301708459854125977e+00 1.073664069175720215e+00 -1.282965540885925293e-01 -1.167283654212951660e+00 -3.599045872688293457e-01
-8.017152547836303711e-01 1.571655631065368652e+00 2.219942331314086914e+00 -8.275026082992553711e-01 2.095275163650512695e+00 -1.226147770881652832e+00 -1.291647553443908691e+00 -7.602211236953735352e-01 1.908946990966796875e+00 -9.952629208564758301e-01 -8.074669837951660156e-01 -5.872538089752197266e-01 -6.709135770797729492e-01 -2.545723319053649902e-01 2.138213157653808594e+00 1.369750261306762695e+00 1.178419709205627441e+00 -4.647385701537132263e-02 -1.301857113838195801e+00 -3.081761598587036133e-01
-8.364070653915405273e-01 1.483763694763183594e+00 2.307733774185180664e+00 -8.094812035560607910e-01 2.132361888885498047e+00 -1.148258566856384277e+00 -1.339197158813476562e+00 -8.102985620498657227e-01 1.887404203414916992e+00 -9.063134789466857910e-01 -8.921047449111938477e-01 -8.128292560577392578e-01 -7.902591824531555176e-01 -3.734261095523834229e-01 2.218070030212402344e+00 1.425948977470397949e+00 1.344519615173339844e+00 5.153996497392654419e-02 -1.488505363464355469e+00 -2.378725707530975342e-01
-8.974860906600952148e-01 1.352637410163879395e+00 2.391694545745849609e+00 -7.737355828285217285e-01 2.135705947875976562e+00 -1.065720081329345703e+00 -1.344470620155334473e+00 -8.980196118354797363e-01 1.868648648262023926e+00 -8.003782629966735840e-01 -1.008131980895996094e+00 -1.076038479804992676e+00 -8.883770704269409180e-01 -4.762274622917175293e-01 2.303921461105346680e+00 1.463458418846130371e+00 1.529710650444030762e+00 1.394264698028564453e-01 -1.673102974891662598e+00 -1.600637435913085938e-01
-9.638313055038452148e-01 1.251828789710998535e+00 2.426340818405151367e+00 -7.850664854049682617e-01 2.079209089279174805e+00 -9.913541078567504883e-01 -1.303425431251525879e+00 -1.043039321899414062e+00 1.837869286537170410e+00 -6.670412421226501465e-01 -1.116640090942382812e+00 -1.326008796691894531e+00 -9.342185854911804199e-01 -5.685738921165466309e-01 2.363300085067749023e+00 1.465135574340820312e+00 1.674929022789001465e+00 1.808121204376220703e-01 -1.821027517318725586e+00 -1.116560027003288269e-01
-1.012548089027404785e+00 1.200425624847412109e+00 2.400698661804199219e+00 -8.276541233062744141e-01 1.974958539009094238e+00 -9.475834369659423828e-01 -1.247297048568725586e+00 -1.210925102233886719e+00 1.822502970695495605e+00 -5.192677378654479980e-01 -1.204680204391479492e+00 -1.568330883979797363e+00 -9.287409186363220215e-01 -6.301622390747070312e-01 2.355524301528930664e+00 1.391637563705444336e+00 1.823110699653625488e+00 1.876485645771026611e-01 -1.946164965629577637e+00 -5.665581673383712769e-02
-1.015619874000549316e+00 1.168891072273254395e+00 2.316852331161499023e+00 -8.545399904251098633e-01 1.828529238700866699e+00 -9.163061380386352539e-01 -1.168509721755981445e+00 -1.326145648956298828e+00 1.801473379135131836e+00 -3.907137215137481689e-01 -1.245739698410034180e+00 -1.722507596015930176e+00 -8.863651156425476074e-01 -6.751986145973205566e-01 2.271915674209594727e+00 1.267694711685180664e+00 1.887178659439086914e+00 1.807856559753417969e-01 -1.985849142074584961e+00 -2.473021671175956726e-02
-9.734370112419128418e-01 1.158486485481262207e+00 2.201130628585815430e+00 -8.600344061851501465e-01 1.727356553077697754e+00 -9.290551543235778809e-01 -1.083142280578613281e+00 -1.418255805969238281e+00 1.790416717529296875e+00 -2.842204868793487549e-01 -1.239303350448608398e+00 -1.788522005081176758e+00 -7.833990454673767090e-01 -7.086060047149658203e-01 2.175977468490600586e+00 1.137247204780578613e+00 1.879702925682067871e+00 1.378803104162216187e-01 -1.942522525787353516e+00 -2.424218505620956421e-02
-9.247871637344360352e-01 1.177795767784118652e+00 2.059148311614990234e+00 -8.651387095451354980e-01 1.619736433029174805e+00 -9.520884156227111816e-01 -1.015381932258605957e+00 -1.483864545822143555e+00 1.764356851577758789e+00 -2.031643688678741455e-01 -1.193871140480041504e+00 -1.793773055076599121e+00 -6.746016144752502441e-01 -7.246558070182800293e-01 2.072428941726684570e+00 1.013185381889343262e+00 1.834917545318603516e+00 7.262726873159408569e-02 -1.865452766418457031e+00 -2.752242237329483032e-02
-8.737972378730773926e-01 1.218862175941467285e+00 1.893305659294128418e+00 -8.690825104713439941e-01 1.497329950332641602e+00 -9.649038910865783691e-01 -9.778777360916137695e-01 -1.508317351341247559e+00 1.711311936378479004e+00 -1.511365473270416260e-01 -1.110260963439941406e+00 -1.728102803230285645e+00 -5.626634955406188965e-01 -7.206582427024841309e-01 1.954268336296081543e+00 9.084376692771911621e-01 1.746849536895751953e+00 5.376968532800674438e-03 -1.753103375434875488e+00 -4.376045614480972290e-02
-8.275676965713500977e-01 1.300298213958740234e+00 1.678295373916625977e+00 -9.202943444252014160e-01 1.317811489105224609e+00 -9.762448668479919434e-01 -9.497714638710021973e-01 -1.531366467475891113e+00 1.651155114173889160e+00 -1.140413433313369751e-01 -9.481071233749389648e-01 -1.598853945732116699e+00 -4.666460454463958740e-01 -6.692558526992797852e-01 1.790826439857482910e+00 8.311956524848937988e-01 1.657810091972351074e+00 -8.414924144744873047e-02 -1.624653220176696777e+00 -1.026074811816215515e-01
-8.148227334022521973e-01 1.456425666809082031e+00 1.331873536109924316e+00 -1.101640701293945312e+00 1.044147491455078125e+00 -9.539611935615539551e-01 -9.326131343841552734e-01 -1.571828126907348633e+00 1.582304239273071289e+00 -8.800790458917617798e-02 -6.567354202270507812e-01 -1.371743440628051758e+00 -3.936031162738800049e-01 -4.633030295372009277e-01 1.536420345306396484e+00 7.959587574005126953e-01 1.627473115921020508e+00 -2.278996706008911133e-01 -1.448246240615844727e+00 -2.534624040126800537e-01
-9.503785967826843262e-01 1.685802340507507324e+00 1.057965755462646484e+00 -1.486781477928161621e+00 9.598356485366821289e-01 -9.816679954528808594e-01 -9.057430028915405273e-01 -1.633198142051696777e+00 1.562900900840759277e+00 -2.770444154739379883e-01 -3.803025782108306885e-01 -9.395474195480346680e-01 -3.367622196674346924e-01 4.546719044446945190e-02 1.437598586082458496e+00 9.368503093719482422e-01 1.652258157730102539e+00 -4.593962728977203369e-01 -1.177332520484924316e+00 -5.246841907501220703e-01
-1.175756573677062988e+00 1.848611354827880859e+00 1.138190388679504395e+00 -1.800958275794982910e+00 1.314013481140136719e+00 -1.107536554336547852e+00 -9.510511755943298340e-01 -1.686941504478454590e+00 1.752769827842712402e+00 -6.550862789154052734e-01 -4.194764494895935059e-01 -5.914859771728515625e-01 -3.540160953998565674e-01 6.109423041343688965e-01 1.622615814208984375e+00 1.224756360054016113e+00 1.820263147354125977e+00 -5.539958477020263672e-01 -1.008923888206481934e+00 -6.763318181037902832e-01
-1.300226807594299316e+00 1.808104515075683594e+00 1.253109693527221680e+00 -1.897154331207275391e+00 1.572102665901184082e+00 -1.187759280204772949e+00 -1.055598974227905273e+00 -1.722125411033630371e+00 1.825415849685668945e+00 -7.822970747947692871e-01 -4.963755309581756592e-01 -4.922284781932830811e-01 -3.470450341701507568e-01 8.724406361579895020e-01 1.778560042381286621e+00 1.429763555526733398e+00 1.953572273254394531e+00 -5.370180606842041016e-01 -9.852576255798339844e-01 -6.630288362503051758e-01
-1.357503414154052734e+00 1.733714818954467773e+00 1.298602700233459473e+00 -1.909276843070983887e+00 1.684934973716735840e+00 -1.194041013717651367e+00 -1.110907316207885742e+00 -1.716822504997253418e+00 1.813987255096435547e+00 -8.184821009635925293e-01 -5.518957376480102539e-01 -4.594069719314575195e-01 -3.541805446147918701e-01 9.935919642448425293e-01 1.839850664138793945e+00 1.518210887908935547e+00 2.012834787368774414e+00 -5.063382387161254883e-01 -9.839725494384765625e-01 -6.260532140731811523e-01
-1.389078021049499512e+00 1.668031096458435059e+00 1.316282629966735840e+00 -1.899038076400756836e+00 1.749689221382141113e+00 -1.182098031044006348e+00 -1.142373800277709961e+00 -1.715276122093200684e+00 1.786285996437072754e+00 -8.222422599792480469e-01 -5.964996814727783203e-01 -4.546837508678436279e-01 -3.597057163715362549e-01 1.054764866828918457e+00 1.872047781944274902e+00 1.558797836303710938e+00 2.046630144119262695e+00 -4.833074808120727539e-01 -9.867559671401977539e-01 -5.964118242263793945e-01
-1.406606674194335938e+00 1.615123987197875977e+00 1.324990630149841309e+00 -1.881242632865905762e+00 1.805132865905761719e+00 -1.174617648124694824e+00 -1.159589648246765137e+00 -1.729619026184082031e+00 1.762384772300720215e+00 -8.116244077682495117e-01 -6.405510902404785156e-01 -4.654511213302612305e-01 -3.544071018695831299e-01 1.086254000663757324e+00 1.898197650909423828e+00 1.572123765945434570e+00 2.070533990859985352e+00 -4.705026745796203613e-01 -9.865340590476989746e-01 -5.762624144554138184e-01
-1.398830413818359375e+00 1.575087547302246094e+00 1.324734568595886230e+00 -1.855350136756896973e+00 1.854737877845764160e+00 -1.183787941932678223e+00 -1.162185549736022949e+00 -1.756156206130981445e+00 1.744169712066650391e+00 -7.820324301719665527e-01 -6.775361299514770508e-01 -4.778033196926116943e-01 -3.250846564769744873e-01 1.098954796791076660e+00 1.914322495460510254e+00 1.553180456161499023e+00 2.075872182846069336e+00 -4.777753055095672607e-01 -9.725856781005859375e-01 -5.657208561897277832e-01
-1.344734549522399902e+00 1.533629894256591797e+00 1.313263893127441406e+00 -1.803172826766967773e+00 1.901053547859191895e+00 -1.215631842613220215e+00 -1.136705517768859863e+00 -1.788521051406860352e+00 1.725250244140625000e+00 -7.228928208351135254e-01 -7.089749574661254883e-01 -4.852098822593688965e-01 -2.547202706336975098e-01 1.083230972290039062e+00 1.912150621414184570e+00 1.482675433158874512e+00 2.039564847946166992e+00 -5.081938505172729492e-01 -9.294053316116333008e-01 -5.642833709716796875e-01
-1.182057142257690430e+00 1.455512642860412598e+00 1.288660287857055664e+00 -1.676515817642211914e+00 1.934830188751220703e+00 -1.256505012512207031e+00 -1.045990109443664551e+00 -1.781821370124816895e+00 1.686893105506896973e+00 -6.146383285522460938e-01 -7.421692609786987305e-01 -4.769439697265625000e-01 -1.263026595115661621e-01 9.847052097320556641e-01 1.868944168090820312e+00 1.304085373878479004e+00 1.891949176788330078e+00 -5.608040094375610352e-01 -8.356073498725891113e-01 -5.651012659072875977e-01
-8.996149897575378418e-01 1.330684304237365723e+00 1.268004298210144043e+00 -1.434575796127319336e+00 1.889354228973388672e+00 -1.342884063720703125e+00 -9.014794826507568359e-01 -1.724006891250610352e+00 1.626891493797302246e+00 -4.340527057647705078e-01 -7.934449911117553711e-01 -5.155772566795349121e-01 2.373318187892436981e-02 7.517482638359069824e-01 1.745751380920410156e+00 9.708311557769775391e-01 1.635001420974731445e+00 -5.960718393325805664e-01 -7.449889779090881348e-01 -4.908771812915802002e-01
-6.425941586494445801e-01 1.175059914588928223e+00 1.484576940536499023e+00 -1.119121313095092773e+00 1.933505892753601074e+00 -1.483479380607604980e+00 -7.748645544052124023e-01 -1.689272642135620117e+00 1.721058964729309082e+00 -2.376429736614227295e-01 -9.590119123458862305e-01 -7.762857675552368164e-01 1.414027214050292969e-01 3.518686294555664062e-01 1.751648426055908203e+00 7.314269542694091797e-01 1.459109663963317871e+00 -5.316290259361267090e-01 -8.274213671684265137e-01 -3.575538396835327148e-01
-4.890697002410888672e-01 1.104251980781555176e+00 1.730056524276733398e+00 -9.325147271156311035e-01 2.006706953048706055e+00 -1.577304840087890625e+00 -6.949494481086730957e-01 -1.638648033142089844e+00 1.818142414093017578e+00 -1.476952284574508667e-01 -1.082490801811218262e+00 -9.833875894546508789e-01 1.712293773889541626e-01 1.424894109368324280e-02 1.814341902732849121e+00 6.469349861145019531e-01 1.349840760231018066e+00 -4.611008167266845703e-01 -9.592949151992797852e-01 -2.919076383113861084e-01
-4.400148987770080566e-01 1.080282449722290039e+00 1.875857353210449219e+00 -8.430057764053344727e-01 2.026328325271606445e+00 -1.623895287513732910e+00 -6.291351914405822754e-01 -1.626058459281921387e+00 1.869257450103759766e+00 -1.214340031147003174e-01 -1.157787561416625977e+00 -1.104888081550598145e+00 1.565706878900527954e-01 -2.032020986080169678e-01 1.862715601921081543e+00 6.318781971931457520e-01 1.290581941604614258e+00 -4.264650344848632812e-01 -1.059805393218994141e+00 -2.743323445320129395e-01
-4.372110962867736816e-01 1.100837588310241699e+00 1.989080190658569336e+00 -8.260442614555358887e-01 2.067992687225341797e+00 -1.656357288360595703e+00 -6.012253165245056152e-01 -1.643604278564453125e+00 1.926544666290283203e+00 -1.325453668832778931e-01 -1.215236783027648926e+00 -1.179533123970031738e+00 1.243573278188705444e-01 -3.166320323944091797e-01 1.917954087257385254e+00 6.453895568847656250e-01 1.292607426643371582e+00 -4.014421999454498291e-01 -1.141083717346191406e+00 -2.847628593444824219e-01
-4.581374526023864746e-01 1.122581720352172852e+00 2.068191289901733398e+00 -8.443545103073120117e-01 2.093669414520263672e+00 -1.674767494201660156e+00 -5.931250452995300293e-01 -1.673623919486999512e+00 1.964250922203063965e+00 -1.356541812419891357e-01 -1.251305818557739258e+00 -1.245387196540832520e+00 9.716601669788360596e-02 -3.704191148281097412e-01 1.973300933837890625e+00 6.739591360092163086e-01 1.329049468040466309e+00 -3.875200450420379639e-01 -1.210012197494506836e+00 -2.925195693969726562e-01
-4.880990982055664062e-01 1.113566756248474121e+00 2.113676309585571289e+00 -8.631535172462463379e-01 2.086086034774780273e+00 -1.676116108894348145e+00 -5.750142931938171387e-01 -1.701299309730529785e+00 1.965240836143493652e+00 -1.287135630846023560e-01 -1.279762744903564453e+00 -1.293001890182495117e+00 7.293619215488433838e-02 -3.867745697498321533e-01 2.005367040634155273e+00 7.011430263519287109e-01 1.362173795700073242e+00 -3.708486557006835938e-01 -1.260892748832702637e+00 -2.965864837169647217e-01
-5.356572270393371582e-01 1.077849984169006348e+00 2.123060941696166992e+00 -8.911387324333190918e-01 2.038178682327270508e+00 -1.658008456230163574e+00 -5.434393286705017090e-01 -1.737165689468383789e+00 1.928545355796813965e+00 -1.116058975458145142e-01 -1.299766302108764648e+00 -1.327150344848632812e+00 4.641706496477127075e-02 -3.636249899864196777e-01 2.019205808639526367e+00 7.331269979476928711e-01 1.398163437843322754e+00 -3.550300896167755127e-01 -1.299240112304687500e+00 -3.002333045005798340e-01
-6.089534163475036621e-01 9.928849339485168457e-01 2.060873270034790039e+00 -9.200519919395446777e-01 1.913708090782165527e+00 -1.597658038139343262e+00 -4.857398867607116699e-01 -1.767913699150085449e+00 1.816697239875793457e+00 -8.077985793352127075e-02 -1.296992063522338867e+00 -1.329679608345031738e+00 1.226327940821647644e-02 -2.746584415435791016e-01 1.988116621971130371e+00 7.648990154266357422e-01 1.426328897476196289e+00 -3.386110067367553711e-01 -1.308868885040283203e+00 -2.973006963729858398e-01
-7.282306551933288574e-01 8.705277442932128906e-01 1.837845206260681152e+00 -9.762949943542480469e-01 1.667172431945800781e+00 -1.469663977622985840e+00 -3.783500492572784424e-01 -1.805921792984008789e+00 1.609961032867431641e+00 -5.767011642456054688e-02 -1.230103850364685059e+00 -1.253561854362487793e+00 -6.661918759346008301e-02 -6.376423686742782593e-02 1.839680671691894531e+00 8.024741411209106445e-01 1.473453640937805176e+00 -3.325317203998565674e-01 -1.256966829299926758e+00 -3.277902603149414062e-01
-9.591726064682006836e-01 8.943700790405273438e-01 1.461600780487060547e+00 -1.136564612388610840e+00 1.351270675659179688e+00 -1.276741981506347656e+00 -3.254974186420440674e-01 -1.852789998054504395e+00 1.402057409286499023e+00 -1.531540304422378540e-01 -1.042714357376098633e+00 -1.079676270484924316e+00 -2.209249734878540039e-01 2.874276638031005859e-01 1.609967947006225586e+00 8.722841143608093262e-01 1.579673528671264648e+00 -3.610522747039794922e-01 -1.129658818244934082e+00 -3.981223106384277344e-01
-1.228540897369384766e+00 1.073060870170593262e+00 1.260318279266357422e+00 -1.304538369178771973e+00 1.283915162086486816e+00 -1.097054600715637207e+00 -4.759903848171234131e-01 -1.794840693473815918e+00 1.366145849227905273e+00 -4.529772400856018066e-01 -8.960628509521484375e-01 -8.866528272628784180e-01 -3.764419853687286377e-01 5.881106257438659668e-01 1.545027256011962891e+00 1.042756319046020508e+00 1.703041434288024902e+00 -3.654423356056213379e-01 -1.069795012474060059e+00 -3.774510324001312256e-01
-1.364923834800720215e+00 1.276289224624633789e+00 1.162675857543945312e+00 -1.386376976966857910e+00 1.279176473617553711e+00 -1.043029427528381348e+00 -6.496430635452270508e-01 -1.720091462135314941e+00 1.371795296669006348e+00 -6.772943139076232910e-01 -7.707550525665283203e-01 -6.807470321655273438e-01 -4.064791500568389893e-01 7.541069388389587402e-01 1.549466133117675781e+00 1.139316916465759277e+00 1.689969062805175781e+00 -4.152863919734954834e-01 -9.814782142639160156e-01 -3.628046512603759766e-01
-1.420452713966369629e+00 1.512672066688537598e+00 1.149686694145202637e+00 -1.425153970718383789e+00 1.359154582023620605e+00 -1.086404442787170410e+00 -7.964447140693664551e-01 -1.692943930625915527e+00 1.503269433975219727e+00 -8.533791899681091309e-01 -6.838251352310180664e-01 -5.970607995986938477e-01 -3.906691372394561768e-01 8.324550390243530273e-01 1.593770027160644531e+00 1.185940504074096680e+00 1.743765234947204590e+00 -4.665070474147796631e-01 -9.367960691452026367e-01 -3.515339195728302002e-01
-1.432327747344970703e+00 1.703960895538330078e+00 1.173787713050842285e+00 -1.437820196151733398e+00 1.464821457862854004e+00 -1.158690571784973145e+00 -8.940725922584533691e-01 -1.687151432037353516e+00 1.648702144622802734e+00 -9.758642315864562988e-01 -6.166474819183349609e-01 -5.390763282775878906e-01 -3.631589114665985107e-01 8.509901762008666992e-01 1.642324090003967285e+00 1.186607241630554199e+00 1.745696544647216797e+00 -5.237409472465515137e-01 -8.955742120742797852e-01 -3.448368608951568604e-01
-1.413667559623718262e+00 1.841018557548522949e+00 1.227952122688293457e+00 -1.416135907173156738e+00 1.561091423034667969e+00 -1.238438963890075684e+00 -9.575998783111572266e-01 -1.676490306854248047e+00 1.778789043426513672e+00 -1.053750276565551758e+00 -5.683944225311279297e-01 -4.901142418384552002e-01 -3.344879448413848877e-01 8.441161513328552246e-01 1.661212921142578125e+00 1.162172198295593262e+00 1.702870965003967285e+00 -5.694506168365478516e-01 -8.640181422233581543e-01 -3.466925621032714844e-01
-1.369173526763916016e+00 1.905969142913818359e+00 1.298598170280456543e+00 -1.367689132690429688e+00 1.654524922370910645e+00 -1.309768080711364746e+00 -9.856656193733215332e-01 -1.665732741355895996e+00 1.867295145988464355e+00 -1.087563633918762207e+00 -5.546363592147827148e-01 -4.585318267345428467e-01 -3.087009787559509277e-01 8.141139149665832520e-01 1.671523213386535645e+00 1.118821144104003906e+00 1.636526107788085938e+00 -5.934996604919433594e-01 -8.445590734481811523e-01 -3.475573360919952393e-01
-1.291073441505432129e+00 1.903634428977966309e+00 1.354254961013793945e+00 -1.298793554306030273e+00 1.727405548095703125e+00 -1.370315432548522949e+00 -9.732090830802917480e-01 -1.648633599281311035e+00 1.901556372642517090e+00 -1.073132991790771484e+00 -5.533951520919799805e-01 -4.293491542339324951e-01 -2.704271078109741211e-01 7.631189227104187012e-01 1.668242096900939941e+00 1.057138681411743164e+00 1.541251182556152344e+00 -6.103583574295043945e-01 -8.185879588127136230e-01 -3.446660041809082031e-01
-1.197919964790344238e+00 1.828170418739318848e+00 1.393819689750671387e+00 -1.211239099502563477e+00 1.757434725761413574e+00 -1.383364915847778320e+00 -9.334200620651245117e-01 -1.591834187507629395e+00 1.858939409255981445e+00 -1.028396964073181152e+00 -5.606474876403808594e-01 -3.939222097396850586e-01 -2.458275854587554932e-01 6.949782371520996094e-01 1.640461444854736328e+00 9.928064942359924316e-01 1.414334297180175781e+00 -6.023515462875366211e-01 -7.949324846267700195e-01 -3.337755501270294189e-01
-1.132919073104858398e+00 1.693890452384948730e+00 1.431171894073486328e+00 -1.125214695930480957e+00 1.716507554054260254e+00 -1.340625047683715820e+00 -8.912342190742492676e-01 -1.495206952095031738e+00 1.712152361869812012e+00 -9.529138803482055664e-01 -5.675282478332519531e-01 -3.510592579841613770e-01 -2.682271897792816162e-01 6.261609792709350586e-01 1.598526716232299805e+00 9.700235128402709961e-01 1.283900976181030273e+00 -5.534079074859619141e-01 -8.014037609100341797e-01 -3.299186527729034424e-01
-1.114068746566772461e+00 1.461261391639709473e+00 1.449684619903564453e+00 -1.060101509094238281e+00 1.583430528640747070e+00 -1.198611140251159668e+00 -8.390909433364868164e-01 -1.375226855278015137e+00 1.436728119850158691e+00 -8.241953849792480469e-01 -6.266808509826660156e-01 -3.607964813709259033e-01 -3.854279518127441406e-01 5.487109422683715820e-01 1.547398805618286133e+00 9.805958271026611328e-01 1.210904240608215332e+00 -4.150830209255218506e-01 -8.804718255996704102e-01 -3.158280253410339355e-01
-1.131846189498901367e+00 1.126834869384765625e+00 1.493951201438903809e+00 -1.047550797462463379e+00 1.385983109474182129e+00 -9.107863306999206543e-01 -8.036719560623168945e-01 -1.269271135330200195e+00 1.080747246742248535e+00 -6.006608009338378906e-01 -7.772178649902343750e-01 -5.052974820137023926e-01 -6.467086672782897949e-01 4.107032716274261475e-01 1.494762897491455078e+00 1.045973420143127441e+00 1.265284895896911621e+00 -1.604515314102172852e-01 -1.133566141128540039e+00 -3.389837443828582764e-01
-1.181790590286254883e+00 9.141490459442138672e-01 1.616878747940063477e+00 -1.096725463867187500e+00 1.339242935180664062e+00 -6.929717063903808594e-01 -8.706894516944885254e-01 -1.310428142547607422e+00 9.862511157989501953e-01 -3.876457512378692627e-01 -9.411573410034179688e-01 -8.152186870574951172e-01 -8.722156286239624023e-01 2.588323950767517090e-01 1.607856512069702148e+00 1.205871939659118652e+00 1.549455761909484863e+00 5.666054040193557739e-02 -1.473483920097351074e+00 -3.936042189598083496e-01
-1.193346858024597168e+00 9.039761424064636230e-01 1.756781458854675293e+00 -1.142814278602600098e+00 1.418258547782897949e+00 -6.493580341339111328e-01 -9.340805411338806152e-01 -1.399799227714538574e+00 1.104419231414794922e+00 -2.938474416732788086e-01 -1.091476321220397949e+00 -1.062385797500610352e+00 -9.929725527763366699e-01 1.507329195737838745e-01 1.706877350807189941e+00 1.267168283462524414e+00 1.780048608779907227e+00 1.566292941570281982e-01 -1.691447973251342773e+00 -4.445205926895141602e-01
-1.169292092323303223e+00 9.039636850357055664e-01 1.823396682739257812e+00 -1.131715059280395508e+00 1.458780527114868164e+00 -6.214127540588378906e-01 -9.602715373039245605e-01 -1.435127615928649902e+00 1.200664281845092773e+00 -2.410463690757751465e-01 -1.175842642784118652e+00 -1.234202146530151367e+00 -1.042882800102233887e+00 4.269009456038475037e-02 1.743033885955810547e+00 1.252497076988220215e+00 1.894672989845275879e+00 2.162924110889434814e-01 -1.800808787345886230e+00 -4.449982941150665283e-01
-1.123503446578979492e+00 9.120336174964904785e-01 1.872457504272460938e+00 -1.090273141860961914e+00 1.487870931625366211e+00 -6.119967699050903320e-01 -9.711764454841613770e-01 -1.437244176864624023e+00 1.285641193389892578e+00 -2.116472423076629639e-01 -1.230686187744140625e+00 -1.359427571296691895e+00 -1.053104043006896973e+00 -7.600540667772293091e-02 1.765110492706298828e+00 1.211970806121826172e+00 1.938148140907287598e+00 2.509137690067291260e-01 -1.861618518829345703e+00 -4.255649447441101074e-01
-1.060834527015686035e+00 9.226332902908325195e-01 1.931550741195678711e+00 -1.024961709976196289e+00 1.522207379341125488e+00 -6.225919127464294434e-01 -9.732102751731872559e-01 -1.420502185821533203e+00 1.376607418060302734e+00 -1.966079473495483398e-01 -1.274324774742126465e+00 -1.469038486480712891e+00 -1.041034340858459473e+00 -2.136436104774475098e-01 1.791656851768493652e+00 1.155352354049682617e+00 1.940921783447265625e+00 2.749440968036651611e-01 -1.902062654495239258e+00 -3.871206343173980713e-01
-9.932699799537658691e-01 9.341239333152770996e-01 2.028430938720703125e+00 -9.601467251777648926e-01 1.586918711662292480e+00 -6.683406829833984375e-01 -9.589212536811828613e-01 -1.410277485847473145e+00 1.491764783859252930e+00 -1.983075737953186035e-01 -1.316650390625000000e+00 -1.574036955833435059e+00 -9.921198487281799316e-01 -3.653508424758911133e-01 1.857822895050048828e+00 1.103583335876464844e+00 1.920601367950439453e+00 2.831428945064544678e-01 -1.932361960411071777e+00 -3.384627997875213623e-01
-9.487848281860351562e-01 9.767202734947204590e-01 2.128764867782592773e+00 -9.086013436317443848e-01 1.668633341789245605e+00 -7.353015542030334473e-01 -9.558872580528259277e-01 -1.422207832336425781e+00 1.618808865547180176e+00 -2.166473269462585449e-01 -1.360592126846313477e+00 -1.676901936531066895e+00 -9.385448694229125977e-01 -5.133764147758483887e-01 1.955859541893005371e+00 1.063168406486511230e+00 1.903002858161926270e+00 2.646685242652893066e-01 -1.958004117012023926e+00 -2.832286059856414795e-01
-9.405949711799621582e-01 1.059012055397033691e+00 2.216803312301635742e+00 -8.813709020614624023e-01 1.795896768569946289e+00 -8.132512569427490234e-01 -9.745835065841674805e-01 -1.453476905822753906e+00 1.764825344085693359e+00 -2.776369452476501465e-01 -1.394236564636230469e+00 -1.755265712738037109e+00 -8.850612640380859375e-01 -6.243049502372741699e-01 2.079498529434204102e+00 1.059076309204101562e+00 1.906724214553833008e+00 2.229178547859191895e-01 -1.974997997283935547e+00 -2.278812825679779053e-01
-9.103027582168579102e-01 1.141911149024963379e+00 2.271231412887573242e+00 -8.514168858528137207e-01 1.901414036750793457e+00 -9.001271128654479980e-01 -9.797562360763549805e-01 -1.457885980606079102e+00 1.895462751388549805e+00 -3.443472385406494141e-01 -1.386576652526855469e+00 -1.777349114418029785e+00 -8.148635625839233398e-01 -7.174191474914550781e-01 2.178138971328735352e+00 1.055030584335327148e+00 1.866893529891967773e+00 1.620964258909225464e-01 -1.945294499397277832e+00 -1.831397414207458496e-01
-8.675869703292846680e-01 1.206795573234558105e+00 2.277849197387695312e+00 -8.231819272041320801e-01 1.970268249511718750e+00 -9.806140661239624023e-01 -9.739453196525573730e-01 -1.438590884208679199e+00 1.983252882957458496e+00 -4.063662886619567871e-01 -1.329716444015502930e+00 -1.738550186157226562e+00 -7.292112708091735840e-01 -7.821180820465087891e-01 2.249828100204467773e+00 1.063570618629455566e+00 1.787683486938476562e+00 8.256283402442932129e-02 -1.870655655860900879e+00 -1.504680812358856201e-01
-8.343573212623596191e-01 1.226059913635253906e+00 2.222446918487548828e+00 -7.882472872734069824e-01 1.993262529373168945e+00 -1.014738440513610840e+00 -9.761657714843750000e-01 -1.374850869178771973e+00 1.999007940292358398e+00 -4.756366312503814697e-01 -1.201911211013793945e+00 -1.629393815994262695e+00 -6.334556937217712402e-01 -8.001471161842346191e-01 2.287664651870727539e+00 1.112958073616027832e+00 1.673913478851318359e+00 9.697556495666503906e-03 -1.746293902397155762e+00 -1.206403747200965881e-01
-8.379905223846435547e-01 1.223148226737976074e+00 2.057068347930908203e+00 -7.786204814910888672e-01 1.925050258636474609e+00 -9.614915847778320312e-01 -9.861863255500793457e-01 -1.243434548377990723e+00 1.903731822967529297e+00 -5.843417644500732422e-01 -9.954361915588378906e-01 -1.414402127265930176e+00 -5.688771605491638184e-01 -7.209344506263732910e-01 2.249464273452758789e+00 1.214270591735839844e+00 1.537860393524169922e+00 -4.315352439880371094e-02 -1.572032451629638672e+00 -1.011962667107582092e-01
-8.924651145935058594e-01 1.192414522171020508e+00 1.755462884902954102e+00 -8.111287951469421387e-01 1.714967966079711914e+00 -8.545559644699096680e-01 -9.784120321273803711e-01 -1.066787242889404297e+00 1.696779966354370117e+00 -7.365032434463500977e-01 -7.592236995697021484e-01 -1.086073398590087891e+00 -5.243423581123352051e-01 -4.651419520378112793e-01 2.117817163467407227e+00 1.308651566505432129e+00 1.409947156906127930e+00 -6.524020433425903320e-02 -1.329348683357238770e+00 -5.796661227941513062e-02
-1.041329741477966309e+00 1.349161624908447266e+00 1.419637560844421387e+00 -1.072047472000122070e+00 1.491682648658752441e+00 -8.081697821617126465e-01 -1.043549656867980957e+00 -1.021993756294250488e+00 1.531681537628173828e+00 -9.053763747215270996e-01 -5.102083086967468262e-01 -6.807271242141723633e-01 -4.462490379810333252e-01 -3.478647023439407349e-02 1.990861296653747559e+00 1.475426316261291504e+00 1.389505147933959961e+00 -1.683445274829864502e-01 -1.085034012794494629e+00 -1.529754698276519775e-01
-1.234077692031860352e+00 1.580526351928710938e+00 1.324805259704589844e+00 -1.375563502311706543e+00 1.436169743537902832e+00 -8.728619813919067383e-01 -1.107635736465454102e+00 -1.151952266693115234e+00 1.574556708335876465e+00 -1.025990843772888184e+00 -4.241682291030883789e-01 -4.983063340187072754e-01 -4.287252724170684814e-01 3.227928876876831055e-01 1.952617645263671875e+00 1.595488071441650391e+00 1.528702735900878906e+00 -2.751063108444213867e-01 -1.006341457366943359e+00 -2.749679386615753174e-01
-1.316308259963989258e+00 1.761935114860534668e+00 1.338874340057373047e+00 -1.549380421638488770e+00 1.472222805023193359e+00 -9.522532820701599121e-01 -1.150935530662536621e+00 -1.245138764381408691e+00 1.675759911537170410e+00 -1.096856355667114258e+00 -4.202109575271606445e-01 -4.304243922233581543e-01 -4.263694286346435547e-01 4.946817457675933838e-01 1.944330096244812012e+00 1.637383341789245605e+00 1.639903903007507324e+00 -3.368623852729797363e-01 -9.930989146232604980e-01 -3.914635479450225830e-01
-1.339365839958190918e+00 1.886000156402587891e+00 1.333980083465576172e+00 -1.625375032424926758e+00 1.498171329498291016e+00 -1.003137230873107910e+00 -1.164545893669128418e+00 -1.292686223983764648e+00 1.744717001914978027e+00 -1.147017359733581543e+00 -4.273182451725006104e-01 -3.655929565429687500e-01 -4.205991923809051514e-01 5.979086756706237793e-01 1.896982073783874512e+00 1.618618845939636230e+00 1.679327487945556641e+00 -3.692945837974548340e-01 -9.590586423873901367e-01 -4.900632798671722412e-01
-1.310441851615905762e+00 1.965401768684387207e+00 1.324456214904785156e+00 -1.638357758522033691e+00 1.516563415527343750e+00 -1.040897130966186523e+00 -1.149802446365356445e+00 -1.296787261962890625e+00 1.811862707138061523e+00 -1.189624071121215820e+00 -4.319399595260620117e-01 -3.017404079437255859e-01 -3.938015997409820557e-01 6.500656604766845703e-01 1.824927091598510742e+00 1.563467621803283691e+00 1.663915157318115234e+00 -3.779371082782745361e-01 -9.014243483543395996e-01 -5.682859420776367188e-01
-1.240985155105590820e+00 2.017119169235229492e+00 1.322167158126831055e+00 -1.597922682762145996e+00 1.562926173210144043e+00 -1.093209862709045410e+00 -1.112985014915466309e+00 -1.289040088653564453e+00 1.891019701957702637e+00 -1.228369116783142090e+00 -4.466682672500610352e-01 -2.360115647315979004e-01 -3.321368992328643799e-01 6.653552055358886719e-01 1.751218199729919434e+00 1.477571845054626465e+00 1.603087544441223145e+00 -3.874531686305999756e-01 -8.181738853454589844e-01 -6.352891325950622559e-01
-1.122755169868469238e+00 2.076205730438232422e+00 1.347310066223144531e+00 -1.514670014381408691e+00 1.678818225860595703e+00 -1.204062104225158691e+00 -1.062524557113647461e+00 -1.299724817276000977e+00 1.998833298683166504e+00 -1.248078703880310059e+00 -4.733608961105346680e-01 -1.730990111827850342e-01 -2.352756857872009277e-01 6.438422203063964844e-01 1.691225051879882812e+00 1.336227178573608398e+00 1.497060656547546387e+00 -4.380196630954742432e-01 -7.220847606658935547e-01 -6.932377219200134277e-01
-9.559001326560974121e-01 2.082370996475219727e+00 1.378895163536071777e+00 -1.396531343460083008e+00 1.808146476745605469e+00 -1.324204206466674805e+00 -1.002807378768920898e+00 -1.289454340934753418e+00 2.090492248535156250e+00 -1.213489890098571777e+00 -4.981959164142608643e-01 -1.280387192964553833e-01 -1.351684182882308960e-01 5.926754474639892578e-01 1.650607943534851074e+00 1.166790127754211426e+00 1.365069031715393066e+00 -5.049619674682617188e-01 -6.327354907989501953e-01 -7.175305485725402832e-01
-7.559100985527038574e-01 1.989372372627258301e+00 1.416803240776062012e+00 -1.206972002983093262e+00 1.936265945434570312e+00 -1.428987622261047363e+00 -9.258706569671630859e-01 -1.248768210411071777e+00 2.135840415954589844e+00 -1.115818500518798828e+00 -5.417737960815429688e-01 -1.094700992107391357e-01 -2.731284126639366150e-02 4.997867047786712646e-01 1.625294446945190430e+00 9.742770791053771973e-01 1.196315526962280273e+00 -5.682350397109985352e-01 -5.527552962303161621e-01 -6.865799427032470703e-01
-6.239171028137207031e-01 1.809086680412292480e+00 1.574295282363891602e+00 -9.906071424484252930e-01 2.086787939071655273e+00 -1.559085488319396973e+00 -8.847661614418029785e-01 -1.237151265144348145e+00 2.160674810409545898e+00 -9.636380672454833984e-01 -6.077150106430053711e-01 -1.836749911308288574e-01 8.398462086915969849e-02 3.906944990158081055e-01 1.705427765846252441e+00 8.642742037773132324e-01 1.071816563606262207e+00 -6.098556518554687500e-01 -5.517355203628540039e-01 -6.053366065025329590e-01
-5.408029556274414062e-01 1.575385928153991699e+00 1.775232672691345215e+00 -8.023359179496765137e-01 2.274507284164428711e+00 -1.692857027053833008e+00 -8.639044165611267090e-01 -1.278191924095153809e+00 2.181556701660156250e+00 -7.913680672645568848e-01 -7.058736085891723633e-01 -3.733513057231903076e-01 1.889545321464538574e-01 2.471786439418792725e-01 1.857049942016601562e+00 8.453651666641235352e-01 1.053985238075256348e+00 -6.081421375274658203e-01 -6.208342313766479492e-01 -4.793981015682220459e-01
-5.474730134010314941e-01 1.266423821449279785e+00 1.898048043251037598e+00 -6.399908065795898438e-01 2.373567342758178711e+00 -1.731088399887084961e+00 -8.462533950805664062e-01 -1.316627502441406250e+00 2.085708379745483398e+00 -6.412186622619628906e-01 -7.705373764038085938e-01 -5.421857833862304688e-01 2.531766891479492188e-01 1.513997018337249756e-01 1.964012384414672852e+00 8.917106389999389648e-01 1.052411198616027832e+00 -5.580137968063354492e-01 -6.893280744552612305e-01 -3.130218982696533203e-01
-6.735315322875976562e-01 9.927203059196472168e-01 1.942263603210449219e+00 -5.467552542686462402e-01 2.338665485382080078e+00 -1.672121286392211914e+00 -9.051375985145568848e-01 -1.376791477203369141e+00 1.906510114669799805e+00 -5.217120051383972168e-01 -8.295429944992065430e-01 -7.137123346328735352e-01 2.088554948568344116e-01 1.307859718799591064e-01 2.060847520828247070e+00 1.019555687904357910e+00 1.131810903549194336e+00 -4.554971456527709961e-01 -8.054857254028320312e-01 -1.336380541324615479e-01
-9.010807275772094727e-01 7.457015514373779297e-01 1.884430766105651855e+00 -5.922487974166870117e-01 2.184507131576538086e+00 -1.435446143150329590e+00 -1.035926699638366699e+00 -1.366719007492065430e+00 1.620596647262573242e+00 -4.512483477592468262e-01 -8.388626575469970703e-01 -8.329014778137207031e-01 2.852290868759155273e-03 2.421215474605560303e-01 2.110268354415893555e+00 1.216117978096008301e+00 1.313241839408874512e+00 -2.834198474884033203e-01 -9.761130213737487793e-01 5.807690322399139404e-02
-1.167447090148925781e+00 6.185059547424316406e-01 1.744947671890258789e+00 -7.264977097511291504e-01 1.879260420799255371e+00 -1.079785346984863281e+00 -1.221971035003662109e+00 -1.265719532966613770e+00 1.294587135314941406e+00 -4.269230365753173828e-01 -7.959669828414916992e-01 -8.644651174545288086e-01 -3.441523313522338867e-01 4.062151908874511719e-01 2.040412664413452148e+00 1.436146736145019531e+00 1.497825264930725098e+00 -8.889849483966827393e-02 -1.197426915168762207e+00 1.577481329441070557e-01
-1.317633509635925293e+00 6.803938150405883789e-01 1.595466494560241699e+00 -9.010791778564453125e-01 1.591445088386535645e+00 -8.170075416564941406e-01 -1.319551467895507812e+00 -1.199757695198059082e+00 1.113415122032165527e+00 -4.240781962871551514e-01 -7.876831293106079102e-01 -8.146520853042602539e-01 -6.730137467384338379e-01 4.920337498188018799e-01 1.891613364219665527e+00 1.527856230735778809e+00 1.608936071395874023e+00 3.183060139417648315e-02 -1.366864800453186035e+00 7.489240914583206177e-02
-1.399563908576965332e+00 8.923322558403015137e-01 1.487744331359863281e+00 -1.117581009864807129e+00 1.402628302574157715e+00 -6.909049749374389648e-01 -1.326523661613464355e+00 -1.203490853309631348e+00 1.056534409523010254e+00 -4.317050874233245850e-01 -8.007711172103881836e-01 -8.247407674789428711e-01 -8.689560890197753906e-01 5.293987393379211426e-01 1.790865778923034668e+00 1.483314871788024902e+00 1.741996765136718750e+00 -2.466902323067188263e-02 -1.470041394233703613e+00 -4.071894288063049316e-02
-1.420798301696777344e+00 1.108303427696228027e+00 1.405653357505798340e+00 -1.263905763626098633e+00 1.287985324859619141e+00 -6.275402307510375977e-01 -1.310712099075317383e+00 -1.221940755844116211e+00 1.068429231643676758e+00 -4.686183035373687744e-01 -8.107165098190307617e-01 -8.260178565979003906e-01 -9.901204705238342285e-01 5.282255411148071289e-01 1.696589589118957520e+00 1.405945301055908203e+00 1.816083312034606934e+00 -8.152081072330474854e-02 -1.516975045204162598e+00 -1.470236480236053467e-01
-1.422326922416687012e+00 1.258558630943298340e+00 1.349154710769653320e+00 -1.356187105178833008e+00 1.209785342216491699e+00 -5.875600576400756836e-01 -1.293577313423156738e+00 -1.251461744308471680e+00 1.117562890052795410e+00 -5.177516937255859375e-01 -8.036923408508300781e-01 -8.168107271194458008e-01 -1.029165506362915039e+00 4.761093854904174805e-01 1.632688403129577637e+00 1.349060058593750000e+00 1.823195815086364746e+00 -1.205247715115547180e-01 -1.526468396186828613e+00 -2.275014221668243408e-01
-1.422205686569213867e+00 1.435267925262451172e+00 1.342945218086242676e+00 -1.404474973678588867e+00 1.225129008293151855e+00 -5.843623280525207520e-01 -1.316687107086181641e+00 -1.294803142547607422e+00 1.230610847473144531e+00 -5.925517082214355469e-01 -7.957776784896850586e-01 -8.209242820739746094e-01 -1.036047220230102539e+00 3.951460123062133789e-01 1.623565673828125000e+00 1.299898505210876465e+00 1.812142610549926758e+00 -1.555769145488739014e-01 -1.540600776672363281e+00 -2.883823513984680176e-01
-1.363960981369018555e+00 1.572669267654418945e+00 1.347036361694335938e+00 -1.379516005516052246e+00 1.295544385910034180e+00 -6.089442372322082520e-01 -1.326617598533630371e+00 -1.291062474250793457e+00 1.396397471427917480e+00 -6.779246330261230469e-01 -7.784068584442138672e-01 -8.069258928298950195e-01 -1.000870108604431152e+00 2.956731915473937988e-01 1.590019464492797852e+00 1.211643099784851074e+00 1.749097585678100586e+00 -1.607528626918792725e-01 -1.500414252281188965e+00 -3.158926069736480713e-01
-1.227574706077575684e+00 1.660444259643554688e+00 1.364281892776489258e+00 -1.264127969741821289e+00 1.355945467948913574e+00 -6.729086637496948242e-01 -1.290733218193054199e+00 -1.231359839439392090e+00 1.575926661491394043e+00 -7.470065355300903320e-01 -7.603197097778320312e-01 -7.859569787979125977e-01 -9.197120666503906250e-01 1.550769805908203125e-01 1.518058538436889648e+00 1.035465002059936523e+00 1.604398131370544434e+00 -1.675539910793304443e-01 -1.414480447769165039e+00 -3.012800812721252441e-01
-1.017985463142395020e+00 1.662571072578430176e+00 1.446931362152099609e+00 -1.050227284431457520e+00 1.452219486236572266e+00 -8.226403594017028809e-01 -1.179003715515136719e+00 -1.152982950210571289e+00 1.738433361053466797e+00 -7.573781609535217285e-01 -7.651232481002807617e-01 -7.966400384902954102e-01 -7.417294383049011230e-01 -4.777885973453521729e-03 1.482096672058105469e+00 7.397802472114562988e-01 1.374757170677185059e+00 -2.446869015693664551e-01 -1.277735471725463867e+00 -1.973421573638916016e-01
-7.452105283737182617e-01 1.589477658271789551e+00 1.593804836273193359e+00 -8.318144679069519043e-01 1.669397473335266113e+00 -1.097792029380798340e+00 -9.490275382995605469e-01 -1.156457066535949707e+00 1.928158521652221680e+00 -6.717468500137329102e-01 -8.484656810760498047e-01 -9.044922590255737305e-01 -4.443792700767517090e-01 -1.572401225566864014e-01 1.599525213241577148e+00 4.860703945159912109e-01 1.233622312545776367e+00 -3.861224353313446045e-01 -1.127554416656494141e+00 -9.775758534669876099e-02
-5.972779989242553711e-01 1.320409059524536133e+00 1.885983109474182129e+00 -6.838085651397705078e-01 2.076258420944213867e+00 -1.483319163322448730e+00 -7.935281991958618164e-01 -1.317812681198120117e+00 2.090337753295898438e+00 -5.318827629089355469e-01 -9.862934350967407227e-01 -1.012862920761108398e+00 -1.780414581298828125e-02 -2.135089337825775146e-01 1.932887434959411621e+00 6.288750767707824707e-01 1.223385214805603027e+00 -4.882733523845672607e-01 -1.037060856819152832e+00 -7.529637217521667480e-02
-5.797313451766967773e-01 1.064309716224670410e+00 2.082897424697875977e+00 -6.430383920669555664e-01 2.278155088424682617e+00 -1.672786235809326172e+00 -7.139636874198913574e-01 -1.469933152198791504e+00 2.082421541213989258e+00 -3.941164314746856689e-01 -1.091159343719482422e+00 -1.098797678947448730e+00 2.074206471443176270e-01 -2.324301898479461670e-01 2.166607618331909180e+00 7.854196429252624512e-01 1.248449444770812988e+00 -4.832957088947296143e-01 -1.030708193778991699e+00 -8.992823213338851929e-02
-5.982677936553955078e-01 8.918232917785644531e-01 2.162082433700561523e+00 -6.487868428230285645e-01 2.289316892623901367e+00 -1.736701011657714844e+00 -6.715878844261169434e-01 -1.551218152046203613e+00 1.994950294494628906e+00 -3.042698502540588379e-01 -1.124583363533020020e+00 -1.138649225234985352e+00 3.094150722026824951e-01 -2.236566245555877686e-01 2.268810033798217773e+00 8.878953456878662109e-01 1.258063673973083496e+00 -4.411067366600036621e-01 -1.027084112167358398e+00 -8.840855211019515991e-02
-6.032642126083374023e-01 7.857647538185119629e-01 2.181502103805541992e+00 -6.867253780364990234e-01 2.280246973037719727e+00 -1.740813851356506348e+00 -6.668797731399536133e-01 -1.583893418312072754e+00 1.938276767730712891e+00 -2.468902170658111572e-01 -1.110062241554260254e+00 -1.152055859565734863e+00 3.559463024139404297e-01 -1.781577765941619873e-01 2.298072099685668945e+00 9.623722434043884277e-01 1.299183130264282227e+00 -3.988271057605743408e-01 -1.031125664710998535e+00 -8.507919311523437500e-02
-5.942996740341186523e-01 7.153133153915405273e-01 2.163919210433959961e+00 -7.274764180183410645e-01 2.239669084548950195e+00 -1.715116739273071289e+00 -6.670080423355102539e-01 -1.588835477828979492e+00 1.868566632270812988e+00 -1.948535293340682983e-01 -1.084491729736328125e+00 -1.146714210510253906e+00 3.576671183109283447e-01 -1.353949606418609619e-01 2.281253337860107422e+00 1.003263950347900391e+00 1.327122569084167480e+00 -3.620061278343200684e-01 -1.037462234497070312e+00 -9.106355160474777222e-02
-5.786154270172119141e-01 6.868743300437927246e-01 2.138538837432861328e+00 -7.695195674896240234e-01 2.184943675994873047e+00 -1.678629159927368164e+00 -6.785173416137695312e-01 -1.579335331916809082e+00 1.802024483680725098e+00 -1.498998105525970459e-01 -1.064341425895690918e+00 -1.132164001464843750e+00 3.178468346595764160e-01 -9.793800860643386841e-02 2.228806972503662109e+00 1.015760064125061035e+00 1.345790147781372070e+00 -3.296701908111572266e-01 -1.057457923889160156e+00 -1.115476861596107483e-01
-5.449470281600952148e-01 6.972364187240600586e-01 2.099391222000122070e+00 -8.086645007133483887e-01 2.120053291320800781e+00 -1.638826727867126465e+00 -6.842000484466552734e-01 -1.553908228874206543e+00 1.743006467819213867e+00 -1.131812408566474915e-01 -1.046471834182739258e+00 -1.104111909866333008e+00 2.591318488121032715e-01 -7.401581853628158569e-02 2.146595954895019531e+00 9.928951859474182129e-01 1.345403194427490234e+00 -3.056868612766265869e-01 -1.071784257888793945e+00 -1.471657156944274902e-01
-5.003688335418701172e-01 7.636736631393432617e-01 2.042322158813476562e+00 -8.578947782516479492e-01 2.053142309188842773e+00 -1.603239417076110840e+00 -6.878165602684020996e-01 -1.527851819992065430e+00 1.699895620346069336e+00 -8.287073671817779541e-02 -1.031480550765991211e+00 -1.067878127098083496e+00 1.864654421806335449e-01 -5.811689794063568115e-02 2.047037124633789062e+00 9.393638968467712402e-01 1.337264180183410645e+00 -3.034407496452331543e-01 -1.077391505241394043e+00 -2.065078318119049072e-01
-4.412466287612915039e-01 8.738471269607543945e-01 1.956813931465148926e+00 -9.033231735229492188e-01 1.973165392875671387e+00 -1.564954996109008789e+00 -6.812153458595275879e-01 -1.489747881889343262e+00 1.663136005401611328e+00 -6.423836946487426758e-02 -1.014579176902770996e+00 -1.008990406990051270e+00 1.026134043931961060e-01 -4.721608012914657593e-02 1.914675593376159668e+00 8.481816649436950684e-01 1.305479884147644043e+00 -3.182735443115234375e-01 -1.062583804130554199e+00 -2.855318784713745117e-01
-3.799773454666137695e-01 1.037454247474670410e+00 1.845485448837280273e+00 -9.684419631958007812e-01 1.894463419914245605e+00 -1.519154667854309082e+00 -6.696171164512634277e-01 -1.461342811584472656e+00 1.660135030746459961e+00 -6.919290125370025635e-02 -1.013108611106872559e+00 -9.243022203445434570e-01 -1.273281499743461609e-02 -2.490220963954925537e-02 1.739777326583862305e+00 7.196071743965148926e-01 1.282882690429687500e+00 -3.377666473388671875e-01 -1.045887708663940430e+00 -4.085461199283599854e-01
-3.675098419189453125e-01 1.256310820579528809e+00 1.720098853111267090e+00 -1.079355597496032715e+00 1.813090562820434570e+00 -1.476126432418823242e+00 -6.616376638412475586e-01 -1.483082413673400879e+00 1.694805860519409180e+00 -1.154229789972305298e-01 -1.008150696754455566e+00 -8.281692266464233398e-01 -1.472129374742507935e-01 2.519870549440383911e-02 1.568850994110107422e+00 5.952627062797546387e-01 1.290351152420043945e+00 -3.786329627037048340e-01 -1.030470609664916992e+00 -5.466009974479675293e-01
-3.940501213073730469e-01 1.491676807403564453e+00 1.583565592765808105e+00 -1.202057719230651855e+00 1.736246228218078613e+00 -1.437195777893066406e+00 -6.734962463378906250e-01 -1.532713055610656738e+00 1.752559781074523926e+00 -1.898379623889923096e-01 -9.757789373397827148e-01 -7.341294288635253906e-01 -2.504414618015289307e-01 9.836322069168090820e-02 1.436157941818237305e+00 5.047177076339721680e-01 1.321957111358642578e+00 -4.380594193935394287e-01 -1.002248167991638184e+00 -6.656104326248168945e-01
-4.639515876770019531e-01 1.686730980873107910e+00 1.443995237350463867e+00 -1.310218095779418945e+00 1.657712936401367188e+00 -1.392012596130371094e+00 -7.058044075965881348e-01 -1.587658762931823730e+00 1.781882286071777344e+00 -2.703598141670227051e-01 -9.122381210327148438e-01 -6.526134014129638672e-01 -3.176741003990173340e-01 1.930074393749237061e-01 1.346067070960998535e+00 4.566835165023803711e-01 1.366875767707824707e+00 -4.976765513420104980e-01 -9.647300243377685547e-01 -7.352517843246459961e-01
-5.836589932441711426e-01 1.826285958290100098e+00 1.355446815490722656e+00 -1.410364389419555664e+00 1.596487283706665039e+00 -1.369311213493347168e+00 -7.747907042503356934e-01 -1.652652740478515625e+00 1.794066905975341797e+00 -3.430816829204559326e-01 -8.429973125457763672e-01 -5.988484621047973633e-01 -3.384416997432708740e-01 2.988817989826202393e-01 1.338934779167175293e+00 4.749104380607604980e-01 1.420844793319702148e+00 -5.545470714569091797e-01 -9.389955401420593262e-01 -7.537952661514282227e-01
-7.485617399215698242e-01 1.920039892196655273e+00 1.291336536407470703e+00 -1.509541392326354980e+00 1.563343882560729980e+00 -1.359081745147705078e+00 -8.665725588798522949e-01 -1.718643784523010254e+00 1.790881156921386719e+00 -4.367681145668029785e-01 -7.780444622039794922e-01 -5.488628149032592773e-01 -3.207858502864837646e-01 4.373239874839782715e-01 1.391786932945251465e+00 5.803121924400329590e-01 1.494004011154174805e+00 -5.973479747772216797e-01 -9.168580174446105957e-01 -7.303937077522277832e-01
-9.532551765441894531e-01 1.973137736320495605e+00 1.252162575721740723e+00 -1.587473273277282715e+00 1.545580983161926270e+00 -1.359226942062377930e+00 -9.551582336425781250e-01 -1.779668927192687988e+00 1.752552032470703125e+00 -5.433893799781799316e-01 -7.137668132781982422e-01 -5.021010637283325195e-01 -3.024933040142059326e-01 5.986388921737670898e-01 1.480779886245727539e+00 7.321470975875854492e-01 1.570284128189086914e+00 -6.355825662612915039e-01 -9.041180014610290527e-01 -6.769658327102661133e-01
-1.140479207038879395e+00 1.977426052093505859e+00 1.220506787300109863e+00 -1.630865573883056641e+00 1.515420198440551758e+00 -1.353288769721984863e+00 -1.004657864570617676e+00 -1.814964532852172852e+00 1.693596601486206055e+00 -6.391839981079101562e-01 -6.520994901657104492e-01 -4.707627296447753906e-01 -2.676365673542022705e-01 7.416059374809265137e-01 1.582699418067932129e+00 8.997856974601745605e-01 1.639597535133361816e+00 -6.595191955566406250e-01 -8.803322315216064453e-01 -6.183262467384338379e-01
-1.294293999671936035e+00 1.944611430168151855e+00 1.192153096199035645e+00 -1.639509677886962891e+00 1.473020792007446289e+00 -1.319494962692260742e+00 -1.040494680404663086e+00 -1.815572977066040039e+00 1.623387813568115234e+00 -7.104376554489135742e-01 -5.979299545288085938e-01 -4.590380787849426270e-01 -2.383266091346740723e-01 8.339699506759643555e-01 1.680409312248229980e+00 1.052109003067016602e+00 1.683088064193725586e+00 -6.679298877716064453e-01 -8.647851347923278809e-01 -5.462912917137145996e-01
-1.419037580490112305e+00 1.902206301689147949e+00 1.181222796440124512e+00 -1.614477157592773438e+00 1.435439586639404297e+00 -1.268326640129089355e+00 -1.094508409500122070e+00 -1.784107327461242676e+00 1.574510216712951660e+00 -7.763614654541015625e-01 -5.483893752098083496e-01 -4.692192375659942627e-01 -2.417337298393249512e-01 8.756808042526245117e-01 1.768235921859741211e+00 1.197374820709228516e+00 1.712621212005615234e+00 -6.613481044769287109e-01 -8.761526346206665039e-01 -4.616599678993225098e-01
-1.491892218589782715e+00 1.861574053764343262e+00 1.170267701148986816e+00 -1.576790094375610352e+00 1.379405260086059570e+00 -1.223749279975891113e+00 -1.143517136573791504e+00 -1.730139136314392090e+00 1.536973476409912109e+00 -8.240728974342346191e-01 -5.009844303131103516e-01 -4.904161393642425537e-01 -2.678388655185699463e-01 8.822858929634094238e-01 1.821784853935241699e+00 1.303006529808044434e+00 1.728710770606994629e+00 -6.342476606369018555e-01 -8.968206048011779785e-01 -3.736821413040161133e-01
-1.489917635917663574e+00 1.824926733970642090e+00 1.162067294120788574e+00 -1.521194219589233398e+00 1.300183892250061035e+00 -1.166887044906616211e+00 -1.177511215209960938e+00 -1.630455732345581055e+00 1.518242835998535156e+00 -8.562422394752502441e-01 -4.373319745063781738e-01 -5.192431211471557617e-01 -3.045904338359832764e-01 8.198569416999816895e-01 1.835523247718811035e+00 1.360691070556640625e+00 1.710551500320434570e+00 -5.785689353942871094e-01 -9.190052747726440430e-01 -2.920941114425659180e-01
-1.400323867797851562e+00 1.796174168586730957e+00 1.173580646514892578e+00 -1.406251311302185059e+00 1.225581884384155273e+00 -1.078843593597412109e+00 -1.180550456047058105e+00 -1.480647921562194824e+00 1.529915452003479004e+00 -8.972918987274169922e-01 -3.865546882152557373e-01 -5.656089782714843750e-01 -3.394544720649719238e-01 5.889726877212524414e-01 1.870528936386108398e+00 1.379050731658935547e+00 1.614183306694030762e+00 -4.971788823604583740e-01 -9.531161189079284668e-01 -2.189762592315673828e-01
-1.101149082183837891e+00 1.687774300575256348e+00 1.218666434288024902e+00 -1.157923817634582520e+00 1.197720408439636230e+00 -9.538737535476684570e-01 -1.097460389137268066e+00 -1.223689436912536621e+00 1.579430460929870605e+00 -8.877316713333129883e-01 -3.575271964073181152e-01 -6.503038406372070312e-01 -3.316040337085723877e-01 1.043762266635894775e-01 1.863774657249450684e+00 1.300245165824890137e+00 1.385772466659545898e+00 -3.590149283409118652e-01 -9.765534400939941406e-01 -1.739897429943084717e-01
-7.624576687812805176e-01 1.627416729927062988e+00 1.530696392059326172e+00 -9.595380425453186035e-01 1.494538426399230957e+00 -9.616098999977111816e-01 -1.048638939857482910e+00 -1.092293858528137207e+00 1.805414557456970215e+00 -8.020216226577758789e-01 -5.411820411682128906e-01 -8.665080070495605469e-01 -4.482253789901733398e-01 -4.686749577522277832e-01 1.954868912696838379e+00 1.112812995910644531e+00 1.258321046829223633e+00 -2.509950995445251465e-01 -1.176794528961181641e+00 -1.953996717929840088e-01
-5.380057096481323242e-01 1.642918825149536133e+00 1.856450319290161133e+00 -9.472108483314514160e-01 1.820917606353759766e+00 -1.087245941162109375e+00 -9.190902709960937500e-01 -1.155560135841369629e+00 2.066399812698364258e+00 -6.851668953895568848e-01 -8.061139583587646484e-01 -1.120849132537841797e+00 -5.140322446823120117e-01 -7.896171808242797852e-01 2.078401327133178711e+00 9.894671440124511719e-01 1.355270385742187500e+00 -2.092614918947219849e-01 -1.360441803932189941e+00 -3.454657495021820068e-01
-4.688597917556762695e-01 1.619291067123413086e+00 2.032193183898925781e+00 -9.583110213279724121e-01 2.015541791915893555e+00 -1.177885532379150391e+00 -8.520551323890686035e-01 -1.248227357864379883e+00 2.204094648361206055e+00 -6.122295260429382324e-01 -9.843742847442626953e-01 -1.252385854721069336e+00 -5.045657157897949219e-01 -8.676478266716003418e-01 2.147641181945800781e+00 9.639697670936584473e-01 1.451538920402526855e+00 -1.896367818117141724e-01 -1.452800750732421875e+00 -4.302463233470916748e-01
-4.485188722610473633e-01 1.523455381393432617e+00 2.118485450744628906e+00 -9.452886581420898438e-01 2.125859260559082031e+00 -1.210485100746154785e+00 -8.019054532051086426e-01 -1.302703380584716797e+00 2.258701324462890625e+00 -5.494251847267150879e-01 -1.100856304168701172e+00 -1.321154475212097168e+00 -4.707902967929840088e-01 -8.773466348648071289e-01 2.171363115310668945e+00 9.683644175529479980e-01 1.506388187408447266e+00 -1.589902937412261963e-01 -1.484633564949035645e+00 -4.744783341884613037e-01
-4.311963319778442383e-01 1.402833342552185059e+00 2.134632349014282227e+00 -9.345767498016357422e-01 2.178783893585205078e+00 -1.207262516021728516e+00 -7.481546998023986816e-01 -1.342019796371459961e+00 2.250991344451904297e+00 -4.872113764286041260e-01 -1.174691438674926758e+00 -1.358717679977416992e+00 -4.340235590934753418e-01 -8.495814800262451172e-01 2.159372091293334961e+00 9.751390218734741211e-01 1.551985144615173340e+00 -1.229754015803337097e-01 -1.481708168983459473e+00 -5.002020597457885742e-01
-4.255211353302001953e-01 1.266341686248779297e+00 2.097759485244750977e+00 -9.105527400970458984e-01 2.191111803054809570e+00 -1.174321889877319336e+00 -6.953551769256591797e-01 -1.362481236457824707e+00 2.196402311325073242e+00 -4.312981665134429932e-01 -1.205648779869079590e+00 -1.370614886283874512e+00 -3.864777386188507080e-01 -8.029475212097167969e-01 2.117035627365112305e+00 9.919467568397521973e-01 1.578728318214416504e+00 -8.593629300594329834e-02 -1.447228550910949707e+00 -5.146794915199279785e-01
-4.397472739219665527e-01 1.123942732810974121e+00 2.006802082061767578e+00 -8.745694756507873535e-01 2.159483909606933594e+00 -1.112885832786560059e+00 -6.488191485404968262e-01 -1.366359710693359375e+00 2.094189405441284180e+00 -3.872212767601013184e-01 -1.189774036407470703e+00 -1.354541659355163574e+00 -3.274780511856079102e-01 -7.360361218452453613e-01 2.044256448745727539e+00 1.021809220314025879e+00 1.585267901420593262e+00 -4.917185008525848389e-02 -1.379104256629943848e+00 -5.210822820663452148e-01
-5.004468560218811035e-01 9.903751611709594727e-01 1.860062122344970703e+00 -8.132942318916320801e-01 2.110188722610473633e+00 -1.038222789764404297e+00 -6.172407865524291992e-01 -1.351533412933349609e+00 1.941894054412841797e+00 -3.942135572433471680e-01 -1.129165649414062500e+00 -1.279560327529907227e+00 -2.452279627323150635e-01 -5.956112146377563477e-01 1.945739507675170898e+00 1.078243613243103027e+00 1.570358991622924805e+00 -2.000799402594566345e-02 -1.254417061805725098e+00 -5.098406076431274414e-01
-6.453311443328857422e-01 8.323864340782165527e-01 1.613229274749755859e+00 -7.519440650939941406e-01 1.998915910720825195e+00 -9.456222057342529297e-01 -5.944018363952636719e-01 -1.296758055686950684e+00 1.730432748794555664e+00 -4.719686508178710938e-01 -9.973392486572265625e-01 -1.111613512039184570e+00 -1.488974094390869141e-01 -3.094456791877746582e-01 1.828037142753601074e+00 1.183327198028564453e+00 1.552229762077331543e+00 -1.267968863248825073e-02 -1.057337045669555664e+00 -4.384941756725311279e-01
-8.789834976196289062e-01 8.492441177368164062e-01 1.336551189422607422e+00 -8.028910756111145020e-01 1.843485116958618164e+00 -8.515106439590454102e-01 -6.965590119361877441e-01 -1.162367820739746094e+00 1.513792872428894043e+00 -6.729503870010375977e-01 -7.803311347961425781e-01 -7.867963314056396484e-01 -8.394032716751098633e-02 9.256416559219360352e-02 1.760638594627380371e+00 1.349674344062805176e+00 1.491093039512634277e+00 -9.501953423023223877e-02 -8.338991999626159668e-01 -3.611581921577453613e-01
-1.162361383438110352e+00 1.189271688461303711e+00 1.273019075393676758e+00 -9.597417712211608887e-01 1.693270564079284668e+00 -8.561205267906188965e-01 -9.854340553283691406e-01 -1.061715006828308105e+00 1.444310903549194336e+00 -9.374020695686340332e-01 -5.905231237411499023e-01 -4.486382007598876953e-01 -1.824863106012344360e-01 4.622713029384613037e-01 1.753148317337036133e+00 1.468960165977478027e+00 1.437564969062805176e+00 -1.957819461822509766e-01 -7.839679718017578125e-01 -3.510473072528839111e-01
-1.294267654418945312e+00 1.557837367057800293e+00 1.382621884346008301e+00 -1.079611778259277344e+00 1.623984098434448242e+00 -9.991654753684997559e-01 -1.205996274948120117e+00 -1.083398699760437012e+00 1.535329699516296387e+00 -1.044346570968627930e+00 -5.222525596618652344e-01 -3.364001810550689697e-01 -3.205992579460144043e-01 6.053697466850280762e-01 1.777671337127685547e+00 1.485484242439270020e+00 1.428815126419067383e+00 -2.869647443294525146e-01 -8.618040680885314941e-01 -3.550618588924407959e-01
-1.294944047927856445e+00 1.752492547035217285e+00 1.517783761024475098e+00 -1.090573549270629883e+00 1.574489235877990723e+00 -1.115626335144042969e+00 -1.334551334381103516e+00 -1.048566818237304688e+00 1.601831674575805664e+00 -1.063822984695434570e+00 -4.695582091808319092e-01 -3.097252845764160156e-01 -4.089676439762115479e-01 5.621501207351684570e-01 1.791695475578308105e+00 1.442553758621215820e+00 1.352387189865112305e+00 -3.407562375068664551e-01 -9.527452588081359863e-01 -3.247365057468414307e-01
-1.190605401992797852e+00 1.807590007781982422e+00 1.630822062492370605e+00 -1.031155109405517578e+00 1.540419459342956543e+00 -1.171058058738708496e+00 -1.368379831314086914e+00 -9.601460695266723633e-01 1.633632183074951172e+00 -1.027659296989440918e+00 -4.460802078247070312e-01 -3.174593746662139893e-01 -4.612707197666168213e-01 4.048029184341430664e-01 1.764673113822937012e+00 1.343238949775695801e+00 1.217950105667114258e+00 -3.504460752010345459e-01 -1.020061373710632324e+00 -2.929079830646514893e-01
-1.074045062065124512e+00 1.820154786109924316e+00 1.768994450569152832e+00 -1.004419684410095215e+00 1.580744743347167969e+00 -1.163721323013305664e+00 -1.365954995155334473e+00 -9.027307033538818359e-01 1.691833376884460449e+00 -9.778581857681274414e-01 -5.115987658500671387e-01 -3.973530530929565430e-01 -5.612500309944152832e-01 1.633862257003784180e-01 1.787226557731628418e+00 1.239748954772949219e+00 1.141772866249084473e+00 -3.187390565872192383e-01 -1.145589590072631836e+00 -2.986973524093627930e-01
-9.459788799285888672e-01 1.763729572296142578e+00 1.877356648445129395e+00 -9.957258701324462891e-01 1.591592907905578613e+00 -1.108871698379516602e+00 -1.335610628128051758e+00 -8.569376468658447266e-01 1.699818253517150879e+00 -8.640049099922180176e-01 -6.169317960739135742e-01 -5.260866284370422363e-01 -6.902406811714172363e-01 -7.513726502656936646e-02 1.809266686439514160e+00 1.121363878250122070e+00 1.113861322402954102e+00 -2.493678331375122070e-01 -1.289180040359497070e+00 -2.941771149635314941e-01
-8.343816399574279785e-01 1.641317844390869141e+00 1.987065076828002930e+00 -9.750524163246154785e-01 1.572452425956726074e+00 -1.047591805458068848e+00 -1.297334194183349609e+00 -8.420295119285583496e-01 1.681940674781799316e+00 -7.064120769500732422e-01 -7.571496963500976562e-01 -6.924749612808227539e-01 -8.304018378257751465e-01 -2.609253525733947754e-01 1.838795661926269531e+00 1.019144892692565918e+00 1.154255032539367676e+00 -1.491905748844146729e-01 -1.454394459724426270e+00 -2.789324522018432617e-01
-7.747014760971069336e-01 1.429659724235534668e+00 2.110879182815551758e+00 -9.433161616325378418e-01 1.532942056655883789e+00 -9.561772942543029785e-01 -1.214612722396850586e+00 -8.612408638000488281e-01 1.629137158393859863e+00 -5.395547151565551758e-01 -9.458801746368408203e-01 -8.918801546096801758e-01 -9.796449542045593262e-01 -3.444475531578063965e-01 1.863399744033813477e+00 9.689112901687622070e-01 1.285329461097717285e+00 -8.354660123586654663e-03 -1.640144467353820801e+00 -2.801976501941680908e-01
-7.868862152099609375e-01 1.123871088027954102e+00 2.137521982192993164e+00 -9.591308236122131348e-01 1.468558907508850098e+00 -7.665022611618041992e-01 -1.120134830474853516e+00 -9.005019664764404297e-01 1.486354351043701172e+00 -3.669161200523376465e-01 -1.103026151657104492e+00 -1.067635774612426758e+00 -1.119594693183898926e+00 -3.115538060665130615e-01 1.853272795677185059e+00 9.759004116058349609e-01 1.464686751365661621e+00 1.613088399171829224e-01 -1.792415142059326172e+00 -2.710066437721252441e-01
-9.108422398567199707e-01 8.552220463752746582e-01 2.034047126770019531e+00 -1.050023198127746582e+00 1.410454511642456055e+00 -6.023997664451599121e-01 -1.035377144813537598e+00 -1.080868005752563477e+00 1.327280759811401367e+00 -2.189056575298309326e-01 -1.212962508201599121e+00 -1.206730008125305176e+00 -1.125582814216613770e+00 -1.664299070835113525e-01 1.841150403022766113e+00 1.055232048034667969e+00 1.675492167472839355e+00 2.412519454956054688e-01 -1.861243844032287598e+00 -2.624517679214477539e-01
-1.070721507072448730e+00 7.413887977600097656e-01 1.845033049583435059e+00 -1.222898721694946289e+00 1.401243090629577637e+00 -5.476835370063781738e-01 -9.453650116920471191e-01 -1.351788640022277832e+00 1.239981532096862793e+00 -1.313716024160385132e-01 -1.244539856910705566e+00 -1.270355224609375000e+00 -1.063945651054382324e+00 5.246626585721969604e-02 1.817571163177490234e+00 1.167273044586181641e+00 1.892370462417602539e+00 2.005612105131149292e-01 -1.828166365623474121e+00 -3.321084082126617432e-01
-1.201155662536621094e+00 7.374001145362854004e-01 1.662159562110900879e+00 -1.340857744216918945e+00 1.432705283164978027e+00 -5.668774843215942383e-01 -8.795974850654602051e-01 -1.549113988876342773e+00 1.203568935394287109e+00 -1.345017850399017334e-01 -1.226597785949707031e+00 -1.253338098526000977e+00 -1.000703096389770508e+00 2.260759770870208740e-01 1.787621974945068359e+00 1.252326488494873047e+00 2.004855155944824219e+00 1.088240593671798706e-01 -1.746278762817382812e+00 -3.930002450942993164e-01
-1.307836294174194336e+00 7.946546077728271484e-01 1.524614930152893066e+00 -1.448221683502197266e+00 1.472624063491821289e+00 -6.126273274421691895e-01 -8.607144355773925781e-01 -1.671872019767761230e+00 1.197075009346008301e+00 -1.910908520221710205e-01 -1.174199223518371582e+00 -1.181341648101806641e+00 -9.243612289428710938e-01 3.879873156547546387e-01 1.761958241462707520e+00 1.340867042541503906e+00 2.063315629959106445e+00 1.368094608187675476e-02 -1.652891755104064941e+00 -4.384503066539764404e-01
-1.397576332092285156e+00 8.663434386253356934e-01 1.439541220664978027e+00 -1.531015276908874512e+00 1.495812773704528809e+00 -6.574848294258117676e-01 -8.910212516784667969e-01 -1.724929690361022949e+00 1.191184520721435547e+00 -2.610415816307067871e-01 -1.105387687683105469e+00 -1.082217216491699219e+00 -8.527221679687500000e-01 5.245823264122009277e-01 1.758611440658569336e+00 1.408539891242980957e+00 2.064100980758666992e+00 -7.731606811285018921e-02 -1.571335434913635254e+00 -4.463304877281188965e-01
-1.498267889022827148e+00 9.779789447784423828e-01 1.367759585380554199e+00 -1.583333849906921387e+00 1.499290943145751953e+00 -7.316796779632568359e-01 -9.143533706665039062e-01 -1.754201650619506836e+00 1.206018805503845215e+00 -3.936196565628051758e-01 -1.018832206726074219e+00 -9.420325756072998047e-01 -7.536365985870361328e-01 6.742615103721618652e-01 1.778609871864318848e+00 1.474279642105102539e+00 2.030347108840942383e+00 -1.795382052659988403e-01 -1.447216749191284180e+00 -4.581362009048461914e-01
