-8.700019717216491699e-01 1.010773658752441406e+00 2.071728467941284180e+00 -9.382160902023315430e-01 1.681128263473510742e+00 -1.088073968887329102e+00 -7.850944399833679199e-01 -1.710841059684753418e+00 1.828358054161071777e+00 3.668922930955886841e-02 -1.271538734436035156e+00 -1.841650485992431641e+00 -5.266013145446777344e-01 -4.551565051078796387e-01 1.940917015075683594e+00 9.656771421432495117e-01 1.960626006126403809e+00 5.047556012868881226e-03 -1.801710247993469238e+00 -2.310109138488769531e-01
-8.058341145515441895e-01 1.058614850044250488e+00 2.194825649261474609e+00 -8.986270427703857422e-01 1.856434106826782227e+00 -1.120434403419494629e+00 -8.337637186050415039e-01 -1.651700496673583984e+00 1.955186009407043457e+00 -4.214766621589660645e-02 -1.315818548202514648e+00 -1.829760789871215820e+00 -5.200439095497131348e-01 -5.747706890106201172e-01 2.059936046600341797e+00 1.015800952911376953e+00 1.937875270843505859e+00 2.969606965780258179e-02 -1.803069829940795898e+00 -2.652616202831268311e-01
-7.538925409317016602e-01 1.089519977569580078e+00 2.266625881195068359e+00 -8.875296711921691895e-01 1.954568982124328613e+00 -1.150792479515075684e+00 -8.428777456283569336e-01 -1.607339859008789062e+00 2.024397850036621094e+00 -9.815053641796112061e-02 -1.331725955009460449e+00 -1.791851282119750977e+00 -5.077415704727172852e-01 -6.394228935241699219e-01 2.129239559173583984e+00 1.050646781921386719e+00 1.905639886856079102e+00 4.115009307861328125e-02 -1.784814000129699707e+00 -3.054549098014831543e-01
-7.084323167800903320e-01 1.109546184539794922e+00 2.313752412796020508e+00 -8.954827189445495605e-01 2.014056682586669922e+00 -1.180615186691284180e+00 -8.236847519874572754e-01 -1.575190067291259766e+00 2.069340705871582031e+00 -1.430366635322570801e-01 -1.335521936416625977e+00 -1.745340704917907715e+00 -4.924751520156860352e-01 -6.768514513969421387e-01 2.177009344100952148e+00 1.080913662910461426e+00 1.874654173851013184e+00 4.694498330354690552e-02 -1.758773803710937500e+00 -3.518505096435546875e-01
-6.633597612380981445e-01 1.121514558792114258e+00 2.345690011978149414e+00 -9.242607355117797852e-01 2.043240070343017578e+00 -1.214221954345703125e+00 -7.787505388259887695e-01 -1.548163175582885742e+00 2.098990440368652344e+00 -1.801401078701019287e-01 -1.331727266311645508e+00 -1.688057541847229004e+00 -4.787769913673400879e-01 -6.941798329353332520e-01 2.212673902511596680e+00 1.111575007438659668e+00 1.845646977424621582e+00 4.877941310405731201e-02 -1.726732373237609863e+00 -4.105517268180847168e-01
-6.186808943748474121e-01 1.132362723350524902e+00 2.357561588287353516e+00 -9.701421856880187988e-01 2.050319194793701172e+00 -1.249127268791198730e+00 -7.069885730743408203e-01 -1.523468732833862305e+00 2.112376451492309570e+00 -2.164113223552703857e-01 -1.327402591705322266e+00 -1.610799193382263184e+00 -4.705189466476440430e-01 -6.840134859085083008e-01 2.244635581970214844e+00 1.143108963966369629e+00 1.817334771156311035e+00 4.166071861982345581e-02 -1.684415817260742188e+00 -4.850002527236938477e-01
-5.775470733642578125e-01 1.165382146835327148e+00 2.338340282440185547e+00 -1.051075696945190430e+00 2.024673461914062500e+00 -1.285404562950134277e+00 -5.964584350585937500e-01 -1.507523775100708008e+00 2.104093790054321289e+00 -2.710599005222320557e-01 -1.312174081802368164e+00 -1.487533688545227051e+00 -4.642424583435058594e-01 -6.397389769554138184e-01 2.270199060440063477e+00 1.174189448356628418e+00 1.772323250770568848e+00 1.486296951770782471e-02 -1.614694714546203613e+00 -5.975214242935180664e-01
-5.498435497283935547e-01 1.159995198249816895e+00 2.224968910217285156e+00 -1.173403263092041016e+00 1.942623734474182129e+00 -1.264202237129211426e+00 -4.087304770946502686e-01 -1.447725653648376465e+00 2.020745754241943359e+00 -3.964734375476837158e-01 -1.257650971412658691e+00 -1.238666415214538574e+00 -4.446331560611724854e-01 -5.031372308731079102e-01 2.231121301651000977e+00 1.224483966827392578e+00 1.670763373374938965e+00 1.780211925506591797e-03 -1.459887266159057617e+00 -7.425396442413330078e-01
-6.160629391670227051e-01 1.178946971893310547e+00 1.988593339920043945e+00 -1.383791089057922363e+00 1.839477062225341797e+00 -1.179126501083374023e+00 -2.503346204757690430e-01 -1.397894382476806641e+00 1.868178606033325195e+00 -5.973193049430847168e-01 -1.109041929244995117e+00 -8.664216995239257812e-01 -3.880881071090698242e-01 -2.320554107427597046e-01 2.139731168746948242e+00 1.335357308387756348e+00 1.540407299995422363e+00 -5.162076279520988464e-02 -1.222349286079406738e+00 -9.099887013435363770e-01
-8.897010087966918945e-01 1.252996802330017090e+00 1.724643349647521973e+00 -1.629641413688659668e+00 1.766040802001953125e+00 -1.095165967941284180e+00 -2.287540882825851440e-01 -1.473092675209045410e+00 1.804095745086669922e+00 -8.471997976303100586e-01 -9.508063197135925293e-01 -5.717180371284484863e-01 -3.255615234375000000e-01 1.888029277324676514e-01 2.077546596527099609e+00 1.465485453605651855e+00 1.572845101356506348e+00 -1.860258132219314575e-01 -1.025020360946655273e+00 -9.453877210617065430e-01
-1.148209810256958008e+00 1.325947165489196777e+00 1.628313422203063965e+00 -1.772162318229675293e+00 1.844894766807556152e+00 -1.079851746559143066e+00 -3.493920564651489258e-01 -1.603892445564270020e+00 1.835645079612731934e+00 -1.009433865547180176e+00 -9.575166702270507812e-01 -4.831699728965759277e-01 -3.328755199909210205e-01 5.368775725364685059e-01 2.046798467636108398e+00 1.501392841339111328e+00 1.717724084854125977e+00 -2.527332305908203125e-01 -9.852654933929443359e-01 -8.446002602577209473e-01
-1.301247596740722656e+00 1.277338385581970215e+00 1.544556498527526855e+00 -1.756647109985351562e+00 1.895410895347595215e+00 -1.008486270904541016e+00 -4.457668364048004150e-01 -1.660292267799377441e+00 1.828346729278564453e+00 -1.073453903198242188e+00 -9.702763557434082031e-01 -5.048886537551879883e-01 -3.396124839782714844e-01 7.010608911514282227e-01 2.006559848785400391e+00 1.500731587409973145e+00 1.821662545204162598e+00 -2.500960230827331543e-01 -9.786016345024108887e-01 -7.030621767044067383e-01
-1.367291450500488281e+00 1.164891958236694336e+00 1.503773689270019531e+00 -1.651312351226806641e+00 1.948555111885070801e+00 -9.268844127655029297e-01 -5.125591754913330078e-01 -1.656870722770690918e+00 1.804544210433959961e+00 -1.092130541801452637e+00 -1.000259399414062500e+00 -5.509829521179199219e-01 -3.507862985134124756e-01 7.461891174316406250e-01 1.968341231346130371e+00 1.495160579681396484e+00 1.872958898544311523e+00 -1.995321214199066162e-01 -9.783831834793090820e-01 -5.953679680824279785e-01
-1.351958036422729492e+00 9.759613275527954102e-01 1.483488082885742188e+00 -1.443530440330505371e+00 2.013667821884155273e+00 -8.509671092033386230e-01 -5.293478369712829590e-01 -1.625452041625976562e+00 1.769164204597473145e+00 -1.059154152870178223e+00 -1.047142028808593750e+00 -6.371941566467285156e-01 -3.344803452491760254e-01 6.818938255310058594e-01 1.933093905448913574e+00 1.470965504646301270e+00 1.873371124267578125e+00 -1.237008273601531982e-01 -9.717887639999389648e-01 -4.942026734352111816e-01
-1.244819283485412598e+00 6.675227284431457520e-01 1.448415398597717285e+00 -1.101859331130981445e+00 2.038594961166381836e+00 -7.715752720832824707e-01 -4.646150171756744385e-01 -1.564928174018859863e+00 1.703355073928833008e+00 -9.421687126159667969e-01 -1.126758933067321777e+00 -8.024404644966125488e-01 -2.582648992538452148e-01 4.755848050117492676e-01 1.884529948234558105e+00 1.376851439476013184e+00 1.792763471603393555e+00 -1.566287502646446228e-02 -9.369679093360900879e-01 -3.365561962127685547e-01
-1.129032969474792480e+00 4.167186915874481201e-01 1.539062738418579102e+00 -7.550104856491088867e-01 2.011077642440795898e+00 -7.556245923042297363e-01 -4.330878555774688721e-01 -1.489641547203063965e+00 1.641835927963256836e+00 -7.429872751235961914e-01 -1.207362890243530273e+00 -1.086820363998413086e+00 -1.753200143575668335e-01 1.054194495081901550e-01 1.982366681098937988e+00 1.263976931571960449e+00 1.668203473091125488e+00 5.289258062839508057e-02 -9.800441265106201172e-01 -1.434558928012847900e-01
-9.564794898033142090e-01 4.652179181575775146e-01 1.823128223419189453e+00 -6.158773303031921387e-01 2.120793581008911133e+00 -9.468607306480407715e-01 -5.051655769348144531e-01 -1.488950490951538086e+00 1.821030020713806152e+00 -5.606535077095031738e-01 -1.262847185134887695e+00 -1.393614411354064941e+00 -3.264928981661796570e-02 -2.971990108489990234e-01 2.209224462509155273e+00 1.216001152992248535e+00 1.622839570045471191e+00 2.205010503530502319e-02 -1.109652400016784668e+00 -3.499117493629455566e-02
-8.298934102058410645e-01 6.037885546684265137e-01 2.020126104354858398e+00 -5.465309619903564453e-01 2.193058013916015625e+00 -1.200366616249084473e+00 -5.285962820053100586e-01 -1.539468288421630859e+00 1.921149373054504395e+00 -4.459454119205474854e-01 -1.261963605880737305e+00 -1.504888653755187988e+00 8.607429265975952148e-02 -4.960620403289794922e-01 2.327949523925781250e+00 1.137930393218994141e+00 1.526852250099182129e+00 -9.204550087451934814e-02 -1.171069979667663574e+00 -7.238678634166717529e-03
-7.466893792152404785e-01 7.669870257377624512e-01 2.112353563308715820e+00 -5.856608152389526367e-01 2.183349370956420898e+00 -1.431246519088745117e+00 -5.134052038192749023e-01 -1.578554630279541016e+00 1.932206869125366211e+00 -4.227027297019958496e-01 -1.210127949714660645e+00 -1.413004159927368164e+00 1.403787583112716675e-01 -5.134377479553222656e-01 2.335455179214477539e+00 1.107685923576354980e+00 1.425563335418701172e+00 -1.907407790422439575e-01 -1.170470237731933594e+00 -9.002192318439483643e-02
-7.060960531234741211e-01 9.381156563758850098e-01 2.098691940307617188e+00 -6.770889163017272949e-01 1.992411136627197266e+00 -1.555652976036071777e+00 -5.153335928916931152e-01 -1.544104695320129395e+00 1.816002607345581055e+00 -4.436156153678894043e-01 -1.071874141693115234e+00 -1.165539026260375977e+00 1.311222165822982788e-01 -4.226675629615783691e-01 2.216480731964111328e+00 1.062356591224670410e+00 1.248671412467956543e+00 -2.496435195207595825e-01 -1.125517249107360840e+00 -2.299381494522094727e-01
-7.367771267890930176e-01 1.086574196815490723e+00 1.923208475112915039e+00 -7.948379516601562500e-01 1.621055960655212402e+00 -1.571697831153869629e+00 -5.420742034912109375e-01 -1.445403695106506348e+00 1.596402645111083984e+00 -5.007139444351196289e-01 -8.514404892921447754e-01 -8.136854171752929688e-01 1.152477711439132690e-01 -2.132289260625839233e-01 2.013134717941284180e+00 1.061026930809020996e+00 1.042661905288696289e+00 -3.276188075542449951e-01 -1.017455935478210449e+00 -3.543616235256195068e-01
-8.788064122200012207e-01 1.279790043830871582e+00 1.727287888526916504e+00 -1.043923616409301758e+00 1.279322624206542969e+00 -1.535809040069580078e+00 -6.405912637710571289e-01 -1.397555470466613770e+00 1.395292520523071289e+00 -5.538930892944335938e-01 -6.311081647872924805e-01 -5.117248296737670898e-01 2.289987355470657349e-02 1.051223129034042358e-01 1.877411365509033203e+00 1.099073767662048340e+00 9.810732603073120117e-01 -4.305361211299896240e-01 -9.388563036918640137e-01 -4.311413168907165527e-01
-1.061850666999816895e+00 1.462230443954467773e+00 1.622714996337890625e+00 -1.315466165542602539e+00 1.115573883056640625e+00 -1.532452106475830078e+00 -7.154807448387145996e-01 -1.502612471580505371e+00 1.357271194458007812e+00 -5.827484130859375000e-01 -5.363499522209167480e-01 -4.313353896141052246e-01 -1.146852672100067139e-01 3.928291797637939453e-01 1.832305192947387695e+00 1.176813006401062012e+00 1.152109861373901367e+00 -5.102449655532836914e-01 -9.609776139259338379e-01 -4.751898050308227539e-01
-1.223003029823303223e+00 1.627692818641662598e+00 1.598259806632995605e+00 -1.545273661613464355e+00 1.130805253982543945e+00 -1.535301089286804199e+00 -8.465852141380310059e-01 -1.633654832839965820e+00 1.402494668960571289e+00 -5.972817540168762207e-01 -5.014520287513732910e-01 -4.613948166370391846e-01 -2.532014846801757812e-01 6.136372685432434082e-01 1.840615272521972656e+00 1.274601459503173828e+00 1.401937603950500488e+00 -5.604735612869262695e-01 -1.062357306480407715e+00 -4.933440089225769043e-01
-1.327684760093688965e+00 1.713611602783203125e+00 1.565616607666015625e+00 -1.712018132209777832e+00 1.129561543464660645e+00 -1.500528097152709961e+00 -9.574669599533081055e-01 -1.709730267524719238e+00 1.416931867599487305e+00 -5.702466964721679688e-01 -4.706892669200897217e-01 -5.143579840660095215e-01 -3.789258599281311035e-01 7.736011147499084473e-01 1.821258306503295898e+00 1.325924158096313477e+00 1.603783845901489258e+00 -5.853841304779052734e-01 -1.158875942230224609e+00 -4.739980101585388184e-01
-1.405561208724975586e+00 1.771916866302490234e+00 1.543036341667175293e+00 -1.823014140129089355e+00 1.118911027908325195e+00 -1.445548057556152344e+00 -1.068697690963745117e+00 -1.748124837875366211e+00 1.420612454414367676e+00 -5.272449851036071777e-01 -4.666243195533752441e-01 -5.931876301765441895e-01 -4.988448619842529297e-01 8.606984019279479980e-01 1.821682810783386230e+00 1.354110956192016602e+00 1.764531731605529785e+00 -5.978401899337768555e-01 -1.271486163139343262e+00 -4.259338378906250000e-01
-1.426049709320068359e+00 1.794180750846862793e+00 1.491494655609130859e+00 -1.877174973487854004e+00 1.083793401718139648e+00 -1.371717453002929688e+00 -1.189405083656311035e+00 -1.748234748840332031e+00 1.381904244422912598e+00 -4.341080188751220703e-01 -4.394642412662506104e-01 -6.808248758316040039e-01 -5.970637202262878418e-01 8.888529539108276367e-01 1.792744755744934082e+00 1.360074758529663086e+00 1.877579450607299805e+00 -5.980559587478637695e-01 -1.369308710098266602e+00 -3.675724267959594727e-01
-1.389385581016540527e+00 1.806097745895385742e+00 1.444991230964660645e+00 -1.891181707382202148e+00 1.053123950958251953e+00 -1.254925251007080078e+00 -1.350230574607849121e+00 -1.728844523429870605e+00 1.349138021469116211e+00 -2.792927920818328857e-01 -4.374626576900482178e-01 -8.230932354927062988e-01 -7.365543842315673828e-01 8.148183822631835938e-01 1.739293456077575684e+00 1.332929849624633789e+00 1.998466134071350098e+00 -5.469111204147338867e-01 -1.509824275970458984e+00 -3.384599685668945312e-01
-1.279548287391662598e+00 1.726568698883056641e+00 1.367360949516296387e+00 -1.790976762771606445e+00 1.024552226066589355e+00 -1.094107627868652344e+00 -1.467867732048034668e+00 -1.662441015243530273e+00 1.295341730117797852e+00 -9.067336469888687134e-02 -4.624751806259155273e-01 -1.002962589263916016e+00 -8.450359106063842773e-01 6.421142220497131348e-01 1.662851452827453613e+00 1.238350749015808105e+00 2.062452077865600586e+00 -4.568930566310882568e-01 -1.607499003410339355e+00 -2.803807556629180908e-01
-1.087465286254882812e+00 1.573738217353820801e+00 1.348410606384277344e+00 -1.582263946533203125e+00 1.112395644187927246e+00 -1.019193053245544434e+00 -1.493768692016601562e+00 -1.590317368507385254e+00 1.323118686676025391e+00 7.662946730852127075e-02 -5.270624160766601562e-01 -1.188948512077331543e+00 -8.118652105331420898e-01 4.009212255477905273e-01 1.649704337120056152e+00 1.079743385314941406e+00 2.039034843444824219e+00 -4.059371352195739746e-01 -1.618126749992370605e+00 -1.740294396877288818e-01
-8.808996677398681641e-01 1.520673036575317383e+00 1.430728435516357422e+00 -1.385687708854675293e+00 1.294768214225769043e+00 -1.088656306266784668e+00 -1.470448732376098633e+00 -1.567884564399719238e+00 1.417730808258056641e+00 1.564923524856567383e-01 -5.902402997016906738e-01 -1.291698575019836426e+00 -7.288723587989807129e-01 1.343710720539093018e-01 1.678618073463439941e+00 9.501463174819946289e-01 1.937862515449523926e+00 -3.967548608779907227e-01 -1.582545399665832520e+00 -1.458139717578887939e-01
-6.791047453880310059e-01 1.584873080253601074e+00 1.499998927116394043e+00 -1.276221156120300293e+00 1.457053303718566895e+00 -1.211225032806396484e+00 -1.424219965934753418e+00 -1.523707747459411621e+00 1.499307274818420410e+00 1.290976405143737793e-01 -6.046013832092285156e-01 -1.197623968124389648e+00 -5.975031852722167969e-01 -5.963256210088729858e-02 1.704892873764038086e+00 8.648220896720886230e-01 1.728205800056457520e+00 -4.443807005882263184e-01 -1.449155449867248535e+00 -2.333878874778747559e-01
-4.939343333244323730e-01 1.751886129379272461e+00 1.529673457145690918e+00 -1.194593191146850586e+00 1.599403858184814453e+00 -1.355217576026916504e+00 -1.354412794113159180e+00 -1.433907747268676758e+00 1.619831442832946777e+00 -1.322576403617858887e-02 -6.225977540016174316e-01 -9.613419771194458008e-01 -4.840162992477416992e-01 -1.646690368652343750e-01 1.676888108253479004e+00 7.638926506042480469e-01 1.462709426879882812e+00 -5.024439096450805664e-01 -1.237493872642517090e+00 -3.871090412139892578e-01
-4.036309719085693359e-01 1.956405878067016602e+00 1.533681988716125488e+00 -1.162081718444824219e+00 1.665421605110168457e+00 -1.455495953559875488e+00 -1.305700302124023438e+00 -1.345248460769653320e+00 1.696978449821472168e+00 -2.014792561531066895e-01 -6.334730982780456543e-01 -6.682242155075073242e-01 -4.182162284851074219e-01 -1.498954743146896362e-01 1.595995426177978516e+00 6.909469962120056152e-01 1.214739441871643066e+00 -5.648139715194702148e-01 -1.048242807388305664e+00 -5.691114664077758789e-01
-4.518865942955017090e-01 2.168653964996337891e+00 1.540036797523498535e+00 -1.231692314147949219e+00 1.712002396583557129e+00 -1.563017129898071289e+00 -1.262706875801086426e+00 -1.345487117767333984e+00 1.807413101196289062e+00 -4.398767948150634766e-01 -6.420004963874816895e-01 -3.881358206272125244e-01 -3.552486300468444824e-01 3.289736807346343994e-03 1.602163076400756836e+00 7.127695083618164062e-01 1.081282258033752441e+00 -6.536079645156860352e-01 -8.891745805740356445e-01 -7.361696362495422363e-01
-6.174809336662292480e-01 2.339068889617919922e+00 1.575391411781311035e+00 -1.303690791130065918e+00 1.736746311187744141e+00 -1.650157213211059570e+00 -1.249574899673461914e+00 -1.403265953063964844e+00 1.866107583045959473e+00 -6.827535629272460938e-01 -6.501930952072143555e-01 -1.807910501956939697e-01 -3.438662290573120117e-01 2.392416596412658691e-01 1.627032279968261719e+00 7.889121770858764648e-01 1.054948091506958008e+00 -6.952326297760009766e-01 -8.007658720016479492e-01 -8.344938158988952637e-01
-8.280832171440124512e-01 2.421886920928955078e+00 1.601485848426818848e+00 -1.395654916763305664e+00 1.743923187255859375e+00 -1.701617836952209473e+00 -1.239221572875976562e+00 -1.502134799957275391e+00 1.918346881866455078e+00 -8.702641725540161133e-01 -6.505648493766784668e-01 -7.754766196012496948e-02 -3.495837450027465820e-01 4.608510732650756836e-01 1.688239574432373047e+00 8.982458710670471191e-01 1.123648643493652344e+00 -7.303750514984130859e-01 -7.785589098930358887e-01 -8.526905179023742676e-01
-9.914659857749938965e-01 2.441342115402221680e+00 1.618757963180541992e+00 -1.464758992195129395e+00 1.767537474632263184e+00 -1.727351665496826172e+00 -1.226182937622070312e+00 -1.590969800949096680e+00 1.974759936332702637e+00 -9.915783405303955078e-01 -6.475069522857666016e-01 -6.659761071205139160e-02 -3.515819609165191650e-01 6.227072477340698242e-01 1.738406658172607422e+00 1.006706118583679199e+00 1.245697140693664551e+00 -7.376359701156616211e-01 -7.932750582695007324e-01 -8.360469341278076172e-01
-1.124735593795776367e+00 2.385829210281372070e+00 1.590901255607604980e+00 -1.494651198387145996e+00 1.761766076087951660e+00 -1.702489733695983887e+00 -1.202618956565856934e+00 -1.653006792068481445e+00 1.980866670608520508e+00 -1.052558898925781250e+00 -6.338654160499572754e-01 -9.473987668752670288e-02 -3.568908870220184326e-01 7.582572102546691895e-01 1.747788310050964355e+00 1.081770062446594238e+00 1.367443323135375977e+00 -7.229459285736083984e-01 -8.097956180572509766e-01 -7.811270952224731445e-01
-1.238140106201171875e+00 2.240940570831298828e+00 1.539150595664978027e+00 -1.476343154907226562e+00 1.770135164260864258e+00 -1.635356187820434570e+00 -1.163213729858398438e+00 -1.703169584274291992e+00 1.951438188552856445e+00 -1.074798107147216797e+00 -6.378969550132751465e-01 -1.708116531372070312e-01 -3.588537573814392090e-01 8.567151427268981934e-01 1.744860291481018066e+00 1.137546300888061523e+00 1.492017865180969238e+00 -6.737682819366455078e-01 -8.234421610832214355e-01 -6.881598830223083496e-01
-1.317433476448059082e+00 2.010979175567626953e+00 1.453876495361328125e+00 -1.402965784072875977e+00 1.770581007003784180e+00 -1.529607057571411133e+00 -1.114354014396667480e+00 -1.729366898536682129e+00 1.892462611198425293e+00 -1.045268535614013672e+00 -6.337752342224121094e-01 -2.857603430747985840e-01 -3.458264470100402832e-01 9.159253239631652832e-01 1.714256167411804199e+00 1.168730497360229492e+00 1.606984257698059082e+00 -6.106973886489868164e-01 -8.340439200401306152e-01 -5.487472414970397949e-01
-1.370317459106445312e+00 1.696128964424133301e+00 1.347422003746032715e+00 -1.261069774627685547e+00 1.765760183334350586e+00 -1.373862743377685547e+00 -1.072299718856811523e+00 -1.730376005172729492e+00 1.809360861778259277e+00 -9.605578780174255371e-01 -6.313245892524719238e-01 -4.613273739814758301e-01 -3.336644768714904785e-01 9.254146814346313477e-01 1.653331160545349121e+00 1.177883386611938477e+00 1.721112608909606934e+00 -5.220537185668945312e-01 -8.651639819145202637e-01 -3.554777503013610840e-01
-1.357771396636962891e+00 1.355546116828918457e+00 1.316970825195312500e+00 -1.094373106956481934e+00 1.755220532417297363e+00 -1.205385446548461914e+00 -1.078873276710510254e+00 -1.662293195724487305e+00 1.693339824676513672e+00 -8.199679851531982422e-01 -6.600502729415893555e-01 -6.275359392166137695e-01 -3.572809994220733643e-01 8.646169900894165039e-01 1.557541966438293457e+00 1.167739033699035645e+00 1.780707001686096191e+00 -3.766999244689941406e-01 -9.380467534065246582e-01 -1.932374835014343262e-01
-1.267801046371459961e+00 9.910019040107727051e-01 1.306670069694519043e+00 -9.114936590194702148e-01 1.704692006111145020e+00 -1.013063907623291016e+00 -1.093364715576171875e+00 -1.524542689323425293e+00 1.536354422569274902e+00 -6.165469288825988770e-01 -6.706624627113342285e-01 -8.147867918014526367e-01 -3.785955905914306641e-01 7.114384770393371582e-01 1.463451147079467773e+00 1.109524726867675781e+00 1.778405904769897461e+00 -2.211372703313827515e-01 -1.033463358879089355e+00 5.426174029707908630e-03
-1.149089097976684570e+00 7.733244895935058594e-01 1.324386477470397949e+00 -8.244439363479614258e-01 1.639662623405456543e+00 -8.555061221122741699e-01 -1.116930842399597168e+00 -1.414709925651550293e+00 1.429054856300354004e+00 -4.255746006965637207e-01 -6.709342598915100098e-01 -9.852244853973388672e-01 -3.981782197952270508e-01 4.793962240219116211e-01 1.443640470504760742e+00 1.038619637489318848e+00 1.721324801445007324e+00 -1.219506263732910156e-01 -1.138316750526428223e+00 1.438507735729217529e-01
-9.881832599639892578e-01 7.195016145706176758e-01 1.358006119728088379e+00 -8.648000359535217285e-01 1.629662752151489258e+00 -7.884382605552673340e-01 -1.141931176185607910e+00 -1.343348383903503418e+00 1.405985236167907715e+00 -2.678010165691375732e-01 -6.614278554916381836e-01 -1.077229261398315430e+00 -3.884535431861877441e-01 2.685038447380065918e-01 1.474437236785888672e+00 9.974217414855957031e-01 1.651995778083801270e+00 -1.069450527429580688e-01 -1.213400959968566895e+00 1.795564591884613037e-01
-8.170076012611389160e-01 8.105440139770507812e-01 1.398530840873718262e+00 -9.616059064865112305e-01 1.674474596977233887e+00 -8.386803269386291504e-01 -1.122588634490966797e+00 -1.306347846984863281e+00 1.476165890693664551e+00 -2.062589824199676514e-01 -6.542028188705444336e-01 -1.078364253044128418e+00 -3.695657551288604736e-01 1.619623005390167236e-01 1.543411731719970703e+00 9.456551671028137207e-01 1.612514495849609375e+00 -1.770688444375991821e-01 -1.223866820335388184e+00 1.394491195678710938e-01
-7.114836573600769043e-01 1.031785130500793457e+00 1.366461992263793945e+00 -1.110704421997070312e+00 1.644307851791381836e+00 -9.304634332656860352e-01 -1.101555466651916504e+00 -1.268606781959533691e+00 1.487232327461242676e+00 -2.157302796840667725e-01 -5.964264869689941406e-01 -9.062547087669372559e-01 -4.199966192245483398e-01 2.343106567859649658e-01 1.511117577552795410e+00 8.733275532722473145e-01 1.535363912582397461e+00 -3.040804564952850342e-01 -1.180916547775268555e+00 1.704028993844985962e-02
-7.483846545219421387e-01 1.481034994125366211e+00 1.377812743186950684e+00 -1.384158372879028320e+00 1.577373027801513672e+00 -1.035560369491577148e+00 -1.157359480857849121e+00 -1.265939950942993164e+00 1.486153364181518555e+00 -3.877912461757659912e-01 -5.714195966720581055e-01 -5.965570211410522461e-01 -5.630988478660583496e-01 3.771944642066955566e-01 1.510769248008728027e+00 8.803583383560180664e-01 1.454976439476013184e+00 -4.058750271797180176e-01 -1.125513315200805664e+00 -2.792187035083770752e-01
-9.051488637924194336e-01 1.866195321083068848e+00 1.421155214309692383e+00 -1.654623270034790039e+00 1.501772999763488770e+00 -1.132565617561340332e+00 -1.251328706741333008e+00 -1.361072182655334473e+00 1.510576844215393066e+00 -5.169076323509216309e-01 -5.997322797775268555e-01 -4.091773629188537598e-01 -6.825449466705322266e-01 5.298721790313720703e-01 1.566499829292297363e+00 9.383690953254699707e-01 1.465411305427551270e+00 -4.838859140872955322e-01 -1.131826877593994141e+00 -5.039322376251220703e-01
-1.051113367080688477e+00 2.079169750213623047e+00 1.440930604934692383e+00 -1.806198716163635254e+00 1.464793801307678223e+00 -1.178745150566101074e+00 -1.334203600883483887e+00 -1.442864656448364258e+00 1.544020533561706543e+00 -6.083908081054687500e-01 -6.142765879631042480e-01 -3.428736031055450439e-01 -7.382763624191284180e-01 6.226149201393127441e-01 1.613933205604553223e+00 1.024309515953063965e+00 1.527348637580871582e+00 -5.179281234741210938e-01 -1.152742385864257812e+00 -6.094019412994384766e-01
-1.165305733680725098e+00 2.152052640914916992e+00 1.413141846656799316e+00 -1.851175904273986816e+00 1.429519772529602051e+00 -1.169584155082702637e+00 -1.402374267578125000e+00 -1.478790998458862305e+00 1.532942891120910645e+00 -6.609525680541992188e-01 -5.947396755218505859e-01 -3.236365616321563721e-01 -7.518324255943298340e-01 6.984595060348510742e-01 1.624584794044494629e+00 1.092590332031250000e+00 1.581891059875488281e+00 -5.194227099418640137e-01 -1.150056719779968262e+00 -6.186432242393493652e-01
-1.272302985191345215e+00 2.146358251571655273e+00 1.388014316558837891e+00 -1.805817723274230957e+00 1.419580459594726562e+00 -1.166088104248046875e+00 -1.459969162940979004e+00 -1.489167928695678711e+00 1.537137150764465332e+00 -7.243117094039916992e-01 -5.714617967605590820e-01 -3.332748413085937500e-01 -7.355797290802001953e-01 7.904241681098937988e-01 1.646149277687072754e+00 1.155941486358642578e+00 1.650878310203552246e+00 -5.107953548431396484e-01 -1.135332107543945312e+00 -5.539410710334777832e-01
-1.366603374481201172e+00 2.065244913101196289e+00 1.349994897842407227e+00 -1.678442597389221191e+00 1.451124548912048340e+00 -1.148422956466674805e+00 -1.542680978775024414e+00 -1.482759237289428711e+00 1.535279989242553711e+00 -7.712321877479553223e-01 -5.324155688285827637e-01 -3.864516913890838623e-01 -6.822960376739501953e-01 8.622551560401916504e-01 1.670457959175109863e+00 1.218654870986938477e+00 1.721618890762329102e+00 -4.813575744628906250e-01 -1.107661366462707520e+00 -4.029503762722015381e-01
-1.407405495643615723e+00 1.907024979591369629e+00 1.292735576629638672e+00 -1.466553330421447754e+00 1.536282181739807129e+00 -1.127472281455993652e+00 -1.630790829658508301e+00 -1.445794224739074707e+00 1.536873936653137207e+00 -7.976295948028564453e-01 -4.669577181339263916e-01 -4.588602781295776367e-01 -5.673010945320129395e-01 9.044206142425537109e-01 1.694274544715881348e+00 1.262644529342651367e+00 1.767144441604614258e+00 -4.474626481533050537e-01 -1.041373133659362793e+00 -1.779102683067321777e-01
-1.372430920600891113e+00 1.618594288825988770e+00 1.280839323997497559e+00 -1.207892537117004395e+00 1.669386386871337891e+00 -1.097528100013732910e+00 -1.649153351783752441e+00 -1.373265743255615234e+00 1.579781413078308105e+00 -8.058548569679260254e-01 -4.128428995609283447e-01 -5.630637407302856445e-01 -3.949045836925506592e-01 8.799385428428649902e-01 1.736579656600952148e+00 1.283165693283081055e+00 1.757800221443176270e+00 -3.839791417121887207e-01 -9.681167006492614746e-01 1.007321625947952271e-01
-1.296023607254028320e+00 1.240608811378479004e+00 1.378073930740356445e+00 -8.899399042129516602e-01 1.830722689628601074e+00 -1.068560242652893066e+00 -1.651556253433227539e+00 -1.258413672447204590e+00 1.642946243286132812e+00 -7.855402231216430664e-01 -4.165514707565307617e-01 -6.904901266098022461e-01 -2.374347001314163208e-01 7.506431341171264648e-01 1.808025360107421875e+00 1.280034422874450684e+00 1.689199805259704590e+00 -2.683099210262298584e-01 -9.374231696128845215e-01 3.584993183612823486e-01
-1.171582698822021484e+00 9.603905081748962402e-01 1.530025959014892578e+00 -6.606729626655578613e-01 1.978632450103759766e+00 -1.071541309356689453e+00 -1.615569949150085449e+00 -1.156074881553649902e+00 1.717320442199707031e+00 -7.295433878898620605e-01 -4.546138346195220947e-01 -8.030416965484619141e-01 -1.303063780069351196e-01 5.679483413696289062e-01 1.877903342247009277e+00 1.259283661842346191e+00 1.606446981430053711e+00 -1.715161353349685669e-01 -9.457853436470031738e-01 4.927078485488891602e-01
-1.077674627304077148e+00 9.219362735748291016e-01 1.670044898986816406e+00 -5.866528153419494629e-01 2.121933221817016602e+00 -1.169575929641723633e+00 -1.543180227279663086e+00 -1.174425005912780762e+00 1.828398108482360840e+00 -6.987506151199340820e-01 -5.630024075508117676e-01 -8.785418868064880371e-01 -6.659878790378570557e-02 3.666417598724365234e-01 1.995378613471984863e+00 1.218640089035034180e+00 1.552641272544860840e+00 -1.673985719680786133e-01 -9.622541069984436035e-01 4.673331379890441895e-01
-9.964597821235656738e-01 9.691799283027648926e-01 1.739908933639526367e+00 -5.691948533058166504e-01 2.239632606506347656e+00 -1.239932537078857422e+00 -1.481756925582885742e+00 -1.198956370353698730e+00 1.930384993553161621e+00 -6.936197280883789062e-01 -6.428718566894531250e-01 -9.050318598747253418e-01 -3.624023124575614929e-02 2.382480055093765259e-01 2.061955690383911133e+00 1.177363395690917969e+00 1.511543273925781250e+00 -2.089797407388687134e-01 -9.634446501731872559e-01 4.007952213287353516e-01
-9.339912533760070801e-01 1.065976500511169434e+00 1.782898545265197754e+00 -5.808975696563720703e-01 2.325592041015625000e+00 -1.290737867355346680e+00 -1.447322487831115723e+00 -1.200513720512390137e+00 2.009642124176025391e+00 -7.231594324111938477e-01 -6.935428977012634277e-01 -8.628177642822265625e-01 -5.027135834097862244e-02 1.798513233661651611e-01 2.073841333389282227e+00 1.137746810913085938e+00 1.459582567214965820e+00 -2.520609498023986816e-01 -9.496044516563415527e-01 3.107348978519439697e-01
-8.884550929069519043e-01 1.193780541419982910e+00 1.797249197959899902e+00 -6.159566640853881836e-01 2.372101783752441406e+00 -1.321189284324645996e+00 -1.431032299995422363e+00 -1.182153701782226562e+00 2.080610275268554688e+00 -7.767793536186218262e-01 -7.166030406951904297e-01 -7.991492152214050293e-01 -9.445567429065704346e-02 1.729269325733184814e-01 2.037985324859619141e+00 1.093457460403442383e+00 1.422937750816345215e+00 -2.859160304069519043e-01 -9.363244175910949707e-01 2.318934500217437744e-01
-8.503052592277526855e-01 1.335548520088195801e+00 1.769217371940612793e+00 -6.654046177864074707e-01 2.379358291625976562e+00 -1.314675092697143555e+00 -1.412880897521972656e+00 -1.142668008804321289e+00 2.142515420913696289e+00 -8.493840694427490234e-01 -7.021452188491821289e-01 -7.268385887145996094e-01 -1.809049546718597412e-01 2.062311917543411255e-01 1.938295841217041016e+00 1.045528769493103027e+00 1.411639451980590820e+00 -3.032099306583404541e-01 -9.238168597221374512e-01 1.541846990585327148e-01
-8.482464551925659180e-01 1.535910248756408691e+00 1.686907768249511719e+00 -7.606554627418518066e-01 2.313471078872680664e+00 -1.232521891593933105e+00 -1.406511306762695312e+00 -1.111346960067749023e+00 2.164858579635620117e+00 -9.499737024307250977e-01 -6.818244457244873047e-01 -6.645163297653198242e-01 -3.502401411533355713e-01 2.418570518493652344e-01 1.786820173263549805e+00 9.882662296295166016e-01 1.435923576354980469e+00 -3.027206063270568848e-01 -9.469418525695800781e-01 4.818365350365638733e-02
-8.894866108894348145e-01 1.740066170692443848e+00 1.567980408668518066e+00 -9.056615829467773438e-01 2.199472665786743164e+00 -1.088062167167663574e+00 -1.330912351608276367e+00 -1.162001490592956543e+00 2.142611980438232422e+00 -1.021796584129333496e+00 -7.579401731491088867e-01 -6.152073144912719727e-01 -5.705443024635314941e-01 1.919581592082977295e-01 1.640526652336120605e+00 8.948673009872436523e-01 1.468026757240295410e+00 -2.792247831821441650e-01 -1.027860164642333984e+00 -1.662220358848571777e-01
-9.714537262916564941e-01 1.785745143890380859e+00 1.507622480392456055e+00 -1.019927740097045898e+00 2.011851310729980469e+00 -8.864855170249938965e-01 -1.213673591613769531e+00 -1.185389757156372070e+00 2.026709556579589844e+00 -1.017219543457031250e+00 -8.680728673934936523e-01 -6.198256015777587891e-01 -7.937712669372558594e-01 9.701441228389739990e-02 1.541391253471374512e+00 8.813876509666442871e-01 1.502641320228576660e+00 -2.085031867027282715e-01 -1.181225180625915527e+00 -3.858062624931335449e-01
-1.035887718200683594e+00 1.746371865272521973e+00 1.539204597473144531e+00 -1.084856033325195312e+00 1.858360767364501953e+00 -7.253011465072631836e-01 -1.133548021316528320e+00 -1.216840744018554688e+00 1.934367179870605469e+00 -9.404491782188415527e-01 -9.677469134330749512e-01 -7.481895089149475098e-01 -9.524273276329040527e-01 -3.888938575983047485e-02 1.542042613029479980e+00 9.489210844039916992e-01 1.600201010704040527e+00 -1.118796691298484802e-01 -1.376088619232177734e+00 -5.451449751853942871e-01
-1.066467642784118652e+00 1.620022773742675781e+00 1.556997895240783691e+00 -1.089228987693786621e+00 1.760098576545715332e+00 -5.804149508476257324e-01 -1.055589199066162109e+00 -1.224688768386840820e+00 1.824467539787292480e+00 -8.506835103034973145e-01 -1.020265936851501465e+00 -8.859170675277709961e-01 -1.023267865180969238e+00 -1.764716506004333496e-01 1.592014074325561523e+00 1.038555264472961426e+00 1.665675640106201172e+00 -1.213725656270980835e-02 -1.497610807418823242e+00 -6.139751672744750977e-01
-1.043980836868286133e+00 1.453593730926513672e+00 1.585733175277709961e+00 -1.034675359725952148e+00 1.707904219627380371e+00 -4.848921895027160645e-01 -9.595813155174255371e-01 -1.179990053176879883e+00 1.758918046951293945e+00 -7.962760925292968750e-01 -1.051134347915649414e+00 -9.841958880424499512e-01 -1.021976351737976074e+00 -2.999293208122253418e-01 1.656522512435913086e+00 1.124907255172729492e+00 1.685341596603393555e+00 8.471862971782684326e-02 -1.551224589347839355e+00 -6.420319080352783203e-01
-9.984907507896423340e-01 1.334975004196166992e+00 1.663254261016845703e+00 -9.704886078834533691e-01 1.738116025924682617e+00 -4.637938141822814941e-01 -8.703866004943847656e-01 -1.138078689575195312e+00 1.769683480262756348e+00 -7.927480340003967285e-01 -1.100754261016845703e+00 -1.054586410522460938e+00 -9.884276986122131348e-01 -3.945961594581604004e-01 1.725124597549438477e+00 1.177974224090576172e+00 1.683814167976379395e+00 1.517973393201828003e-01 -1.574436187744140625e+00 -6.389745473861694336e-01
-9.416146278381347656e-01 1.250360012054443359e+00 1.759686112403869629e+00 -9.030331969261169434e-01 1.813081264495849609e+00 -4.887338876724243164e-01 -7.959543466567993164e-01 -1.099469661712646484e+00 1.811217069625854492e+00 -7.998298406600952148e-01 -1.161059260368347168e+00 -1.118986129760742188e+00 -9.240261316299438477e-01 -4.783734083175659180e-01 1.813675522804260254e+00 1.211691379547119141e+00 1.667089462280273438e+00 1.914011090993881226e-01 -1.570245862007141113e+00 -6.145201921463012695e-01
-8.641177415847778320e-01 1.098307728767395020e+00 1.868964076042175293e+00 -7.882294654846191406e-01 1.934279322624206543e+00 -5.565434694290161133e-01 -7.251767516136169434e-01 -1.033500552177429199e+00 1.839973211288452148e+00 -8.046700954437255859e-01 -1.224596500396728516e+00 -1.138388276100158691e+00 -7.726175785064697266e-01 -5.517007708549499512e-01 1.930315732955932617e+00 1.250984549522399902e+00 1.582259893417358398e+00 2.190526425838470459e-01 -1.500527501106262207e+00 -5.496590137481689453e-01
-7.696159482002258301e-01 9.439885020256042480e-01 1.965280175209045410e+00 -6.597124338150024414e-01 2.113764047622680664e+00 -7.201217412948608398e-01 -6.304163336753845215e-01 -1.016842722892761230e+00 1.884042024612426758e+00 -8.237512111663818359e-01 -1.290482401847839355e+00 -1.080501079559326172e+00 -5.215865969657897949e-01 -5.859823226928710938e-01 2.069961071014404297e+00 1.283314108848571777e+00 1.435888409614562988e+00 1.787689924240112305e-01 -1.348903775215148926e+00 -5.050076842308044434e-01
-6.998313665390014648e-01 8.525859713554382324e-01 2.032250881195068359e+00 -5.963627099990844727e-01 2.272556781768798828e+00 -9.452626705169677734e-01 -5.147820711135864258e-01 -1.059530496597290039e+00 1.945042252540588379e+00 -8.799275755882263184e-01 -1.318340778350830078e+00 -9.621773958206176758e-01 -2.056615501642227173e-01 -5.548590421676635742e-01 2.220592021942138672e+00 1.305264353752136230e+00 1.263909578323364258e+00 8.039849996566772461e-02 -1.132132172584533691e+00 -4.836052060127258301e-01
-6.243044137954711914e-01 7.863166928291320801e-01 1.989983439445495605e+00 -5.521473288536071777e-01 2.325347423553466797e+00 -1.148486375808715820e+00 -3.991401791572570801e-01 -1.082229852676391602e+00 1.928113698959350586e+00 -9.121285676956176758e-01 -1.279935121536254883e+00 -7.728316783905029297e-01 8.832928538322448730e-02 -4.387505650520324707e-01 2.253365278244018555e+00 1.281883358955383301e+00 1.077255845069885254e+00 -4.384353384375572205e-02 -8.765222430229187012e-01 -4.822667837142944336e-01
-6.025560498237609863e-01 7.719768881797790527e-01 1.890333533287048340e+00 -5.412520170211791992e-01 2.260695219039916992e+00 -1.279686450958251953e+00 -3.367386162281036377e-01 -1.081299304962158203e+00 1.822483897209167480e+00 -9.150738716125488281e-01 -1.188895106315612793e+00 -5.609031915664672852e-01 2.795435488224029541e-01 -2.582813501358032227e-01 2.191245079040527344e+00 1.241486310958862305e+00 9.123138189315795898e-01 -1.637849062681198120e-01 -6.701946258544921875e-01 -5.049776434898376465e-01
-7.200831174850463867e-01 9.457401037216186523e-01 1.850670695304870605e+00 -6.530298590660095215e-01 2.184705734252929688e+00 -1.433195829391479492e+00 -4.398121535778045654e-01 -1.236010670661926270e+00 1.760915637016296387e+00 -9.130681753158569336e-01 -1.092151880264282227e+00 -3.703805208206176758e-01 3.125242590904235840e-01 5.105737596750259399e-03 2.124753236770629883e+00 1.210970282554626465e+00 8.623586893081665039e-01 -3.188397586345672607e-01 -6.205028891563415527e-01 -5.515961050987243652e-01
-9.261550903320312500e-01 1.177183151245117188e+00 1.782048463821411133e+00 -8.242690563201904297e-01 2.032214164733886719e+00 -1.536752223968505859e+00 -6.169444322586059570e-01 -1.430553913116455078e+00 1.663327455520629883e+00 -9.013349413871765137e-01 -9.680002927780151367e-01 -2.239667177200317383e-01 2.259711623191833496e-01 3.245659470558166504e-01 2.037335157394409180e+00 1.169266462326049805e+00 9.018955230712890625e-01 -4.663340151309967041e-01 -6.408493518829345703e-01 -5.431762337684631348e-01
-1.119837284088134766e+00 1.447818160057067871e+00 1.699395537376403809e+00 -1.021303534507751465e+00 1.841051101684570312e+00 -1.650237083435058594e+00 -7.897876501083374023e-01 -1.635358572006225586e+00 1.588728427886962891e+00 -8.491622805595397949e-01 -8.373681306838989258e-01 -1.823330372571945190e-01 8.169940114021301270e-02 6.048453450202941895e-01 1.929561853408813477e+00 1.131749033927917480e+00 1.036036491394042969e+00 -6.167582273483276367e-01 -7.182880043983459473e-01 -5.258396267890930176e-01
-1.301608443260192871e+00 1.735207796096801758e+00 1.590395212173461914e+00 -1.245062232017517090e+00 1.606058716773986816e+00 -1.725943446159362793e+00 -9.369176626205444336e-01 -1.862257480621337891e+00 1.517826080322265625e+00 -7.283231019973754883e-01 -7.241619229316711426e-01 -2.870475947856903076e-01 -1.119641661643981934e-01 8.402567505836486816e-01 1.817840814590454102e+00 1.084249615669250488e+00 1.297465562820434570e+00 -7.409830093383789062e-01 -8.518143296241760254e-01 -5.140348672866821289e-01
-1.409848809242248535e+00 1.916699290275573730e+00 1.422510862350463867e+00 -1.411313652992248535e+00 1.339296221733093262e+00 -1.674687504768371582e+00 -1.033010721206665039e+00 -1.991845488548278809e+00 1.417985916137695312e+00 -5.840235948562622070e-01 -6.199354529380798340e-01 -4.495777487754821777e-01 -3.041161298751831055e-01 9.754029512405395508e-01 1.650880455970764160e+00 1.008856892585754395e+00 1.538915634155273438e+00 -8.031764030456542969e-01 -9.905401468276977539e-01 -4.622151553630828857e-01
-1.490330100059509277e+00 1.994773983955383301e+00 1.357584834098815918e+00 -1.521029114723205566e+00 1.151720643043518066e+00 -1.561237573623657227e+00 -1.121720433235168457e+00 -2.014068365097045898e+00 1.346750617027282715e+00 -4.735086858272552490e-01 -6.010766029357910156e-01 -6.053361892700195312e-01 -5.406666398048400879e-01 1.022024631500244141e+00 1.535183668136596680e+00 9.873355031013488770e-01 1.737566709518432617e+00 -7.786986827850341797e-01 -1.175579905509948730e+00 -4.393962323665618896e-01
-1.562376737594604492e+00 1.989233493804931641e+00 1.378017067909240723e+00 -1.541208505630493164e+00 1.073383212089538574e+00 -1.466981887817382812e+00 -1.224680662155151367e+00 -2.005744934082031250e+00 1.315557122230529785e+00 -4.071460664272308350e-01 -6.430486440658569336e-01 -7.334989905357360840e-01 -7.125223278999328613e-01 9.583625197410583496e-01 1.520317554473876953e+00 1.039723396301269531e+00 1.854199767112731934e+00 -6.885163784027099609e-01 -1.346314549446105957e+00 -4.435510635375976562e-01
-1.576221346855163574e+00 1.944020748138427734e+00 1.403428912162780762e+00 -1.536548137664794922e+00 1.024179220199584961e+00 -1.375537872314453125e+00 -1.288206458091735840e+00 -1.957647800445556641e+00 1.285499453544616699e+00 -3.443726003170013428e-01 -6.792315840721130371e-01 -8.279999494552612305e-01 -8.317272067070007324e-01 8.669390678405761719e-01 1.516798853874206543e+00 1.073495745658874512e+00 1.917873978614807129e+00 -5.959610939025878906e-01 -1.476293921470642090e+00 -4.402861297130584717e-01
-1.555202722549438477e+00 1.853736162185668945e+00 1.433232665061950684e+00 -1.508364796638488770e+00 9.678201079368591309e-01 -1.254761219024658203e+00 -1.324323773384094238e+00 -1.844375967979431152e+00 1.231444358825683594e+00 -2.963154613971710205e-01 -7.078459262847900391e-01 -8.830425739288330078e-01 -9.444459080696105957e-01 7.591519355773925781e-01 1.511160016059875488e+00 1.102835059165954590e+00 1.926875948905944824e+00 -4.816455245018005371e-01 -1.576292991638183594e+00 -4.304236173629760742e-01
-1.492117166519165039e+00 1.710601210594177246e+00 1.516971588134765625e+00 -1.485333204269409180e+00 9.524196982383728027e-01 -1.089800000190734863e+00 -1.351624608039855957e+00 -1.669114947319030762e+00 1.182253837585449219e+00 -2.544896304607391357e-01 -7.353914380073547363e-01 -9.269002079963684082e-01 -1.069045662879943848e+00 5.981069207191467285e-01 1.569722175598144531e+00 1.152151584625244141e+00 1.900686502456665039e+00 -3.480369746685028076e-01 -1.688407301902770996e+00 -4.093473255634307861e-01
-1.322327494621276855e+00 1.460383296012878418e+00 1.650734066963195801e+00 -1.387096047401428223e+00 9.533466100692749023e-01 -8.765586018562316895e-01 -1.294094085693359375e+00 -1.361086010932922363e+00 1.123059630393981934e+00 -2.214502692222595215e-01 -7.807881236076354980e-01 -9.479428529739379883e-01 -1.161999464035034180e+00 3.587618470191955566e-01 1.641931533813476562e+00 1.175345182418823242e+00 1.785397052764892578e+00 -1.598505973815917969e-01 -1.754024624824523926e+00 -3.858953714370727539e-01
-1.039800167083740234e+00 1.238435626029968262e+00 1.903441786766052246e+00 -1.228685379028320312e+00 1.172780513763427734e+00 -7.926614880561828613e-01 -1.166275620460510254e+00 -1.098968863487243652e+00 1.245116472244262695e+00 -2.349832653999328613e-01 -8.690277338027954102e-01 -1.008243441581726074e+00 -1.119600653648376465e+00 -1.917779445648193359e-04 1.813040614128112793e+00 1.196960449218750000e+00 1.646490097045898438e+00 -1.614230312407016754e-02 -1.758835434913635254e+00 -3.839833736419677734e-01
-7.697898149490356445e-01 1.068225741386413574e+00 2.232988357543945312e+00 -1.074743509292602539e+00 1.627068877220153809e+00 -9.107928276062011719e-01 -1.030240297317504883e+00 -9.737046957015991211e-01 1.620918035507202148e+00 -3.785734772682189941e-01 -1.017839193344116211e+00 -1.046851277351379395e+00 -8.880396485328674316e-01 -3.493722081184387207e-01 2.079772710800170898e+00 1.267302274703979492e+00 1.523436784744262695e+00 7.497258484363555908e-02 -1.666557073593139648e+00 -3.769406080245971680e-01
-6.431299448013305664e-01 1.031702518463134766e+00 2.363660097122192383e+00 -1.009296536445617676e+00 1.920249700546264648e+00 -1.034034132957458496e+00 -9.451115727424621582e-01 -1.019622921943664551e+00 1.841642975807189941e+00 -4.370113909244537354e-01 -1.124808073043823242e+00 -1.088018298149108887e+00 -6.819044351577758789e-01 -5.143772959709167480e-01 2.251351594924926758e+00 1.273097276687622070e+00 1.472280859947204590e+00 6.013415753841400146e-02 -1.561823368072509766e+00 -4.076456427574157715e-01
-5.516670942306518555e-01 1.018499016761779785e+00 2.403524875640869141e+00 -9.757767319679260254e-01 2.078056573867797852e+00 -1.148867607116699219e+00 -8.670471310615539551e-01 -1.120109438896179199e+00 1.971182107925415039e+00 -4.061296582221984863e-01 -1.185571312904357910e+00 -1.149752855300903320e+00 -5.075687170028686523e-01 -6.080235838890075684e-01 2.328798770904541016e+00 1.228075861930847168e+00 1.458508253097534180e+00 8.945528417825698853e-03 -1.491386175155639648e+00 -4.299595355987548828e-01
-5.255007147789001465e-01 1.018104553222656250e+00 2.419418573379516602e+00 -9.668997526168823242e-01 2.151211500167846680e+00 -1.231401205062866211e+00 -8.215046525001525879e-01 -1.234845995903015137e+00 2.039109945297241211e+00 -3.497325778007507324e-01 -1.232437014579772949e+00 -1.239411830902099609e+00 -3.997215926647186279e-01 -6.405639052391052246e-01 2.360319852828979492e+00 1.182949662208557129e+00 1.493414640426635742e+00 -3.137017041444778442e-02 -1.478528618812561035e+00 -4.198420941829681396e-01
-5.441489815711975098e-01 1.018126606941223145e+00 2.421708106994628906e+00 -9.766160249710083008e-01 2.170391559600830078e+00 -1.286566972732543945e+00 -7.965532541275024414e-01 -1.357017040252685547e+00 2.071018934249877930e+00 -2.797726392745971680e-01 -1.270939111709594727e+00 -1.355289816856384277e+00 -3.383691608905792236e-01 -6.363452672958374023e-01 2.366367578506469727e+00 1.147494316101074219e+00 1.571350812911987305e+00 -5.428608879446983337e-02 -1.508589625358581543e+00 -3.860089480876922607e-01
-5.837604999542236328e-01 1.011196136474609375e+00 2.404891729354858398e+00 -9.926224946975708008e-01 2.139492034912109375e+00 -1.319900989532470703e+00 -7.788987755775451660e-01 -1.477758407592773438e+00 2.071332931518554688e+00 -1.943113803863525391e-01 -1.292221784591674805e+00 -1.485798478126525879e+00 -3.052946627140045166e-01 -6.132833361625671387e-01 2.346415996551513672e+00 1.111559987068176270e+00 1.668589472770690918e+00 -6.771750748157501221e-02 -1.559445023536682129e+00 -3.372002542018890381e-01
-6.321598291397094727e-01 9.961829185485839844e-01 2.367126226425170898e+00 -1.008822679519653320e+00 2.073701381683349609e+00 -1.334635496139526367e+00 -7.626147270202636719e-01 -1.586290121078491211e+00 2.046074390411376953e+00 -1.064469963312149048e-01 -1.294384241104125977e+00 -1.611957073211669922e+00 -2.891626358032226562e-01 -5.762443542480468750e-01 2.304407596588134766e+00 1.076802253723144531e+00 1.766946554183959961e+00 -7.496914267539978027e-02 -1.613075017929077148e+00 -2.795875966548919678e-01
-6.783937811851501465e-01 9.845802187919616699e-01 2.314433336257934570e+00 -1.026706337928771973e+00 1.999909520149230957e+00 -1.345428109169006348e+00 -7.568057179450988770e-01 -1.675730347633361816e+00 2.016664028167724609e+00 -3.448799997568130493e-02 -1.275367140769958496e+00 -1.717428684234619141e+00 -2.903299927711486816e-01 -5.300152301788330078e-01 2.255624771118164062e+00 1.053829908370971680e+00 1.858509302139282227e+00 -8.313831686973571777e-02 -1.658110380172729492e+00 -2.156452238559722900e-01
-7.099480032920837402e-01 9.654853940010070801e-01 2.255633354187011719e+00 -1.035917282104492188e+00 1.930917263031005859e+00 -1.349663138389587402e+00 -7.395129203796386719e-01 -1.739485025405883789e+00 1.983024358749389648e+00 1.892166584730148315e-02 -1.246652841567993164e+00 -1.790788769721984863e+00 -2.827721834182739258e-01 -4.870151877403259277e-01 2.204884529113769531e+00 1.035072922706604004e+00 1.920662045478820801e+00 -9.051886200904846191e-02 -1.679681181907653809e+00 -1.615354716777801514e-01
-7.190054059028625488e-01 9.427304863929748535e-01 2.200981616973876953e+00 -1.036217689514160156e+00 1.886659860610961914e+00 -1.357701778411865234e+00 -7.084147334098815918e-01 -1.779848456382751465e+00 1.960138201713562012e+00 4.849739372730255127e-02 -1.214902162551879883e+00 -1.829025268554687500e+00 -2.567860186100006104e-01 -4.545923471450805664e-01 2.164546966552734375e+00 1.022545695304870605e+00 1.949160575866699219e+00 -1.008232831954956055e-01 -1.672518253326416016e+00 -1.227440163493156433e-01
-6.972731351852416992e-01 9.189580678939819336e-01 2.154176235198974609e+00 -1.026447534561157227e+00 1.881950497627258301e+00 -1.377778649330139160e+00 -6.597549319267272949e-01 -1.797967910766601562e+00 1.958685517311096191e+00 5.017463117837905884e-02 -1.183166503906250000e+00 -1.827049136161804199e+00 -2.018564045429229736e-01 -4.369643926620483398e-01 2.140881776809692383e+00 1.015663027763366699e+00 1.937952041625976562e+00 -1.185471117496490479e-01 -1.628509759902954102e+00 -1.034791246056556702e-01
-6.309236884117126465e-01 8.943523764610290527e-01 2.106277227401733398e+00 -1.000807523727416992e+00 1.925727844238281250e+00 -1.412171363830566406e+00 -5.860184431076049805e-01 -1.784285306930541992e+00 1.980693459510803223e+00 1.622050255537033081e-02 -1.147164344787597656e+00 -1.764512777328491211e+00 -1.040707081556320190e-01 -4.345344305038452148e-01 2.128922939300537109e+00 1.008926272392272949e+00 1.867253780364990234e+00 -1.497886180877685547e-01 -1.527080774307250977e+00 -1.102497056126594543e-01
-5.109537839889526367e-01 8.765524029731750488e-01 2.029529094696044922e+00 -9.522719383239746094e-01 2.014490842819213867e+00 -1.435482025146484375e+00 -4.897847175598144531e-01 -1.706687808036804199e+00 2.004448890686035156e+00 -7.090761512517929077e-02 -1.088009595870971680e+00 -1.598922967910766602e+00 3.942995518445968628e-02 -4.491015672683715820e-01 2.110264778137207031e+00 9.886885285377502441e-01 1.696499824523925781e+00 -1.962341815233230591e-01 -1.338284730911254883e+00 -1.586587131023406982e-01
-3.663077354431152344e-01 8.855251073837280273e-01 1.870514631271362305e+00 -8.698682188987731934e-01 2.052285194396972656e+00 -1.443522572517395020e+00 -4.067174494266510010e-01 -1.518692374229431152e+00 1.980959773063659668e+00 -1.917420923709869385e-01 -1.016034722328186035e+00 -1.279368281364440918e+00 1.653148233890533447e-01 -4.014472961425781250e-01 2.064138412475585938e+00 9.298813939094543457e-01 1.428623080253601074e+00 -2.803999483585357666e-01 -1.066866636276245117e+00 -2.426740825176239014e-01
-3.076288998126983643e-01 9.383899569511413574e-01 1.680776000022888184e+00 -8.168428540229797363e-01 2.069816827774047852e+00 -1.367264509201049805e+00 -3.986189067363739014e-01 -1.265498518943786621e+00 1.902344107627868652e+00 -4.220981001853942871e-01 -9.164361357688903809e-01 -8.312383294105529785e-01 2.415795475244522095e-01 -2.329718023538589478e-01 1.937653422355651855e+00 9.106621742248535156e-01 1.122718930244445801e+00 -3.383439481258392334e-01 -7.702329754829406738e-01 -3.483772873878479004e-01
-4.410495162010192871e-01 1.233654022216796875e+00 1.575737833976745605e+00 -1.009713172912597656e+00 2.119084596633911133e+00 -1.351942420005798340e+00 -5.905018448829650879e-01 -1.200990557670593262e+00 1.963843703269958496e+00 -7.028214931488037109e-01 -8.257914781570434570e-01 -4.759452939033508301e-01 2.352729141712188721e-01 5.732354894280433655e-02 1.856530785560607910e+00 9.894227981567382812e-01 1.076976656913757324e+00 -4.099182188510894775e-01 -6.381925344467163086e-01 -4.313360750675201416e-01
-5.897871851921081543e-01 1.475692987442016602e+00 1.458435416221618652e+00 -1.173391103744506836e+00 2.105468511581420898e+00 -1.333772540092468262e+00 -7.544643878936767578e-01 -1.231652855873107910e+00 1.989720821380615234e+00 -8.616687655448913574e-01 -7.254257202148437500e-01 -2.769754230976104736e-01 2.132174819707870483e-01 3.019235730171203613e-01 1.751552581787109375e+00 1.047203779220581055e+00 1.116658449172973633e+00 -4.773412644863128662e-01 -5.708995461463928223e-01 -4.778066873550415039e-01
-7.736303806304931641e-01 1.662926554679870605e+00 1.381695389747619629e+00 -1.307466506958007812e+00 2.046679973602294922e+00 -1.321072340011596680e+00 -8.957812190055847168e-01 -1.334328651428222656e+00 1.976642608642578125e+00 -9.120629429817199707e-01 -6.522133350372314453e-01 -2.192426323890686035e-01 1.548359990119934082e-01 5.164318084716796875e-01 1.697389602661132812e+00 1.103212118148803711e+00 1.239983916282653809e+00 -5.423322916030883789e-01 -5.828355550765991211e-01 -4.960568547248840332e-01
-1.035522222518920898e+00 1.812715888023376465e+00 1.281266927719116211e+00 -1.431612253189086914e+00 1.938847661018371582e+00 -1.240540385246276855e+00 -1.068314909934997559e+00 -1.501339912414550781e+00 1.850481629371643066e+00 -8.834554553031921387e-01 -5.939049720764160156e-01 -2.675417065620422363e-01 8.585771545767784119e-03 7.105845808982849121e-01 1.659969210624694824e+00 1.140774369239807129e+00 1.429224491119384766e+00 -5.841498374938964844e-01 -6.772913932800292969e-01 -4.963012337684631348e-01
-1.269175052642822266e+00 1.925151228904724121e+00 1.195304632186889648e+00 -1.523358464241027832e+00 1.767936825752258301e+00 -1.165889501571655273e+00 -1.189203739166259766e+00 -1.689895033836364746e+00 1.699161887168884277e+00 -7.921295166015625000e-01 -5.480972528457641602e-01 -4.429273903369903564e-01 -1.571873277425765991e-01 7.809222340583801270e-01 1.645057439804077148e+00 1.169733166694641113e+00 1.654235124588012695e+00 -5.993679761886596680e-01 -8.417384624481201172e-01 -4.744191765785217285e-01
-1.400381565093994141e+00 1.923954606056213379e+00 1.171290040016174316e+00 -1.573684096336364746e+00 1.524511933326721191e+00 -1.090427875518798828e+00 -1.234825849533081055e+00 -1.781486272811889648e+00 1.514968395233154297e+00 -6.479569077491760254e-01 -5.828774571418762207e-01 -6.489538550376892090e-01 -3.426268994808197021e-01 7.165123820304870605e-01 1.653243422508239746e+00 1.125677227973937988e+00 1.797307968139648438e+00 -5.839903354644775391e-01 -1.048909068107604980e+00 -4.064882099628448486e-01
-1.460827708244323730e+00 1.839917778968811035e+00 1.165611505508422852e+00 -1.570448398590087891e+00 1.283458828926086426e+00 -1.034993767738342285e+00 -1.228598117828369141e+00 -1.825838327407836914e+00 1.336802124977111816e+00 -4.860093295574188232e-01 -6.143704056739807129e-01 -8.221858739852905273e-01 -4.721687436103820801e-01 6.304973959922790527e-01 1.633869409561157227e+00 1.072474479675292969e+00 1.848629713058471680e+00 -5.558627843856811523e-01 -1.206204652786254883e+00 -3.373106420040130615e-01
-1.450683593750000000e+00 1.788552045822143555e+00 1.180107712745666504e+00 -1.563377261161804199e+00 1.115726828575134277e+00 -1.050581455230712891e+00 -1.186043739318847656e+00 -1.847600460052490234e+00 1.245982170104980469e+00 -3.708840608596801758e-01 -6.239631175994873047e-01 -9.084090590476989746e-01 -5.271980762481689453e-01 5.526521205902099609e-01 1.616247415542602539e+00 1.035400629043579102e+00 1.832701444625854492e+00 -5.395997762680053711e-01 -1.278367757797241211e+00 -3.307632505893707275e-01
-1.437074422836303711e+00 1.782974004745483398e+00 1.219697594642639160e+00 -1.580069422721862793e+00 1.017742753028869629e+00 -1.103071570396423340e+00 -1.140557765960693359e+00 -1.871716737747192383e+00 1.227171182632446289e+00 -3.078231215476989746e-01 -6.240345239639282227e-01 -9.521985650062561035e-01 -5.505771040916442871e-01 5.208429694175720215e-01 1.616375923156738281e+00 1.017233371734619141e+00 1.823989510536193848e+00 -5.354104638099670410e-01 -1.321393966674804688e+00 -3.483647406101226807e-01
-1.429789781570434570e+00 1.805455565452575684e+00 1.269295096397399902e+00 -1.613118410110473633e+00 9.519836306571960449e-01 -1.174765944480895996e+00 -1.084536433219909668e+00 -1.886371850967407227e+00 1.229889392852783203e+00 -2.961340844631195068e-01 -6.149069666862487793e-01 -9.416857361793518066e-01 -5.465493202209472656e-01 5.331962108612060547e-01 1.626981496810913086e+00 1.010962486267089844e+00 1.797568440437316895e+00 -5.454208850860595703e-01 -1.332367420196533203e+00 -3.834592401981353760e-01
-1.411229610443115234e+00 1.845759272575378418e+00 1.316758275032043457e+00 -1.659597992897033691e+00 8.939932584762573242e-01 -1.254667997360229492e+00 -1.001400828361511230e+00 -1.879189133644104004e+00 1.237802505493164062e+00 -3.238100707530975342e-01 -6.026185154914855957e-01 -8.706816434860229492e-01 -5.159417986869812012e-01 5.705565810203552246e-01 1.636805891990661621e+00 9.991039633750915527e-01 1.730019330978393555e+00 -5.701769590377807617e-01 -1.303303360939025879e+00 -4.431576430797576904e-01
-1.378179073333740234e+00 1.887653231620788574e+00 1.381650090217590332e+00 -1.697060942649841309e+00 8.562923669815063477e-01 -1.325243353843688965e+00 -8.970793485641479492e-01 -1.826379656791687012e+00 1.253187298774719238e+00 -4.016236364841461182e-01 -6.065562367439270020e-01 -7.341090440750122070e-01 -4.769471287727355957e-01 6.137763857841491699e-01 1.644063711166381836e+00 9.833319783210754395e-01 1.608663201332092285e+00 -5.864257812500000000e-01 -1.240079760551452637e+00 -5.348011851310729980e-01
-1.318889975547790527e+00 1.896962523460388184e+00 1.463413476943969727e+00 -1.681757330894470215e+00 8.607935309410095215e-01 -1.347179770469665527e+00 -7.688729763031005859e-01 -1.700108885765075684e+00 1.277303218841552734e+00 -5.357707738876342773e-01 -6.620274782180786133e-01 -5.478032827377319336e-01 -4.461742937564849854e-01 6.158366799354553223e-01 1.649298310279846191e+00 9.645044207572937012e-01 1.425664186477661133e+00 -5.605365037918090820e-01 -1.150790452957153320e+00 -6.537368893623352051e-01
-1.156660795211791992e+00 1.876882553100585938e+00 1.543434619903564453e+00 -1.590179085731506348e+00 1.002654552459716797e+00 -1.362442731857299805e+00 -6.570200920104980469e-01 -1.531537890434265137e+00 1.400314569473266602e+00 -6.678491234779357910e-01 -7.564756274223327637e-01 -3.698818981647491455e-01 -3.720328509807586670e-01 4.996450543403625488e-01 1.677302122116088867e+00 1.003361821174621582e+00 1.217868447303771973e+00 -4.913958311080932617e-01 -1.029073357582092285e+00 -8.426355719566345215e-01
-9.492419362068176270e-01 1.814289569854736328e+00 1.655245542526245117e+00 -1.450199246406555176e+00 1.214964628219604492e+00 -1.316866159439086914e+00 -6.164565682411193848e-01 -1.329752445220947266e+00 1.549650073051452637e+00 -7.589735984802246094e-01 -8.594380617141723633e-01 -2.772131264209747314e-01 -3.294026851654052734e-01 2.939152121543884277e-01 1.727227568626403809e+00 1.005810618400573730e+00 1.042427778244018555e+00 -3.906565904617309570e-01 -9.703763127326965332e-01 -9.480870962142944336e-01
-7.791746854782104492e-01 1.732105255126953125e+00 1.794194221496582031e+00 -1.316690206527709961e+00 1.408875703811645508e+00 -1.285450458526611328e+00 -5.944933891296386719e-01 -1.228487730026245117e+00 1.696828961372375488e+00 -7.549989819526672363e-01 -9.732879400253295898e-01 -3.494116365909576416e-01 -3.339186906814575195e-01 4.543760046362876892e-02 1.790033817291259766e+00 9.941145777702331543e-01 1.001624941825866699e+00 -3.013511896133422852e-01 -1.031535029411315918e+00 -9.836673140525817871e-01
-6.365128159523010254e-01 1.627745032310485840e+00 1.881063938140869141e+00 -1.184665679931640625e+00 1.546649217605590820e+00 -1.227933406829833984e+00 -5.965668559074401855e-01 -1.173074483871459961e+00 1.777980089187622070e+00 -6.743726134300231934e-01 -1.077634811401367188e+00 -4.909372627735137939e-01 -3.822512626647949219e-01 -1.848233938217163086e-01 1.820642590522766113e+00 9.623814225196838379e-01 1.030789852142333984e+00 -2.184149324893951416e-01 -1.143598318099975586e+00 -9.818853735923767090e-01
-5.155876874923706055e-01 1.482964873313903809e+00 1.914101481437683105e+00 -1.086985945701599121e+00 1.636822342872619629e+00 -1.126261711120605469e+00 -6.154651045799255371e-01 -1.128376841545104980e+00 1.821138620376586914e+00 -5.505558252334594727e-01 -1.124447226524353027e+00 -6.898439526557922363e-01 -4.395676255226135254e-01 -3.679202795028686523e-01 1.810850739479064941e+00 9.545475840568542480e-01 1.140872597694396973e+00 -1.093199923634529114e-01 -1.262015342712402344e+00 -9.363567829132080078e-01
-4.626127481460571289e-01 1.336659669876098633e+00 1.928204894065856934e+00 -1.062486648559570312e+00 1.755761146545410156e+00 -1.039114356040954590e+00 -6.355355381965637207e-01 -1.173764705657958984e+00 1.847565412521362305e+00 -4.305919110774993896e-01 -1.119949340820312500e+00 -9.052835702896118164e-01 -4.752934575080871582e-01 -4.382127523422241211e-01 1.804907083511352539e+00 9.701722860336303711e-01 1.322245597839355469e+00 -3.389910608530044556e-02 -1.358973383903503418e+00 -8.495900630950927734e-01
-4.690119624137878418e-01 1.149049639701843262e+00 1.882477283477783203e+00 -1.036841869354248047e+00 1.810888886451721191e+00 -9.608681201934814453e-01 -6.288367509841918945e-01 -1.242700219154357910e+00 1.819326639175415039e+00 -3.343083858489990234e-01 -1.078317642211914062e+00 -1.104354381561279297e+00 -4.647350907325744629e-01 -4.289762973785400391e-01 1.784102439880371094e+00 9.945148229598999023e-01 1.506234407424926758e+00 2.384582906961441040e-02 -1.405101180076599121e+00 -7.010188698768615723e-01
-5.182211995124816895e-01 9.458156228065490723e-01 1.769534111022949219e+00 -9.931284785270690918e-01 1.817373871803283691e+00 -8.724634647369384766e-01 -6.338623166084289551e-01 -1.277872323989868164e+00 1.724548578262329102e+00 -2.727044522762298584e-01 -9.948746562004089355e-01 -1.225736737251281738e+00 -4.204385876655578613e-01 -3.455607295036315918e-01 1.752658963203430176e+00 1.045311331748962402e+00 1.641706585884094238e+00 6.649891287088394165e-02 -1.388790369033813477e+00 -5.192463397979736328e-01
-5.992786288261413574e-01 8.168402314186096191e-01 1.625808954238891602e+00 -1.000192046165466309e+00 1.785085678100585938e+00 -8.139837980270385742e-01 -6.350646615028381348e-01 -1.315474510192871094e+00 1.614197731018066406e+00 -2.667281329631805420e-01 -8.821009397506713867e-01 -1.246345400810241699e+00 -3.592882454395294189e-01 -2.277797013521194458e-01 1.729113936424255371e+00 1.124896883964538574e+00 1.720291256904602051e+00 5.539136379957199097e-02 -1.324771165847778320e+00 -3.848741948604583740e-01
-6.677729487419128418e-01 7.523663043975830078e-01 1.485362768173217773e+00 -1.016447305679321289e+00 1.754306912422180176e+00 -7.789444923400878906e-01 -6.714731454849243164e-01 -1.318523645401000977e+00 1.534188628196716309e+00 -3.111022114753723145e-01 -7.594732046127319336e-01 -1.181341409683227539e+00 -3.171843588352203369e-01 -1.129955649375915527e-01 1.709414124488830566e+00 1.204017162322998047e+00 1.738270998001098633e+00 3.276799619197845459e-02 -1.237833619117736816e+00 -2.873179614543914795e-01
-7.131199240684509277e-01 7.332630157470703125e-01 1.366253733634948730e+00 -1.035839200019836426e+00 1.756158471107482910e+00 -7.410958409309387207e-01 -7.157027125358581543e-01 -1.271116256713867188e+00 1.493199348449707031e+00 -4.136775135993957520e-01 -6.697894334793090820e-01 -1.037838816642761230e+00 -2.992629110813140869e-01 -2.524586021900177002e-02 1.693380236625671387e+00 1.270157098770141602e+00 1.686708807945251465e+00 1.534572243690490723e-02 -1.137102961540222168e+00 -2.472748160362243652e-01
-7.472831010818481445e-01 7.301549911499023438e-01 1.282115101814270020e+00 -1.021032333374023438e+00 1.808190464973449707e+00 -7.393158674240112305e-01 -7.397741675376892090e-01 -1.191534519195556641e+00 1.504007458686828613e+00 -5.822862982749938965e-01 -6.281040906906127930e-01 -8.267655372619628906e-01 -2.485043257474899292e-01 7.149502635002136230e-02 1.715348362922668457e+00 1.337530970573425293e+00 1.571400642395019531e+00 -1.108677685260772705e-02 -9.788385629653930664e-01 -2.350536286830902100e-01
-8.089504837989807129e-01 7.958193421363830566e-01 1.276512026786804199e+00 -1.024027109146118164e+00 1.921799182891845703e+00 -7.890201210975646973e-01 -7.992230057716369629e-01 -1.124653220176696777e+00 1.593102097511291504e+00 -8.125075697898864746e-01 -6.681833267211914062e-01 -6.031218767166137695e-01 -2.263979762792587280e-01 2.070175111293792725e-01 1.749433994293212891e+00 1.371564030647277832e+00 1.481416821479797363e+00 -1.953368447721004486e-02 -8.466676473617553711e-01 -2.172989249229431152e-01
-8.592278361320495605e-01 9.489016532897949219e-01 1.374321579933166504e+00 -1.035578727722167969e+00 2.089714050292968750e+00 -8.783259987831115723e-01 -9.065904617309570312e-01 -1.073970556259155273e+00 1.757017374038696289e+00 -1.019748091697692871e+00 -7.597372531890869141e-01 -4.470798969268798828e-01 -2.403586357831954956e-01 2.899762988090515137e-01 1.824661254882812500e+00 1.402664661407470703e+00 1.435277819633483887e+00 -3.179013729095458984e-02 -7.944813370704650879e-01 -2.353598177433013916e-01
