-9.279688596725463867e-01 1.245277762413024902e+00 2.442765235900878906e+00 -7.276573777198791504e-01 1.926064968109130859e+00 -1.213428139686584473e+00 -8.716441988945007324e-01 -1.509252071380615234e+00 1.890955686569213867e+00 -3.003896474838256836e-01 -1.470560193061828613e+00 -1.609178304672241211e+00 -7.086474895477294922e-01 -6.109917759895324707e-01 2.124329805374145508e+00 1.038374066352844238e+00 1.635737657546997070e+00 4.257548227906227112e-02 -1.834074854850769043e+00 -3.818547427654266357e-01
-9.063119888305664062e-01 1.283059120178222656e+00 2.520951032638549805e+00 -7.037977576255798340e-01 2.030362367630004883e+00 -1.215288996696472168e+00 -9.964185357093811035e-01 -1.366575956344604492e+00 1.946711421012878418e+00 -4.101410210132598877e-01 -1.391529440879821777e+00 -1.519719123840332031e+00 -7.605311870574951172e-01 -6.503189802169799805e-01 2.216763257980346680e+00 1.108275771141052246e+00 1.587947845458984375e+00 5.563660338521003723e-02 -1.823391556739807129e+00 -3.310563862323760986e-01
-8.680294752120971680e-01 1.353477954864501953e+00 2.542583703994750977e+00 -7.081334590911865234e-01 2.164009571075439453e+00 -1.192812919616699219e+00 -1.139629125595092773e+00 -1.209501504898071289e+00 2.025454044342041016e+00 -5.568459033966064453e-01 -1.267753601074218750e+00 -1.394216060638427734e+00 -7.815828323364257812e-01 -6.555435061454772949e-01 2.287264823913574219e+00 1.185688376426696777e+00 1.558997869491577148e+00 6.161149963736534119e-02 -1.777994990348815918e+00 -2.866000235080718994e-01
-8.122878670692443848e-01 1.424090385437011719e+00 2.498275995254516602e+00 -7.363898158073425293e-01 2.253205060958862305e+00 -1.172926545143127441e+00 -1.267113566398620605e+00 -1.062763214111328125e+00 2.070567846298217773e+00 -6.851643919944763184e-01 -1.113789081573486328e+00 -1.245311737060546875e+00 -7.724654674530029297e-01 -6.146335005760192871e-01 2.308457136154174805e+00 1.241944670677185059e+00 1.534332036972045898e+00 4.758135601878166199e-02 -1.705526232719421387e+00 -2.348068356513977051e-01
-7.553282380104064941e-01 1.477915287017822266e+00 2.405395507812500000e+00 -7.772632241249084473e-01 2.259771585464477539e+00 -1.145756006240844727e+00 -1.350740909576416016e+00 -9.288106560707092285e-01 2.068206071853637695e+00 -7.807830572128295898e-01 -9.570353031158447266e-01 -1.094536423683166504e+00 -7.538116574287414551e-01 -5.582141280174255371e-01 2.280402898788452148e+00 1.260469913482666016e+00 1.492598772048950195e+00 2.773259207606315613e-02 -1.616837859153747559e+00 -1.847827732563018799e-01
-7.564629316329956055e-01 1.527419686317443848e+00 2.324364900588989258e+00 -8.440291285514831543e-01 2.231329679489135742e+00 -1.128053307533264160e+00 -1.442142009735107422e+00 -8.595966100692749023e-01 2.055183649063110352e+00 -8.399221301078796387e-01 -8.447483777999877930e-01 -9.613023996353149414e-01 -7.166190743446350098e-01 -4.880816936492919922e-01 2.268140554428100586e+00 1.302803993225097656e+00 1.436962842941284180e+00 1.096993684768676758e-03 -1.535517692565917969e+00 -1.472412943840026855e-01
-7.746594548225402832e-01 1.581208467483520508e+00 2.260759592056274414e+00 -9.128322601318359375e-01 2.173082113265991211e+00 -1.116415500640869141e+00 -1.537485480308532715e+00 -8.122801780700683594e-01 2.027649641036987305e+00 -8.667508363723754883e-01 -7.469777464866638184e-01 -8.458459377288818359e-01 -6.912832260131835938e-01 -4.212113618850708008e-01 2.251293182373046875e+00 1.350551128387451172e+00 1.385520696640014648e+00 -2.623265422880649567e-02 -1.479121088981628418e+00 -1.327179074287414551e-01
-7.899044752120971680e-01 1.623815536499023438e+00 2.207413673400878906e+00 -9.781432747840881348e-01 2.097231626510620117e+00 -1.121174216270446777e+00 -1.596056461334228516e+00 -7.868632078170776367e-01 1.988806962966918945e+00 -8.699356317520141602e-01 -6.625322699546813965e-01 -7.433217763900756836e-01 -6.648645997047424316e-01 -3.653925657272338867e-01 2.232548236846923828e+00 1.391382098197937012e+00 1.330756187438964844e+00 -5.744781717658042908e-02 -1.429051160812377930e+00 -1.394553184509277344e-01
-8.041672110557556152e-01 1.656904578208923340e+00 2.163888692855834961e+00 -1.034569144248962402e+00 2.008499145507812500e+00 -1.141198039054870605e+00 -1.629327774047851562e+00 -7.772633433341979980e-01 1.928297638893127441e+00 -8.657000660896301270e-01 -5.800809860229492188e-01 -6.386582851409912109e-01 -6.316418051719665527e-01 -3.038247823715209961e-01 2.205700874328613281e+00 1.437483072280883789e+00 1.272021889686584473e+00 -8.831055462360382080e-02 -1.379594206809997559e+00 -1.639764904975891113e-01
-8.221458792686462402e-01 1.687876462936401367e+00 2.126693725585937500e+00 -1.087708950042724609e+00 1.909076333045959473e+00 -1.178545832633972168e+00 -1.632753849029541016e+00 -7.881823182106018066e-01 1.850345015525817871e+00 -8.522962331771850586e-01 -5.050346255302429199e-01 -5.362662076950073242e-01 -5.908173322677612305e-01 -2.354246526956558228e-01 2.176556587219238281e+00 1.490114212036132812e+00 1.214198470115661621e+00 -1.226970255374908447e-01 -1.326123118400573730e+00 -2.159474790096282959e-01
-8.508373498916625977e-01 1.717344403266906738e+00 2.097420454025268555e+00 -1.139948010444641113e+00 1.802887439727783203e+00 -1.246450185775756836e+00 -1.584419846534729004e+00 -8.321750164031982422e-01 1.773117780685424805e+00 -8.311765789985656738e-01 -4.602614343166351318e-01 -4.465636610984802246e-01 -5.377435684204101562e-01 -1.530379056930541992e-01 2.161744832992553711e+00 1.545036077499389648e+00 1.171949863433837891e+00 -1.675373613834381104e-01 -1.261553049087524414e+00 -3.113062679767608643e-01
-8.712430596351623535e-01 1.698482513427734375e+00 2.046357154846191406e+00 -1.163837909698486328e+00 1.667654871940612793e+00 -1.307631373405456543e+00 -1.462144851684570312e+00 -8.797847628593444824e-01 1.667217612266540527e+00 -8.002442717552185059e-01 -4.486523270606994629e-01 -3.456606864929199219e-01 -4.742702841758728027e-01 -6.531880795955657959e-02 2.105344533920288086e+00 1.561206817626953125e+00 1.100854754447937012e+00 -1.986231803894042969e-01 -1.170394659042358398e+00 -4.348798394203186035e-01
-8.830846548080444336e-01 1.618007779121398926e+00 1.975517749786376953e+00 -1.159902215003967285e+00 1.550400495529174805e+00 -1.356577157974243164e+00 -1.245995283126831055e+00 -9.413475394248962402e-01 1.557731747627258301e+00 -7.851291298866271973e-01 -4.785639941692352295e-01 -2.399784922599792480e-01 -3.806465864181518555e-01 5.066742748022079468e-02 2.006650686264038086e+00 1.523602366447448730e+00 1.014421820640563965e+00 -2.135177105665206909e-01 -1.033684492111206055e+00 -5.614349842071533203e-01
-8.568677902221679688e-01 1.481750845909118652e+00 1.893512129783630371e+00 -1.112615108489990234e+00 1.514848470687866211e+00 -1.377103567123413086e+00 -9.435117244720458984e-01 -1.019482254981994629e+00 1.505098462104797363e+00 -7.863777875900268555e-01 -5.628720521926879883e-01 -1.945992112159729004e-01 -2.527010440826416016e-01 1.407319754362106323e-01 1.904393553733825684e+00 1.438876032829284668e+00 9.655312895774841309e-01 -2.088175415992736816e-01 -8.755598664283752441e-01 -6.850010752677917480e-01
-8.203806877136230469e-01 1.315192937850952148e+00 1.798285961151123047e+00 -1.010146260261535645e+00 1.556402921676635742e+00 -1.356126070022583008e+00 -6.492198705673217773e-01 -1.099354505538940430e+00 1.503223419189453125e+00 -7.809564471244812012e-01 -7.148739099502563477e-01 -2.613038420677185059e-01 -1.571944355964660645e-01 1.833950281143188477e-01 1.825923442840576172e+00 1.283208131790161133e+00 9.847677350044250488e-01 -1.896497607231140137e-01 -7.639660239219665527e-01 -7.119979858398437500e-01
-7.614914774894714355e-01 1.147651076316833496e+00 1.705429196357727051e+00 -9.281426668167114258e-01 1.610379338264465332e+00 -1.311464071273803711e+00 -4.092632830142974854e-01 -1.187860608100891113e+00 1.533070802688598633e+00 -7.419796586036682129e-01 -8.743829131126403809e-01 -4.173291027545928955e-01 -1.066441088914871216e-01 1.506472229957580566e-01 1.762420296669006348e+00 1.092823863029479980e+00 1.065068364143371582e+00 -1.557272076606750488e-01 -7.209609746932983398e-01 -6.575217247009277344e-01
-6.864928007125854492e-01 1.015430569648742676e+00 1.640901207923889160e+00 -9.149000644683837891e-01 1.687517642974853516e+00 -1.282221555709838867e+00 -2.826749086380004883e-01 -1.313129186630249023e+00 1.643059134483337402e+00 -6.626152992248535156e-01 -1.030132293701171875e+00 -6.322964429855346680e-01 -9.696631133556365967e-02 6.036195158958435059e-02 1.738387465476989746e+00 9.278737306594848633e-01 1.209488868713378906e+00 -1.123254299163818359e-01 -7.501130104064941406e-01 -5.605721473693847656e-01
-5.896801352500915527e-01 9.640161991119384766e-01 1.589223027229309082e+00 -9.786515235900878906e-01 1.810460686683654785e+00 -1.227631449699401855e+00 -2.549339830875396729e-01 -1.438147544860839844e+00 1.811348676681518555e+00 -5.608410835266113281e-01 -1.147162914276123047e+00 -8.587700128555297852e-01 -8.455330133438110352e-02 -5.603388696908950806e-02 1.740261554718017578e+00 8.275387883186340332e-01 1.404465556144714355e+00 -8.109394460916519165e-02 -8.295260667800903320e-01 -5.092568993568420410e-01
-5.332621335983276367e-01 9.403793811798095703e-01 1.549339413642883301e+00 -1.051172256469726562e+00 1.937567830085754395e+00 -1.148629665374755859e+00 -2.908827066421508789e-01 -1.558888077735900879e+00 1.949267506599426270e+00 -4.593917131423950195e-01 -1.215397477149963379e+00 -1.089323282241821289e+00 -9.812068939208984375e-02 -1.647837162017822266e-01 1.741465568542480469e+00 7.781985402107238770e-01 1.608284711837768555e+00 -5.100196227431297302e-02 -9.452184438705444336e-01 -4.650633037090301514e-01
-5.229942798614501953e-01 9.273056387901306152e-01 1.545865058898925781e+00 -1.103768706321716309e+00 2.030496835708618164e+00 -1.092530608177185059e+00 -3.691255748271942139e-01 -1.670637965202331543e+00 2.025496482849121094e+00 -3.468502461910247803e-01 -1.240665555000305176e+00 -1.298326373100280762e+00 -1.436436921358108521e-01 -2.337023764848709106e-01 1.735101580619812012e+00 7.594032287597656250e-01 1.787168025970458984e+00 -3.487835079431533813e-02 -1.094903469085693359e+00 -4.148698151111602783e-01
-5.500359535217285156e-01 9.534508585929870605e-01 1.553808927536010742e+00 -1.170693635940551758e+00 2.040630817413330078e+00 -1.032160878181457520e+00 -4.819964766502380371e-01 -1.739971280097961426e+00 2.030309677124023438e+00 -2.410968244075775146e-01 -1.246163368225097656e+00 -1.435999274253845215e+00 -2.282779663801193237e-01 -2.634353041648864746e-01 1.732259035110473633e+00 7.675419449806213379e-01 1.923588633537292480e+00 -2.266184799373149872e-02 -1.242569446563720703e+00 -3.943769633769989014e-01
-6.008349061012268066e-01 9.571681618690490723e-01 1.524391651153564453e+00 -1.225544333457946777e+00 1.991598010063171387e+00 -9.711853265762329102e-01 -5.697255134582519531e-01 -1.796142935752868652e+00 1.974482893943786621e+00 -1.496820151805877686e-01 -1.224662184715270996e+00 -1.514159679412841797e+00 -2.996116876602172852e-01 -2.333031147718429565e-01 1.699392199516296387e+00 7.771794199943542480e-01 2.018728971481323242e+00 -2.717547677457332611e-02 -1.344731926918029785e+00 -3.695357143878936768e-01
-7.031043171882629395e-01 9.750500321388244629e-01 1.449050426483154297e+00 -1.280317068099975586e+00 1.881100893020629883e+00 -9.316982030868530273e-01 -6.480058431625366211e-01 -1.877022981643676758e+00 1.875682115554809570e+00 -7.589419186115264893e-02 -1.169797062873840332e+00 -1.544498443603515625e+00 -3.463089764118194580e-01 -1.341387331485748291e-01 1.659997105598449707e+00 8.017209172248840332e-01 2.094233512878417969e+00 -6.894105672836303711e-02 -1.403374075889587402e+00 -3.379300534725189209e-01
-8.373771309852600098e-01 1.024690628051757812e+00 1.316484093666076660e+00 -1.368273377418518066e+00 1.696814060211181641e+00 -9.471900463104248047e-01 -7.233170866966247559e-01 -1.982883095741271973e+00 1.733787775039672852e+00 1.158507913351058960e-02 -1.059342265129089355e+00 -1.505460977554321289e+00 -3.760904967784881592e-01 5.268754810094833374e-02 1.578438520431518555e+00 8.353080153465270996e-01 2.142104387283325195e+00 -1.636044234037399292e-01 -1.406139135360717773e+00 -3.287200927734375000e-01
-1.002944827079772949e+00 1.117652773857116699e+00 1.187660455703735352e+00 -1.473562240600585938e+00 1.528287410736083984e+00 -1.049177527427673340e+00 -7.696198821067810059e-01 -2.114324569702148438e+00 1.602636814117431641e+00 3.954828530550003052e-02 -9.319036602973937988e-01 -1.371135950088500977e+00 -4.016525149345397949e-01 3.138505816459655762e-01 1.527768611907958984e+00 8.673291802406311035e-01 2.147133588790893555e+00 -3.268362283706665039e-01 -1.340427756309509277e+00 -3.320340514183044434e-01
-1.168799519538879395e+00 1.257683992385864258e+00 1.171725630760192871e+00 -1.578935503959655762e+00 1.476653337478637695e+00 -1.220239400863647461e+00 -7.911213636398315430e-01 -2.227691650390625000e+00 1.576312184333801270e+00 -5.110058933496475220e-02 -8.501151204109191895e-01 -1.227207183837890625e+00 -3.790496885776519775e-01 5.524834394454956055e-01 1.583381652832031250e+00 9.413186907768249512e-01 2.146258115768432617e+00 -5.003000497817993164e-01 -1.261163830757141113e+00 -3.336682319641113281e-01
-1.349147796630859375e+00 1.430156111717224121e+00 1.224396228790283203e+00 -1.671858310699462891e+00 1.476069569587707520e+00 -1.373016476631164551e+00 -7.972733378410339355e-01 -2.273947477340698242e+00 1.579985141754150391e+00 -2.634240090847015381e-01 -8.061252236366271973e-01 -1.023845911026000977e+00 -3.394980728626251221e-01 7.801004648208618164e-01 1.686150312423706055e+00 1.063297867774963379e+00 2.102528810501098633e+00 -6.366149187088012695e-01 -1.171910405158996582e+00 -3.723878264427185059e-01
-1.492964982986450195e+00 1.553834915161132812e+00 1.285985469818115234e+00 -1.699329018592834473e+00 1.486906290054321289e+00 -1.465569615364074707e+00 -7.876819968223571777e-01 -2.260503053665161133e+00 1.568972826004028320e+00 -4.832041561603546143e-01 -7.855200767517089844e-01 -8.215873241424560547e-01 -3.130209743976593018e-01 9.493231773376464844e-01 1.746215224266052246e+00 1.153707981109619141e+00 2.015600204467773438e+00 -7.064933776855468750e-01 -1.095428109169006348e+00 -4.190628528594970703e-01
-1.562929272651672363e+00 1.614234447479248047e+00 1.320332884788513184e+00 -1.689476251602172852e+00 1.501993536949157715e+00 -1.493715405464172363e+00 -7.596433758735656738e-01 -2.197238683700561523e+00 1.546460628509521484e+00 -6.607941985130310059e-01 -7.765310406684875488e-01 -6.472932100296020508e-01 -2.831745445728302002e-01 1.047179102897644043e+00 1.766960501670837402e+00 1.194106817245483398e+00 1.910039424896240234e+00 -7.305090427398681641e-01 -1.009080529212951660e+00 -4.559138119220733643e-01
-1.586434245109558105e+00 1.648942470550537109e+00 1.351039290428161621e+00 -1.669934630393981934e+00 1.545910716056823730e+00 -1.499359250068664551e+00 -7.482485175132751465e-01 -2.134891748428344727e+00 1.531202793121337891e+00 -7.876995801925659180e-01 -7.713953852653503418e-01 -5.105333328247070312e-01 -2.494734376668930054e-01 1.087643384933471680e+00 1.787361741065979004e+00 1.229581594467163086e+00 1.815090775489807129e+00 -7.326987385749816895e-01 -9.351203441619873047e-01 -5.043057799339294434e-01
-1.579558372497558594e+00 1.669263482093811035e+00 1.370402812957763672e+00 -1.651144742965698242e+00 1.602603435516357422e+00 -1.496812343597412109e+00 -7.303196787834167480e-01 -2.094907522201538086e+00 1.545071601867675781e+00 -8.710525631904602051e-01 -7.836847305297851562e-01 -4.261396527290344238e-01 -2.258128672838211060e-01 1.087843894958496094e+00 1.801397204399108887e+00 1.244686245918273926e+00 1.749349951744079590e+00 -7.271909117698669434e-01 -8.818516731262207031e-01 -5.489762425422668457e-01
-1.558440923690795898e+00 1.678877592086791992e+00 1.379092812538146973e+00 -1.626996278762817383e+00 1.659987092018127441e+00 -1.489371657371520996e+00 -7.056988477706909180e-01 -2.072290658950805664e+00 1.572360634803771973e+00 -9.250035881996154785e-01 -8.147670626640319824e-01 -3.802369236946105957e-01 -2.099899798631668091e-01 1.061703443527221680e+00 1.807211160659790039e+00 1.239403963088989258e+00 1.701942443847656250e+00 -7.164814472198486328e-01 -8.436017632484436035e-01 -5.866645574569702148e-01
-1.529415369033813477e+00 1.657024860382080078e+00 1.370669245719909668e+00 -1.593911647796630859e+00 1.704983592033386230e+00 -1.468220472335815430e+00 -6.706441044807434082e-01 -2.060534477233886719e+00 1.583466649055480957e+00 -9.473352432250976562e-01 -8.560535907745361328e-01 -3.636032044887542725e-01 -1.958735138177871704e-01 1.024174094200134277e+00 1.800408601760864258e+00 1.215489864349365234e+00 1.664612770080566406e+00 -7.031056284904479980e-01 -8.147120475769042969e-01 -6.073802709579467773e-01
-1.499097466468811035e+00 1.603722810745239258e+00 1.351500034332275391e+00 -1.549464106559753418e+00 1.739239931106567383e+00 -1.435690999031066895e+00 -6.239174604415893555e-01 -2.063085794448852539e+00 1.576979517936706543e+00 -9.386599659919738770e-01 -9.124758243560791016e-01 -3.780248165130615234e-01 -1.862593740224838257e-01 9.735951423645019531e-01 1.787265658378601074e+00 1.178072452545166016e+00 1.637214541435241699e+00 -6.872740387916564941e-01 -7.999187111854553223e-01 -6.140990257263183594e-01
-1.472200512886047363e+00 1.524105429649353027e+00 1.332107424736022949e+00 -1.493968605995178223e+00 1.766050934791564941e+00 -1.382980585098266602e+00 -5.717236399650573730e-01 -2.096875429153442383e+00 1.562234640121459961e+00 -8.846322298049926758e-01 -1.001547098159790039e+00 -4.534617364406585693e-01 -1.969409286975860596e-01 8.826945424079895020e-01 1.773217558860778809e+00 1.118776798248291016e+00 1.631877660751342773e+00 -6.579432487487792969e-01 -8.255834579467773438e-01 -6.138759255409240723e-01
-1.433170199394226074e+00 1.418817281723022461e+00 1.341400146484375000e+00 -1.402489900588989258e+00 1.796413183212280273e+00 -1.334372162818908691e+00 -4.993716478347778320e-01 -2.176486968994140625e+00 1.569014310836791992e+00 -7.714589238166809082e-01 -1.138733625411987305e+00 -6.356350183486938477e-01 -2.267771214246749878e-01 7.256235480308532715e-01 1.776640653610229492e+00 1.045683622360229492e+00 1.680160999298095703e+00 -6.067129969596862793e-01 -9.084930419921875000e-01 -6.128702759742736816e-01
-1.357098221778869629e+00 1.252521157264709473e+00 1.358744621276855469e+00 -1.237269759178161621e+00 1.794913172721862793e+00 -1.269853711128234863e+00 -4.055817127227783203e-01 -2.254959583282470703e+00 1.565044999122619629e+00 -5.861048698425292969e-01 -1.301316142082214355e+00 -9.113059043884277344e-01 -2.672545611858367920e-01 4.841908216476440430e-01 1.765159249305725098e+00 9.440186619758605957e-01 1.735643386840820312e+00 -5.166037678718566895e-01 -1.030521035194396973e+00 -5.874224305152893066e-01
-1.227096438407897949e+00 1.070675492286682129e+00 1.414564013481140137e+00 -1.055442214012145996e+00 1.765306711196899414e+00 -1.187572121620178223e+00 -3.475363254547119141e-01 -2.230430126190185547e+00 1.556225895881652832e+00 -4.003735482692718506e-01 -1.431493878364562988e+00 -1.167616367340087891e+00 -2.957974076271057129e-01 1.757943928241729736e-01 1.753514051437377930e+00 8.830732107162475586e-01 1.738328099250793457e+00 -3.918452560901641846e-01 -1.153382420539855957e+00 -5.597547888755798340e-01
-1.119174122810363770e+00 9.347587823867797852e-01 1.601445198059082031e+00 -9.079576134681701660e-01 1.783936500549316406e+00 -1.156389117240905762e+00 -3.777592182159423828e-01 -2.130704402923583984e+00 1.630553841590881348e+00 -2.773977220058441162e-01 -1.547081112861633301e+00 -1.406299233436584473e+00 -2.986912131309509277e-01 -8.078721165657043457e-02 1.802168250083923340e+00 8.825582861900329590e-01 1.743332386016845703e+00 -2.308879196643829346e-01 -1.307504653930664062e+00 -4.812031090259552002e-01
-1.042272329330444336e+00 8.859114050865173340e-01 1.775186419486999512e+00 -8.078936338424682617e-01 1.811038136482238770e+00 -1.160337448120117188e+00 -4.182733595371246338e-01 -2.013243675231933594e+00 1.725816607475280762e+00 -2.223238348960876465e-01 -1.604782104492187500e+00 -1.554186582565307617e+00 -2.980024218559265137e-01 -2.328383773565292358e-01 1.847891926765441895e+00 8.902549147605895996e-01 1.730851769447326660e+00 -1.089733466506004333e-01 -1.417001724243164062e+00 -4.208267033100128174e-01
-9.822889566421508789e-01 8.680738210678100586e-01 1.921423077583312988e+00 -7.353162169456481934e-01 1.823295712471008301e+00 -1.156621932983398438e+00 -4.677100181579589844e-01 -1.870779275894165039e+00 1.769594073295593262e+00 -2.198987603187561035e-01 -1.597177982330322266e+00 -1.621695518493652344e+00 -3.068021237850189209e-01 -3.557445406913757324e-01 1.903563499450683594e+00 8.976885080337524414e-01 1.682775139808654785e+00 -2.910309843719005585e-02 -1.487302899360656738e+00 -3.506056368350982666e-01
-9.358743429183959961e-01 8.772062063217163086e-01 2.047569036483764648e+00 -6.809027791023254395e-01 1.836230635643005371e+00 -1.146903276443481445e+00 -5.311274528503417969e-01 -1.727459073066711426e+00 1.781368851661682129e+00 -2.555705308914184570e-01 -1.563976645469665527e+00 -1.636073589324951172e+00 -3.206292986869812012e-01 -4.608497023582458496e-01 1.976441383361816406e+00 9.033474326133728027e-01 1.618185997009277344e+00 2.583511546254158020e-02 -1.530880451202392578e+00 -2.766985297203063965e-01
-9.014061093330383301e-01 9.398584961891174316e-01 2.149274587631225586e+00 -6.541867852210998535e-01 1.874453663825988770e+00 -1.178930521011352539e+00 -5.979617238044738770e-01 -1.612607121467590332e+00 1.816993236541748047e+00 -3.221039175987243652e-01 -1.541046977043151855e+00 -1.582273840904235840e+00 -3.633590936660766602e-01 -5.188601613044738770e-01 2.037304878234863281e+00 8.980633020401000977e-01 1.547765016555786133e+00 4.352558776736259460e-02 -1.545560002326965332e+00 -2.484842538833618164e-01
-8.383446335792541504e-01 1.017766594886779785e+00 2.219061374664306641e+00 -6.333675980567932129e-01 1.904587864875793457e+00 -1.212405204772949219e+00 -6.594366431236267090e-01 -1.456668615341186523e+00 1.851754665374755859e+00 -4.132333993911743164e-01 -1.480601191520690918e+00 -1.459963560104370117e+00 -4.005790352821350098e-01 -5.685578584671020508e-01 2.075660705566406250e+00 8.726668953895568848e-01 1.431251406669616699e+00 3.843920305371284485e-02 -1.513971090316772461e+00 -2.263847589492797852e-01
-7.285565137863159180e-01 1.154384613037109375e+00 2.244050502777099609e+00 -6.548373103141784668e-01 1.994842529296875000e+00 -1.221768975257873535e+00 -7.770096063613891602e-01 -1.234667897224426270e+00 1.923110842704772949e+00 -5.584480762481689453e-01 -1.333256721496582031e+00 -1.247744202613830566e+00 -4.140208363533020020e-01 -5.681771039962768555e-01 2.090479135513305664e+00 8.632448315620422363e-01 1.321055650711059570e+00 1.673181727528572083e-02 -1.439365267753601074e+00 -2.274750173091888428e-01
-6.010622382164001465e-01 1.348152041435241699e+00 2.219362974166870117e+00 -7.414146065711975098e-01 2.089028596878051758e+00 -1.224318385124206543e+00 -1.006669521331787109e+00 -9.945302605628967285e-01 2.002887964248657227e+00 -7.032530307769775391e-01 -1.054986953735351562e+00 -9.700810909271240234e-01 -4.345842599868774414e-01 -4.773787260055541992e-01 2.066498756408691406e+00 8.992195725440979004e-01 1.246199488639831543e+00 -4.775823652744293213e-02 -1.357864975929260254e+00 -2.246384322643280029e-01
-5.795551538467407227e-01 1.546603441238403320e+00 2.160569906234741211e+00 -9.063040018081665039e-01 2.127942800521850586e+00 -1.257553339004516602e+00 -1.317957878112792969e+00 -8.775641918182373047e-01 2.087482929229736328e+00 -7.659497857093811035e-01 -7.898471355438232422e-01 -7.318097352981567383e-01 -4.434458613395690918e-01 -3.327375650405883789e-01 2.082345008850097656e+00 1.009126067161560059e+00 1.200638294219970703e+00 -1.533170491456985474e-01 -1.283438563346862793e+00 -1.877645850181579590e-01
-6.395222544670104980e-01 1.713603019714355469e+00 2.096716403961181641e+00 -1.091950654983520508e+00 2.131929397583007812e+00 -1.295545339584350586e+00 -1.506039261817932129e+00 -8.641254901885986328e-01 2.123317241668701172e+00 -8.212005496025085449e-01 -6.246653199195861816e-01 -5.368448495864868164e-01 -4.530672729015350342e-01 -1.485482454299926758e-01 2.086472749710083008e+00 1.071413040161132812e+00 1.207606196403503418e+00 -2.398155033588409424e-01 -1.197737455368041992e+00 -1.709266602993011475e-01
-6.953529119491577148e-01 1.791829824447631836e+00 2.066018581390380859e+00 -1.207072854042053223e+00 2.145692348480224609e+00 -1.345479965209960938e+00 -1.624314188957214355e+00 -9.033374190330505371e-01 2.135311126708984375e+00 -8.289980888366699219e-01 -5.151997804641723633e-01 -4.794122874736785889e-01 -4.462628662586212158e-01 1.645125448703765869e-03 2.111365556716918945e+00 1.153693795204162598e+00 1.288707733154296875e+00 -2.961466312408447266e-01 -1.159338951110839844e+00 -1.478427350521087646e-01
-7.514228224754333496e-01 1.829891800880432129e+00 2.026236057281494141e+00 -1.294423818588256836e+00 2.102160453796386719e+00 -1.394933342933654785e+00 -1.712114214897155762e+00 -9.560858607292175293e-01 2.100012302398681641e+00 -7.759554386138916016e-01 -4.286551475524902344e-01 -4.837846457958221436e-01 -4.420919716358184814e-01 1.171112209558486938e-01 2.128689765930175781e+00 1.214563846588134766e+00 1.375173330307006836e+00 -3.545240759849548340e-01 -1.156058430671691895e+00 -1.165439113974571228e-01
-8.036915659904479980e-01 1.837549924850463867e+00 1.993795752525329590e+00 -1.343286395072937012e+00 2.026705265045166016e+00 -1.427704334259033203e+00 -1.776322960853576660e+00 -1.008766174316406250e+00 2.040941238403320312e+00 -6.929659247398376465e-01 -3.617539107799530029e-01 -5.248917341232299805e-01 -4.493050277233123779e-01 1.876114606857299805e-01 2.133725404739379883e+00 1.259329438209533691e+00 1.448737621307373047e+00 -3.935970962047576904e-01 -1.183282375335693359e+00 -8.972616493701934814e-02
-8.590565919876098633e-01 1.824951171875000000e+00 1.958662986755371094e+00 -1.360294699668884277e+00 1.926397562026977539e+00 -1.450604200363159180e+00 -1.820002555847167969e+00 -1.064449906349182129e+00 1.949726581573486328e+00 -5.935031175613403320e-01 -3.067988455295562744e-01 -5.865640640258789062e-01 -4.632732868194580078e-01 2.374676018953323364e-01 2.127964496612548828e+00 1.300197124481201172e+00 1.512696266174316406e+00 -4.248089790344238281e-01 -1.225306749343872070e+00 -6.607965379953384399e-02
-9.197961091995239258e-01 1.798036217689514160e+00 1.914402246475219727e+00 -1.341225743293762207e+00 1.802178263664245605e+00 -1.455578565597534180e+00 -1.840665459632873535e+00 -1.110875248908996582e+00 1.827993392944335938e+00 -4.993832409381866455e-01 -2.645612061023712158e-01 -6.539777517318725586e-01 -4.841216206550598145e-01 2.694965004920959473e-01 2.110527753829956055e+00 1.342763304710388184e+00 1.556662201881408691e+00 -4.450676739215850830e-01 -1.273860812187194824e+00 -4.879177361726760864e-02
-9.696214795112609863e-01 1.740958809852600098e+00 1.848784923553466797e+00 -1.296742916107177734e+00 1.640375852584838867e+00 -1.423480510711669922e+00 -1.822366356849670410e+00 -1.127769589424133301e+00 1.671434164047241211e+00 -4.102117419242858887e-01 -2.201983630657196045e-01 -7.186683416366577148e-01 -5.058940649032592773e-01 2.830708920955657959e-01 2.061563014984130859e+00 1.377747774124145508e+00 1.573299646377563477e+00 -4.445344209671020508e-01 -1.313173174858093262e+00 -3.505007177591323853e-02
-1.017393231391906738e+00 1.652507543563842773e+00 1.789929389953613281e+00 -1.244725108146667480e+00 1.464898705482482910e+00 -1.340129852294921875e+00 -1.777372002601623535e+00 -1.120967745780944824e+00 1.503224372863769531e+00 -3.348163068294525146e-01 -1.939367651939392090e-01 -7.832343578338623047e-01 -5.411937832832336426e-01 2.754523456096649170e-01 1.986276149749755859e+00 1.422256112098693848e+00 1.573864459991455078e+00 -4.172084331512451172e-01 -1.369420289993286133e+00 -3.971368074417114258e-02
-1.043625712394714355e+00 1.572256445884704590e+00 1.746534347534179688e+00 -1.208589792251586914e+00 1.314733147621154785e+00 -1.237905859947204590e+00 -1.705564737319946289e+00 -1.084138989448547363e+00 1.382427692413330078e+00 -3.037887513637542725e-01 -1.968618333339691162e-01 -8.113244771957397461e-01 -5.932217240333557129e-01 2.453953623771667480e-01 1.895422220230102539e+00 1.465086102485656738e+00 1.548065304756164551e+00 -3.592581152915954590e-01 -1.412629008293151855e+00 -8.143902570009231567e-02
-1.060323834419250488e+00 1.523574709892272949e+00 1.714673995971679688e+00 -1.214887619018554688e+00 1.211529850959777832e+00 -1.093845248222351074e+00 -1.614383339881896973e+00 -1.040854096412658691e+00 1.306936979293823242e+00 -3.175167739391326904e-01 -2.499151229858398438e-01 -8.311424255371093750e-01 -6.613207459449768066e-01 1.712015569210052490e-01 1.837616324424743652e+00 1.499706625938415527e+00 1.527083635330200195e+00 -2.777725160121917725e-01 -1.459515094757080078e+00 -1.505109369754791260e-01
-1.076584696769714355e+00 1.544111132621765137e+00 1.727249383926391602e+00 -1.265483975410461426e+00 1.212776064872741699e+00 -9.556481838226318359e-01 -1.560068249702453613e+00 -1.019804596900939941e+00 1.330005645751953125e+00 -3.865728676319122314e-01 -3.345862925052642822e-01 -8.554053306579589844e-01 -7.481417655944824219e-01 7.632207125425338745e-02 1.853092789649963379e+00 1.536230802536010742e+00 1.564298748970031738e+00 -2.023368328809738159e-01 -1.536856055259704590e+00 -2.433192133903503418e-01
-1.072105765342712402e+00 1.601989865303039551e+00 1.752793550491333008e+00 -1.351321697235107422e+00 1.309866905212402344e+00 -8.313632011413574219e-01 -1.555853486061096191e+00 -1.016141653060913086e+00 1.422834634780883789e+00 -4.740305542945861816e-01 -4.168368875980377197e-01 -8.845664262771606445e-01 -8.382666707038879395e-01 -1.412051171064376831e-02 1.922326683998107910e+00 1.577435493469238281e+00 1.662501335144042969e+00 -1.432808786630630493e-01 -1.620800018310546875e+00 -3.386344313621520996e-01
-1.029728174209594727e+00 1.644652962684631348e+00 1.770060062408447266e+00 -1.439871191978454590e+00 1.447248697280883789e+00 -7.196583747863769531e-01 -1.585546731948852539e+00 -1.003328323364257812e+00 1.542288541793823242e+00 -5.362027883529663086e-01 -4.829434454441070557e-01 -9.050772190093994141e-01 -9.144695997238159180e-01 -1.005015969276428223e-01 1.996143341064453125e+00 1.584946393966674805e+00 1.751863121986389160e+00 -9.492485225200653076e-02 -1.682564258575439453e+00 -3.943754136562347412e-01
-9.629082083702087402e-01 1.650066256523132324e+00 1.788228392601013184e+00 -1.489553570747375488e+00 1.599477767944335938e+00 -6.634778976440429688e-01 -1.625600457191467285e+00 -9.850043058395385742e-01 1.657362818717956543e+00 -5.690082907676696777e-01 -5.219473242759704590e-01 -9.015915393829345703e-01 -9.584261178970336914e-01 -1.499781459569931030e-01 2.039929628372192383e+00 1.558990836143493652e+00 1.795751452445983887e+00 -5.731680244207382202e-02 -1.700741291046142578e+00 -4.032547175884246826e-01
-8.978075385093688965e-01 1.610097765922546387e+00 1.799273252487182617e+00 -1.482600092887878418e+00 1.701352715492248535e+00 -6.538019180297851562e-01 -1.661682248115539551e+00 -9.613221883773803711e-01 1.715175509452819824e+00 -5.619251728057861328e-01 -5.157178640365600586e-01 -8.914657831192016602e-01 -9.711437821388244629e-01 -1.618836522102355957e-01 2.046067953109741211e+00 1.514777421951293945e+00 1.797940731048583984e+00 -4.132759571075439453e-02 -1.695875406265258789e+00 -3.632234930992126465e-01
-8.217581510543823242e-01 1.536006450653076172e+00 1.797091126441955566e+00 -1.443893313407897949e+00 1.746410727500915527e+00 -6.655579805374145508e-01 -1.663521409034729004e+00 -9.299514889717102051e-01 1.736457467079162598e+00 -5.211864113807678223e-01 -4.874839782714843750e-01 -8.949576616287231445e-01 -9.531354308128356934e-01 -1.627543121576309204e-01 2.030915498733520508e+00 1.450784325599670410e+00 1.782864332199096680e+00 -4.482934623956680298e-02 -1.669293045997619629e+00 -2.977986037731170654e-01
-7.598637342453002930e-01 1.462643265724182129e+00 1.793640494346618652e+00 -1.401069283485412598e+00 1.752709984779357910e+00 -7.012552022933959961e-01 -1.654487133026123047e+00 -9.296488761901855469e-01 1.732109665870666504e+00 -4.415448009967803955e-01 -4.534110128879547119e-01 -9.266898632049560547e-01 -9.256227016448974609e-01 -1.482798755168914795e-01 2.001707315444946289e+00 1.366792440414428711e+00 1.771204352378845215e+00 -7.338698953390121460e-02 -1.649071931838989258e+00 -2.112428247928619385e-01
-7.439312338829040527e-01 1.419994115829467773e+00 1.793941736221313477e+00 -1.376882433891296387e+00 1.699230909347534180e+00 -7.734133005142211914e-01 -1.633026838302612305e+00 -1.001403212547302246e+00 1.710616230964660645e+00 -3.306097090244293213e-01 -4.574989378452301025e-01 -1.029605150222778320e+00 -8.974407315254211426e-01 -1.481088101863861084e-01 1.983091354370117188e+00 1.253976225852966309e+00 1.797076106071472168e+00 -1.103053539991378784e-01 -1.669124364852905273e+00 -9.562809020280838013e-02
-7.387682795524597168e-01 1.327079534530639648e+00 1.773524045944213867e+00 -1.341811180114746094e+00 1.585776448249816895e+00 -8.519648313522338867e-01 -1.551045417785644531e+00 -1.103380799293518066e+00 1.643860101699829102e+00 -1.859871894121170044e-01 -4.791476726531982422e-01 -1.149635076522827148e+00 -8.353720903396606445e-01 -1.706273406744003296e-01 1.957864999771118164e+00 1.123906493186950684e+00 1.797128796577453613e+00 -1.696190834045410156e-01 -1.681096792221069336e+00 2.815950289368629456e-02
-7.584928870201110840e-01 1.207005381584167480e+00 1.749162912368774414e+00 -1.305546998977661133e+00 1.443486690521240234e+00 -9.524003267288208008e-01 -1.438544034957885742e+00 -1.249453067779541016e+00 1.538258671760559082e+00 -1.712960749864578247e-02 -5.024673938751220703e-01 -1.295021295547485352e+00 -7.403067946434020996e-01 -1.632165461778640747e-01 1.921515345573425293e+00 1.017571687698364258e+00 1.802358627319335938e+00 -2.376417368650436401e-01 -1.699441671371459961e+00 1.558243632316589355e-01
-8.119266033172607422e-01 1.058664321899414062e+00 1.720072507858276367e+00 -1.274876713752746582e+00 1.274776577949523926e+00 -1.078449487686157227e+00 -1.281362295150756836e+00 -1.450951576232910156e+00 1.419180035591125488e+00 1.594392061233520508e-01 -5.645123720169067383e-01 -1.433924555778503418e+00 -6.210346221923828125e-01 -1.236625164747238159e-01 1.842614889144897461e+00 9.479207992553710938e-01 1.786460995674133301e+00 -2.999112904071807861e-01 -1.704128026962280273e+00 2.513407170772552490e-01
-9.020575284957885742e-01 1.022174358367919922e+00 1.679746270179748535e+00 -1.307407021522521973e+00 1.145778894424438477e+00 -1.243363857269287109e+00 -1.044414639472961426e+00 -1.757934808731079102e+00 1.368438005447387695e+00 2.968852818012237549e-01 -7.235512733459472656e-01 -1.515811204910278320e+00 -5.146285891532897949e-01 -5.344931036233901978e-02 1.732413768768310547e+00 8.583104014396667480e-01 1.783242583274841309e+00 -3.804496526718139648e-01 -1.698689460754394531e+00 1.676893830299377441e-01
-9.933624863624572754e-01 1.064434647560119629e+00 1.635053157806396484e+00 -1.329814910888671875e+00 1.101107954978942871e+00 -1.371747732162475586e+00 -7.801101803779602051e-01 -2.052926301956176758e+00 1.386045455932617188e+00 3.289184272289276123e-01 -8.725222945213317871e-01 -1.558912515640258789e+00 -4.274387657642364502e-01 5.560689792037010193e-02 1.637835383415222168e+00 8.043852448463439941e-01 1.835128903388977051e+00 -4.553354680538177490e-01 -1.666582107543945312e+00 -8.198499679565429688e-03
-1.095242977142333984e+00 1.163137912750244141e+00 1.587239027023315430e+00 -1.346656680107116699e+00 1.159374833106994629e+00 -1.460667729377746582e+00 -5.962647199630737305e-01 -2.260064363479614258e+00 1.465587973594665527e+00 2.267816364765167236e-01 -1.015679597854614258e+00 -1.554667353630065918e+00 -4.042449593544006348e-01 1.538505852222442627e-01 1.635360479354858398e+00 8.178157210350036621e-01 1.911113500595092773e+00 -5.008784532546997070e-01 -1.591490745544433594e+00 -1.876528859138488770e-01
-1.138840675354003906e+00 1.238762378692626953e+00 1.507383346557617188e+00 -1.346122503280639648e+00 1.196087121963500977e+00 -1.457407712936401367e+00 -4.663320183753967285e-01 -2.331596374511718750e+00 1.491912841796875000e+00 1.221970245242118835e-01 -1.094341516494750977e+00 -1.496625900268554688e+00 -4.141293466091156006e-01 2.262578159570693970e-01 1.600132107734680176e+00 8.249940872192382812e-01 1.936538696289062500e+00 -5.225029587745666504e-01 -1.503982186317443848e+00 -3.482824563980102539e-01
-1.144607543945312500e+00 1.293175578117370605e+00 1.429422616958618164e+00 -1.346192479133605957e+00 1.231115341186523438e+00 -1.404603838920593262e+00 -4.037961661815643311e-01 -2.324324369430541992e+00 1.480183482170104980e+00 3.247569501399993896e-02 -1.112975835800170898e+00 -1.419408798217773438e+00 -4.460965991020202637e-01 2.746228873729705811e-01 1.552363038063049316e+00 8.236972689628601074e-01 1.935932517051696777e+00 -5.377937555313110352e-01 -1.429535269737243652e+00 -4.620620310306549072e-01
-1.137040734291076660e+00 1.322093009948730469e+00 1.372802138328552246e+00 -1.347412228584289551e+00 1.250918149948120117e+00 -1.327720165252685547e+00 -4.080321192741394043e-01 -2.278646230697631836e+00 1.460445046424865723e+00 -2.304972708225250244e-02 -1.115147233009338379e+00 -1.342450380325317383e+00 -4.935387969017028809e-01 3.127840161323547363e-01 1.503897905349731445e+00 8.138540387153625488e-01 1.926735758781433105e+00 -5.352351069450378418e-01 -1.390020012855529785e+00 -5.399259924888610840e-01
-1.121317028999328613e+00 1.337646961212158203e+00 1.319338917732238770e+00 -1.345632433891296387e+00 1.258200526237487793e+00 -1.230344891548156738e+00 -4.586587548255920410e-01 -2.209805965423583984e+00 1.434194684028625488e+00 -5.143289640545845032e-02 -1.099372982978820801e+00 -1.275321722030639648e+00 -5.474345088005065918e-01 3.425722122192382812e-01 1.451682567596435547e+00 7.978148460388183594e-01 1.919571518898010254e+00 -5.144538879394531250e-01 -1.372407555580139160e+00 -5.922200679779052734e-01
-1.103582859039306641e+00 1.322145819664001465e+00 1.248502731323242188e+00 -1.330081701278686523e+00 1.281123280525207520e+00 -1.117037177085876465e+00 -5.287646651268005371e-01 -2.115924835205078125e+00 1.408654332160949707e+00 -8.253253996372222900e-02 -1.078809857368469238e+00 -1.197445988655090332e+00 -5.872336030006408691e-01 3.997598290443420410e-01 1.388337850570678711e+00 7.873448729515075684e-01 1.916416049003601074e+00 -4.755646884441375732e-01 -1.344077825546264648e+00 -6.074621677398681641e-01
-1.092826724052429199e+00 1.254932403564453125e+00 1.166254758834838867e+00 -1.275459289550781250e+00 1.341515541076660156e+00 -1.012500286102294922e+00 -6.343224048614501953e-01 -1.995954275131225586e+00 1.391165018081665039e+00 -1.162853837013244629e-01 -1.036579728126525879e+00 -1.103155970573425293e+00 -5.843095779418945312e-01 5.047501921653747559e-01 1.324495434761047363e+00 7.858950495719909668e-01 1.913818955421447754e+00 -4.180572926998138428e-01 -1.279981970787048340e+00 -5.615352392196655273e-01
-1.098572015762329102e+00 1.224228262901306152e+00 1.123074173927307129e+00 -1.218014478683471680e+00 1.559362053871154785e+00 -9.769388437271118164e-01 -8.664930462837219238e-01 -1.859546661376953125e+00 1.472364425659179688e+00 -2.090739011764526367e-01 -9.334058165550231934e-01 -1.004275679588317871e+00 -5.176580548286437988e-01 6.386175751686096191e-01 1.330247521400451660e+00 8.593747615814208984e-01 1.964997768402099609e+00 -3.821455836296081543e-01 -1.185654759407043457e+00 -4.649030864238739014e-01
-1.110637784004211426e+00 1.217209219932556152e+00 1.120600342750549316e+00 -1.157206892967224121e+00 1.782827138900756836e+00 -9.894620180130004883e-01 -1.035382628440856934e+00 -1.757120847702026367e+00 1.595047473907470703e+00 -3.749786913394927979e-01 -7.976608276367187500e-01 -8.868542909622192383e-01 -3.883659839630126953e-01 7.367995381355285645e-01 1.403987884521484375e+00 9.355368018150329590e-01 1.962267875671386719e+00 -3.683290183544158936e-01 -1.068331599235534668e+00 -3.285494446754455566e-01
-1.086304426193237305e+00 1.224522829055786133e+00 1.176647543907165527e+00 -1.088410377502441406e+00 1.999240875244140625e+00 -1.082224369049072266e+00 -1.053999066352844238e+00 -1.681192994117736816e+00 1.770936250686645508e+00 -5.728015899658203125e-01 -7.200968861579895020e-01 -7.843977212905883789e-01 -2.158509939908981323e-01 7.648392319679260254e-01 1.519762158393859863e+00 9.895148873329162598e-01 1.916813731193542480e+00 -3.725909292697906494e-01 -9.171335697174072266e-01 -2.359541654586791992e-01
-1.066035628318786621e+00 1.218898296356201172e+00 1.264189362525939941e+00 -1.034019351005554199e+00 2.151386260986328125e+00 -1.165069460868835449e+00 -1.010839104652404785e+00 -1.621216893196105957e+00 1.908160924911499023e+00 -7.408546209335327148e-01 -7.203463912010192871e-01 -6.824295520782470703e-01 -7.291291654109954834e-02 7.642613649368286133e-01 1.601229906082153320e+00 1.024965167045593262e+00 1.821946620941162109e+00 -3.775578737258911133e-01 -8.009091615676879883e-01 -1.980903744697570801e-01
-1.075163125991821289e+00 1.225259661674499512e+00 1.333556771278381348e+00 -1.030562758445739746e+00 2.228263139724731445e+00 -1.223486542701721191e+00 -9.371724128723144531e-01 -1.616880297660827637e+00 1.977418661117553711e+00 -8.531268239021301270e-01 -7.563555240631103516e-01 -6.144344806671142578e-01 2.577950432896614075e-02 7.554244995117187500e-01 1.673567652702331543e+00 1.056308150291442871e+00 1.744868755340576172e+00 -3.984425067901611328e-01 -7.300614714622497559e-01 -2.087717950344085693e-01
-1.106447219848632812e+00 1.277907252311706543e+00 1.379338145256042480e+00 -1.084887862205505371e+00 2.213142871856689453e+00 -1.260759711265563965e+00 -8.618318438529968262e-01 -1.643779516220092773e+00 1.994673013687133789e+00 -9.318451285362243652e-01 -8.104086518287658691e-01 -5.621732473373413086e-01 6.686692684888839722e-02 7.330881953239440918e-01 1.729838371276855469e+00 1.069330573081970215e+00 1.685580492019653320e+00 -4.158921837806701660e-01 -7.005989551544189453e-01 -2.670471668243408203e-01
-1.153531074523925781e+00 1.361212730407714844e+00 1.398232221603393555e+00 -1.164057970046997070e+00 2.169173955917358398e+00 -1.283776760101318359e+00 -7.877502441406250000e-01 -1.687725901603698730e+00 1.988804936408996582e+00 -1.010416626930236816e+00 -8.655751943588256836e-01 -5.017143487930297852e-01 7.248859107494354248e-02 7.210503816604614258e-01 1.770358085632324219e+00 1.087777733802795410e+00 1.637009263038635254e+00 -4.385200142860412598e-01 -6.812987923622131348e-01 -3.563829958438873291e-01
-1.216343164443969727e+00 1.478653907775878906e+00 1.404615402221679688e+00 -1.282912850379943848e+00 2.100143909454345703e+00 -1.332992911338806152e+00 -6.867353916168212891e-01 -1.767196059226989746e+00 1.982820630073547363e+00 -1.095553994178771973e+00 -9.021835923194885254e-01 -4.305170774459838867e-01 4.868891835212707520e-02 7.353677749633789062e-01 1.806977391242980957e+00 1.129283308982849121e+00 1.597813487052917480e+00 -4.842390716075897217e-01 -6.696101427078247070e-01 -4.737349450588226318e-01
-1.278508543968200684e+00 1.614156484603881836e+00 1.404494166374206543e+00 -1.404970407485961914e+00 2.040542602539062500e+00 -1.376595497131347656e+00 -5.954208970069885254e-01 -1.850484609603881836e+00 1.971977353096008301e+00 -1.165418744087219238e+00 -9.306448698043823242e-01 -3.710922598838806152e-01 -3.620862960815429688e-03 7.412996292114257812e-01 1.832630634307861328e+00 1.157225012779235840e+00 1.562471866607666016e+00 -5.472846627235412598e-01 -6.715980172157287598e-01 -5.919568538665771484e-01
-1.303793311119079590e+00 1.759343862533569336e+00 1.427007555961608887e+00 -1.537357449531555176e+00 1.970986485481262207e+00 -1.392635822296142578e+00 -5.826386213302612305e-01 -1.876033306121826172e+00 1.927241802215576172e+00 -1.196012616157531738e+00 -9.304274320602416992e-01 -2.934899032115936279e-01 -8.618585765361785889e-02 7.341401576995849609e-01 1.848042488098144531e+00 1.204104065895080566e+00 1.526836037635803223e+00 -5.691067576408386230e-01 -6.905118227005004883e-01 -7.431757450103759766e-01
-1.315754175186157227e+00 1.881752014160156250e+00 1.455982804298400879e+00 -1.645671486854553223e+00 1.898506999015808105e+00 -1.382715225219726562e+00 -6.093408465385437012e-01 -1.879235863685607910e+00 1.897850394248962402e+00 -1.195710182189941406e+00 -9.418635368347167969e-01 -2.664317488670349121e-01 -1.809534877538681030e-01 7.025232315063476562e-01 1.852423667907714844e+00 1.235602140426635742e+00 1.530585289001464844e+00 -5.500141382217407227e-01 -7.489720582962036133e-01 -8.674236536026000977e-01
-1.308330178260803223e+00 1.961618542671203613e+00 1.476733088493347168e+00 -1.724476814270019531e+00 1.820650815963745117e+00 -1.351641654968261719e+00 -6.562886238098144531e-01 -1.837162137031555176e+00 1.853535652160644531e+00 -1.166064262390136719e+00 -9.298881888389587402e-01 -2.402551323175430298e-01 -2.668080925941467285e-01 6.745555996894836426e-01 1.844715595245361328e+00 1.266713142395019531e+00 1.532192826271057129e+00 -5.177527666091918945e-01 -8.048418760299682617e-01 -9.659276008605957031e-01
-1.308613777160644531e+00 2.004004478454589844e+00 1.518029928207397461e+00 -1.790660738945007324e+00 1.739461064338684082e+00 -1.310688495635986328e+00 -7.373411655426025391e-01 -1.776737093925476074e+00 1.806369781494140625e+00 -1.103954672813415527e+00 -9.116730690002441406e-01 -2.312685847282409668e-01 -3.602322936058044434e-01 6.676725149154663086e-01 1.825582504272460938e+00 1.310551404953002930e+00 1.550927639007568359e+00 -4.789128303527832031e-01 -8.932972550392150879e-01 -1.041070938110351562e+00
-1.293827176094055176e+00 2.006945848464965820e+00 1.539524793624877930e+00 -1.829526305198669434e+00 1.676745891571044922e+00 -1.262903690338134766e+00 -8.155837655067443848e-01 -1.704494237899780273e+00 1.766299247741699219e+00 -1.042012929916381836e+00 -8.776596188545227051e-01 -2.227916866540908813e-01 -4.158021211624145508e-01 6.642947793006896973e-01 1.799831628799438477e+00 1.342536330223083496e+00 1.560341596603393555e+00 -4.407918751239776611e-01 -9.535900950431823730e-01 -1.078015208244323730e+00
-1.269240856170654297e+00 1.977844953536987305e+00 1.542433977127075195e+00 -1.849260926246643066e+00 1.636295318603515625e+00 -1.213869094848632812e+00 -8.834151029586791992e-01 -1.632151246070861816e+00 1.740375041961669922e+00 -9.875188469886779785e-01 -8.328630924224853516e-01 -2.160333842039108276e-01 -4.323374927043914795e-01 6.634576320648193359e-01 1.774727702140808105e+00 1.363974332809448242e+00 1.563757061958312988e+00 -4.086578786373138428e-01 -9.850759506225585938e-01 -1.080517411231994629e+00
-1.235455155372619629e+00 1.914112687110900879e+00 1.524647831916809082e+00 -1.854412674903869629e+00 1.620476961135864258e+00 -1.162837624549865723e+00 -9.327455163002014160e-01 -1.568004488945007324e+00 1.732627987861633301e+00 -9.413987994194030762e-01 -7.797110080718994141e-01 -2.162818759679794312e-01 -4.073977172374725342e-01 6.611424684524536133e-01 1.754171252250671387e+00 1.373232245445251465e+00 1.563706398010253906e+00 -3.868380486965179443e-01 -9.881969690322875977e-01 -1.046892404556274414e+00
-1.177865505218505859e+00 1.800442576408386230e+00 1.489176630973815918e+00 -1.830928683280944824e+00 1.640291213989257812e+00 -1.114628314971923828e+00 -9.303369522094726562e-01 -1.523303627967834473e+00 1.759480118751525879e+00 -9.006838202476501465e-01 -7.304463386535644531e-01 -2.517867684364318848e-01 -3.301592469215393066e-01 6.403380632400512695e-01 1.745414614677429199e+00 1.360890030860900879e+00 1.574622035026550293e+00 -3.784672617912292480e-01 -9.611535072326660156e-01 -9.726576805114746094e-01
-1.088910341262817383e+00 1.580140948295593262e+00 1.408298611640930176e+00 -1.713480114936828613e+00 1.662248969078063965e+00 -1.068528175354003906e+00 -8.429556488990783691e-01 -1.502096652984619141e+00 1.775715708732604980e+00 -8.405877947807312012e-01 -6.961503624916076660e-01 -3.488576710224151611e-01 -1.931631118059158325e-01 5.860003232955932617e-01 1.705130219459533691e+00 1.272624135017395020e+00 1.565854787826538086e+00 -3.800257146358489990e-01 -9.016055464744567871e-01 -7.988115549087524414e-01
-9.960886836051940918e-01 1.230565667152404785e+00 1.280210971832275391e+00 -1.438758611679077148e+00 1.614959239959716797e+00 -1.014527916908264160e+00 -6.760913729667663574e-01 -1.517246842384338379e+00 1.733844399452209473e+00 -7.230942845344543457e-01 -7.477486133575439453e-01 -6.045451164245605469e-01 -5.197406932711601257e-02 4.401091337203979492e-01 1.621152877807617188e+00 1.043548107147216797e+00 1.560884475708007812e+00 -3.591339290142059326e-01 -8.805897831916809082e-01 -4.343340098857879639e-01
-9.224675893783569336e-01 9.903468489646911621e-01 1.290345072746276855e+00 -1.170914292335510254e+00 1.517411589622497559e+00 -9.984848499298095703e-01 -5.801413059234619141e-01 -1.530221462249755859e+00 1.613355875015258789e+00 -5.364144444465637207e-01 -8.937832713127136230e-01 -8.398852348327636719e-01 -7.441195845603942871e-02 2.283783555030822754e-01 1.572344779968261719e+00 8.109643459320068359e-01 1.503029227256774902e+00 -3.047683537006378174e-01 -9.516944289207458496e-01 -1.824569106101989746e-01
-9.646382927894592285e-01 8.993988633155822754e-01 1.337339997291564941e+00 -1.055188298225402832e+00 1.479101777076721191e+00 -1.028999328613281250e+00 -5.472075343132019043e-01 -1.682485222816467285e+00 1.526230931282043457e+00 -3.420827984809875488e-01 -1.089779257774353027e+00 -1.096078157424926758e+00 -1.597070991992950439e-01 8.831132203340530396e-02 1.618910908699035645e+00 6.431831717491149902e-01 1.511417031288146973e+00 -3.103249669075012207e-01 -1.072338819503784180e+00 -1.997905969619750977e-02
-1.029262065887451172e+00 9.149915575981140137e-01 1.358024120330810547e+00 -1.015345573425292969e+00 1.451226830482482910e+00 -1.072505116462707520e+00 -5.444593429565429688e-01 -1.823905825614929199e+00 1.457856059074401855e+00 -2.385178506374359131e-01 -1.232253432273864746e+00 -1.214145898818969727e+00 -2.363549321889877319e-01 3.959450870752334595e-02 1.654105067253112793e+00 5.882324576377868652e-01 1.516772866249084473e+00 -3.385202288627624512e-01 -1.149930834770202637e+00 8.583102375268936157e-03
-1.104445338249206543e+00 9.895243644714355469e-01 1.373238921165466309e+00 -1.019148111343383789e+00 1.462229967117309570e+00 -1.110600471496582031e+00 -5.738903880119323730e-01 -1.954241514205932617e+00 1.444927215576171875e+00 -1.890807747840881348e-01 -1.323065042495727539e+00 -1.281503438949584961e+00 -3.212998211383819580e-01 6.717634201049804688e-02 1.670027375221252441e+00 5.861518979072570801e-01 1.578082203865051270e+00 -3.645227253437042236e-01 -1.226051211357116699e+00 -2.575957030057907104e-02
-1.161531209945678711e+00 1.069269895553588867e+00 1.356433629989624023e+00 -1.035511255264282227e+00 1.439591646194458008e+00 -1.123520851135253906e+00 -6.000017523765563965e-01 -2.041646480560302734e+00 1.404289126396179199e+00 -1.521985530853271484e-01 -1.374593853950500488e+00 -1.284458041191101074e+00 -4.311448633670806885e-01 1.397071182727813721e-01 1.624456524848937988e+00 5.865809321403503418e-01 1.622051596641540527e+00 -3.810316026210784912e-01 -1.282976269721984863e+00 -1.071744188666343689e-01
-1.211005210876464844e+00 1.158071756362915039e+00 1.328223943710327148e+00 -1.076171278953552246e+00 1.397681355476379395e+00 -1.102140069007873535e+00 -6.500985622406005859e-01 -2.059566974639892578e+00 1.339689135551452637e+00 -1.486903280019760132e-01 -1.379157662391662598e+00 -1.228097796440124512e+00 -5.683586597442626953e-01 2.576081454753875732e-01 1.545913219451904297e+00 6.188203692436218262e-01 1.662271976470947266e+00 -3.677897751331329346e-01 -1.330934524536132812e+00 -2.100988626480102539e-01
-1.286161899566650391e+00 1.246481418609619141e+00 1.289255857467651367e+00 -1.138815999031066895e+00 1.327089071273803711e+00 -1.042824506759643555e+00 -7.029597163200378418e-01 -1.995681524276733398e+00 1.235237002372741699e+00 -1.771384477615356445e-01 -1.333062648773193359e+00 -1.103493452072143555e+00 -7.210561037063598633e-01 4.312338232994079590e-01 1.474373817443847656e+00 7.032952904701232910e-01 1.691053509712219238e+00 -3.586710393428802490e-01 -1.360522508621215820e+00 -3.377299606800079346e-01
-1.335487008094787598e+00 1.341517448425292969e+00 1.322603106498718262e+00 -1.202821731567382812e+00 1.272713541984558105e+00 -1.005084156990051270e+00 -8.231276273727416992e-01 -1.818277120590209961e+00 1.130441308021545410e+00 -2.651608288288116455e-01 -1.230360746383666992e+00 -8.602734804153442383e-01 -8.684462904930114746e-01 6.012592315673828125e-01 1.426283359527587891e+00 8.285021781921386719e-01 1.634909391403198242e+00 -3.350161015987396240e-01 -1.352718830108642578e+00 -4.767447412014007568e-01
-1.369619011878967285e+00 1.423872709274291992e+00 1.408207416534423828e+00 -1.241384625434875488e+00 1.295702457427978516e+00 -1.015292286872863770e+00 -1.024462699890136719e+00 -1.618836641311645508e+00 1.087339043617248535e+00 -3.866012394428253174e-01 -1.100285410881042480e+00 -6.135263442993164062e-01 -9.209213852882385254e-01 7.321903705596923828e-01 1.462404012680053711e+00 1.025665760040283203e+00 1.563720464706420898e+00 -2.967243492603302002e-01 -1.324102520942687988e+00 -5.621867775917053223e-01
-1.373024463653564453e+00 1.459856390953063965e+00 1.478354692459106445e+00 -1.228725194931030273e+00 1.361062169075012207e+00 -1.017423748970031738e+00 -1.210150003433227539e+00 -1.425384879112243652e+00 1.089495897293090820e+00 -5.056234002113342285e-01 -9.656030535697937012e-01 -4.335812628269195557e-01 -8.928143978118896484e-01 8.019456863403320312e-01 1.527015089988708496e+00 1.201130747795104980e+00 1.501505613327026367e+00 -2.408907711505889893e-01 -1.275430083274841309e+00 -5.677787065505981445e-01
-1.347508549690246582e+00 1.467333793640136719e+00 1.552378773689270020e+00 -1.166753411293029785e+00 1.437950134277343750e+00 -1.029823184013366699e+00 -1.352045536041259766e+00 -1.270989894866943359e+00 1.124914050102233887e+00 -5.787019133567810059e-01 -8.427224159240722656e-01 -3.422460556030273438e-01 -8.336031436920166016e-01 7.956578731536865234e-01 1.610740184783935547e+00 1.331647634506225586e+00 1.451532244682312012e+00 -1.755581349134445190e-01 -1.224025130271911621e+00 -5.340147614479064941e-01
-1.307917952537536621e+00 1.366773247718811035e+00 1.642214775085449219e+00 -1.059349656105041504e+00 1.524790167808532715e+00 -1.018301010131835938e+00 -1.439760565757751465e+00 -1.106176257133483887e+00 1.188330054283142090e+00 -6.526308059692382812e-01 -7.210218906402587891e-01 -3.079064488410949707e-01 -7.209157347679138184e-01 7.127175331115722656e-01 1.721079230308532715e+00 1.447513699531555176e+00 1.389133334159851074e+00 -9.182747453451156616e-02 -1.161790728569030762e+00 -4.193798303604125977e-01
-1.193306922912597656e+00 1.227723598480224609e+00 1.798500537872314453e+00 -9.467993378639221191e-01 1.691144227981567383e+00 -1.046581029891967773e+00 -1.467793822288513184e+00 -9.601467251777648926e-01 1.374387383460998535e+00 -7.288134098052978516e-01 -6.264613866806030273e-01 -3.641149997711181641e-01 -5.709917545318603516e-01 4.925720095634460449e-01 1.856859326362609863e+00 1.541486263275146484e+00 1.346799731254577637e+00 9.054809808731079102e-03 -1.118288516998291016e+00 -2.865377664566040039e-01
-9.734140634536743164e-01 1.070323944091796875e+00 1.913378477096557617e+00 -8.240178227424621582e-01 1.873832821846008301e+00 -1.042452216148376465e+00 -1.379903078079223633e+00 -8.775797486305236816e-01 1.576182723045349121e+00 -7.128702998161315918e-01 -5.730487108230590820e-01 -5.530544519424438477e-01 -4.002615213394165039e-01 1.009247899055480957e-01 1.988539338111877441e+00 1.506447553634643555e+00 1.289245724678039551e+00 5.652997270226478577e-02 -1.109154105186462402e+00 -1.543126404285430908e-01
-8.058480620384216309e-01 9.621970057487487793e-01 1.970223903656005859e+00 -7.829146385192871094e-01 1.974606394767761230e+00 -1.034445166587829590e+00 -1.284200549125671387e+00 -9.205110669136047363e-01 1.684891581535339355e+00 -5.845392942428588867e-01 -6.383667588233947754e-01 -8.067448139190673828e-01 -3.515708446502685547e-01 -2.275594919919967651e-01 2.079936981201171875e+00 1.393345117568969727e+00 1.314882397651672363e+00 4.378395155072212219e-02 -1.204430580139160156e+00 -7.597666233777999878e-02
-7.013611197471618652e-01 9.612311124801635742e-01 2.051172971725463867e+00 -8.448202610015869141e-01 2.044205665588378906e+00 -1.065189719200134277e+00 -1.191827178001403809e+00 -1.030944585800170898e+00 1.806298494338989258e+00 -4.821312725543975830e-01 -7.404269576072692871e-01 -1.057421326637268066e+00 -3.404923379421234131e-01 -4.464657306671142578e-01 2.168180227279663086e+00 1.290913939476013184e+00 1.427362203598022461e+00 1.767433807253837585e-02 -1.332718968391418457e+00 -3.722907602787017822e-02
-6.465476155281066895e-01 1.005156159400939941e+00 2.151914596557617188e+00 -9.199944138526916504e-01 2.097042798995971680e+00 -1.117466211318969727e+00 -1.117014169692993164e+00 -1.161952257156372070e+00 1.926514148712158203e+00 -4.038379490375518799e-01 -8.545029163360595703e-01 -1.271466374397277832e+00 -3.592792153358459473e-01 -5.872809886932373047e-01 2.276583433151245117e+00 1.237895488739013672e+00 1.568334579467773438e+00 -1.047889888286590576e-02 -1.465406179428100586e+00 -4.191163927316665649e-02
-6.331314444541931152e-01 1.049621820449829102e+00 2.256370544433593750e+00 -9.943244457244873047e-01 2.122964143753051758e+00 -1.134789228439331055e+00 -1.073052763938903809e+00 -1.251720190048217773e+00 2.005462169647216797e+00 -3.476214408874511719e-01 -9.657698273658752441e-01 -1.432825088500976562e+00 -4.279461503028869629e-01 -6.774184107780456543e-01 2.356680631637573242e+00 1.223617792129516602e+00 1.690634489059448242e+00 -7.540803402662277222e-03 -1.606723546981811523e+00 -6.742320209741592407e-02
-6.296950578689575195e-01 1.099578022956848145e+00 2.346758365631103516e+00 -1.052018761634826660e+00 2.111190557479858398e+00 -1.142471671104431152e+00 -1.061814665794372559e+00 -1.301084041595458984e+00 2.044737815856933594e+00 -2.967303395271301270e-01 -1.035539388656616211e+00 -1.534076929092407227e+00 -5.157215595245361328e-01 -7.344586849212646484e-01 2.406149387359619141e+00 1.224667787551879883e+00 1.774023890495300293e+00 1.918546855449676514e-03 -1.726373910903930664e+00 -1.090831831097602844e-01
-6.267941594123840332e-01 1.141146421432495117e+00 2.412984132766723633e+00 -1.086705923080444336e+00 2.074822187423706055e+00 -1.134592890739440918e+00 -1.059510111808776855e+00 -1.303855299949645996e+00 2.040999174118041992e+00 -2.626643776893615723e-01 -1.069150209426879883e+00 -1.568977475166320801e+00 -6.058498024940490723e-01 -7.572568655014038086e-01 2.416101455688476562e+00 1.233976483345031738e+00 1.809802889823913574e+00 1.747893914580345154e-02 -1.808432340621948242e+00 -1.675006151199340820e-01
-6.349431872367858887e-01 1.185298919677734375e+00 2.467781305313110352e+00 -1.114450573921203613e+00 2.037990093231201172e+00 -1.127917885780334473e+00 -1.066179871559143066e+00 -1.279784321784973145e+00 2.016076087951660156e+00 -2.548613548278808594e-01 -1.072212815284729004e+00 -1.547095298767089844e+00 -6.848341226577758789e-01 -7.396667599678039551e-01 2.411431789398193359e+00 1.258240699768066406e+00 1.812441110610961914e+00 3.268538042902946472e-02 -1.853900909423828125e+00 -2.390276789665222168e-01
-6.457340717315673828e-01 1.233029961585998535e+00 2.493269920349121094e+00 -1.135931015014648438e+00 1.981874942779541016e+00 -1.136227250099182129e+00 -1.087206482887268066e+00 -1.230747342109680176e+00 1.965872764587402344e+00 -2.501230835914611816e-01 -1.041999697685241699e+00 -1.482727885246276855e+00 -7.538974881172180176e-01 -6.842362284660339355e-01 2.384733438491821289e+00 1.287054896354675293e+00 1.792860507965087891e+00 3.283977136015892029e-02 -1.864824771881103516e+00 -3.128351569175720215e-01
-6.570956110954284668e-01 1.287815690040588379e+00 2.497555017471313477e+00 -1.133409500122070312e+00 1.934852838516235352e+00 -1.158917069435119629e+00 -1.130318522453308105e+00 -1.163872838020324707e+00 1.913147687911987305e+00 -2.649271786212921143e-01 -9.790396690368652344e-01 -1.381348609924316406e+00 -7.992793917655944824e-01 -6.096932291984558105e-01 2.347265720367431641e+00 1.321531057357788086e+00 1.747916221618652344e+00 2.485957369208335876e-02 -1.836388349533081055e+00 -3.789345622062683105e-01
-6.530628800392150879e-01 1.323845267295837402e+00 2.485448122024536133e+00 -1.088313102722167969e+00 1.915179133415222168e+00 -1.193395137786865234e+00 -1.171420097351074219e+00 -1.074763178825378418e+00 1.860382199287414551e+00 -3.134883344173431396e-01 -8.913397192955017090e-01 -1.235121250152587891e+00 -8.020879626274108887e-01 -5.274271965026855469e-01 2.291524410247802734e+00 1.358312845230102539e+00 1.662571787834167480e+00 1.514724642038345337e-02 -1.759222984313964844e+00 -4.340296983718872070e-01
-6.436851620674133301e-01 1.352670669555664062e+00 2.452097654342651367e+00 -9.940770864486694336e-01 1.920344471931457520e+00 -1.245106935501098633e+00 -1.205159068107604980e+00 -9.688361287117004395e-01 1.818689584732055664e+00 -4.040792882442474365e-01 -8.034725785255432129e-01 -1.061215639114379883e+00 -7.667948603630065918e-01 -4.395311474800109863e-01 2.210004091262817383e+00 1.372960448265075684e+00 1.542371749877929688e+00 1.702364906668663025e-02 -1.634502768516540527e+00 -4.595707058906555176e-01
-6.618598699569702148e-01 1.358687996864318848e+00 2.379988908767700195e+00 -8.427615165710449219e-01 1.969102144241333008e+00 -1.317566037178039551e+00 -1.209207653999328613e+00 -8.738055825233459473e-01 1.802929759025573730e+00 -5.678462982177734375e-01 -7.591363787651062012e-01 -8.636507987976074219e-01 -6.638467311859130859e-01 -3.214079141616821289e-01 2.108801126480102539e+00 1.363546133041381836e+00 1.387230157852172852e+00 4.046502336859703064e-02 -1.438816666603088379e+00 -4.226653873920440674e-01
-7.304565310478210449e-01 1.397622227668762207e+00 2.302304744720458984e+00 -6.555392146110534668e-01 2.101220130920410156e+00 -1.439868569374084473e+00 -1.182926416397094727e+00 -8.441866636276245117e-01 1.862653255462646484e+00 -8.247588276863098145e-01 -7.720084190368652344e-01 -6.259585618972778320e-01 -4.667159318923950195e-01 -1.147145777940750122e-01 2.043080329895019531e+00 1.351107954978942871e+00 1.217706322669982910e+00 -4.785370081663131714e-03 -1.175765872001647949e+00 -4.012507498264312744e-01
-8.082647323608398438e-01 1.439268231391906738e+00 2.153381109237670898e+00 -5.712525844573974609e-01 2.176590681076049805e+00 -1.471031546592712402e+00 -1.110813975334167480e+00 -9.235798120498657227e-01 1.929555535316467285e+00 -1.013025403022766113e+00 -8.000842928886413574e-01 -4.829082489013671875e-01 -2.797266840934753418e-01 1.039307564496994019e-02 1.991075158119201660e+00 1.300386190414428711e+00 1.086216092109680176e+00 -1.016481518745422363e-01 -9.736912250518798828e-01 -4.160612523555755615e-01
-8.574358224868774414e-01 1.450460672378540039e+00 1.951989173889160156e+00 -5.543176531791687012e-01 2.141421794891357422e+00 -1.449040293693542480e+00 -9.845489263534545898e-01 -1.033231258392333984e+00 1.923325657844543457e+00 -1.092570543289184570e+00 -8.317420482635498047e-01 -4.139844179153442383e-01 -1.377574056386947632e-01 1.038267314434051514e-01 1.898598074913024902e+00 1.173281669616699219e+00 9.933248758316040039e-01 -2.107764780521392822e-01 -8.168068528175354004e-01 -4.071101248264312744e-01
-9.380331039428710938e-01 1.486522912979125977e+00 1.824297189712524414e+00 -6.225131154060363770e-01 2.075073719024658203e+00 -1.424751758575439453e+00 -8.643967509269714355e-01 -1.170821785926818848e+00 1.909091591835021973e+00 -1.110708236694335938e+00 -8.718788623809814453e-01 -4.125428199768066406e-01 -9.674380719661712646e-02 1.684528291225433350e-01 1.857341408729553223e+00 1.085938453674316406e+00 9.934461712837219238e-01 -3.129282295703887939e-01 -7.720842361450195312e-01 -4.129501581192016602e-01
-9.766986966133117676e-01 1.508211970329284668e+00 1.722134947776794434e+00 -6.990441083908081055e-01 1.977603077888488770e+00 -1.389126181602478027e+00 -7.617423534393310547e-01 -1.289358496665954590e+00 1.874403595924377441e+00 -1.065920710563659668e+00 -8.981023430824279785e-01 -4.714908897876739502e-01 -9.627522528171539307e-02 1.608328670263290405e-01 1.822965145111083984e+00 1.004112958908081055e+00 1.025183200836181641e+00 -3.865422606468200684e-01 -7.837253212928771973e-01 -4.138042628765106201e-01
-9.899265170097351074e-01 1.531077861785888672e+00 1.651650071144104004e+00 -7.635886073112487793e-01 1.863688945770263672e+00 -1.365660548210144043e+00 -6.841201782226562500e-01 -1.387132048606872559e+00 1.838043689727783203e+00 -9.933199286460876465e-01 -9.272716045379638672e-01 -5.669385194778442383e-01 -1.143375486135482788e-01 1.128070876002311707e-01 1.793394446372985840e+00 9.164779186248779297e-01 1.068060874938964844e+00 -4.348389506340026855e-01 -8.324617743492126465e-01 -3.951380252838134766e-01
-9.813061952590942383e-01 1.561738848686218262e+00 1.606770277023315430e+00 -8.127931356430053711e-01 1.736758589744567871e+00 -1.346675395965576172e+00 -6.333990693092346191e-01 -1.451082229614257812e+00 1.792130589485168457e+00 -9.108885526657104492e-01 -9.407922029495239258e-01 -6.552979946136474609e-01 -1.486002951860427856e-01 3.770002722740173340e-02 1.764867782592773438e+00 8.362077474594116211e-01 1.089090943336486816e+00 -4.705085158348083496e-01 -8.919695615768432617e-01 -3.785726428031921387e-01
-9.567829966545104980e-01 1.582811594009399414e+00 1.588148832321166992e+00 -8.423038125038146973e-01 1.615672826766967773e+00 -1.326058149337768555e+00 -6.266139149665832520e-01 -1.470372796058654785e+00 1.734631180763244629e+00 -8.219727873802185059e-01 -9.258133769035339355e-01 -7.302857637405395508e-01 -1.818934679031372070e-01 -4.983839392662048340e-02 1.743999719619750977e+00 7.812120318412780762e-01 1.088543534278869629e+00 -4.817301034927368164e-01 -9.537864923477172852e-01 -3.499509692192077637e-01
