-6.500945091247558594e-01 1.103512883186340332e+00 1.496322154998779297e+00 -8.057295680046081543e-01 1.769052863121032715e+00 -1.055524230003356934e+00 -7.291805744171142578e-01 -1.137670397758483887e+00 1.684343218803405762e+00 -6.243764162063598633e-01 -9.472206830978393555e-01 -7.328944206237792969e-01 -1.175308525562286377e-01 8.683723211288452148e-02 1.613922595977783203e+00 7.326115965843200684e-01 1.264165997505187988e+00 -1.927198469638824463e-01 -8.416486978530883789e-01 -1.830881536006927490e-01
-5.554053783416748047e-01 1.046994447708129883e+00 1.477244496345520020e+00 -9.919836521148681641e-01 1.742796182632446289e+00 -1.116179823875427246e+00 -4.796260297298431396e-01 -1.298211574554443359e+00 1.779270648956298828e+00 -5.261763334274291992e-01 -1.014043569564819336e+00 -8.436152935028076172e-01 -1.049440205097198486e-01 7.181117683649063110e-02 1.607900619506835938e+00 6.735560297966003418e-01 1.407925486564636230e+00 -2.208363711833953857e-01 -8.722506761550903320e-01 -2.851010859012603760e-01
-5.217005610466003418e-01 9.930131435394287109e-01 1.505630016326904297e+00 -1.077850341796875000e+00 1.756343007087707520e+00 -1.157909274101257324e+00 -3.461016714572906494e-01 -1.413795948028564453e+00 1.845989346504211426e+00 -4.590775966644287109e-01 -1.074177742004394531e+00 -9.466116428375244141e-01 -9.482845664024353027e-02 5.504796281456947327e-02 1.630846142768859863e+00 6.761833429336547852e-01 1.511127233505249023e+00 -2.189335525035858154e-01 -9.182859659194946289e-01 -3.475435376167297363e-01
-5.099939703941345215e-01 9.423637390136718750e-01 1.529587268829345703e+00 -1.116630196571350098e+00 1.763228893280029297e+00 -1.181900262832641602e+00 -2.398742884397506714e-01 -1.507718563079833984e+00 1.890368223190307617e+00 -4.080972373485565186e-01 -1.138266205787658691e+00 -1.052739858627319336e+00 -8.711865544319152832e-02 2.375977858901023865e-02 1.659306168556213379e+00 6.816476583480834961e-01 1.593153476715087891e+00 -2.089420258998870850e-01 -9.586213231086730957e-01 -3.845859467983245850e-01
-5.310852527618408203e-01 9.164268374443054199e-01 1.550136923789978027e+00 -1.139429092407226562e+00 1.767252802848815918e+00 -1.212699890136718750e+00 -1.805620044469833374e-01 -1.614333152770996094e+00 1.936021924018859863e+00 -3.644894659519195557e-01 -1.198576450347900391e+00 -1.164566159248352051e+00 -7.398750633001327515e-02 -1.139014959335327148e-03 1.708433628082275391e+00 7.159012556076049805e-01 1.683699011802673340e+00 -2.051706910133361816e-01 -1.001403570175170898e+00 -4.082648754119873047e-01
-5.838804244995117188e-01 8.985346555709838867e-01 1.561854362487792969e+00 -1.142609000205993652e+00 1.777773618698120117e+00 -1.235735893249511719e+00 -1.405629515647888184e-01 -1.726579070091247559e+00 1.969264507293701172e+00 -3.333343863487243652e-01 -1.268221497535705566e+00 -1.280773639678955078e+00 -6.733732670545578003e-02 -2.043515443801879883e-02 1.762584090232849121e+00 7.611960172653198242e-01 1.773626208305358887e+00 -2.085243761539459229e-01 -1.043802022933959961e+00 -4.220911562442779541e-01
-6.716077923774719238e-01 8.963879346847534180e-01 1.565728783607482910e+00 -1.126854419708251953e+00 1.797445535659790039e+00 -1.234216451644897461e+00 -1.414477825164794922e-01 -1.836781382560729980e+00 1.977806687355041504e+00 -3.196774721145629883e-01 -1.336263537406921387e+00 -1.385860085487365723e+00 -8.455844223499298096e-02 -4.249640554189682007e-02 1.830194354057312012e+00 8.199701309204101562e-01 1.853703856468200684e+00 -2.148871421813964844e-01 -1.085805773735046387e+00 -4.231028854846954346e-01
-7.761240601539611816e-01 8.804123401641845703e-01 1.498677015304565430e+00 -1.078182101249694824e+00 1.767564535140991211e+00 -1.172711849212646484e+00 -1.739770770072937012e-01 -1.890943646430969238e+00 1.916086554527282715e+00 -3.172878026962280273e-01 -1.359611868858337402e+00 -1.434857726097106934e+00 -1.119775623083114624e-01 -2.826251834630966187e-02 1.836118221282958984e+00 8.694743514060974121e-01 1.888094782829284668e+00 -2.219204604625701904e-01 -1.092481732368469238e+00 -3.949888944625854492e-01
-9.054689407348632812e-01 8.632505536079406738e-01 1.410102128982543945e+00 -1.030714511871337891e+00 1.764021277427673340e+00 -1.080893874168395996e+00 -2.906520366668701172e-01 -1.882183313369750977e+00 1.827481269836425781e+00 -3.348831236362457275e-01 -1.313146591186523438e+00 -1.408733844757080078e+00 -1.370413005352020264e-01 5.873899534344673157e-02 1.818577885627746582e+00 9.541167020797729492e-01 1.908399105072021484e+00 -2.076004147529602051e-01 -1.071267247200012207e+00 -3.533933758735656738e-01
-1.024467110633850098e+00 8.443965911865234375e-01 1.307105898857116699e+00 -1.014441490173339844e+00 1.763368844985961914e+00 -9.823157787322998047e-01 -4.164695441722869873e-01 -1.856274843215942383e+00 1.718783855438232422e+00 -3.600367903709411621e-01 -1.248427629470825195e+00 -1.325660824775695801e+00 -1.807153224945068359e-01 1.947036385536193848e-01 1.759246706962585449e+00 1.016389846801757812e+00 1.914165377616882324e+00 -1.864950358867645264e-01 -1.033607006072998047e+00 -3.196773827075958252e-01
-1.133366942405700684e+00 8.076562285423278809e-01 1.225989103317260742e+00 -1.061919450759887695e+00 1.774482250213623047e+00 -8.909066319465637207e-01 -5.377640128135681152e-01 -1.848191022872924805e+00 1.622945666313171387e+00 -3.722693026065826416e-01 -1.181739211082458496e+00 -1.245752334594726562e+00 -2.233309149742126465e-01 3.662185668945312500e-01 1.698696374893188477e+00 1.062148332595825195e+00 1.954653739929199219e+00 -1.625674366950988770e-01 -1.015074729919433594e+00 -2.758089303970336914e-01
-1.230048775672912598e+00 7.848846912384033203e-01 1.171843409538269043e+00 -1.195750355720520020e+00 1.799647092819213867e+00 -8.299275636672973633e-01 -6.404681801795959473e-01 -1.880135536193847656e+00 1.563976883888244629e+00 -3.767183721065521240e-01 -1.129908323287963867e+00 -1.177875280380249023e+00 -2.724376022815704346e-01 5.616907477378845215e-01 1.654497385025024414e+00 1.093353033065795898e+00 2.046669244766235352e+00 -1.505679041147232056e-01 -1.031888842582702637e+00 -2.401862144470214844e-01
-1.249031424522399902e+00 8.305913805961608887e-01 1.186022758483886719e+00 -1.405977725982666016e+00 1.864599227905273438e+00 -8.396692276000976562e-01 -7.000814080238342285e-01 -1.930462837219238281e+00 1.594464898109436035e+00 -3.918406069278717041e-01 -1.098543882369995117e+00 -1.129688858985900879e+00 -3.079342544078826904e-01 6.875746250152587891e-01 1.657370090484619141e+00 1.114203453063964844e+00 2.159946203231811523e+00 -1.662615984678268433e-01 -1.097027063369750977e+00 -2.473002076148986816e-01
-1.167561292648315430e+00 9.276024103164672852e-01 1.213670134544372559e+00 -1.597922325134277344e+00 1.832494974136352539e+00 -8.993942737579345703e-01 -7.034940123558044434e-01 -1.938578367233276367e+00 1.619928956031799316e+00 -3.815731704235076904e-01 -1.006711840629577637e+00 -1.057559251785278320e+00 -3.052096664905548096e-01 7.252457737922668457e-01 1.635613441467285156e+00 1.078255295753479004e+00 2.181242942810058594e+00 -2.176041007041931152e-01 -1.142905354499816895e+00 -2.890177667140960693e-01
-1.017171978950500488e+00 1.054884433746337891e+00 1.275179862976074219e+00 -1.687083721160888672e+00 1.810423374176025391e+00 -1.020672440528869629e+00 -6.869307756423950195e-01 -1.911020994186401367e+00 1.677359223365783691e+00 -3.659851551055908203e-01 -9.078677892684936523e-01 -9.633210897445678711e-01 -2.866863906383514404e-01 6.605474352836608887e-01 1.625689744949340820e+00 1.018963217735290527e+00 2.091860771179199219e+00 -2.914272248744964600e-01 -1.147814869880676270e+00 -3.626515567302703857e-01
-9.093531370162963867e-01 1.143768787384033203e+00 1.320881485939025879e+00 -1.708685278892517090e+00 1.790794610977172852e+00 -1.123484849929809570e+00 -6.804926991462707520e-01 -1.887645483016967773e+00 1.731004357337951660e+00 -3.495054244995117188e-01 -8.356436491012573242e-01 -9.218161106109619141e-01 -2.874329090118408203e-01 5.828986167907714844e-01 1.627453804016113281e+00 9.672952294349670410e-01 2.018130779266357422e+00 -3.622017800807952881e-01 -1.158513784408569336e+00 -3.888117671012878418e-01
-8.306635022163391113e-01 1.199237108230590820e+00 1.335945367813110352e+00 -1.714021444320678711e+00 1.760725378990173340e+00 -1.207795858383178711e+00 -6.595716476440429688e-01 -1.883525490760803223e+00 1.769658446311950684e+00 -3.211196660995483398e-01 -7.833800315856933594e-01 -9.057723283767700195e-01 -2.752788066864013672e-01 5.321564078330993652e-01 1.618901371955871582e+00 9.183344841003417969e-01 1.968380331993103027e+00 -4.234728813171386719e-01 -1.154604315757751465e+00 -3.992735743522644043e-01
-7.716948986053466797e-01 1.245395660400390625e+00 1.332884669303894043e+00 -1.717786550521850586e+00 1.735233902931213379e+00 -1.286625504493713379e+00 -6.371011137962341309e-01 -1.897799730300903320e+00 1.809156894683837891e+00 -2.897259294986724854e-01 -7.375066280364990234e-01 -9.041737318038940430e-01 -2.516484260559082031e-01 5.065701603889465332e-01 1.607715249061584473e+00 8.761638402938842773e-01 1.944852709770202637e+00 -4.830337464809417725e-01 -1.141484975814819336e+00 -4.022567868232727051e-01
-7.289440631866455078e-01 1.291049718856811523e+00 1.326757907867431641e+00 -1.721298456192016602e+00 1.725123882293701172e+00 -1.365294933319091797e+00 -6.333751082420349121e-01 -1.917596220970153809e+00 1.861955761909484863e+00 -2.607302665710449219e-01 -6.879589557647705078e-01 -9.110413789749145508e-01 -2.159970402717590332e-01 5.042195916175842285e-01 1.603792786598205566e+00 8.463166952133178711e-01 1.947051048278808594e+00 -5.377069115638732910e-01 -1.125841379165649414e+00 -3.958480954170227051e-01
-7.065725326538085938e-01 1.388778090476989746e+00 1.323082089424133301e+00 -1.742156147956848145e+00 1.741531610488891602e+00 -1.450213670730590820e+00 -6.588440537452697754e-01 -1.956172823905944824e+00 1.940429329872131348e+00 -2.524832487106323242e-01 -6.437295675277709961e-01 -9.169055223464965820e-01 -1.820272654294967651e-01 5.124406218528747559e-01 1.621131300926208496e+00 8.290557265281677246e-01 1.970887064933776855e+00 -6.064673662185668945e-01 -1.118481516838073730e+00 -3.949037790298461914e-01
-6.668386459350585938e-01 1.522254467010498047e+00 1.329817771911621094e+00 -1.749662160873413086e+00 1.780147433280944824e+00 -1.542505860328674316e+00 -7.084112763404846191e-01 -1.987323284149169922e+00 2.044251441955566406e+00 -2.478914558887481689e-01 -5.876395702362060547e-01 -9.372483491897583008e-01 -1.414062082767486572e-01 4.847450256347656250e-01 1.662989974021911621e+00 8.141494989395141602e-01 1.998236298561096191e+00 -6.869856715202331543e-01 -1.111778020858764648e+00 -3.880078792572021484e-01
-6.119829416275024414e-01 1.616611838340759277e+00 1.320091247558593750e+00 -1.682867169380187988e+00 1.813855409622192383e+00 -1.587208271026611328e+00 -7.660182118415832520e-01 -1.951179862022399902e+00 2.113111495971679688e+00 -2.495709955692291260e-01 -5.244476199150085449e-01 -9.545902013778686523e-01 -8.933855593204498291e-02 4.217008352279663086e-01 1.691255569458007812e+00 7.876762747764587402e-01 1.975617170333862305e+00 -7.371661067008972168e-01 -1.071849465370178223e+00 -3.542881608009338379e-01
-5.721355080604553223e-01 1.675987720489501953e+00 1.337321281433105469e+00 -1.470368981361389160e+00 1.848105192184448242e+00 -1.578886270523071289e+00 -8.842951655387878418e-01 -1.831026673316955566e+00 2.131303548812866211e+00 -2.729188501834869385e-01 -4.787752032279968262e-01 -9.598855972290039062e-01 -1.959288120269775391e-02 2.749816179275512695e-01 1.729989647865295410e+00 8.173909783363342285e-01 1.845926761627197266e+00 -7.368040680885314941e-01 -1.030002355575561523e+00 -3.230821788311004639e-01
-5.345955491065979004e-01 1.617782354354858398e+00 1.328075885772705078e+00 -1.160957217216491699e+00 1.820114731788635254e+00 -1.468704104423522949e+00 -9.912695288658142090e-01 -1.607743144035339355e+00 2.040282011032104492e+00 -2.921735644340515137e-01 -4.482798576354980469e-01 -9.456586837768554688e-01 3.113239444792270660e-02 8.846077322959899902e-02 1.730870008468627930e+00 8.423322439193725586e-01 1.626882195472717285e+00 -6.727560162544250488e-01 -9.709871411323547363e-01 -2.567733526229858398e-01
-5.321095585823059082e-01 1.492929816246032715e+00 1.373490810394287109e+00 -8.542317748069763184e-01 1.759901285171508789e+00 -1.354534268379211426e+00 -1.088407158851623535e+00 -1.364263296127319336e+00 1.860367655754089355e+00 -3.048129081726074219e-01 -4.281577169895172119e-01 -9.014794826507568359e-01 4.063672572374343872e-02 -5.643840134143829346e-02 1.716143846511840820e+00 9.146343469619750977e-01 1.381881475448608398e+00 -5.605851411819458008e-01 -9.531241655349731445e-01 -2.053688466548919678e-01
-6.340841650962829590e-01 1.396055936813354492e+00 1.571628808975219727e+00 -7.312866449356079102e-01 1.718193531036376953e+00 -1.262157201766967773e+00 -1.173720836639404297e+00 -1.174404144287109375e+00 1.721610069274902344e+00 -3.526566624641418457e-01 -4.981834292411804199e-01 -8.477830886840820312e-01 -7.558628171682357788e-02 -1.476181894540786743e-01 1.778653740882873535e+00 1.062118530273437500e+00 1.241715192794799805e+00 -3.956019282341003418e-01 -1.056864023208618164e+00 -2.277947664260864258e-01
-7.462680935859680176e-01 1.284743905067443848e+00 1.874451279640197754e+00 -7.139915227890014648e-01 1.729945182800292969e+00 -1.186044454574584961e+00 -1.203469753265380859e+00 -1.039565920829772949e+00 1.645477771759033203e+00 -4.043311774730682373e-01 -6.481664180755615234e-01 -8.464487791061401367e-01 -2.805075645446777344e-01 -2.475464791059494019e-01 1.916998744010925293e+00 1.225731611251831055e+00 1.218780517578125000e+00 -1.899877786636352539e-01 -1.242076754570007324e+00 -2.845941185951232910e-01
-8.378010392189025879e-01 1.119321703910827637e+00 2.191699028015136719e+00 -7.374364137649536133e-01 1.741229534149169922e+00 -1.105040073394775391e+00 -1.173605203628540039e+00 -9.387537837028503418e-01 1.592775702476501465e+00 -4.373912513256072998e-01 -8.296722173690795898e-01 -8.693394660949707031e-01 -5.087406635284423828e-01 -3.113419413566589355e-01 2.048841238021850586e+00 1.380007386207580566e+00 1.256101608276367188e+00 1.452468708157539368e-02 -1.449195742607116699e+00 -3.767117559909820557e-01
-9.058056473731994629e-01 1.002036929130554199e+00 2.424579143524169922e+00 -8.023004531860351562e-01 1.761827230453491211e+00 -1.036552309989929199e+00 -1.126405835151672363e+00 -9.035251736640930176e-01 1.580143213272094727e+00 -4.518311619758605957e-01 -9.745067358016967773e-01 -9.169050455093383789e-01 -6.845685243606567383e-01 -3.465517163276672363e-01 2.158241033554077148e+00 1.477334260940551758e+00 1.325483679771423340e+00 1.463821828365325928e-01 -1.617181301116943359e+00 -4.569081664085388184e-01
-9.440162181854248047e-01 9.794433116912841797e-01 2.567153692245483398e+00 -8.930616974830627441e-01 1.797932267189025879e+00 -1.048489928245544434e+00 -1.105303049087524414e+00 -9.723471403121948242e-01 1.604956030845642090e+00 -4.216119050979614258e-01 -1.070970535278320312e+00 -9.855692386627197266e-01 -7.868277430534362793e-01 -3.647378087043762207e-01 2.255348205566406250e+00 1.514628171920776367e+00 1.414301276206970215e+00 1.691856682300567627e-01 -1.746053695678710938e+00 -5.085352063179016113e-01
-9.760555028915405273e-01 9.592347145080566406e-01 2.638380765914916992e+00 -9.700547456741333008e-01 1.797409057617187500e+00 -1.053592801094055176e+00 -1.079515933990478516e+00 -1.040776848793029785e+00 1.608412623405456543e+00 -3.856276571750640869e-01 -1.129183173179626465e+00 -1.054352879524230957e+00 -8.526731729507446289e-01 -3.631096482276916504e-01 2.308718442916870117e+00 1.518579363822937012e+00 1.492938041687011719e+00 1.755998134613037109e-01 -1.837072610855102539e+00 -5.201656818389892578e-01
-1.005251884460449219e+00 9.445841908454895020e-01 2.665098190307617188e+00 -1.023158192634582520e+00 1.783801674842834473e+00 -1.048746705055236816e+00 -1.063789248466491699e+00 -1.093805074691772461e+00 1.598464846611022949e+00 -3.570118844509124756e-01 -1.156535625457763672e+00 -1.113316416740417480e+00 -8.994660973548889160e-01 -3.540566563606262207e-01 2.336144924163818359e+00 1.510964393615722656e+00 1.554406404495239258e+00 1.734267175197601318e-01 -1.899130344390869141e+00 -5.069783329963684082e-01
-1.032104253768920898e+00 9.371647834777832031e-01 2.659748792648315430e+00 -1.043709874153137207e+00 1.765408754348754883e+00 -1.033176660537719727e+00 -1.072247982025146484e+00 -1.122783780097961426e+00 1.579392790794372559e+00 -3.398610055446624756e-01 -1.158541560173034668e+00 -1.161271810531616211e+00 -9.426631331443786621e-01 -3.482041954994201660e-01 2.343288421630859375e+00 1.498670101165771484e+00 1.597735285758972168e+00 1.688555181026458740e-01 -1.941436290740966797e+00 -4.701894521713256836e-01
-1.063660264015197754e+00 9.453431367874145508e-01 2.630767822265625000e+00 -1.032833337783813477e+00 1.751225590705871582e+00 -1.005194783210754395e+00 -1.115718483924865723e+00 -1.127116680145263672e+00 1.550873994827270508e+00 -3.413851857185363770e-01 -1.140118002891540527e+00 -1.192102193832397461e+00 -9.844660758972167969e-01 -3.456453084945678711e-01 2.338655471801757812e+00 1.488519906997680664e+00 1.621123671531677246e+00 1.634770035743713379e-01 -1.967765927314758301e+00 -4.158509671688079834e-01
-1.104433298110961914e+00 9.822050929069519043e-01 2.569218873977661133e+00 -9.836161732673645020e-01 1.747750043869018555e+00 -9.622053503990173340e-01 -1.213928699493408203e+00 -1.102653384208679199e+00 1.509426355361938477e+00 -3.716990053653717041e-01 -1.096731781959533691e+00 -1.193320274353027344e+00 -1.026405334472656250e+00 -3.423433899879455566e-01 2.320267438888549805e+00 1.480616450309753418e+00 1.617567181587219238e+00 1.555527150630950928e-01 -1.971087217330932617e+00 -3.404699563980102539e-01
-1.140483856201171875e+00 1.059062242507934570e+00 2.439085721969604492e+00 -8.650082945823669434e-01 1.733389496803283691e+00 -9.102429151535034180e-01 -1.401851058006286621e+00 -1.038383483886718750e+00 1.458388090133666992e+00 -4.255676269531250000e-01 -9.829779863357543945e-01 -1.160419583320617676e+00 -1.052376747131347656e+00 -3.410898447036743164e-01 2.262160301208496094e+00 1.454456806182861328e+00 1.573290586471557617e+00 1.427001655101776123e-01 -1.924471139907836914e+00 -2.035190761089324951e-01
-1.174950480461120605e+00 1.197317838668823242e+00 2.228910207748413086e+00 -7.556581497192382812e-01 1.711295962333679199e+00 -8.925404548645019531e-01 -1.584755778312683105e+00 -1.009009361267089844e+00 1.450928926467895508e+00 -5.261120200157165527e-01 -8.256515264511108398e-01 -1.103152155876159668e+00 -1.001248478889465332e+00 -3.194854855537414551e-01 2.177612781524658203e+00 1.382744550704956055e+00 1.497293233871459961e+00 1.082646176218986511e-01 -1.796679258346557617e+00 -1.874292269349098206e-02
-1.139052748680114746e+00 1.410797357559204102e+00 1.939204454421997070e+00 -6.537204980850219727e-01 1.781696677207946777e+00 -9.412355422973632812e-01 -1.720567584037780762e+00 -1.049695730209350586e+00 1.520782470703125000e+00 -6.435958743095397949e-01 -6.512550115585327148e-01 -9.828132390975952148e-01 -7.821206450462341309e-01 -2.766336202621459961e-01 2.045791864395141602e+00 1.225833296775817871e+00 1.353487849235534668e+00 -4.257810488343238831e-02 -1.543493866920471191e+00 1.303266733884811401e-01
-1.033283829689025879e+00 1.556598424911499023e+00 1.719357848167419434e+00 -5.992967486381530762e-01 1.830665707588195801e+00 -9.924779534339904785e-01 -1.719850420951843262e+00 -1.084040045738220215e+00 1.598211646080017090e+00 -6.985291242599487305e-01 -5.645804405212402344e-01 -8.911932706832885742e-01 -5.911596417427062988e-01 -2.040068358182907104e-01 1.877227902412414551e+00 1.061107873916625977e+00 1.264539122581481934e+00 -1.557988226413726807e-01 -1.319119334220886230e+00 1.626698076725006104e-01
-9.776903390884399414e-01 1.690341830253601074e+00 1.658693313598632812e+00 -6.755277514457702637e-01 1.916012525558471680e+00 -1.073759555816650391e+00 -1.703888297080993652e+00 -1.140812397003173828e+00 1.695657849311828613e+00 -7.202578783035278320e-01 -5.308418273925781250e-01 -7.907942533493041992e-01 -4.686022400856018066e-01 -1.036666184663772583e-01 1.836463332176208496e+00 1.027672052383422852e+00 1.249297022819519043e+00 -2.673667967319488525e-01 -1.208162546157836914e+00 8.245460689067840576e-02
-9.113457798957824707e-01 1.721730947494506836e+00 1.618868589401245117e+00 -7.145286202430725098e-01 1.961348176002502441e+00 -1.112086057662963867e+00 -1.646093606948852539e+00 -1.144443988800048828e+00 1.736898899078369141e+00 -7.257248163223266602e-01 -5.201084613800048828e-01 -7.032225131988525391e-01 -3.665432929992675781e-01 -4.491586983203887939e-02 1.805846929550170898e+00 1.001705288887023926e+00 1.210336089134216309e+00 -3.237646222114562988e-01 -1.106481552124023438e+00 1.177550107240676880e-02
-8.302409648895263672e-01 1.681518435478210449e+00 1.581826567649841309e+00 -7.422776222229003906e-01 1.977006435394287109e+00 -1.106891632080078125e+00 -1.573470950126647949e+00 -1.113089919090270996e+00 1.728856086730957031e+00 -7.058759331703186035e-01 -5.198048353195190430e-01 -6.346549987792968750e-01 -2.951991558074951172e-01 -1.620259135961532593e-02 1.768274188041687012e+00 9.776738882064819336e-01 1.170178055763244629e+00 -3.327167332172393799e-01 -1.024302005767822266e+00 -4.695649445056915283e-02
-7.455285191535949707e-01 1.576613426208496094e+00 1.536527633666992188e+00 -7.626209855079650879e-01 1.960045456886291504e+00 -1.064526081085205078e+00 -1.484707713127136230e+00 -1.056300520896911621e+00 1.675476193428039551e+00 -6.672213673591613770e-01 -5.260605812072753906e-01 -5.792463421821594238e-01 -2.454671263694763184e-01 3.203265368938446045e-03 1.723562836647033691e+00 9.530907869338989258e-01 1.131175041198730469e+00 -3.071702420711517334e-01 -9.507615566253662109e-01 -8.295517414808273315e-02
-6.721999049186706543e-01 1.387777209281921387e+00 1.482883214950561523e+00 -7.834444046020507812e-01 1.923336744308471680e+00 -9.971250891685485840e-01 -1.366616368293762207e+00 -9.944894313812255859e-01 1.586815357208251953e+00 -6.169002056121826172e-01 -5.341619253158569336e-01 -5.300363302230834961e-01 -1.856952160596847534e-01 2.527877688407897949e-02 1.686510443687438965e+00 9.474311470985412598e-01 1.094719290733337402e+00 -2.679342925548553467e-01 -8.743074536323547363e-01 -9.353641420602798462e-02
-6.373733282089233398e-01 1.131226897239685059e+00 1.435314059257507324e+00 -8.313009738922119141e-01 1.878324031829833984e+00 -9.292287826538085938e-01 -1.224758744239807129e+00 -9.600437283515930176e-01 1.480562329292297363e+00 -5.662016868591308594e-01 -5.525699853897094727e-01 -4.985568821430206299e-01 -1.026215702295303345e-01 8.184916526079177856e-02 1.679051399230957031e+00 9.714106917381286621e-01 1.092706441879272461e+00 -2.217967808246612549e-01 -8.051946759223937988e-01 -6.995357573032379150e-02
-6.819516420364379883e-01 8.746888637542724609e-01 1.406012415885925293e+00 -9.150561690330505371e-01 1.802786469459533691e+00 -8.540964126586914062e-01 -1.091145515441894531e+00 -9.783149361610412598e-01 1.370124220848083496e+00 -5.320780277252197266e-01 -5.807527303695678711e-01 -4.976901113986968994e-01 -5.694861710071563721e-02 1.832290291786193848e-01 1.680637359619140625e+00 1.033090710639953613e+00 1.148626923561096191e+00 -1.646576970815658569e-01 -7.962500452995300293e-01 -4.130767285823822021e-02
-8.611578941345214844e-01 7.549487352371215820e-01 1.406976699829101562e+00 -1.110663056373596191e+00 1.719200253486633301e+00 -8.250592350959777832e-01 -9.913738369941711426e-01 -1.112564921379089355e+00 1.320236086845397949e+00 -5.386420488357543945e-01 -6.140706539154052734e-01 -5.445177555084228516e-01 -7.003338634967803955e-02 3.336479663848876953e-01 1.789654493331909180e+00 1.193112969398498535e+00 1.319782018661499023e+00 -1.706528961658477783e-01 -8.744472861289978027e-01 -5.633259564638137817e-02
-1.061572551727294922e+00 8.115787506103515625e-01 1.409305810928344727e+00 -1.350292563438415527e+00 1.666842460632324219e+00 -9.244157671928405762e-01 -9.425698518753051758e-01 -1.319535613059997559e+00 1.392157316207885742e+00 -5.525758862495422363e-01 -6.272202730178833008e-01 -6.080949306488037109e-01 -1.168681979179382324e-01 5.523690581321716309e-01 1.878270626068115234e+00 1.346500515937805176e+00 1.574613094329833984e+00 -2.561222910881042480e-01 -9.655151367187500000e-01 -1.072034761309623718e-01
-1.238764166831970215e+00 9.954749941825866699e-01 1.364697098731994629e+00 -1.522837996482849121e+00 1.609448432922363281e+00 -1.054473519325256348e+00 -9.449494481086730957e-01 -1.495578050613403320e+00 1.464815497398376465e+00 -6.017725467681884766e-01 -6.001501083374023438e-01 -6.134227514266967773e-01 -1.706762909889221191e-01 7.880572676658630371e-01 1.883158326148986816e+00 1.416248798370361328e+00 1.767177581787109375e+00 -3.831083178520202637e-01 -9.954667687416076660e-01 -1.604258716106414795e-01
-1.379616379737854004e+00 1.264274716377258301e+00 1.343747615814208984e+00 -1.595514893531799316e+00 1.536151647567749023e+00 -1.168981432914733887e+00 -1.010532736778259277e+00 -1.600074291229248047e+00 1.531634330749511719e+00 -6.974970698356628418e-01 -5.586879253387451172e-01 -5.914186239242553711e-01 -2.395378053188323975e-01 9.247971773147583008e-01 1.864938497543334961e+00 1.399433851242065430e+00 1.843004107475280762e+00 -4.851178228855133057e-01 -9.983211159706115723e-01 -1.882667839527130127e-01
-1.467095851898193359e+00 1.579678535461425781e+00 1.320437192916870117e+00 -1.572741866111755371e+00 1.491984367370605469e+00 -1.282875061035156250e+00 -1.089810967445373535e+00 -1.694432735443115234e+00 1.578807830810546875e+00 -7.958305478096008301e-01 -5.156704187393188477e-01 -5.611790418624877930e-01 -2.899147272109985352e-01 9.667589068412780762e-01 1.826270699501037598e+00 1.308965682983398438e+00 1.823956489562988281e+00 -5.903566479682922363e-01 -9.750369787216186523e-01 -2.071650326251983643e-01
-1.507860064506530762e+00 1.868511199951171875e+00 1.294694662094116211e+00 -1.497698545455932617e+00 1.462107658386230469e+00 -1.377136588096618652e+00 -1.138107776641845703e+00 -1.766317367553710938e+00 1.604736685752868652e+00 -8.855434060096740723e-01 -5.283423662185668945e-01 -5.295829772949218750e-01 -3.339027166366577148e-01 9.541924595832824707e-01 1.776554942131042480e+00 1.179918169975280762e+00 1.752513885498046875e+00 -6.711139678955078125e-01 -9.495856165885925293e-01 -2.328784763813018799e-01
-1.514233708381652832e+00 2.062796354293823242e+00 1.299567699432373047e+00 -1.446149468421936035e+00 1.467854142189025879e+00 -1.436850070953369141e+00 -1.159565210342407227e+00 -1.837442159652709961e+00 1.628241539001464844e+00 -9.307290315628051758e-01 -5.454084873199462891e-01 -5.126469731330871582e-01 -3.697733581066131592e-01 9.103372097015380859e-01 1.740155696868896484e+00 1.090783476829528809e+00 1.681492447853088379e+00 -7.358881831169128418e-01 -9.546892642974853516e-01 -2.829391956329345703e-01
-1.486468076705932617e+00 2.177469968795776367e+00 1.324280858039855957e+00 -1.403777718544006348e+00 1.490332245826721191e+00 -1.504812598228454590e+00 -1.123588323593139648e+00 -1.888920426368713379e+00 1.669157028198242188e+00 -9.572193622589111328e-01 -5.755302906036376953e-01 -4.689421057701110840e-01 -3.809458017349243164e-01 8.485445976257324219e-01 1.705558538436889648e+00 1.026629328727722168e+00 1.585979223251342773e+00 -7.911526560783386230e-01 -9.445570707321166992e-01 -3.665524721145629883e-01
-1.435533642768859863e+00 2.254263401031494141e+00 1.374129533767700195e+00 -1.369964480400085449e+00 1.521821618080139160e+00 -1.564172387123107910e+00 -1.075990915298461914e+00 -1.906382203102111816e+00 1.687839269638061523e+00 -9.764988422393798828e-01 -6.176825761795043945e-01 -3.926818370819091797e-01 -3.894684910774230957e-01 7.866006493568420410e-01 1.668074727058410645e+00 9.748654365539550781e-01 1.467638492584228516e+00 -8.114395141601562500e-01 -9.230684041976928711e-01 -4.812749028205871582e-01
-1.370217204093933105e+00 2.286331653594970703e+00 1.415152430534362793e+00 -1.349989175796508789e+00 1.529417395591735840e+00 -1.593951344490051270e+00 -9.908506274223327637e-01 -1.910851716995239258e+00 1.682203173637390137e+00 -9.757634997367858887e-01 -6.781231164932250977e-01 -3.146448731422424316e-01 -4.069817960262298584e-01 7.174711823463439941e-01 1.609296798706054688e+00 9.105088114738464355e-01 1.344850420951843262e+00 -8.029686212539672852e-01 -9.060664176940917969e-01 -6.180898547172546387e-01
-1.286306738853454590e+00 2.262102603912353516e+00 1.427279829978942871e+00 -1.344024062156677246e+00 1.501518845558166504e+00 -1.597854733467102051e+00 -8.764215111732482910e-01 -1.891900420188903809e+00 1.663856148719787598e+00 -9.399885535240173340e-01 -7.430411577224731445e-01 -2.771216630935668945e-01 -4.137998521327972412e-01 6.535205245018005371e-01 1.533423662185668945e+00 8.659788370132446289e-01 1.265993714332580566e+00 -7.503130435943603516e-01 -8.828654289245605469e-01 -7.498010993003845215e-01
-1.209275722503662109e+00 2.204116582870483398e+00 1.425595760345458984e+00 -1.361515641212463379e+00 1.479358434677124023e+00 -1.574560165405273438e+00 -7.652945518493652344e-01 -1.876889228820800781e+00 1.646110653877258301e+00 -8.966352343559265137e-01 -7.845253944396972656e-01 -2.660945951938629150e-01 -4.335295557975769043e-01 5.986672043800354004e-01 1.464437246322631836e+00 8.459352254867553711e-01 1.238698005676269531e+00 -6.896754503250122070e-01 -8.803700208663940430e-01 -8.622079491615295410e-01
-1.137749910354614258e+00 2.096185445785522461e+00 1.437797427177429199e+00 -1.381418943405151367e+00 1.462561964988708496e+00 -1.537991523742675781e+00 -6.101959943771362305e-01 -1.883266210556030273e+00 1.629744768142700195e+00 -8.281633853912353516e-01 -8.533225059509277344e-01 -3.242554664611816406e-01 -4.748799204826354980e-01 5.630974769592285156e-01 1.433214306831359863e+00 8.440633416175842285e-01 1.303139328956604004e+00 -6.236525177955627441e-01 -9.150202274322509766e-01 -9.589532017707824707e-01
-1.106693029403686523e+00 1.946327805519104004e+00 1.494583129882812500e+00 -1.442072868347167969e+00 1.443019270896911621e+00 -1.492960929870605469e+00 -4.973701834678649902e-01 -1.913446784019470215e+00 1.604111433029174805e+00 -7.220386862754821777e-01 -9.232012033462524414e-01 -4.246923923492431641e-01 -5.467795133590698242e-01 5.608814954757690430e-01 1.438414454460144043e+00 8.712407350540161133e-01 1.422421336174011230e+00 -5.500161647796630859e-01 -1.007830023765563965e+00 -1.010167360305786133e+00
-1.071843624114990234e+00 1.765915036201477051e+00 1.507954359054565430e+00 -1.488723516464233398e+00 1.412664055824279785e+00 -1.420195698738098145e+00 -4.231967329978942871e-01 -1.892392873764038086e+00 1.570431113243103027e+00 -6.236371994018554688e-01 -9.393713474273681641e-01 -5.203580260276794434e-01 -5.623717904090881348e-01 5.592549443244934082e-01 1.447576999664306641e+00 9.139826297760009766e-01 1.523546934127807617e+00 -4.815990924835205078e-01 -1.056336045265197754e+00 -9.966724514961242676e-01
-1.045746445655822754e+00 1.556695103645324707e+00 1.470839500427246094e+00 -1.498281121253967285e+00 1.377159237861633301e+00 -1.325669765472412109e+00 -3.730901479721069336e-01 -1.830446362495422363e+00 1.507776379585266113e+00 -5.455111861228942871e-01 -9.191306829452514648e-01 -5.781474113464355469e-01 -5.130954384803771973e-01 5.477972626686096191e-01 1.474320411682128906e+00 9.633820652961730957e-01 1.563066244125366211e+00 -4.542540311813354492e-01 -1.052922606468200684e+00 -9.269183278083801270e-01
-1.022512674331665039e+00 1.438105702400207520e+00 1.395457386970520020e+00 -1.482326626777648926e+00 1.345660924911499023e+00 -1.260519623756408691e+00 -3.999049067497253418e-01 -1.739255666732788086e+00 1.464374661445617676e+00 -5.182251334190368652e-01 -8.536384105682373047e-01 -5.954736471176147461e-01 -4.642167687416076660e-01 5.410536527633666992e-01 1.495451569557189941e+00 1.009175419807434082e+00 1.564285039901733398e+00 -4.661432206630706787e-01 -1.017938494682312012e+00 -8.129011392593383789e-01
-1.007224082946777344e+00 1.378207683563232422e+00 1.308111906051635742e+00 -1.405017018318176270e+00 1.341409325599670410e+00 -1.218371987342834473e+00 -4.947834610939025879e-01 -1.624204635620117188e+00 1.435059785842895508e+00 -5.333461165428161621e-01 -7.590854167938232422e-01 -5.694656968116760254e-01 -3.815778493881225586e-01 5.318496227264404297e-01 1.516426682472229004e+00 1.054260015487670898e+00 1.508460760116577148e+00 -4.852337539196014404e-01 -9.441079497337341309e-01 -6.729824542999267578e-01
-1.001623868942260742e+00 1.374722599983215332e+00 1.227988839149475098e+00 -1.260704874992370605e+00 1.344374656677246094e+00 -1.185992479324340820e+00 -6.273603439331054688e-01 -1.497208952903747559e+00 1.422254085540771484e+00 -5.871137380599975586e-01 -6.744749546051025391e-01 -5.341036915779113770e-01 -3.063707053661346436e-01 4.821592569351196289e-01 1.531739711761474609e+00 1.088089108467102051e+00 1.408348441123962402e+00 -4.992034435272216797e-01 -8.682857155799865723e-01 -5.291185975074768066e-01
-9.895152449607849121e-01 1.457899212837219238e+00 1.203920722007751465e+00 -1.103436112403869629e+00 1.367049813270568848e+00 -1.144486188888549805e+00 -8.077062964439392090e-01 -1.350532531738281250e+00 1.431551933288574219e+00 -6.653696298599243164e-01 -5.840188264846801758e-01 -5.199086666107177734e-01 -2.647913694381713867e-01 3.532490134239196777e-01 1.569093346595764160e+00 1.112058162689208984e+00 1.295093059539794922e+00 -4.908852577209472656e-01 -8.384121656417846680e-01 -4.124047756195068359e-01
-9.511753320693969727e-01 1.588985323905944824e+00 1.265690326690673828e+00 -9.428843855857849121e-01 1.416211485862731934e+00 -1.151375174522399902e+00 -9.846501946449279785e-01 -1.225173354148864746e+00 1.478503227233886719e+00 -7.280139923095703125e-01 -5.428415536880493164e-01 -5.415436029434204102e-01 -2.811805307865142822e-01 1.691103279590606689e-01 1.635425209999084473e+00 1.105606794357299805e+00 1.189931869506835938e+00 -4.755395352840423584e-01 -8.666576147079467773e-01 -3.301005065441131592e-01
-9.172956347465515137e-01 1.679722547531127930e+00 1.399715542793273926e+00 -8.301477432250976562e-01 1.458540320396423340e+00 -1.175585746765136719e+00 -1.131506443023681641e+00 -1.126850724220275879e+00 1.514165878295898438e+00 -7.516417503356933594e-01 -5.656545162200927734e-01 -5.755066275596618652e-01 -3.251403272151947021e-01 -3.450825810432434082e-03 1.727198600769042969e+00 1.093690276145935059e+00 1.093971729278564453e+00 -4.331227838993072510e-01 -9.430934786796569824e-01 -2.818808853626251221e-01
-8.847234249114990234e-01 1.718039751052856445e+00 1.547795891761779785e+00 -7.591975331306457520e-01 1.489779353141784668e+00 -1.197194576263427734e+00 -1.222800493240356445e+00 -1.057698845863342285e+00 1.532877802848815918e+00 -7.492880225181579590e-01 -6.118896007537841797e-01 -5.955739021301269531e-01 -3.841437697410583496e-01 -1.589964330196380615e-01 1.791808009147644043e+00 1.097178220748901367e+00 1.015232086181640625e+00 -3.839168548583984375e-01 -1.039271950721740723e+00 -2.920359671115875244e-01
-8.900679349899291992e-01 1.747916102409362793e+00 1.702147722244262695e+00 -7.455518841743469238e-01 1.516007304191589355e+00 -1.209877014160156250e+00 -1.283981204032897949e+00 -1.022868990898132324e+00 1.553025722503662109e+00 -7.552553415298461914e-01 -6.694405078887939453e-01 -6.011824607849121094e-01 -4.769025444984436035e-01 -2.571205496788024902e-01 1.835979223251342773e+00 1.109903454780578613e+00 9.802004694938659668e-01 -3.253688812255859375e-01 -1.147825002670288086e+00 -3.246289193630218506e-01
-8.994558453559875488e-01 1.751583218574523926e+00 1.839116096496582031e+00 -7.494544982910156250e-01 1.530707716941833496e+00 -1.212049365043640137e+00 -1.294386386871337891e+00 -9.962639808654785156e-01 1.560770750045776367e+00 -7.531812787055969238e-01 -7.332576513290405273e-01 -6.098482608795166016e-01 -5.690554380416870117e-01 -3.118867278099060059e-01 1.867346763610839844e+00 1.142907738685607910e+00 9.877425432205200195e-01 -2.531761825084686279e-01 -1.241600513458251953e+00 -3.988361358642578125e-01
-9.298310875892639160e-01 1.734268665313720703e+00 1.917344808578491211e+00 -7.856855988502502441e-01 1.498534917831420898e+00 -1.195024251937866211e+00 -1.282240033149719238e+00 -9.779109954833984375e-01 1.521049499511718750e+00 -7.312114238739013672e-01 -7.740299701690673828e-01 -5.947124958038330078e-01 -6.549446582794189453e-01 -2.935456037521362305e-01 1.867442965507507324e+00 1.190506815910339355e+00 1.014019131660461426e+00 -1.925742030143737793e-01 -1.305643320083618164e+00 -4.924430847167968750e-01
-9.702264666557312012e-01 1.685080528259277344e+00 1.922393321990966797e+00 -8.313068747520446777e-01 1.407831192016601562e+00 -1.157506227493286133e+00 -1.248604178428649902e+00 -9.515217542648315430e-01 1.425519108772277832e+00 -6.991980075836181641e-01 -7.777581214904785156e-01 -5.335271954536437988e-01 -7.296276092529296875e-01 -2.025555521249771118e-01 1.813139319419860840e+00 1.236859560012817383e+00 1.031504988670349121e+00 -1.378936767578125000e-01 -1.324419975280761719e+00 -5.826771855354309082e-01
-1.021342992782592773e+00 1.628860831260681152e+00 1.851372003555297852e+00 -8.904450535774230957e-01 1.289132118225097656e+00 -1.122838735580444336e+00 -1.206391453742980957e+00 -9.490234255790710449e-01 1.294962644577026367e+00 -6.552509665489196777e-01 -7.446054220199584961e-01 -4.341647624969482422e-01 -7.733565568923950195e-01 -4.803495109081268311e-02 1.723468899726867676e+00 1.277489542961120605e+00 1.042299151420593262e+00 -1.103800162672996521e-01 -1.292398095130920410e+00 -6.619274616241455078e-01
-1.113343834877014160e+00 1.619551539421081543e+00 1.720330238342285156e+00 -1.019814491271972656e+00 1.172573924064636230e+00 -1.111990094184875488e+00 -1.170311212539672852e+00 -1.021055579185485840e+00 1.173854947090148926e+00 -6.182097792625427246e-01 -6.698601245880126953e-01 -3.270346522331237793e-01 -7.923670411109924316e-01 1.781391501426696777e-01 1.657076478004455566e+00 1.339157462120056152e+00 1.096932888031005859e+00 -1.500814557075500488e-01 -1.232871532440185547e+00 -7.330748438835144043e-01
-1.227157711982727051e+00 1.661850690841674805e+00 1.638798952102661133e+00 -1.209689021110534668e+00 1.129567027091979980e+00 -1.155192375183105469e+00 -1.170617818832397461e+00 -1.140453934669494629e+00 1.153317809104919434e+00 -6.228516697883605957e-01 -6.184506416320800781e-01 -2.481718212366104126e-01 -8.007739186286926270e-01 4.258142709732055664e-01 1.649775981903076172e+00 1.397385716438293457e+00 1.203866600990295410e+00 -2.301279306411743164e-01 -1.196507692337036133e+00 -7.527639269828796387e-01
-1.335123062133789062e+00 1.736963033676147461e+00 1.614801764488220215e+00 -1.386157989501953125e+00 1.174862861633300781e+00 -1.234469532966613770e+00 -1.200683951377868652e+00 -1.266392469406127930e+00 1.213653206825256348e+00 -6.788009405136108398e-01 -5.913771390914916992e-01 -1.951152235269546509e-01 -7.859759926795959473e-01 6.492647528648376465e-01 1.666676998138427734e+00 1.423185110092163086e+00 1.310794711112976074e+00 -3.140128850936889648e-01 -1.163507819175720215e+00 -7.138474583625793457e-01
-1.402565360069274902e+00 1.830744862556457520e+00 1.581312775611877441e+00 -1.480722904205322266e+00 1.230922341346740723e+00 -1.293136715888977051e+00 -1.218133807182312012e+00 -1.361335277557373047e+00 1.303224444389343262e+00 -7.550592422485351562e-01 -5.644589662551879883e-01 -1.768167316913604736e-01 -7.421005964279174805e-01 7.885473966598510742e-01 1.672136187553405762e+00 1.421663045883178711e+00 1.388078808784484863e+00 -3.872182071208953857e-01 -1.118297219276428223e+00 -6.676368713378906250e-01
-1.446764588356018066e+00 1.932314872741699219e+00 1.574970602989196777e+00 -1.510760545730590820e+00 1.304130315780639648e+00 -1.343006968498229980e+00 -1.231450796127319336e+00 -1.432431459426879883e+00 1.399656295776367188e+00 -8.379221558570861816e-01 -5.444104671478271484e-01 -1.887964010238647461e-01 -7.063389420509338379e-01 8.421757221221923828e-01 1.690668225288391113e+00 1.408079743385314941e+00 1.433778285980224609e+00 -4.425423145294189453e-01 -1.089027166366577148e+00 -6.283661127090454102e-01
-1.461621999740600586e+00 2.026088237762451172e+00 1.573805689811706543e+00 -1.480612397193908691e+00 1.356370687484741211e+00 -1.387295722961425781e+00 -1.232514381408691406e+00 -1.476331114768981934e+00 1.465133190155029297e+00 -9.056885838508605957e-01 -5.331888198852539062e-01 -1.990652233362197876e-01 -6.757755279541015625e-01 8.262506723403930664e-01 1.693256974220275879e+00 1.369703769683837891e+00 1.420069694519042969e+00 -4.853256642818450928e-01 -1.064832925796508789e+00 -6.034179329872131348e-01
-1.450371265411376953e+00 2.088332176208496094e+00 1.584757685661315918e+00 -1.408747911453247070e+00 1.380912780761718750e+00 -1.417408823966979980e+00 -1.216319799423217773e+00 -1.492740631103515625e+00 1.493570327758789062e+00 -9.519760012626647949e-01 -5.478507876396179199e-01 -2.129135429859161377e-01 -6.702457666397094727e-01 7.594528794288635254e-01 1.682598471641540527e+00 1.312973260879516602e+00 1.368903994560241699e+00 -5.006358623504638672e-01 -1.058761715888977051e+00 -5.913563966751098633e-01
-1.425953388214111328e+00 2.091434240341186523e+00 1.615386486053466797e+00 -1.279794335365295410e+00 1.386455655097961426e+00 -1.421400785446166992e+00 -1.174278974533081055e+00 -1.478865385055541992e+00 1.479603648185729980e+00 -9.840195178985595703e-01 -5.978269577026367188e-01 -2.371328324079513550e-01 -6.825391650199890137e-01 6.305963993072509766e-01 1.667594909667968750e+00 1.249690055847167969e+00 1.272590041160583496e+00 -4.813338220119476318e-01 -1.070745348930358887e+00 -5.854398012161254883e-01
-1.357849240303039551e+00 2.031988382339477539e+00 1.655631303787231445e+00 -1.086305618286132812e+00 1.380378127098083496e+00 -1.375656843185424805e+00 -1.097447633743286133e+00 -1.398000717163085938e+00 1.434122085571289062e+00 -1.004006147384643555e+00 -6.890351772308349609e-01 -2.817479968070983887e-01 -7.085307836532592773e-01 4.172515273094177246e-01 1.655752897262573242e+00 1.167171359062194824e+00 1.128513455390930176e+00 -4.219313561916351318e-01 -1.094335794448852539e+00 -5.746775865554809570e-01
-1.253592848777770996e+00 1.939518094062805176e+00 1.737521171569824219e+00 -8.581629991531372070e-01 1.427012801170349121e+00 -1.306186199188232422e+00 -9.833503961563110352e-01 -1.296571493148803711e+00 1.435958027839660645e+00 -1.016925692558288574e+00 -8.119474649429321289e-01 -4.047142565250396729e-01 -7.111836671829223633e-01 1.388028562068939209e-01 1.694788336753845215e+00 1.110958218574523926e+00 1.036080479621887207e+00 -3.233683705329895020e-01 -1.145792603492736816e+00 -5.888466835021972656e-01
-1.154855847358703613e+00 1.817298293113708496e+00 1.963153243064880371e+00 -6.513091921806335449e-01 1.560775041580200195e+00 -1.286947846412658691e+00 -9.100877046585083008e-01 -1.236869812011718750e+00 1.511739611625671387e+00 -9.792711138725280762e-01 -9.707566499710083008e-01 -6.367782354354858398e-01 -6.872220635414123535e-01 -1.818324029445648193e-01 1.855852723121643066e+00 1.090736746788024902e+00 1.020704627037048340e+00 -2.256673574447631836e-01 -1.279300689697265625e+00 -5.721576809883117676e-01
-1.124904394149780273e+00 1.682995796203613281e+00 2.202045440673828125e+00 -5.324465036392211914e-01 1.712956428527832031e+00 -1.294842958450317383e+00 -8.889225721359252930e-01 -1.278596758842468262e+00 1.649322032928466797e+00 -8.871462941169738770e-01 -1.135274767875671387e+00 -9.311438798904418945e-01 -6.560374498367309570e-01 -4.018302559852600098e-01 2.023464679718017578e+00 1.090877175331115723e+00 1.118213653564453125e+00 -1.339240819215774536e-01 -1.434145331382751465e+00 -4.952063560485839844e-01
-1.107178807258605957e+00 1.549210071563720703e+00 2.347359418869018555e+00 -4.844334423542022705e-01 1.809556603431701660e+00 -1.288291931152343750e+00 -8.978276848793029785e-01 -1.317518353462219238e+00 1.757810950279235840e+00 -7.738451361656188965e-01 -1.237906098365783691e+00 -1.174268960952758789e+00 -6.197197437286376953e-01 -5.354132652282714844e-01 2.147182226181030273e+00 1.136602878570556641e+00 1.248919844627380371e+00 -6.586928665637969971e-02 -1.549838781356811523e+00 -4.237681031227111816e-01
-1.092389941215515137e+00 1.388447999954223633e+00 2.409974575042724609e+00 -4.506443142890930176e-01 1.863530158996582031e+00 -1.265327930450439453e+00 -9.056245684623718262e-01 -1.330873847007751465e+00 1.798015713691711426e+00 -6.677747964859008789e-01 -1.293871402740478516e+00 -1.321349859237670898e+00 -5.786036252975463867e-01 -5.886572003364562988e-01 2.214021682739257812e+00 1.177300930023193359e+00 1.339036107063293457e+00 -2.162677980959415436e-02 -1.605758786201477051e+00 -3.537000119686126709e-01
-1.088527560234069824e+00 1.218779444694519043e+00 2.431337833404541016e+00 -4.282568097114562988e-01 1.892845511436462402e+00 -1.235069990158081055e+00 -9.076952934265136719e-01 -1.326417922973632812e+00 1.799008011817932129e+00 -5.829827189445495605e-01 -1.326501965522766113e+00 -1.405774116516113281e+00 -5.305089950561523438e-01 -5.912081003189086914e-01 2.248621702194213867e+00 1.218290209770202637e+00 1.401307702064514160e+00 1.391085237264633179e-02 -1.628697395324707031e+00 -2.813733220100402832e-01
-1.079623937606811523e+00 1.060756921768188477e+00 2.444149017333984375e+00 -4.525239765644073486e-01 1.914264917373657227e+00 -1.213764190673828125e+00 -9.144760966300964355e-01 -1.334816098213195801e+00 1.793695688247680664e+00 -4.921568036079406738e-01 -1.353507041931152344e+00 -1.479521155357360840e+00 -5.043484568595886230e-01 -5.634108781814575195e-01 2.288707017898559570e+00 1.253956079483032227e+00 1.485990881919860840e+00 4.553098976612091064e-02 -1.660740971565246582e+00 -2.089037895202636719e-01
-1.065828442573547363e+00 9.110589623451232910e-01 2.442017793655395508e+00 -4.777132570743560791e-01 1.916588187217712402e+00 -1.195143222808837891e+00 -9.200435280799865723e-01 -1.328075528144836426e+00 1.769272089004516602e+00 -4.073450565338134766e-01 -1.365852713584899902e+00 -1.520369768142700195e+00 -4.802190661430358887e-01 -5.180954337120056152e-01 2.307857275009155273e+00 1.276079773902893066e+00 1.546421885490417480e+00 7.081251591444015503e-02 -1.674981236457824707e+00 -1.401783227920532227e-01
-1.059697985649108887e+00 8.041523694992065430e-01 2.436694622039794922e+00 -5.267487168312072754e-01 1.892067909240722656e+00 -1.184229016304016113e+00 -9.319389462471008301e-01 -1.325677156448364258e+00 1.741096258163452148e+00 -3.386602103710174561e-01 -1.364027619361877441e+00 -1.539826035499572754e+00 -4.634141921997070312e-01 -4.721776247024536133e-01 2.322694301605224609e+00 1.288239836692810059e+00 1.588812112808227539e+00 8.708155900239944458e-02 -1.684005975723266602e+00 -8.497621119022369385e-02
-1.041606545448303223e+00 7.131272554397583008e-01 2.413726806640625000e+00 -5.908638834953308105e-01 1.846820235252380371e+00 -1.173501253128051758e+00 -9.431154131889343262e-01 -1.312540531158447266e+00 1.697594881057739258e+00 -2.710100114345550537e-01 -1.346893668174743652e+00 -1.528250932693481445e+00 -4.486929178237915039e-01 -4.155458807945251465e-01 2.314086675643920898e+00 1.279192328453063965e+00 1.607462882995605469e+00 9.590097516775131226e-02 -1.676931142807006836e+00 -3.651381283998489380e-02
-1.000644326210021973e+00 6.410909891128540039e-01 2.362630128860473633e+00 -6.812642216682434082e-01 1.786305665969848633e+00 -1.159550309181213379e+00 -9.472535252571105957e-01 -1.289784431457519531e+00 1.638043403625488281e+00 -2.014691233634948730e-01 -1.311023831367492676e+00 -1.477681279182434082e+00 -4.319389164447784424e-01 -3.408364653587341309e-01 2.273535013198852539e+00 1.239950418472290039e+00 1.601723551750183105e+00 9.384090453386306763e-02 -1.645841121673583984e+00 -4.712566733360290527e-04
-9.325863718986511230e-01 6.298838257789611816e-01 2.267233371734619141e+00 -7.988616228103637695e-01 1.692383527755737305e+00 -1.160239577293395996e+00 -9.914855957031250000e-01 -1.276793599128723145e+00 1.579527378082275391e+00 -1.147279739379882812e-01 -1.217929840087890625e+00 -1.394810318946838379e+00 -4.199483692646026611e-01 -2.563751339912414551e-01 2.198265314102172852e+00 1.171248912811279297e+00 1.585088491439819336e+00 6.865964084863662720e-02 -1.596205711364746094e+00 3.261582180857658386e-02
-8.331096172332763672e-01 6.826282739639282227e-01 2.113297700881958008e+00 -9.636788368225097656e-01 1.594627618789672852e+00 -1.154625654220581055e+00 -1.008081436157226562e+00 -1.287463903427124023e+00 1.532467722892761230e+00 -2.512915432453155518e-02 -1.100845575332641602e+00 -1.300722360610961914e+00 -4.083020687103271484e-01 -1.812773644924163818e-01 2.101884365081787109e+00 1.073667526245117188e+00 1.568182229995727539e+00 6.593361496925354004e-03 -1.519143581390380859e+00 2.008173428475856781e-02
-7.091553807258605957e-01 7.779561281204223633e-01 1.940756201744079590e+00 -1.134575486183166504e+00 1.527701139450073242e+00 -1.114750146865844727e+00 -1.010987281799316406e+00 -1.294704675674438477e+00 1.543427824974060059e+00 2.806514501571655273e-02 -9.918743371963500977e-01 -1.223264813423156738e+00 -4.040505588054656982e-01 -1.462570130825042725e-01 2.002554178237915039e+00 9.678778052330017090e-01 1.571645498275756836e+00 -4.728554561734199524e-02 -1.445886373519897461e+00 -1.752841845154762268e-02
-6.156665086746215820e-01 9.363254904747009277e-01 1.823226451873779297e+00 -1.308218598365783691e+00 1.592539310455322266e+00 -1.089498281478881836e+00 -1.000567078590393066e+00 -1.355453491210937500e+00 1.673732638359069824e+00 -1.021830737590789795e-02 -9.317079782485961914e-01 -1.184521794319152832e+00 -4.035207629203796387e-01 -1.033170074224472046e-01 1.947005152702331543e+00 9.151258468627929688e-01 1.671766161918640137e+00 -7.932502031326293945e-02 -1.410997271537780762e+00 -1.146950945258140564e-01
-5.579798221588134766e-01 1.082127928733825684e+00 1.744460463523864746e+00 -1.478201508522033691e+00 1.726548671722412109e+00 -1.070354223251342773e+00 -9.708325862884521484e-01 -1.452613711357116699e+00 1.831153869628906250e+00 -8.255159854888916016e-02 -9.011667966842651367e-01 -1.183545708656311035e+00 -4.258668422698974609e-01 -2.430438995361328125e-02 1.883703827857971191e+00 9.167178869247436523e-01 1.851967930793762207e+00 -7.638253271579742432e-02 -1.419515490531921387e+00 -2.418024241924285889e-01
-5.233829021453857422e-01 1.181615471839904785e+00 1.653909921646118164e+00 -1.593956828117370605e+00 1.855100989341735840e+00 -1.043286800384521484e+00 -9.156389236450195312e-01 -1.557946324348449707e+00 1.952850580215454102e+00 -1.383699178695678711e-01 -8.788859844207763672e-01 -1.211090564727783203e+00 -4.268856346607208252e-01 4.334162920713424683e-02 1.818556308746337891e+00 9.274212718009948730e-01 2.021015882492065430e+00 -9.499706327915191650e-02 -1.424485802650451660e+00 -3.540623188018798828e-01
-5.420187115669250488e-01 1.214739918708801270e+00 1.541396856307983398e+00 -1.663191556930541992e+00 1.935828566551208496e+00 -1.004027962684631348e+00 -8.315839171409606934e-01 -1.668725371360778809e+00 2.021539449691772461e+00 -1.903825849294662476e-01 -8.461850881576538086e-01 -1.243447184562683105e+00 -4.126509726047515869e-01 9.679235517978668213e-02 1.752784609794616699e+00 9.587531685829162598e-01 2.157174825668334961e+00 -1.338596343994140625e-01 -1.411276698112487793e+00 -4.252179563045501709e-01
-5.724228620529174805e-01 1.212054371833801270e+00 1.450704574584960938e+00 -1.686812877655029297e+00 1.965750098228454590e+00 -9.658429026603698730e-01 -7.691674232482910156e-01 -1.712632536888122559e+00 2.027593851089477539e+00 -2.311056554317474365e-01 -8.021287918090820312e-01 -1.230150461196899414e+00 -3.888189494609832764e-01 1.528195440769195557e-01 1.698074102401733398e+00 9.919706583023071289e-01 2.213893175125122070e+00 -1.674987226724624634e-01 -1.375035762786865234e+00 -4.672465920448303223e-01
-6.058617830276489258e-01 1.204973816871643066e+00 1.392790317535400391e+00 -1.688577294349670410e+00 1.977194070816040039e+00 -9.490864276885986328e-01 -7.442329525947570801e-01 -1.718431711196899414e+00 2.014060020446777344e+00 -2.734930217266082764e-01 -7.579926252365112305e-01 -1.178559303283691406e+00 -3.578821718692779541e-01 2.151460051536560059e-01 1.661039352416992188e+00 1.023410558700561523e+00 2.218147039413452148e+00 -1.947709321975708008e-01 -1.321400046348571777e+00 -4.916099309921264648e-01
-6.538149714469909668e-01 1.197465419769287109e+00 1.349074363708496094e+00 -1.685756206512451172e+00 1.987540841102600098e+00 -9.611198902130126953e-01 -7.341338992118835449e-01 -1.729164004325866699e+00 2.013135433197021484e+00 -3.229807317256927490e-01 -7.244513034820556641e-01 -1.117260217666625977e+00 -3.049782514572143555e-01 2.985733747482299805e-01 1.653841137886047363e+00 1.051692128181457520e+00 2.207055330276489258e+00 -2.310704588890075684e-01 -1.250725746154785156e+00 -4.880768656730651855e-01
-6.956602334976196289e-01 1.215808153152465820e+00 1.323805093765258789e+00 -1.701320528984069824e+00 2.008712053298950195e+00 -9.969249367713928223e-01 -7.507963776588439941e-01 -1.738928556442260742e+00 2.032453298568725586e+00 -3.746960759162902832e-01 -6.878203153610229492e-01 -1.050482630729675293e+00 -2.424966692924499512e-01 3.802198171615600586e-01 1.665839910507202148e+00 1.089863181114196777e+00 2.195005655288696289e+00 -2.747600674629211426e-01 -1.185248732566833496e+00 -4.816520214080810547e-01
-7.318179011344909668e-01 1.241678595542907715e+00 1.298611521720886230e+00 -1.719697952270507812e+00 2.023513317108154297e+00 -1.041297078132629395e+00 -7.754928469657897949e-01 -1.744292020797729492e+00 2.053215503692626953e+00 -4.234818518161773682e-01 -6.478328704833984375e-01 -9.778388738632202148e-01 -1.792991310358047485e-01 4.639817476272583008e-01 1.674942135810852051e+00 1.116334199905395508e+00 2.174129247665405273e+00 -3.211815059185028076e-01 -1.117139220237731934e+00 -4.656302034854888916e-01
-7.721617221832275391e-01 1.288264989852905273e+00 1.286980509757995605e+00 -1.740180730819702148e+00 2.044286012649536133e+00 -1.099487185478210449e+00 -8.105626702308654785e-01 -1.759429097175598145e+00 2.077482223510742188e+00 -4.742823243141174316e-01 -6.184178590774536133e-01 -9.093732833862304688e-01 -1.297555118799209595e-01 5.514044761657714844e-01 1.693863868713378906e+00 1.136233806610107422e+00 2.163471460342407227e+00 -3.685925006866455078e-01 -1.059463739395141602e+00 -4.500026106834411621e-01
-8.064581155776977539e-01 1.347809433937072754e+00 1.286765933036804199e+00 -1.752742767333984375e+00 2.066899061203002930e+00 -1.168619275093078613e+00 -8.363649845123291016e-01 -1.777689337730407715e+00 2.112497806549072266e+00 -5.267014503479003906e-01 -6.049686670303344727e-01 -8.483309745788574219e-01 -8.859138190746307373e-02 6.322382688522338867e-01 1.714522242546081543e+00 1.143961668014526367e+00 2.157425880432128906e+00 -4.133011400699615479e-01 -1.005907416343688965e+00 -4.438225924968719482e-01
-8.491280674934387207e-01 1.416909217834472656e+00 1.299207210540771484e+00 -1.760241866111755371e+00 2.063545942306518555e+00 -1.242762684822082520e+00 -8.704016208648681641e-01 -1.792838096618652344e+00 2.138777494430541992e+00 -5.719822645187377930e-01 -6.079409122467041016e-01 -7.912313938140869141e-01 -6.256616115570068359e-02 7.043147087097167969e-01 1.736002087593078613e+00 1.129526138305664062e+00 2.136132001876831055e+00 -4.552750885486602783e-01 -9.647771120071411133e-01 -4.327296316623687744e-01
-8.979656696319580078e-01 1.531726360321044922e+00 1.325100421905517578e+00 -1.750590920448303223e+00 2.055948495864868164e+00 -1.347489595413208008e+00 -9.119194746017456055e-01 -1.832814931869506836e+00 2.149582386016845703e+00 -6.073294281959533691e-01 -6.353454589843750000e-01 -7.352203130722045898e-01 -4.842490702867507935e-02 7.657013535499572754e-01 1.762600064277648926e+00 1.076650500297546387e+00 2.085879802703857422e+00 -5.290476679801940918e-01 -9.298709034919738770e-01 -4.229559302330017090e-01
-9.337470531463623047e-01 1.626011848449707031e+00 1.330817818641662598e+00 -1.659959316253662109e+00 1.991924285888671875e+00 -1.431911587715148926e+00 -9.267649650573730469e-01 -1.838449001312255859e+00 2.085297346115112305e+00 -6.250166296958923340e-01 -6.878117322921752930e-01 -6.675782203674316406e-01 -4.806081950664520264e-02 7.909207344055175781e-01 1.745341420173645020e+00 9.622296690940856934e-01 1.952162027359008789e+00 -5.998316407203674316e-01 -8.752222657203674316e-01 -4.034244716167449951e-01
-9.573817253112792969e-01 1.640973567962646484e+00 1.349600434303283691e+00 -1.437036752700805664e+00 1.860653996467590332e+00 -1.438533902168273926e+00 -8.980762362480163574e-01 -1.802005052566528320e+00 1.885899305343627930e+00 -5.899888277053833008e-01 -8.303881883621215820e-01 -5.967063903808593750e-01 -9.720750153064727783e-02 6.693847775459289551e-01 1.710738658905029297e+00 7.968145012855529785e-01 1.632355213165283203e+00 -6.205732226371765137e-01 -8.089712858200073242e-01 -4.079592227935791016e-01
-9.168805480003356934e-01 1.528603076934814453e+00 1.363562107086181641e+00 -9.601185917854309082e-01 1.660154700279235840e+00 -1.258795499801635742e+00 -7.740932703018188477e-01 -1.593996644020080566e+00 1.578192114830017090e+00 -5.671028494834899902e-01 -1.106506586074829102e+00 -6.052445173263549805e-01 -2.161059379577636719e-01 2.079136669635772705e-01 1.649875044822692871e+00 6.376000642776489258e-01 1.127974271774291992e+00 -4.886738359928131104e-01 -8.045891523361206055e-01 -4.340119063854217529e-01
-9.149470925331115723e-01 1.468426108360290527e+00 1.550370335578918457e+00 -6.007028818130493164e-01 1.655493140220642090e+00 -1.136781215667724609e+00 -7.791098952293395996e-01 -1.425210714340209961e+00 1.505279541015625000e+00 -5.572912693023681641e-01 -1.234215855598449707e+00 -7.357771396636962891e-01 -3.396943807601928711e-01 -2.032535523176193237e-01 1.708542943000793457e+00 7.670531272888183594e-01 9.620449542999267578e-01 -3.243586421012878418e-01 -9.887809157371520996e-01 -5.495299100875854492e-01
-9.650824069976806641e-01 1.493022799491882324e+00 1.787151217460632324e+00 -5.097385644912719727e-01 1.714824795722961426e+00 -1.109302520751953125e+00 -8.313933610916137695e-01 -1.380378603935241699e+00 1.581140398979187012e+00 -5.858145356178283691e-01 -1.290024399757385254e+00 -9.031448364257812500e-01 -4.450974166393280029e-01 -3.804771304130554199e-01 1.830712795257568359e+00 9.225451946258544922e-01 1.057804465293884277e+00 -2.027277052402496338e-01 -1.187033534049987793e+00 -5.884784460067749023e-01
-1.006417751312255859e+00 1.477950930595397949e+00 1.938318848609924316e+00 -5.000278353691101074e-01 1.737210869789123535e+00 -1.075594067573547363e+00 -8.607355356216430664e-01 -1.362149357795715332e+00 1.634753465652465820e+00 -5.946068167686462402e-01 -1.311012744903564453e+00 -1.050219297409057617e+00 -5.116052627563476562e-01 -4.793418049812316895e-01 1.920461773872375488e+00 1.030064582824707031e+00 1.180438041687011719e+00 -1.085570752620697021e-01 -1.338863730430603027e+00 -5.705977082252502441e-01
-1.013098835945129395e+00 1.438576102256774902e+00 2.015626430511474609e+00 -4.981804490089416504e-01 1.742321729660034180e+00 -1.025991320610046387e+00 -8.679155111312866211e-01 -1.326032161712646484e+00 1.662016868591308594e+00 -5.972213149070739746e-01 -1.302515506744384766e+00 -1.147860050201416016e+00 -5.473331809043884277e-01 -5.424659848213195801e-01 1.960399270057678223e+00 1.100246429443359375e+00 1.270158171653747559e+00 -3.449717164039611816e-02 -1.429658412933349609e+00 -5.481731891632080078e-01
-9.984433054924011230e-01 1.387356281280517578e+00 2.059903621673583984e+00 -5.221800804138183594e-01 1.744040369987487793e+00 -9.682406783103942871e-01 -8.699490427970886230e-01 -1.287812113761901855e+00 1.678410053253173828e+00 -5.851045846939086914e-01 -1.260490059852600098e+00 -1.224326848983764648e+00 -5.727829337120056152e-01 -5.908111929893493652e-01 1.992856502532958984e+00 1.165192961692810059e+00 1.349869966506958008e+00 1.575013250112533569e-02 -1.499489188194274902e+00 -5.259674191474914551e-01
-9.616357684135437012e-01 1.324267268180847168e+00 2.074664592742919922e+00 -5.568048954010009766e-01 1.711058497428894043e+00 -9.163412451744079590e-01 -8.642204999923706055e-01 -1.229459524154663086e+00 1.673547863960266113e+00 -5.556136369705200195e-01 -1.195539236068725586e+00 -1.275412201881408691e+00 -5.971468687057495117e-01 -6.169416904449462891e-01 1.992996215820312500e+00 1.204738378524780273e+00 1.410483837127685547e+00 5.197275429964065552e-02 -1.548229217529296875e+00 -4.953186511993408203e-01
-9.116846919059753418e-01 1.235264778137207031e+00 2.052260398864746094e+00 -6.050960421562194824e-01 1.657840371131896973e+00 -8.589267730712890625e-01 -8.572967052459716797e-01 -1.164305567741394043e+00 1.621517419815063477e+00 -5.102559924125671387e-01 -1.113360524177551270e+00 -1.290412425994873047e+00 -6.276688575744628906e-01 -6.005941629409790039e-01 1.963748455047607422e+00 1.215939044952392578e+00 1.455725312232971191e+00 7.344464957714080811e-02 -1.577024221420288086e+00 -4.507701992988586426e-01
-8.135928511619567871e-01 1.053920388221740723e+00 1.959477782249450684e+00 -6.905951499938964844e-01 1.539624691009521484e+00 -8.003708720207214355e-01 -8.224519491195678711e-01 -1.061645627021789551e+00 1.497945070266723633e+00 -4.310710430145263672e-01 -9.634836912155151367e-01 -1.236044287681579590e+00 -5.980703830718994141e-01 -5.293284654617309570e-01 1.877971291542053223e+00 1.193829178810119629e+00 1.448007464408874512e+00 5.808904021978378296e-02 -1.547100424766540527e+00 -3.522406220436096191e-01
-7.056519985198974609e-01 8.883657455444335938e-01 1.728570342063903809e+00 -9.229189157485961914e-01 1.394736766815185547e+00 -8.270814418792724609e-01 -8.251237273216247559e-01 -1.042965531349182129e+00 1.332156300544738770e+00 -3.036715090274810791e-01 -6.836491823196411133e-01 -1.068926930427551270e+00 -4.206147193908691406e-01 -2.551491856575012207e-01 1.759947896003723145e+00 1.119152665138244629e+00 1.410973191261291504e+00 -9.706750512123107910e-02 -1.384287357330322266e+00 -1.776088178157806396e-01
-7.892456650733947754e-01 9.996633529663085938e-01 1.474204301834106445e+00 -1.347259640693664551e+00 1.391037940979003906e+00 -9.883936047554016113e-01 -9.799261093139648438e-01 -1.266146302223205566e+00 1.422228932380676270e+00 -3.164243102073669434e-01 -4.122598767280578613e-01 -8.425815105438232422e-01 -1.998120397329330444e-01 2.661840319633483887e-01 1.678097963333129883e+00 1.020010948181152344e+00 1.514143705368041992e+00 -3.200141191482543945e-01 -1.163216471672058105e+00 1.093101315200328827e-02
-9.152808785438537598e-01 1.260305881500244141e+00 1.457252383232116699e+00 -1.585504651069641113e+00 1.543928861618041992e+00 -1.247708439826965332e+00 -1.059677720069885254e+00 -1.521451592445373535e+00 1.689693450927734375e+00 -4.173708558082580566e-01 -4.191631078720092773e-01 -7.685458660125732422e-01 -1.380048245191574097e-01 5.455796718597412109e-01 1.756902098655700684e+00 1.062855839729309082e+00 1.717507123947143555e+00 -4.570532739162445068e-01 -1.101987481117248535e+00 -4.246413707733154297e-02
-9.854644536972045898e-01 1.410102486610412598e+00 1.423342943191528320e+00 -1.678570866584777832e+00 1.644592761993408203e+00 -1.394630789756774902e+00 -1.069603443145751953e+00 -1.694882631301879883e+00 1.811002254486083984e+00 -4.591022133827209473e-01 -4.752694368362426758e-01 -7.400040626525878906e-01 -1.266657412052154541e-01 7.045846581459045410e-01 1.771110177040100098e+00 1.054486393928527832e+00 1.837136387825012207e+00 -5.377411842346191406e-01 -1.062927126884460449e+00 -1.066659018397331238e-01
-1.019884943962097168e+00 1.485431671142578125e+00 1.381021380424499512e+00 -1.717517256736755371e+00 1.715610265731811523e+00 -1.464465022087097168e+00 -1.044955730438232422e+00 -1.815706729888916016e+00 1.868206024169921875e+00 -4.721757769584655762e-01 -5.344922542572021484e-01 -7.363636493682861328e-01 -1.260979175567626953e-01 7.908131480216979980e-01 1.763786673545837402e+00 1.030203104019165039e+00 1.916613221168518066e+00 -5.827553272247314453e-01 -1.034826874732971191e+00 -1.596489846706390381e-01
-1.037896633148193359e+00 1.515934705734252930e+00 1.337332487106323242e+00 -1.733746051788330078e+00 1.774530768394470215e+00 -1.491228461265563965e+00 -1.000857353210449219e+00 -1.911163091659545898e+00 1.897632002830505371e+00 -4.718299806118011475e-01 -5.923349857330322266e-01 -7.521380186080932617e-01 -1.319451183080673218e-01 8.421189188957214355e-01 1.744949340820312500e+00 1.008337020874023438e+00 1.989691615104675293e+00 -6.013109683990478516e-01 -1.019085288047790527e+00 -2.094731628894805908e-01
-1.048885941505432129e+00 1.523465871810913086e+00 1.308947801589965820e+00 -1.742524623870849609e+00 1.829752445220947266e+00 -1.489629149436950684e+00 -9.548198580741882324e-01 -1.992314219474792480e+00 1.913200616836547852e+00 -4.649812877178192139e-01 -6.437095403671264648e-01 -7.945008277893066406e-01 -1.485106050968170166e-01 8.631928563117980957e-01 1.729164123535156250e+00 9.991058707237243652e-01 2.075351238250732422e+00 -5.944437980651855469e-01 -1.029541373252868652e+00 -2.524144947528839111e-01
-1.045653700828552246e+00 1.497601747512817383e+00 1.286352753639221191e+00 -1.744583129882812500e+00 1.883565425872802734e+00 -1.459663987159729004e+00 -8.942948579788208008e-01 -2.053054332733154297e+00 1.923444390296936035e+00 -4.510717093944549561e-01 -6.989163160324096680e-01 -8.475996255874633789e-01 -1.624909341335296631e-01 8.624773621559143066e-01 1.712472796440124512e+00 9.913658499717712402e-01 2.155925989151000977e+00 -5.704454183578491211e-01 -1.046301126480102539e+00 -2.957468032836914062e-01
-1.032119154930114746e+00 1.435081124305725098e+00 1.268830776214599609e+00 -1.739037990570068359e+00 1.930370092391967773e+00 -1.406225085258483887e+00 -8.151158690452575684e-01 -2.099771976470947266e+00 1.930598855018615723e+00 -4.272749423980712891e-01 -7.624055147171020508e-01 -9.131039381027221680e-01 -1.678012758493423462e-01 8.379833698272705078e-01 1.696521639823913574e+00 9.812273383140563965e-01 2.221094131469726562e+00 -5.305087566375732422e-01 -1.062666177749633789e+00 -3.325368762016296387e-01
