-1.074103355407714844e+00 1.254279494285583496e+00 1.325646519660949707e+00 -1.404723405838012695e+00 1.792567372322082520e+00 -1.516708374023437500e+00 -2.780314683914184570e-01 -2.173711538314819336e+00 1.683262586593627930e+00 -4.477912783622741699e-01 -1.089839696884155273e+00 -9.054995179176330566e-01 -3.428158909082412720e-02 7.058981060981750488e-01 1.813291788101196289e+00 8.151591420173645020e-01 1.869112253189086914e+00 -6.531381607055664062e-01 -8.420832157135009766e-01 -4.713683128356933594e-01
-1.089844346046447754e+00 1.284794211387634277e+00 1.292834043502807617e+00 -1.275976419448852539e+00 1.742265105247497559e+00 -1.426471710205078125e+00 -3.561143279075622559e-01 -1.968742966651916504e+00 1.602957844734191895e+00 -5.632139444351196289e-01 -1.030460000038146973e+00 -7.480859756469726562e-01 -8.218051493167877197e-02 6.869537234306335449e-01 1.748293280601501465e+00 9.150630235671997070e-01 1.714929938316345215e+00 -5.860101580619812012e-01 -7.895659208297729492e-01 -5.239430665969848633e-01
-1.081451058387756348e+00 1.284566164016723633e+00 1.250195980072021484e+00 -1.038491010665893555e+00 1.611229419708251953e+00 -1.233289241790771484e+00 -5.249336361885070801e-01 -1.591008901596069336e+00 1.487099647521972656e+00 -6.715506315231323242e-01 -9.020689725875854492e-01 -5.826348066329956055e-01 -1.959335803985595703e-01 5.790454149246215820e-01 1.629987239837646484e+00 1.050270557403564453e+00 1.486927151679992676e+00 -4.555737972259521484e-01 -7.792211771011352539e-01 -5.244469642639160156e-01
-1.056670665740966797e+00 1.303969025611877441e+00 1.256579041481018066e+00 -8.473689556121826172e-01 1.511089563369750977e+00 -1.062437653541564941e+00 -7.541921734809875488e-01 -1.259010195732116699e+00 1.425795316696166992e+00 -7.306513190269470215e-01 -7.539871931076049805e-01 -5.409584045410156250e-01 -3.249853253364562988e-01 3.837677240371704102e-01 1.570045232772827148e+00 1.156190037727355957e+00 1.315888047218322754e+00 -3.218176960945129395e-01 -8.316291570663452148e-01 -4.475643038749694824e-01
-1.026569724082946777e+00 1.317152619361877441e+00 1.353195190429687500e+00 -7.577319741249084473e-01 1.483438849449157715e+00 -1.002851843833923340e+00 -9.336078763008117676e-01 -1.082257747650146484e+00 1.440960764884948730e+00 -7.369484901428222656e-01 -6.830488443374633789e-01 -5.987111926078796387e-01 -3.914033174514770508e-01 1.947079896926879883e-01 1.597548604011535645e+00 1.229270100593566895e+00 1.250465631484985352e+00 -2.212743163108825684e-01 -9.321756958961486816e-01 -3.485977053642272949e-01
-1.003651142120361328e+00 1.342312335968017578e+00 1.456733942031860352e+00 -7.218341231346130371e-01 1.493696331977844238e+00 -9.895664453506469727e-01 -1.062211751937866211e+00 -9.798567295074462891e-01 1.480238437652587891e+00 -7.459354400634765625e-01 -6.445108056068420410e-01 -6.326065063476562500e-01 -4.318790137767791748e-01 8.918090164661407471e-02 1.619431018829345703e+00 1.259275794029235840e+00 1.212475299835205078e+00 -1.586795151233673096e-01 -1.004628419876098633e+00 -2.737753391265869141e-01
-9.880975484848022461e-01 1.390884637832641602e+00 1.554064273834228516e+00 -7.194542288780212402e-01 1.546285748481750488e+00 -1.011284828186035156e+00 -1.162316679954528809e+00 -9.580632448196411133e-01 1.547112822532653809e+00 -7.477836012840270996e-01 -6.289640069007873535e-01 -6.793044805526733398e-01 -4.628790020942687988e-01 -9.852275252342224121e-04 1.672603011131286621e+00 1.285124063491821289e+00 1.220104813575744629e+00 -1.380513012409210205e-01 -1.074812769889831543e+00 -2.302810698747634888e-01
-9.827364683151245117e-01 1.445884466171264648e+00 1.630450248718261719e+00 -7.341834306716918945e-01 1.604647040367126465e+00 -1.042064428329467773e+00 -1.247491240501403809e+00 -9.700730443000793457e-01 1.612918853759765625e+00 -7.423138022422790527e-01 -6.234642863273620605e-01 -7.304547429084777832e-01 -4.862129092216491699e-01 -6.627472490072250366e-02 1.728853821754455566e+00 1.305622935295104980e+00 1.248473167419433594e+00 -1.397544741630554199e-01 -1.134719491004943848e+00 -2.006846368312835693e-01
-9.795962572097778320e-01 1.497479319572448730e+00 1.696628808975219727e+00 -7.479107975959777832e-01 1.659757375717163086e+00 -1.080510497093200684e+00 -1.316164016723632812e+00 -9.933962821960449219e-01 1.668239235877990723e+00 -7.379801273345947266e-01 -6.256623268127441406e-01 -7.709463834762573242e-01 -5.081106424331665039e-01 -1.116788163781166077e-01 1.783014774322509766e+00 1.315489649772644043e+00 1.274194240570068359e+00 -1.503250896930694580e-01 -1.185399293899536133e+00 -1.783136278390884399e-01
-9.736750125885009766e-01 1.540182113647460938e+00 1.752873420715332031e+00 -7.509022355079650879e-01 1.710563421249389648e+00 -1.120765209197998047e+00 -1.371443033218383789e+00 -1.015808343887329102e+00 1.715964198112487793e+00 -7.347566485404968262e-01 -6.270006895065307617e-01 -8.037365674972534180e-01 -5.172283053398132324e-01 -1.485946178436279297e-01 1.830544114112854004e+00 1.315858840942382812e+00 1.289061546325683594e+00 -1.673035472631454468e-01 -1.222072958946228027e+00 -1.549813896417617798e-01
-9.622117280960083008e-01 1.571187853813171387e+00 1.800683259963989258e+00 -7.390654087066650391e-01 1.761405587196350098e+00 -1.163335561752319336e+00 -1.411168456077575684e+00 -1.037603974342346191e+00 1.758060216903686523e+00 -7.309605479240417480e-01 -6.307885050773620605e-01 -8.322658538818359375e-01 -5.106855034828186035e-01 -1.775377988815307617e-01 1.871440649032592773e+00 1.304791808128356934e+00 1.295005798339843750e+00 -1.900577545166015625e-01 -1.243374109268188477e+00 -1.304167360067367554e-01
-9.405502080917358398e-01 1.582530498504638672e+00 1.835051894187927246e+00 -7.064491510391235352e-01 1.810905337333679199e+00 -1.208315372467041016e+00 -1.426775932312011719e+00 -1.059033274650573730e+00 1.790850520133972168e+00 -7.217085957527160645e-01 -6.373854279518127441e-01 -8.572630286216735840e-01 -4.823248982429504395e-01 -1.967196166515350342e-01 1.901219844818115234e+00 1.275972723960876465e+00 1.289795994758605957e+00 -2.209596037864685059e-01 -1.243860006332397461e+00 -1.040212810039520264e-01
-8.917745351791381836e-01 1.553255081176757812e+00 1.845488548278808594e+00 -6.417816877365112305e-01 1.869998812675476074e+00 -1.270601511001586914e+00 -1.392235398292541504e+00 -1.095530390739440918e+00 1.814984679222106934e+00 -6.905239224433898926e-01 -6.497125625610351562e-01 -8.785011768341064453e-01 -4.008188545703887939e-01 -2.107132077217102051e-01 1.922241568565368652e+00 1.219227194786071777e+00 1.267118811607360840e+00 -2.798896729946136475e-01 -1.207865953445434570e+00 -8.221819996833801270e-02
-7.972205877304077148e-01 1.398826599121093750e+00 1.808791041374206543e+00 -5.385701656341552734e-01 1.922596931457519531e+00 -1.331976175308227539e+00 -1.244597911834716797e+00 -1.155937194824218750e+00 1.812202572822570801e+00 -5.989761948585510254e-01 -6.954672932624816895e-01 -8.992298245429992676e-01 -2.283167541027069092e-01 -2.110400199890136719e-01 1.902870178222656250e+00 1.101658344268798828e+00 1.196538090705871582e+00 -3.600379228591918945e-01 -1.101244688034057617e+00 -5.019370466470718384e-02
-7.212916612625122070e-01 1.151484727859497070e+00 1.714173316955566406e+00 -4.629099965095520020e-01 1.912859559059143066e+00 -1.398512601852416992e+00 -9.714751839637756348e-01 -1.297495365142822266e+00 1.749349355697631836e+00 -4.379295408725738525e-01 -8.122788667678833008e-01 -9.560146331787109375e-01 -1.266743242740631104e-02 -1.366463005542755127e-01 1.853270649909973145e+00 9.201725721359252930e-01 1.162974953651428223e+00 -4.428848624229431152e-01 -9.660031199455261230e-01 -1.725790277123451233e-02
-7.310413122177124023e-01 9.734516739845275879e-01 1.608426928520202637e+00 -5.934613943099975586e-01 1.870208263397216797e+00 -1.425662517547607422e+00 -6.680805087089538574e-01 -1.556343913078308105e+00 1.706740379333496094e+00 -3.013849556446075439e-01 -9.926134943962097168e-01 -1.074990391731262207e+00 8.092600107192993164e-02 1.541130244731903076e-03 1.841409802436828613e+00 7.915216088294982910e-01 1.346259713172912598e+00 -4.622442424297332764e-01 -9.286233782768249512e-01 -5.812530219554901123e-02
-7.516463994979858398e-01 8.772031664848327637e-01 1.505621194839477539e+00 -7.941385507583618164e-01 1.779528141021728516e+00 -1.369731664657592773e+00 -4.796761870384216309e-01 -1.727707743644714355e+00 1.635361075401306152e+00 -1.943826973438262939e-01 -1.079466342926025391e+00 -1.158075690269470215e+00 3.492104262113571167e-02 1.247077584266662598e-01 1.779569029808044434e+00 7.396019697189331055e-01 1.546830892562866211e+00 -4.320963323116302490e-01 -9.504315257072448730e-01 -1.515614092350006104e-01
-7.846266031265258789e-01 8.680021166801452637e-01 1.472262740135192871e+00 -9.849589467048645020e-01 1.649204134941101074e+00 -1.323555231094360352e+00 -3.816232979297637939e-01 -1.795184254646301270e+00 1.584396243095397949e+00 -1.269970536231994629e-01 -1.087868571281433105e+00 -1.204867959022521973e+00 -9.645301848649978638e-02 2.087668478488922119e-01 1.729456186294555664e+00 7.535115480422973633e-01 1.691357851028442383e+00 -3.979891538619995117e-01 -1.033578991889953613e+00 -2.414949387311935425e-01
-7.952957153320312500e-01 8.667746782302856445e-01 1.460934400558471680e+00 -1.064406156539916992e+00 1.521731615066528320e+00 -1.278520941734313965e+00 -3.532299101352691650e-01 -1.762894034385681152e+00 1.530400991439819336e+00 -8.639284968376159668e-02 -1.067788839340209961e+00 -1.217528462409973145e+00 -2.279826402664184570e-01 2.349576354026794434e-01 1.672272324562072754e+00 7.771953344345092773e-01 1.745614290237426758e+00 -3.533319234848022461e-01 -1.106269359588623047e+00 -2.864089012145996094e-01
-7.960623502731323242e-01 8.706802725791931152e-01 1.467861533164978027e+00 -1.065865516662597656e+00 1.408704519271850586e+00 -1.237090110778808594e+00 -3.686662912368774414e-01 -1.672706246376037598e+00 1.476277947425842285e+00 -6.910261511802673340e-02 -1.035023212432861328e+00 -1.209087252616882324e+00 -3.505787551403045654e-01 2.216477990150451660e-01 1.617274045944213867e+00 8.014056086540222168e-01 1.735382199287414551e+00 -3.051794767379760742e-01 -1.167480111122131348e+00 -2.992329597473144531e-01
-8.003839254379272461e-01 8.813383579254150391e-01 1.492974758148193359e+00 -1.007066965103149414e+00 1.313795924186706543e+00 -1.195324778556823730e+00 -4.158028066158294678e-01 -1.539503216743469238e+00 1.417799592018127441e+00 -8.053611963987350464e-02 -9.952186942100524902e-01 -1.177269220352172852e+00 -4.640558362007141113e-01 1.826486885547637939e-01 1.567674040794372559e+00 8.241283893585205078e-01 1.668116688728332520e+00 -2.551578581333160400e-01 -1.216458797454833984e+00 -2.900303006172180176e-01
-8.260529041290283203e-01 9.172351360321044922e-01 1.562533259391784668e+00 -9.036163091659545898e-01 1.267839431762695312e+00 -1.175061345100402832e+00 -5.111277103424072266e-01 -1.382117986679077148e+00 1.379696726799011230e+00 -1.428456902503967285e-01 -9.556512236595153809e-01 -1.101609349250793457e+00 -5.659061074256896973e-01 1.499347686767578125e-01 1.539483308792114258e+00 8.511135578155517578e-01 1.552484273910522461e+00 -2.059488296508789062e-01 -1.251056432723999023e+00 -2.547981739044189453e-01
-8.847092390060424805e-01 1.084423661231994629e+00 1.691601157188415527e+00 -8.286118507385253906e-01 1.299913763999938965e+00 -1.208599925041198730e+00 -6.590198278427124023e-01 -1.282102465629577637e+00 1.393637299537658691e+00 -2.631529569625854492e-01 -9.319430589675903320e-01 -9.893820285797119141e-01 -6.365016698837280273e-01 7.305025309324264526e-02 1.618462204933166504e+00 9.057201743125915527e-01 1.396139502525329590e+00 -2.175135612487792969e-01 -1.277819871902465820e+00 -2.795132398605346680e-01
-9.914847612380981445e-01 1.344111084938049316e+00 1.825887918472290039e+00 -8.144649267196655273e-01 1.386117100715637207e+00 -1.221306085586547852e+00 -8.196480870246887207e-01 -1.259680509567260742e+00 1.456844091415405273e+00 -4.432423412799835205e-01 -9.512097239494323730e-01 -8.667294979095458984e-01 -7.127984166145324707e-01 -3.737857937812805176e-02 1.741261482238769531e+00 9.665179848670959473e-01 1.260661125183105469e+00 -2.479650676250457764e-01 -1.326160788536071777e+00 -4.004775285720825195e-01
-1.104354858398437500e+00 1.515340924263000488e+00 1.903604388236999512e+00 -7.783687114715576172e-01 1.492678165435791016e+00 -1.175501823425292969e+00 -9.300948381423950195e-01 -1.217318534851074219e+00 1.480381488800048828e+00 -6.595512032508850098e-01 -1.005736351013183594e+00 -7.118207216262817383e-01 -7.052801847457885742e-01 -9.035459905862808228e-02 1.836779356002807617e+00 1.013892531394958496e+00 1.105431318283081055e+00 -2.355469763278961182e-01 -1.306572914123535156e+00 -4.929127693176269531e-01
-1.150683283805847168e+00 1.543925046920776367e+00 1.888710737228393555e+00 -7.437278628349304199e-01 1.549145221710205078e+00 -1.108557105064392090e+00 -9.307807087898254395e-01 -1.186309814453125000e+00 1.466888666152954102e+00 -7.922425866127014160e-01 -1.085201859474182129e+00 -6.114947795867919922e-01 -6.240468621253967285e-01 -8.861646801233291626e-02 1.868536353111267090e+00 9.991747140884399414e-01 1.000659584999084473e+00 -1.975815892219543457e-01 -1.227822542190551758e+00 -5.357823371887207031e-01
-1.172036170959472656e+00 1.546689152717590332e+00 1.853155016899108887e+00 -7.615163922309875488e-01 1.609462380409240723e+00 -1.112879037857055664e+00 -8.756252527236938477e-01 -1.289928436279296875e+00 1.492151737213134766e+00 -8.167284727096557617e-01 -1.165559291839599609e+00 -6.171490550041198730e-01 -5.419902205467224121e-01 -8.137548714876174927e-02 1.894212126731872559e+00 9.552983641624450684e-01 1.007950544357299805e+00 -2.191890776157379150e-01 -1.189680814743041992e+00 -5.516092181205749512e-01
-1.162218093872070312e+00 1.520121932029724121e+00 1.827180385589599609e+00 -8.055413961410522461e-01 1.656407952308654785e+00 -1.142323136329650879e+00 -8.065596818923950195e-01 -1.401754021644592285e+00 1.517784833908081055e+00 -7.976863980293273926e-01 -1.214860677719116211e+00 -6.626732945442199707e-01 -4.636524319648742676e-01 -7.059746235609054565e-02 1.905043363571166992e+00 9.095641970634460449e-01 1.058301329612731934e+00 -2.473641335964202881e-01 -1.175042986869812012e+00 -5.428302288055419922e-01
-1.141536831855773926e+00 1.463029146194458008e+00 1.801722645759582520e+00 -8.528190255165100098e-01 1.672874569892883301e+00 -1.174260020256042480e+00 -7.167174816131591797e-01 -1.500812649726867676e+00 1.533059716224670410e+00 -7.575278878211975098e-01 -1.244773149490356445e+00 -7.236776947975158691e-01 -3.917512595653533936e-01 -4.650972783565521240e-02 1.883511424064636230e+00 8.485959172248840332e-01 1.119510173797607422e+00 -2.716769576072692871e-01 -1.166743993759155273e+00 -5.088918805122375488e-01
-1.096726775169372559e+00 1.380474209785461426e+00 1.759576082229614258e+00 -8.938121199607849121e-01 1.662484765052795410e+00 -1.196359992027282715e+00 -6.095234155654907227e-01 -1.579574346542358398e+00 1.531896829605102539e+00 -6.952602267265319824e-01 -1.254795789718627930e+00 -7.936132550239562988e-01 -3.340670168399810791e-01 -2.738273143768310547e-02 1.826324582099914551e+00 7.785075902938842773e-01 1.188006520271301270e+00 -2.886353731155395508e-01 -1.162397384643554688e+00 -4.772288203239440918e-01
-1.046430230140686035e+00 1.274342656135559082e+00 1.701431393623352051e+00 -9.375758171081542969e-01 1.622231006622314453e+00 -1.202664852142333984e+00 -5.040509104728698730e-01 -1.635121941566467285e+00 1.528793573379516602e+00 -6.099624037742614746e-01 -1.265904545783996582e+00 -8.960780501365661621e-01 -3.006126880645751953e-01 -1.073069125413894653e-02 1.772492527961730957e+00 7.119367718696594238e-01 1.278588414192199707e+00 -2.939579784870147705e-01 -1.166067481040954590e+00 -4.197583794593811035e-01
-9.846606254577636719e-01 1.181681513786315918e+00 1.670292139053344727e+00 -9.994140267372131348e-01 1.562709808349609375e+00 -1.184912323951721191e+00 -4.639857411384582520e-01 -1.676892876625061035e+00 1.516899228096008301e+00 -4.663902223110198975e-01 -1.247678995132446289e+00 -1.051492691040039062e+00 -3.167769014835357666e-01 -4.148328304290771484e-02 1.741683483123779297e+00 6.683035492897033691e-01 1.402685165405273438e+00 -2.738656997680664062e-01 -1.233393669128417969e+00 -3.600652217864990234e-01
-8.865553140640258789e-01 1.092366933822631836e+00 1.662007689476013184e+00 -1.017315626144409180e+00 1.497644305229187012e+00 -1.158037066459655762e+00 -4.792396724224090576e-01 -1.649423718452453613e+00 1.474807500839233398e+00 -3.168604075908660889e-01 -1.188610196113586426e+00 -1.175856351852416992e+00 -3.321000933647155762e-01 -1.320115625858306885e-01 1.711538791656494141e+00 6.518332362174987793e-01 1.456330299377441406e+00 -2.217300534248352051e-01 -1.296818375587463379e+00 -3.118151426315307617e-01
-7.597243785858154297e-01 1.022569298744201660e+00 1.692582964897155762e+00 -1.015348553657531738e+00 1.453813672065734863e+00 -1.102224826812744141e+00 -5.417310595512390137e-01 -1.522449851036071777e+00 1.462188124656677246e+00 -2.096390724182128906e-01 -1.100261688232421875e+00 -1.276662945747375488e+00 -3.675446510314941406e-01 -2.648416161537170410e-01 1.698189139366149902e+00 6.556556820869445801e-01 1.482264995574951172e+00 -1.314315050840377808e-01 -1.371040105819702148e+00 -2.541994452476501465e-01
-6.509648561477661133e-01 9.866165518760681152e-01 1.747071743011474609e+00 -9.834485650062561035e-01 1.429071307182312012e+00 -1.016847968101501465e+00 -6.355024576187133789e-01 -1.301272749900817871e+00 1.479627609252929688e+00 -2.018941938877105713e-01 -1.000452041625976562e+00 -1.296716570854187012e+00 -4.232491850852966309e-01 -3.717673420906066895e-01 1.709023118019104004e+00 6.680113673210144043e-01 1.462793111801147461e+00 -2.510183490812778473e-02 -1.415838956832885742e+00 -1.934971660375595093e-01
-7.015967369079589844e-01 1.064114332199096680e+00 1.836011767387390137e+00 -9.856526255607604980e-01 1.468853592872619629e+00 -9.821765422821044922e-01 -8.172829151153564453e-01 -1.203061103820800781e+00 1.562872171401977539e+00 -2.892351150512695312e-01 -9.240642786026000977e-01 -1.286186337471008301e+00 -5.303801298141479492e-01 -4.161398410797119141e-01 1.791037201881408691e+00 7.579939365386962891e-01 1.475769519805908203e+00 2.868299186229705811e-02 -1.484575390815734863e+00 -1.206752210855484009e-01
-7.961910963058471680e-01 1.228068351745605469e+00 1.912436962127685547e+00 -1.043648958206176758e+00 1.553445100784301758e+00 -9.671604633331298828e-01 -1.046112537384033203e+00 -1.115520358085632324e+00 1.677468419075012207e+00 -4.568733870983123779e-01 -8.386139273643493652e-01 -1.196650266647338867e+00 -6.531562805175781250e-01 -3.968076407909393311e-01 1.904020667076110840e+00 9.208356738090515137e-01 1.499167442321777344e+00 4.689568281173706055e-02 -1.530729055404663086e+00 -9.212312847375869751e-02
-8.803102970123291016e-01 1.367500424385070801e+00 1.965490221977233887e+00 -1.074627876281738281e+00 1.643618226051330566e+00 -9.573682546615600586e-01 -1.225388646125793457e+00 -1.041267156600952148e+00 1.757557034492492676e+00 -6.149716973304748535e-01 -7.825427651405334473e-01 -1.057829618453979492e+00 -7.034078836441040039e-01 -3.779800534248352051e-01 2.003072738647460938e+00 1.083316206932067871e+00 1.455151200294494629e+00 4.112851619720458984e-02 -1.526803016662597656e+00 -1.257573366165161133e-01
-9.431427717208862305e-01 1.466824769973754883e+00 2.010072708129882812e+00 -1.057956218719482422e+00 1.712533473968505859e+00 -9.488394856452941895e-01 -1.328168749809265137e+00 -9.665794372558593750e-01 1.802450418472290039e+00 -7.580170035362243652e-01 -7.585871219635009766e-01 -9.222398400306701660e-01 -7.173314094543457031e-01 -3.707600533962249756e-01 2.075679302215576172e+00 1.222306966781616211e+00 1.382204771041870117e+00 4.603010416030883789e-02 -1.491404056549072266e+00 -1.942790448665618896e-01
-1.005634903907775879e+00 1.556652784347534180e+00 2.043273687362670898e+00 -1.037115216255187988e+00 1.751766920089721680e+00 -9.464157223701477051e-01 -1.396368622779846191e+00 -9.269703626632690430e-01 1.816215515136718750e+00 -8.679565191268920898e-01 -7.639420628547668457e-01 -8.149180412292480469e-01 -7.227726578712463379e-01 -3.570956289768218994e-01 2.118579387664794922e+00 1.313622474670410156e+00 1.317103862762451172e+00 4.885217547416687012e-02 -1.468237757682800293e+00 -2.541142106056213379e-01
-1.073032021522521973e+00 1.640330314636230469e+00 2.072141170501708984e+00 -1.015589237213134766e+00 1.761845111846923828e+00 -9.505605697631835938e-01 -1.438232302665710449e+00 -9.172666072845458984e-01 1.806509256362915039e+00 -9.471753239631652832e-01 -8.035637736320495605e-01 -7.383749485015869141e-01 -7.284815907478332520e-01 -3.437240123748779297e-01 2.140957355499267578e+00 1.358479261398315430e+00 1.261050105094909668e+00 5.322168767452239990e-02 -1.463609218597412109e+00 -3.020417690277099609e-01
-1.136501789093017578e+00 1.685148358345031738e+00 2.066967248916625977e+00 -9.691981673240661621e-01 1.736347436904907227e+00 -9.298471808433532715e-01 -1.437476158142089844e+00 -9.042440652847290039e-01 1.725547552108764648e+00 -1.008039593696594238e+00 -8.615124225616455078e-01 -6.301639080047607422e-01 -7.291560173034667969e-01 -3.152974843978881836e-01 2.125364780426025391e+00 1.358757495880126953e+00 1.157168030738830566e+00 5.182246118783950806e-02 -1.434180378913879395e+00 -3.601044416427612305e-01
-1.145067691802978516e+00 1.612522959709167480e+00 1.966899037361145020e+00 -8.634422421455383301e-01 1.630034685134887695e+00 -8.789099454879760742e-01 -1.309840917587280273e+00 -8.763490319252014160e-01 1.525491952896118164e+00 -1.013777256011962891e+00 -9.233573675155639648e-01 -4.612619280815124512e-01 -6.594605445861816406e-01 -2.574027478694915771e-01 2.026754856109619141e+00 1.260682702064514160e+00 9.535688161849975586e-01 1.736699789762496948e-02 -1.310795783996582031e+00 -4.204091429710388184e-01
-1.059215664863586426e+00 1.399105548858642578e+00 1.811686635017395020e+00 -7.981059551239013672e-01 1.576190233230590820e+00 -9.724431633949279785e-01 -9.484654068946838379e-01 -1.026607513427734375e+00 1.446795582771301270e+00 -9.138411283493041992e-01 -1.021831393241882324e+00 -4.077430963516235352e-01 -4.129272699356079102e-01 -5.001863837242126465e-02 1.877006888389587402e+00 1.091757535934448242e+00 9.269121885299682617e-01 -1.141086220741271973e-01 -1.087180137634277344e+00 -4.685415625572204590e-01
-9.920136928558349609e-01 1.179939150810241699e+00 1.624866366386413574e+00 -9.553683996200561523e-01 1.597079396247863770e+00 -1.146683335304260254e+00 -5.582354068756103516e-01 -1.467063069343566895e+00 1.488462924957275391e+00 -6.616728901863098145e-01 -1.070523142814636230e+00 -5.868961811065673828e-01 -1.943775713443756104e-01 2.135498225688934326e-01 1.756229996681213379e+00 8.825236558914184570e-01 1.170597076416015625e+00 -3.552435040473937988e-01 -9.546974897384643555e-01 -4.254987239837646484e-01
-9.327597618103027344e-01 1.125839233398437500e+00 1.530530214309692383e+00 -1.168367862701416016e+00 1.637437343597412109e+00 -1.241574287414550781e+00 -4.318626821041107178e-01 -1.742972731590270996e+00 1.572467565536499023e+00 -4.580323100090026855e-01 -1.061390519142150879e+00 -7.762793898582458496e-01 -1.213665381073951721e-01 3.379929363727569580e-01 1.703483223915100098e+00 8.118876218795776367e-01 1.449337363243103027e+00 -4.584633409976959229e-01 -9.625993967056274414e-01 -4.441167712211608887e-01
-8.931891918182373047e-01 1.100630402565002441e+00 1.486670851707458496e+00 -1.303001403808593750e+00 1.632190823554992676e+00 -1.266468644142150879e+00 -4.074872732162475586e-01 -1.861584901809692383e+00 1.619181752204895020e+00 -3.173703253269195557e-01 -1.032759308815002441e+00 -8.990897536277770996e-01 -1.211583539843559265e-01 3.801048696041107178e-01 1.677116274833679199e+00 7.925924062728881836e-01 1.620234966278076172e+00 -4.876666069030761719e-01 -1.004085898399353027e+00 -4.491404891014099121e-01
-8.673194646835327148e-01 1.088101983070373535e+00 1.471553921699523926e+00 -1.399461030960083008e+00 1.606436133384704590e+00 -1.259994745254516602e+00 -4.238186478614807129e-01 -1.908618330955505371e+00 1.634858846664428711e+00 -2.297393679618835449e-01 -9.992686510086059570e-01 -9.667282700538635254e-01 -1.470731496810913086e-01 3.920225501060485840e-01 1.658607602119445801e+00 7.944253683090209961e-01 1.715908408164978027e+00 -4.821598231792449951e-01 -1.054017782211303711e+00 -4.482758641242980957e-01
-8.352289199829101562e-01 1.071617007255554199e+00 1.469584226608276367e+00 -1.468218803405761719e+00 1.567064166069030762e+00 -1.232564091682434082e+00 -4.622356593608856201e-01 -1.903964281082153320e+00 1.620867371559143066e+00 -1.602798104286193848e-01 -9.524385333061218262e-01 -9.930985569953918457e-01 -1.926601231098175049e-01 3.858742117881774902e-01 1.630644083023071289e+00 8.054723143577575684e-01 1.759044528007507324e+00 -4.559518694877624512e-01 -1.107703804969787598e+00 -4.517232775688171387e-01
-7.898480892181396484e-01 1.076977849006652832e+00 1.467691302299499512e+00 -1.520397663116455078e+00 1.538450717926025391e+00 -1.171622395515441895e+00 -5.384517312049865723e-01 -1.839758396148681641e+00 1.614248156547546387e+00 -1.270903348922729492e-01 -8.936899304389953613e-01 -9.801681637763977051e-01 -2.556183338165283203e-01 3.506771624088287354e-01 1.608526349067687988e+00 8.365547657012939453e-01 1.768268704414367676e+00 -4.119494259357452393e-01 -1.167603015899658203e+00 -4.638307094573974609e-01
-7.629884481430053711e-01 1.111525654792785645e+00 1.471905350685119629e+00 -1.568381071090698242e+00 1.518694877624511719e+00 -1.033663392066955566e+00 -7.104761600494384766e-01 -1.692029356956481934e+00 1.589943289756774902e+00 -1.481221467256546021e-01 -7.885334491729736328e-01 -9.404990077018737793e-01 -3.764354586601257324e-01 2.725984156131744385e-01 1.602458000183105469e+00 9.102683663368225098e-01 1.750439643859863281e+00 -3.206080496311187744e-01 -1.252253532409667969e+00 -4.629510641098022461e-01
-7.384092807769775391e-01 1.148267865180969238e+00 1.506550192832946777e+00 -1.540730476379394531e+00 1.521023392677307129e+00 -8.627189993858337402e-01 -9.277986288070678711e-01 -1.432869911193847656e+00 1.582122445106506348e+00 -2.671615183353424072e-01 -6.795354485511779785e-01 -8.449516892433166504e-01 -5.084013938903808594e-01 1.623004376888275146e-01 1.627887010574340820e+00 1.011678814888000488e+00 1.662781834602355957e+00 -1.757921874523162842e-01 -1.302551507949829102e+00 -4.501275420188903809e-01
-7.096968889236450195e-01 1.198091268539428711e+00 1.557565569877624512e+00 -1.417219400405883789e+00 1.549348115921020508e+00 -7.220831513404846191e-01 -1.134912371635437012e+00 -1.142097473144531250e+00 1.600039362907409668e+00 -4.269007742404937744e-01 -6.022011041641235352e-01 -7.389903068542480469e-01 -6.112498044967651367e-01 2.950424328446388245e-02 1.664415717124938965e+00 1.096157789230346680e+00 1.521953582763671875e+00 -3.031229227781295776e-02 -1.304984092712402344e+00 -4.244664907455444336e-01
-7.761359214782714844e-01 1.265217423439025879e+00 1.637116909027099609e+00 -1.286170482635498047e+00 1.567030429840087891e+00 -6.787768006324768066e-01 -1.248865962028503418e+00 -9.998265504837036133e-01 1.650681614875793457e+00 -5.642724037170410156e-01 -6.559149622917175293e-01 -7.367806434631347656e-01 -6.851690411567687988e-01 -9.837957471609115601e-02 1.756689071655273438e+00 1.170498967170715332e+00 1.455309867858886719e+00 8.260271698236465454e-02 -1.336549520492553711e+00 -3.784715533256530762e-01
-8.534339666366577148e-01 1.330486893653869629e+00 1.691985011100769043e+00 -1.200958251953125000e+00 1.573900461196899414e+00 -6.719567179679870605e-01 -1.321508169174194336e+00 -9.230350852012634277e-01 1.668556809425354004e+00 -6.730342507362365723e-01 -6.989274621009826660e-01 -7.148920297622680664e-01 -7.175352573394775391e-01 -1.700583994388580322e-01 1.827536463737487793e+00 1.238647460937500000e+00 1.397245526313781738e+00 1.313487887382507324e-01 -1.350695848464965820e+00 -3.558696508407592773e-01
-9.214893579483032227e-01 1.385261893272399902e+00 1.734748601913452148e+00 -1.131029367446899414e+00 1.584445357322692871e+00 -6.980677247047424316e-01 -1.371381521224975586e+00 -9.035264253616333008e-01 1.663225054740905762e+00 -7.334917187690734863e-01 -7.281124591827392578e-01 -6.995500922203063965e-01 -7.271105647087097168e-01 -1.922759711742401123e-01 1.869289159774780273e+00 1.280998587608337402e+00 1.355778813362121582e+00 1.424752473831176758e-01 -1.360099077224731445e+00 -3.447883129119873047e-01
-9.643231630325317383e-01 1.420678734779357910e+00 1.756193518638610840e+00 -1.082512140274047852e+00 1.591141581535339355e+00 -7.209146618843078613e-01 -1.405229330062866211e+00 -9.031159877777099609e-01 1.647715687751770020e+00 -7.614704966545104980e-01 -7.447961568832397461e-01 -6.850869655609130859e-01 -7.228789329528808594e-01 -1.916532814502716064e-01 1.883366584777832031e+00 1.294715285301208496e+00 1.326839566230773926e+00 1.401983797550201416e-01 -1.359887480735778809e+00 -3.364258408546447754e-01
-9.857709407806396484e-01 1.435558438301086426e+00 1.760411858558654785e+00 -1.050129413604736328e+00 1.591599702835083008e+00 -7.366648316383361816e-01 -1.429655194282531738e+00 -9.131488204002380371e-01 1.624445319175720215e+00 -7.640527486801147461e-01 -7.475642561912536621e-01 -6.703437566757202148e-01 -7.076011896133422852e-01 -1.736351847648620605e-01 1.873305439949035645e+00 1.285662412643432617e+00 1.307335257530212402e+00 1.325194239616394043e-01 -1.351698517799377441e+00 -3.246591687202453613e-01
-9.833706617355346680e-01 1.426589727401733398e+00 1.744199156761169434e+00 -1.030057430267333984e+00 1.584618806838989258e+00 -7.493035197257995605e-01 -1.440813899040222168e+00 -9.362677931785583496e-01 1.591844916343688965e+00 -7.370755076408386230e-01 -7.338756918907165527e-01 -6.528021097183227539e-01 -6.694960594177246094e-01 -1.389392614364624023e-01 1.840453028678894043e+00 1.247541189193725586e+00 1.287451267242431641e+00 1.117290630936622620e-01 -1.328280210494995117e+00 -3.017326593399047852e-01
-9.489229917526245117e-01 1.380156159400939941e+00 1.694667696952819824e+00 -1.020975232124328613e+00 1.560490727424621582e+00 -7.539120912551879883e-01 -1.424834251403808594e+00 -9.683548808097839355e-01 1.538981318473815918e+00 -6.737025380134582520e-01 -6.958331465721130371e-01 -6.283463835716247559e-01 -6.016241908073425293e-01 -8.131173998117446899e-02 1.771242380142211914e+00 1.170507788658142090e+00 1.260509610176086426e+00 7.365465164184570312e-02 -1.278800845146179199e+00 -2.634018063545227051e-01
-8.943899869918823242e-01 1.315250277519226074e+00 1.616938948631286621e+00 -1.041067123413085938e+00 1.549359560012817383e+00 -7.774088382720947266e-01 -1.365613937377929688e+00 -1.034733533859252930e+00 1.491676092147827148e+00 -5.855426192283630371e-01 -6.433414220809936523e-01 -6.097508072853088379e-01 -4.965608119964599609e-01 1.693760976195335388e-02 1.701852083206176758e+00 1.064012050628662109e+00 1.255213737487792969e+00 -1.076881587505340576e-02 -1.195788383483886719e+00 -2.251480072736740112e-01
-8.501431941986083984e-01 1.240437746047973633e+00 1.519310951232910156e+00 -1.100798606872558594e+00 1.555878162384033203e+00 -8.252775073051452637e-01 -1.251106142997741699e+00 -1.158920168876647949e+00 1.478597164154052734e+00 -4.999749064445495605e-01 -6.038841605186462402e-01 -6.068584918975830078e-01 -3.716082870960235596e-01 1.418243050575256348e-01 1.652071833610534668e+00 9.754673242568969727e-01 1.295993924140930176e+00 -1.259367763996124268e-01 -1.093778848648071289e+00 -2.103677392005920410e-01
-8.472344875335693359e-01 1.193428516387939453e+00 1.470396995544433594e+00 -1.163066148757934570e+00 1.594283223152160645e+00 -8.883435726165771484e-01 -1.139308571815490723e+00 -1.304136157035827637e+00 1.497964978218078613e+00 -4.498179256916046143e-01 -6.054863333702087402e-01 -6.349910497665405273e-01 -2.826378941535949707e-01 2.333585023880004883e-01 1.652777671813964844e+00 9.524259567260742188e-01 1.363998055458068848e+00 -2.158528268337249756e-01 -1.035848140716552734e+00 -2.263098210096359253e-01
-8.627153635025024414e-01 1.180455684661865234e+00 1.474991679191589355e+00 -1.226476192474365234e+00 1.632014513015747070e+00 -9.474070668220520020e-01 -1.068198800086975098e+00 -1.420081615447998047e+00 1.544082641601562500e+00 -4.219781160354614258e-01 -6.375281214714050293e-01 -6.991801261901855469e-01 -2.489803135395050049e-01 2.784417569637298584e-01 1.682369947433471680e+00 9.573359489440917969e-01 1.461972236633300781e+00 -2.563648819923400879e-01 -1.045847654342651367e+00 -2.410649806261062622e-01
-8.659301996231079102e-01 1.182677149772644043e+00 1.482886075973510742e+00 -1.282586097717285156e+00 1.651837348937988281e+00 -9.664763808250427246e-01 -1.033528327941894531e+00 -1.476229786872863770e+00 1.580260992050170898e+00 -4.066505134105682373e-01 -6.483793854713439941e-01 -7.462647557258605957e-01 -2.550228834152221680e-01 2.885662019252777100e-01 1.699033617973327637e+00 9.763306975364685059e-01 1.537478685379028320e+00 -2.661998867988586426e-01 -1.074480056762695312e+00 -2.638094425201416016e-01
-8.596775531768798828e-01 1.193290472030639648e+00 1.491065144538879395e+00 -1.330393552780151367e+00 1.656334519386291504e+00 -9.468571543693542480e-01 -1.032220005989074707e+00 -1.484738230705261230e+00 1.602011203765869141e+00 -4.002609848976135254e-01 -6.396395564079284668e-01 -7.822406291961669922e-01 -2.911505699157714844e-01 2.683910131454467773e-01 1.705341935157775879e+00 1.005017638206481934e+00 1.593440890312194824e+00 -2.506495416164398193e-01 -1.118240237236022949e+00 -2.875586152076721191e-01
-8.470952510833740234e-01 1.220620512962341309e+00 1.510078072547912598e+00 -1.376120328903198242e+00 1.650545358657836914e+00 -8.996980190277099609e-01 -1.062770605087280273e+00 -1.449650526046752930e+00 1.622403025627136230e+00 -4.041407108306884766e-01 -6.156581640243530273e-01 -8.060604333877563477e-01 -3.628017604351043701e-01 2.216704487800598145e-01 1.706819891929626465e+00 1.049650430679321289e+00 1.636784315109252930e+00 -2.113234996795654297e-01 -1.181389451026916504e+00 -3.216315507888793945e-01
-8.284407854080200195e-01 1.263275265693664551e+00 1.538247704505920410e+00 -1.418182849884033203e+00 1.627412319183349609e+00 -8.213449716567993164e-01 -1.124143123626708984e+00 -1.367549777030944824e+00 1.635061144828796387e+00 -4.161197543144226074e-01 -5.747949481010437012e-01 -8.199871182441711426e-01 -4.728770852088928223e-01 1.459149122238159180e-01 1.702074408531188965e+00 1.110096693038940430e+00 1.667468786239624023e+00 -1.476054340600967407e-01 -1.266338944435119629e+00 -3.646830916404724121e-01
-8.039902448654174805e-01 1.336173295974731445e+00 1.578075170516967773e+00 -1.451517343521118164e+00 1.595368385314941406e+00 -7.269641757011413574e-01 -1.216419219970703125e+00 -1.251685261726379395e+00 1.642868399620056152e+00 -4.339314103126525879e-01 -5.238974690437316895e-01 -8.253334760665893555e-01 -6.161813735961914062e-01 4.344391450285911560e-02 1.692021727561950684e+00 1.175393223762512207e+00 1.678190946578979492e+00 -7.475519180297851562e-02 -1.369797706604003906e+00 -4.155768752098083496e-01
-8.059287071228027344e-01 1.422839045524597168e+00 1.645078778266906738e+00 -1.457382678985595703e+00 1.569879770278930664e+00 -6.606144309043884277e-01 -1.308810710906982422e+00 -1.134003877639770508e+00 1.682108163833618164e+00 -4.875973463058471680e-01 -5.036047697067260742e-01 -8.227949142456054688e-01 -7.519512176513671875e-01 -4.961769282817840576e-02 1.725726962089538574e+00 1.252895474433898926e+00 1.672985076904296875e+00 -4.009362310171127319e-03 -1.454344987869262695e+00 -4.584086537361145020e-01
-8.193811178207397461e-01 1.525738835334777832e+00 1.710827708244323730e+00 -1.462533950805664062e+00 1.523879051208496094e+00 -6.187981963157653809e-01 -1.414281487464904785e+00 -1.020768165588378906e+00 1.709554791450500488e+00 -5.414755940437316895e-01 -5.053785443305969238e-01 -8.111985325813293457e-01 -8.823046684265136719e-01 -1.382867693901062012e-01 1.761231422424316406e+00 1.323662042617797852e+00 1.659374952316284180e+00 6.035285443067550659e-02 -1.543377399444580078e+00 -4.949114322662353516e-01
-8.361012935638427734e-01 1.609980821609497070e+00 1.774541139602661133e+00 -1.468688488006591797e+00 1.524891734123229980e+00 -6.375412940979003906e-01 -1.466511607170104980e+00 -9.754608869552612305e-01 1.745572447776794434e+00 -5.903382301330566406e-01 -5.371168851852416992e-01 -7.986315488815307617e-01 -9.231326580047607422e-01 -2.260696589946746826e-01 1.845001459121704102e+00 1.388982892036437988e+00 1.624155044555664062e+00 7.986941188573837280e-02 -1.587324857711791992e+00 -5.272770524024963379e-01
-8.717527389526367188e-01 1.678109288215637207e+00 1.804769277572631836e+00 -1.499809026718139648e+00 1.509260654449462891e+00 -6.710923910140991211e-01 -1.472550630569458008e+00 -9.822613596916198730e-01 1.764239788055419922e+00 -6.294630169868469238e-01 -5.679669380187988281e-01 -7.934280037879943848e-01 -9.433762431144714355e-01 -2.638896703720092773e-01 1.907876133918762207e+00 1.430134296417236328e+00 1.612953662872314453e+00 7.577327638864517212e-02 -1.607046961784362793e+00 -5.550791621208190918e-01
-8.906579017639160156e-01 1.725609421730041504e+00 1.795896172523498535e+00 -1.562365293502807617e+00 1.461179852485656738e+00 -7.155190110206604004e-01 -1.447929263114929199e+00 -1.020615458488464355e+00 1.744921565055847168e+00 -6.226988434791564941e-01 -5.607699155807495117e-01 -7.797756791114807129e-01 -9.406895637512207031e-01 -2.198722660541534424e-01 1.908557891845703125e+00 1.424912214279174805e+00 1.620582461357116699e+00 4.951503872871398926e-02 -1.599707722663879395e+00 -5.858160257339477539e-01
-8.533192873001098633e-01 1.708509445190429688e+00 1.681089639663696289e+00 -1.678368091583251953e+00 1.358656644821166992e+00 -7.364060282707214355e-01 -1.350482821464538574e+00 -1.083085179328918457e+00 1.654071092605590820e+00 -5.360940694808959961e-01 -4.995994567871093750e-01 -7.367855906486511230e-01 -8.782293200492858887e-01 -6.409954279661178589e-02 1.801522374153137207e+00 1.318486213684082031e+00 1.630274653434753418e+00 -1.370809599757194519e-02 -1.515288591384887695e+00 -6.159662604331970215e-01
-7.839277982711791992e-01 1.606307983398437500e+00 1.461392164230346680e+00 -1.842142105102539062e+00 1.328563690185546875e+00 -8.348944187164306641e-01 -1.086162686347961426e+00 -1.327836990356445312e+00 1.564402222633361816e+00 -3.773045539855957031e-01 -4.537317752838134766e-01 -6.713563799858093262e-01 -6.546438932418823242e-01 2.141453325748443604e-01 1.658558011054992676e+00 1.128288984298706055e+00 1.668687343597412109e+00 -2.214662432670593262e-01 -1.332026004791259766e+00 -6.832714080810546875e-01
-7.754685878753662109e-01 1.403446793556213379e+00 1.321198821067810059e+00 -1.830478668212890625e+00 1.451644778251647949e+00 -9.999905824661254883e-01 -8.146105408668518066e-01 -1.616750240325927734e+00 1.567097902297973633e+00 -2.856539189815521240e-01 -5.456994175910949707e-01 -6.917824149131774902e-01 -3.685041368007659912e-01 4.204679727554321289e-01 1.606121778488159180e+00 9.985098838806152344e-01 1.722340941429138184e+00 -3.833048045635223389e-01 -1.150157809257507324e+00 -6.668906807899475098e-01
-8.089045286178588867e-01 1.264517664909362793e+00 1.300234913825988770e+00 -1.780158996582031250e+00 1.592270374298095703e+00 -1.150057077407836914e+00 -6.345523595809936523e-01 -1.815778374671936035e+00 1.650017976760864258e+00 -2.726303040981292725e-01 -6.835010051727294922e-01 -7.619011998176574707e-01 -2.128178477287292480e-01 5.347024798393249512e-01 1.656291007995605469e+00 9.533171653747558594e-01 1.800806522369384766e+00 -4.576397538185119629e-01 -1.047438621520996094e+00 -6.127634048461914062e-01
-8.264890909194946289e-01 1.186653017997741699e+00 1.308306097984313965e+00 -1.747403144836425781e+00 1.666489481925964355e+00 -1.209641456604003906e+00 -5.519731044769287109e-01 -1.905153274536132812e+00 1.684015274047851562e+00 -2.653470933437347412e-01 -7.611692547798156738e-01 -8.193434476852416992e-01 -1.591501235961914062e-01 5.665058493614196777e-01 1.694285869598388672e+00 9.384864568710327148e-01 1.853218913078308105e+00 -4.754950702190399170e-01 -1.022796750068664551e+00 -5.745186805725097656e-01
-8.348314762115478516e-01 1.151764512062072754e+00 1.323647618293762207e+00 -1.738451242446899414e+00 1.715922236442565918e+00 -1.236473083496093750e+00 -5.100144147872924805e-01 -1.960389971733093262e+00 1.706344366073608398e+00 -2.554440498352050781e-01 -8.183816671371459961e-01 -8.629451394081115723e-01 -1.451037526130676270e-01 5.719249248504638672e-01 1.721622467041015625e+00 9.342955946922302246e-01 1.893501043319702148e+00 -4.815574288368225098e-01 -1.029173374176025391e+00 -5.650904774665832520e-01
-8.352369070053100586e-01 1.129991769790649414e+00 1.337016224861145020e+00 -1.735621213912963867e+00 1.744787693023681641e+00 -1.245654582977294922e+00 -4.823130965232849121e-01 -1.994610548019409180e+00 1.718025684356689453e+00 -2.404151856899261475e-01 -8.645015954971313477e-01 -9.002389907836914062e-01 -1.500940918922424316e-01 5.652456879615783691e-01 1.734166860580444336e+00 9.301390647888183594e-01 1.924949765205383301e+00 -4.782977700233459473e-01 -1.047343134880065918e+00 -5.690282583236694336e-01
-8.324985504150390625e-01 1.118862152099609375e+00 1.350092768669128418e+00 -1.734977483749389648e+00 1.757320642471313477e+00 -1.247136950492858887e+00 -4.613925218582153320e-01 -2.020035028457641602e+00 1.724324822425842285e+00 -2.231994569301605225e-01 -9.060539603233337402e-01 -9.367796182632446289e-01 -1.661596894264221191e-01 5.479500889778137207e-01 1.739193916320800781e+00 9.232431054115295410e-01 1.950300693511962891e+00 -4.692307114601135254e-01 -1.071857452392578125e+00 -5.809978842735290527e-01
-8.279538154602050781e-01 1.111900329589843750e+00 1.366364717483520508e+00 -1.732234954833984375e+00 1.759182810783386230e+00 -1.248147010803222656e+00 -4.440947473049163818e-01 -2.041434764862060547e+00 1.727437973022460938e+00 -2.009749114513397217e-01 -9.487533569335937500e-01 -9.752571582794189453e-01 -1.878625154495239258e-01 5.251176357269287109e-01 1.740515112876892090e+00 9.111461639404296875e-01 1.971147775650024414e+00 -4.580481350421905518e-01 -1.100814223289489746e+00 -5.948535203933715820e-01
-8.232795000076293945e-01 1.104401946067810059e+00 1.389926910400390625e+00 -1.723687648773193359e+00 1.753283858299255371e+00 -1.254385590553283691e+00 -4.293623566627502441e-01 -2.061423778533935547e+00 1.728678941726684570e+00 -1.713136285543441772e-01 -9.968562126159667969e-01 -1.017768383026123047e+00 -2.112351059913635254e-01 5.004911422729492188e-01 1.741527080535888672e+00 8.916532993316650391e-01 1.987673997879028320e+00 -4.474399387836456299e-01 -1.133324027061462402e+00 -6.050480604171752930e-01
-8.241202831268310547e-01 1.099374651908874512e+00 1.417156100273132324e+00 -1.709060430526733398e+00 1.745925903320312500e+00 -1.266988754272460938e+00 -4.143340885639190674e-01 -2.083116054534912109e+00 1.730027794837951660e+00 -1.431875526905059814e-01 -1.055373787879943848e+00 -1.062533855438232422e+00 -2.355075776576995850e-01 4.815523028373718262e-01 1.742424488067626953e+00 8.688503503799438477e-01 2.004553794860839844e+00 -4.368567466735839844e-01 -1.166371703147888184e+00 -6.083882451057434082e-01
-8.279997110366821289e-01 1.097837209701538086e+00 1.445953130722045898e+00 -1.682852506637573242e+00 1.732950687408447266e+00 -1.292503118515014648e+00 -3.952666521072387695e-01 -2.108846902847290039e+00 1.730783700942993164e+00 -1.129379272460937500e-01 -1.122501492500305176e+00 -1.109604477882385254e+00 -2.556367218494415283e-01 4.681810736656188965e-01 1.741628766059875488e+00 8.360880613327026367e-01 2.017497301101684570e+00 -4.330473244190216064e-01 -1.193974494934082031e+00 -6.031589508056640625e-01
-8.584879636764526367e-01 1.118992805480957031e+00 1.495272636413574219e+00 -1.637456178665161133e+00 1.724897027015686035e+00 -1.346455693244934082e+00 -3.817571103572845459e-01 -2.151842832565307617e+00 1.729443073272705078e+00 -9.148383140563964844e-02 -1.193865656852722168e+00 -1.167159080505371094e+00 -2.826832830905914307e-01 4.633057117462158203e-01 1.748948216438293457e+00 7.995139956474304199e-01 2.030668020248413086e+00 -4.410866796970367432e-01 -1.228787660598754883e+00 -5.873603224754333496e-01
-9.198131561279296875e-01 1.182419657707214355e+00 1.556149840354919434e+00 -1.568142652511596680e+00 1.727104783058166504e+00 -1.426975369453430176e+00 -3.816455602645874023e-01 -2.205915927886962891e+00 1.731788158416748047e+00 -9.381163120269775391e-02 -1.259176731109619141e+00 -1.232054710388183594e+00 -3.081363737583160400e-01 4.546066224575042725e-01 1.778110504150390625e+00 7.567185163497924805e-01 2.035207509994506836e+00 -4.725809097290039062e-01 -1.258728981018066406e+00 -5.531576871871948242e-01
-9.860007762908935547e-01 1.265264272689819336e+00 1.587835311889648438e+00 -1.457413434982299805e+00 1.712803602218627930e+00 -1.514227747917175293e+00 -3.858202695846557617e-01 -2.231621503829956055e+00 1.723630070686340332e+00 -1.202939748764038086e-01 -1.280552268028259277e+00 -1.274701952934265137e+00 -3.077204525470733643e-01 4.566634893417358398e-01 1.794656515121459961e+00 7.037013769149780273e-01 2.009618759155273438e+00 -5.284992456436157227e-01 -1.246201753616333008e+00 -4.877840876579284668e-01
-1.017979979515075684e+00 1.320040464401245117e+00 1.556511998176574707e+00 -1.302025794982910156e+00 1.651217937469482422e+00 -1.542431712150573730e+00 -3.765875101089477539e-01 -2.175494909286499023e+00 1.675559878349304199e+00 -1.648263037204742432e-01 -1.251760721206665039e+00 -1.252129912376403809e+00 -2.929823398590087891e-01 4.300698339939117432e-01 1.764217257499694824e+00 6.394264101982116699e-01 1.900493860244750977e+00 -5.746337175369262695e-01 -1.184196949005126953e+00 -4.277058243751525879e-01
-9.981368780136108398e-01 1.320855855941772461e+00 1.459765315055847168e+00 -1.143071413040161133e+00 1.562408208847045898e+00 -1.503838658332824707e+00 -3.773761093616485596e-01 -2.023760557174682617e+00 1.587568759918212891e+00 -2.206844091415405273e-01 -1.140688419342041016e+00 -1.150561332702636719e+00 -2.693997025489807129e-01 3.902276754379272461e-01 1.699535965919494629e+00 6.240034103393554688e-01 1.734618782997131348e+00 -5.962547063827514648e-01 -1.075411677360534668e+00 -3.792061805725097656e-01
-9.784835577011108398e-01 1.351051688194274902e+00 1.381435155868530273e+00 -1.070113658905029297e+00 1.490306258201599121e+00 -1.463081240653991699e+00 -4.345958232879638672e-01 -1.857921361923217773e+00 1.548485875129699707e+00 -3.046690523624420166e-01 -1.008292675018310547e+00 -1.018375396728515625e+00 -2.514146268367767334e-01 3.595209121704101562e-01 1.672500252723693848e+00 7.132207751274108887e-01 1.612223744392395020e+00 -6.012196540832519531e-01 -9.905983209609985352e-01 -3.709049820899963379e-01
-9.511671066284179688e-01 1.376778244972229004e+00 1.326541066169738770e+00 -1.060231685638427734e+00 1.415063977241516113e+00 -1.414712309837341309e+00 -4.708144962787628174e-01 -1.725442767143249512e+00 1.528350830078125000e+00 -3.661879599094390869e-01 -9.050763845443725586e-01 -9.110392332077026367e-01 -2.499524652957916260e-01 3.309629559516906738e-01 1.637516975402832031e+00 7.960001826286315918e-01 1.530933976173400879e+00 -5.800465941429138184e-01 -9.396202564239501953e-01 -4.008666276931762695e-01
-9.255844354629516602e-01 1.367459177970886230e+00 1.292091965675354004e+00 -1.071518659591674805e+00 1.353636980056762695e+00 -1.357715368270874023e+00 -4.786626994609832764e-01 -1.632509708404541016e+00 1.500667095184326172e+00 -3.895687758922576904e-01 -8.416236042976379395e-01 -8.540559411048889160e-01 -2.611773312091827393e-01 3.056878745555877686e-01 1.601817250251770020e+00 8.539111614227294922e-01 1.492308974266052246e+00 -5.427988767623901367e-01 -9.247409105300903320e-01 -4.332778453826904297e-01
-9.116531610488891602e-01 1.343828558921813965e+00 1.281745553016662598e+00 -1.101785898208618164e+00 1.327410221099853516e+00 -1.300698399543762207e+00 -4.764746129512786865e-01 -1.582806825637817383e+00 1.477280020713806152e+00 -3.902217745780944824e-01 -8.031005263328552246e-01 -8.469056487083435059e-01 -2.814611792564392090e-01 2.747250795364379883e-01 1.594874024391174316e+00 9.026712775230407715e-01 1.495282649993896484e+00 -5.015340447425842285e-01 -9.414615035057067871e-01 -4.596603512763977051e-01
-9.000113010406494141e-01 1.303881525993347168e+00 1.286203742027282715e+00 -1.115902900695800781e+00 1.315469622611999512e+00 -1.261730313301086426e+00 -4.591056704521179199e-01 -1.559087872505187988e+00 1.457683086395263672e+00 -3.747897148132324219e-01 -7.971338629722595215e-01 -8.674963116645812988e-01 -2.974058687686920166e-01 2.485432922840118408e-01 1.590180158615112305e+00 9.243195056915283203e-01 1.512081861495971680e+00 -4.610626995563507080e-01 -9.679671525955200195e-01 -4.681726694107055664e-01
-8.885124921798706055e-01 1.254493117332458496e+00 1.303671121597290039e+00 -1.107086896896362305e+00 1.315266370773315430e+00 -1.246449351310729980e+00 -4.306249022483825684e-01 -1.558258533477783203e+00 1.443200588226318359e+00 -3.461365997791290283e-01 -8.171349167823791504e-01 -9.042978882789611816e-01 -3.031152486801147461e-01 2.264611124992370605e-01 1.584696769714355469e+00 9.168046116828918457e-01 1.529046773910522461e+00 -4.290275871753692627e-01 -9.940636754035949707e-01 -4.643666744232177734e-01
-8.866839408874511719e-01 1.207351803779602051e+00 1.341524481773376465e+00 -1.079138278961181641e+00 1.334494233131408691e+00 -1.260534644126892090e+00 -4.063706696033477783e-01 -1.581084847450256348e+00 1.439421772956848145e+00 -3.167952895164489746e-01 -8.618630170822143555e-01 -9.468689560890197754e-01 -2.978940904140472412e-01 2.166463732719421387e-01 1.586070179939270020e+00 8.921269774436950684e-01 1.546371936798095703e+00 -4.045691788196563721e-01 -1.018768072128295898e+00 -4.481949806213378906e-01
-8.981221914291381836e-01 1.155581474304199219e+00 1.389165163040161133e+00 -1.030373096466064453e+00 1.374913454055786133e+00 -1.298567891120910645e+00 -3.759799897670745850e-01 -1.630579471588134766e+00 1.445353746414184570e+00 -2.918785810470581055e-01 -9.318694472312927246e-01 -9.952639937400817871e-01 -2.731514275074005127e-01 2.249317169189453125e-01 1.592428565025329590e+00 8.477088809013366699e-01 1.563621163368225098e+00 -3.924939930438995361e-01 -1.035336494445800781e+00 -4.135038852691650391e-01
-9.253598451614379883e-01 1.104414582252502441e+00 1.450026154518127441e+00 -9.768301248550415039e-01 1.451286554336547852e+00 -1.360952258110046387e+00 -3.479105830192565918e-01 -1.717547774314880371e+00 1.471699595451354980e+00 -2.739513814449310303e-01 -1.019745826721191406e+00 -1.049508810043334961e+00 -2.327495515346527100e-01 2.554238140583038330e-01 1.616308927536010742e+00 7.971266508102416992e-01 1.590250968933105469e+00 -4.030555188655853271e-01 -1.049067616462707520e+00 -3.640097975730895996e-01
-9.785225391387939453e-01 1.085897803306579590e+00 1.517215967178344727e+00 -9.440243244171142578e-01 1.557618975639343262e+00 -1.447824716567993164e+00 -3.373479247093200684e-01 -1.849202275276184082e+00 1.526335954666137695e+00 -2.799100577831268311e-01 -1.109799623489379883e+00 -1.105013251304626465e+00 -1.835780143737792969e-01 3.030364215373992920e-01 1.673769831657409668e+00 7.490816116333007812e-01 1.629433274269104004e+00 -4.459221363067626953e-01 -1.057235240936279297e+00 -3.029597997665405273e-01
-1.041540861129760742e+00 1.072714090347290039e+00 1.564201235771179199e+00 -9.175123572349548340e-01 1.668290376663208008e+00 -1.521756887435913086e+00 -3.254878818988800049e-01 -1.984113693237304688e+00 1.573033452033996582e+00 -3.072188198566436768e-01 -1.187470316886901855e+00 -1.135131716728210449e+00 -1.116469576954841614e-01 3.657892346382141113e-01 1.731576204299926758e+00 6.907075047492980957e-01 1.647586464881896973e+00 -5.079603791236877441e-01 -1.036222338676452637e+00 -2.385950237512588501e-01
-1.087950229644775391e+00 1.071982383728027344e+00 1.602584004402160645e+00 -9.082097411155700684e-01 1.796068310737609863e+00 -1.587605476379394531e+00 -3.485576212406158447e-01 -2.089267492294311523e+00 1.633645892143249512e+00 -3.477714955806732178e-01 -1.223204016685485840e+00 -1.131259322166442871e+00 -1.279737055301666260e-02 4.330527186393737793e-01 1.801642417907714844e+00 6.736685037612915039e-01 1.659619927406311035e+00 -5.704100728034973145e-01 -9.951112270355224609e-01 -1.863086968660354614e-01
-1.109842896461486816e+00 1.095761775970458984e+00 1.629572153091430664e+00 -9.410129785537719727e-01 1.895195126533508301e+00 -1.623563528060913086e+00 -3.965413570404052734e-01 -2.128446817398071289e+00 1.691557288169860840e+00 -3.880415558815002441e-01 -1.212396144866943359e+00 -1.077971577644348145e+00 6.681483983993530273e-02 4.989365935325622559e-01 1.869241118431091309e+00 7.145177125930786133e-01 1.667700648307800293e+00 -6.186770796775817871e-01 -9.561154842376708984e-01 -1.862781494855880737e-01
-1.101087570190429688e+00 1.098969101905822754e+00 1.608554363250732422e+00 -9.713366627693176270e-01 1.930059671401977539e+00 -1.615193367004394531e+00 -4.186343252658843994e-01 -2.111957073211669922e+00 1.710395932197570801e+00 -4.218035638332366943e-01 -1.169723153114318848e+00 -1.000345468521118164e+00 1.253274232149124146e-01 5.475867390632629395e-01 1.880874633789062500e+00 7.428708672523498535e-01 1.642963290214538574e+00 -6.442177891731262207e-01 -8.979674577713012695e-01 -1.985200047492980957e-01
-1.071750044822692871e+00 1.092170476913452148e+00 1.562729120254516602e+00 -1.004650115966796875e+00 1.921153068542480469e+00 -1.576588749885559082e+00 -4.180929362773895264e-01 -2.066021919250488281e+00 1.704603195190429688e+00 -4.463200569152832031e-01 -1.115655183792114258e+00 -9.213522672653198242e-01 1.623620986938476562e-01 5.740817189216613770e-01 1.858484029769897461e+00 7.637549638748168945e-01 1.606423020362854004e+00 -6.528707146644592285e-01 -8.402336835861206055e-01 -2.248302251100540161e-01
-1.027743935585021973e+00 1.088115692138671875e+00 1.518005967140197754e+00 -1.046935558319091797e+00 1.887372016906738281e+00 -1.523578286170959473e+00 -4.062497913837432861e-01 -2.002052307128906250e+00 1.686887979507446289e+00 -4.652033746242523193e-01 -1.062254667282104492e+00 -8.416714072227478027e-01 1.770725250244140625e-01 5.787651538848876953e-01 1.818177342414855957e+00 7.836940288543701172e-01 1.563414692878723145e+00 -6.453423500061035156e-01 -7.911216616630554199e-01 -2.736404538154602051e-01
-9.806205034255981445e-01 1.083102703094482422e+00 1.487037777900695801e+00 -1.116742610931396484e+00 1.853125810623168945e+00 -1.457149028778076172e+00 -3.877629041671752930e-01 -1.943050980567932129e+00 1.676109194755554199e+00 -4.712836146354675293e-01 -1.022395968437194824e+00 -7.908598184585571289e-01 1.523387134075164795e-01 5.586035251617431641e-01 1.783278703689575195e+00 8.067469000816345215e-01 1.543953537940979004e+00 -6.266701221466064453e-01 -7.833631634712219238e-01 -3.332158327102661133e-01
-9.194203615188598633e-01 1.070951223373413086e+00 1.491145014762878418e+00 -1.237875223159790039e+00 1.814250946044921875e+00 -1.365014314651489258e+00 -3.957409560680389404e-01 -1.881497859954833984e+00 1.667110681533813477e+00 -4.342498481273651123e-01 -9.780271053314208984e-01 -7.885933518409729004e-01 8.111813664436340332e-02 5.055508613586425781e-01 1.774184107780456543e+00 8.580827713012695312e-01 1.570377469062805176e+00 -5.840645432472229004e-01 -8.456959724426269531e-01 -4.028115868568420410e-01
-8.197033405303955078e-01 1.045512318611145020e+00 1.519544601440429688e+00 -1.384239435195922852e+00 1.706056118011474609e+00 -1.224188566207885742e+00 -4.234199225902557373e-01 -1.771397352218627930e+00 1.627262234687805176e+00 -3.441892564296722412e-01 -9.092282652854919434e-01 -8.196864128112792969e-01 -5.213551223278045654e-02 3.877947628498077393e-01 1.743045806884765625e+00 9.239809513092041016e-01 1.598480701446533203e+00 -4.978751540184020996e-01 -9.771806597709655762e-01 -4.903202652931213379e-01
-6.410855054855346680e-01 1.056366086006164551e+00 1.614513635635375977e+00 -1.575526475906372070e+00 1.494804859161376953e+00 -9.715955257415771484e-01 -5.722059607505798340e-01 -1.500552296638488770e+00 1.532919764518737793e+00 -1.951132416725158691e-01 -7.475240230560302734e-01 -8.723435997962951660e-01 -3.789044320583343506e-01 9.933680295944213867e-02 1.717887759208679199e+00 1.065479278564453125e+00 1.612756490707397461e+00 -3.145917952060699463e-01 -1.260795116424560547e+00 -6.099136471748352051e-01
-5.319870710372924805e-01 1.357117772102355957e+00 1.938550591468811035e+00 -1.618576049804687500e+00 1.543760776519775391e+00 -8.740476965904235840e-01 -9.950445890426635742e-01 -1.158035755157470703e+00 1.714511394500732422e+00 -2.575514614582061768e-01 -6.678283810615539551e-01 -9.372557997703552246e-01 -8.499481081962585449e-01 -2.278499305248260498e-01 1.918606996536254883e+00 1.317969202995300293e+00 1.705269098281860352e+00 -1.020527333021163940e-01 -1.622208118438720703e+00 -7.336163520812988281e-01
-6.578454971313476562e-01 1.481173157691955566e+00 2.088543176651000977e+00 -1.432827472686767578e+00 1.594063401222229004e+00 -8.822062015533447266e-01 -1.278187632560729980e+00 -1.019481420516967773e+00 1.870258092880249023e+00 -4.038420021533966064e-01 -7.166337370872497559e-01 -1.020574212074279785e+00 -1.025520086288452148e+00 -3.751347064971923828e-01 2.012655258178710938e+00 1.376587510108947754e+00 1.708268642425537109e+00 5.626906454563140869e-02 -1.733062744140625000e+00 -5.435300469398498535e-01
-7.867249250411987305e-01 1.527841091156005859e+00 2.146785736083984375e+00 -1.283219814300537109e+00 1.708814024925231934e+00 -9.752127528190612793e-01 -1.402586460113525391e+00 -1.039873480796813965e+00 1.936329841613769531e+00 -5.040282607078552246e-01 -7.490832805633544922e-01 -1.054421901702880859e+00 -9.853802919387817383e-01 -3.987963795661926270e-01 2.086558818817138672e+00 1.395848631858825684e+00 1.678174972534179688e+00 5.806111544370651245e-02 -1.723580360412597656e+00 -4.074088931083679199e-01
-8.624716997146606445e-01 1.527709007263183594e+00 2.131414413452148438e+00 -1.156809329986572266e+00 1.766190052032470703e+00 -1.014147281646728516e+00 -1.466175675392150879e+00 -1.039085268974304199e+00 1.939083099365234375e+00 -5.665469169616699219e-01 -7.540569305419921875e-01 -1.054554462432861328e+00 -9.185727834701538086e-01 -3.934467136859893799e-01 2.097979545593261719e+00 1.391818046569824219e+00 1.632517099380493164e+00 5.354766547679901123e-02 -1.669696569442749023e+00 -3.119479417800903320e-01
-9.183068275451660156e-01 1.517089247703552246e+00 2.096813917160034180e+00 -1.042869925498962402e+00 1.804267883300781250e+00 -1.032058715820312500e+00 -1.510971546173095703e+00 -1.027462840080261230e+00 1.920498728752136230e+00 -6.202241182327270508e-01 -7.493530511856079102e-01 -1.034985661506652832e+00 -8.471775650978088379e-01 -3.781127333641052246e-01 2.089563369750976562e+00 1.381890773773193359e+00 1.575039267539978027e+00 4.664281755685806274e-02 -1.603976845741271973e+00 -2.324850410223007202e-01
-9.679983854293823242e-01 1.522348999977111816e+00 2.060330867767333984e+00 -9.384062290191650391e-01 1.851298928260803223e+00 -1.053761005401611328e+00 -1.548693537712097168e+00 -1.025420665740966797e+00 1.900369763374328613e+00 -6.742908954620361328e-01 -7.458164095878601074e-01 -1.004789710044860840e+00 -7.693126797676086426e-01 -3.525386154651641846e-01 2.080186367034912109e+00 1.370544075965881348e+00 1.514502644538879395e+00 2.422591298818588257e-02 -1.533436894416809082e+00 -1.691029667854309082e-01
-1.011821866035461426e+00 1.524911165237426758e+00 2.016016483306884766e+00 -8.412262797355651855e-01 1.890312790870666504e+00 -1.068630814552307129e+00 -1.566569924354553223e+00 -1.018492579460144043e+00 1.877149939537048340e+00 -7.344392538070678711e-01 -7.391759753227233887e-01 -9.646023511886596680e-01 -6.870766282081604004e-01 -3.227903246879577637e-01 2.067138671875000000e+00 1.364923238754272461e+00 1.451212644577026367e+00 2.819005399942398071e-03 -1.454645514488220215e+00 -1.192083805799484253e-01
-1.057440519332885742e+00 1.528147220611572266e+00 1.983823180198669434e+00 -7.858662009239196777e-01 1.927474856376647949e+00 -1.076554417610168457e+00 -1.565904617309570312e+00 -1.027738332748413086e+00 1.861223101615905762e+00 -7.927461862564086914e-01 -7.305661439895629883e-01 -9.246387481689453125e-01 -6.205896735191345215e-01 -2.829659283161163330e-01 2.064150333404541016e+00 1.382783532142639160e+00 1.403338432312011719e+00 -2.110839076340198517e-02 -1.399139165878295898e+00 -9.634201228618621826e-02
-1.102025866508483887e+00 1.523491621017456055e+00 1.946815848350524902e+00 -7.469411492347717285e-01 1.957022070884704590e+00 -1.071063637733459473e+00 -1.555006265640258789e+00 -1.038025736808776855e+00 1.833746671676635742e+00 -8.479271531105041504e-01 -7.377542853355407715e-01 -8.785820007324218750e-01 -5.694090723991394043e-01 -2.266038060188293457e-01 2.054848670959472656e+00 1.401872038841247559e+00 1.363405585289001465e+00 -3.759171068668365479e-02 -1.349895596504211426e+00 -8.705457299947738647e-02
-1.167054057121276855e+00 1.522104978561401367e+00 1.910305142402648926e+00 -6.983011960983276367e-01 1.994612097740173340e+00 -1.084275484085083008e+00 -1.518951296806335449e+00 -1.058524250984191895e+00 1.813026905059814453e+00 -9.351929426193237305e-01 -7.713781595230102539e-01 -8.073176145553588867e-01 -5.103636980056762695e-01 -1.298648118972778320e-01 2.065965652465820312e+00 1.424409508705139160e+00 1.326535940170288086e+00 -6.604987382888793945e-02 -1.276245355606079102e+00 -9.589159488677978516e-02
-1.225194573402404785e+00 1.517059803009033203e+00 1.862782120704650879e+00 -6.505997776985168457e-01 2.007644176483154297e+00 -1.093994379043579102e+00 -1.454406857490539551e+00 -1.068997383117675781e+00 1.782314896583557129e+00 -1.023603439331054688e+00 -8.086083531379699707e-01 -7.234610319137573242e-01 -4.517044126987457275e-01 -2.921266853809356689e-02 2.065645694732666016e+00 1.437757611274719238e+00 1.279653787612915039e+00 -9.763126075267791748e-02 -1.190695285797119141e+00 -1.200124025344848633e-01
-1.261210918426513672e+00 1.511660933494567871e+00 1.803568124771118164e+00 -6.183284521102905273e-01 1.977691769599914551e+00 -1.092769384384155273e+00 -1.370946049690246582e+00 -1.064916133880615234e+00 1.732193946838378906e+00 -1.084536075592041016e+00 -8.389720320701599121e-01 -6.413012742996215820e-01 -4.117883443832397461e-01 5.223662406206130981e-02 2.038336277008056641e+00 1.432190418243408203e+00 1.224650025367736816e+00 -1.288455575704574585e-01 -1.113496780395507812e+00 -1.594322472810745239e-01
-1.267500758171081543e+00 1.511425256729125977e+00 1.745688080787658691e+00 -6.101018190383911133e-01 1.907511830329895020e+00 -1.083294272422790527e+00 -1.284138202667236328e+00 -1.048095107078552246e+00 1.672352433204650879e+00 -1.104663610458374023e+00 -8.573461174964904785e-01 -5.772050619125366211e-01 -4.015060663223266602e-01 9.692820906639099121e-02 1.988542795181274414e+00 1.406543612480163574e+00 1.171472907066345215e+00 -1.560219079256057739e-01 -1.062257885932922363e+00 -2.089463472366333008e-01
-1.245415925979614258e+00 1.522366881370544434e+00 1.707072973251342773e+00 -6.236286759376525879e-01 1.826192617416381836e+00 -1.065572261810302734e+00 -1.214474081993103027e+00 -1.024688482284545898e+00 1.623438596725463867e+00 -1.092108130455017090e+00 -8.621623516082763672e-01 -5.423303842544555664e-01 -4.197794198989868164e-01 9.097935259342193604e-02 1.932652473449707031e+00 1.370033979415893555e+00 1.128240704536437988e+00 -1.715394854545593262e-01 -1.046212434768676758e+00 -2.603132128715515137e-01
-1.207131624221801758e+00 1.552921295166015625e+00 1.700964689254760742e+00 -6.578719019889831543e-01 1.756407976150512695e+00 -1.051017880439758301e+00 -1.186466693878173828e+00 -1.005171656608581543e+00 1.602882862091064453e+00 -1.056431174278259277e+00 -8.525332808494567871e-01 -5.425026416778564453e-01 -4.628770947456359863e-01 3.992513567209243774e-02 1.891049146652221680e+00 1.337339639663696289e+00 1.107751011848449707e+00 -1.750082671642303467e-01 -1.070943593978881836e+00 -3.021542429924011230e-01
-1.163678884506225586e+00 1.601470470428466797e+00 1.727767467498779297e+00 -7.130814194679260254e-01 1.706455707550048828e+00 -1.048245191574096680e+00 -1.199958086013793945e+00 -9.943821430206298828e-01 1.614288687705993652e+00 -1.008359074592590332e+00 -8.325800895690917969e-01 -5.725515484809875488e-01 -5.238438844680786133e-01 -3.872352838516235352e-02 1.873726010322570801e+00 1.317105531692504883e+00 1.114120125770568848e+00 -1.699708104133605957e-01 -1.131079077720642090e+00 -3.307414054870605469e-01
-1.119473576545715332e+00 1.653612136840820312e+00 1.775725603103637695e+00 -7.843243479728698730e-01 1.677063941955566406e+00 -1.052968621253967285e+00 -1.230723619461059570e+00 -9.880253672599792480e-01 1.648119211196899414e+00 -9.611367583274841309e-01 -8.106448054313659668e-01 -6.179152131080627441e-01 -5.910444259643554688e-01 -1.267920434474945068e-01 1.876906871795654297e+00 1.308882951736450195e+00 1.138099312782287598e+00 -1.581784486770629883e-01 -1.208987116813659668e+00 -3.502211570739746094e-01
-1.079539060592651367e+00 1.692966222763061523e+00 1.827258825302124023e+00 -8.484004735946655273e-01 1.675547361373901367e+00 -1.049868702888488770e+00 -1.279559969902038574e+00 -9.777610898017883301e-01 1.689099669456481934e+00 -9.248845577239990234e-01 -7.948110103607177734e-01 -6.657400131225585938e-01 -6.508228778839111328e-01 -2.082984447479248047e-01 1.892645239830017090e+00 1.309550881385803223e+00 1.171279907226562500e+00 -1.339498460292816162e-01 -1.282484769821166992e+00 -3.538846969604492188e-01
-1.060539245605468750e+00 1.726078152656555176e+00 1.880106806755065918e+00 -8.899390697479248047e-01 1.699149847030639648e+00 -1.057198524475097656e+00 -1.347652435302734375e+00 -9.725844264030456543e-01 1.744696497917175293e+00 -9.138194322586059570e-01 -7.759560346603393555e-01 -7.046969532966613770e-01 -6.838433146476745605e-01 -2.623932361602783203e-01 1.931539416313171387e+00 1.328567266464233398e+00 1.211873769760131836e+00 -1.107952445745468140e-01 -1.334729909896850586e+00 -3.394740223884582520e-01
