-1.112976074218750000e+00 1.706619620323181152e+00 1.325226783752441406e+00 -1.073901057243347168e+00 1.502517461776733398e+00 -1.209333300590515137e+00 -6.434543132781982422e-01 -1.486263394355773926e+00 1.481783509254455566e+00 -9.962975382804870605e-01 -8.874228000640869141e-01 -2.714101672172546387e-01 -1.468001902103424072e-01 3.094002902507781982e-01 1.704992175102233887e+00 9.207610487937927246e-01 9.771763682365417480e-01 -5.468793511390686035e-01 -6.908586025238037109e-01 -5.997890830039978027e-01
-7.985845804214477539e-01 1.484012842178344727e+00 1.479102134704589844e+00 -8.111174106597900391e-01 1.614776611328125000e+00 -1.145130157470703125e+00 -5.546154379844665527e-01 -1.308544754981994629e+00 1.505034208297729492e+00 -7.881337404251098633e-01 -9.718347787857055664e-01 -5.448303222656250000e-01 -1.484434753656387329e-01 -2.109640240669250488e-01 1.766878128051757812e+00 8.157081604003906250e-01 8.820517659187316895e-01 -4.137291908264160156e-01 -8.161203861236572266e-01 -5.519079566001892090e-01
-6.906060576438903809e-01 1.324800491333007812e+00 1.774476170539855957e+00 -7.418465614318847656e-01 1.813805818557739258e+00 -1.146210312843322754e+00 -6.513531804084777832e-01 -1.281143546104431152e+00 1.662157773971557617e+00 -6.112506389617919922e-01 -1.033133625984191895e+00 -9.144709706306457520e-01 -2.214408367872238159e-01 -5.111616849899291992e-01 1.922774434089660645e+00 8.849675059318542480e-01 1.073899269104003906e+00 -2.664785683155059814e-01 -1.092813014984130859e+00 -4.129406809806823730e-01
-6.967944502830505371e-01 1.156357169151306152e+00 1.952477216720581055e+00 -7.118010520935058594e-01 1.921481490135192871e+00 -1.112680673599243164e+00 -7.415047287940979004e-01 -1.279049038887023926e+00 1.734396576881408691e+00 -4.978202581405639648e-01 -1.056125998497009277e+00 -1.161960840225219727e+00 -2.777272462844848633e-01 -6.379773020744323730e-01 2.036435127258300781e+00 9.946224093437194824e-01 1.242459177970886230e+00 -1.631374061107635498e-01 -1.291147947311401367e+00 -2.829816639423370361e-01
-7.457067370414733887e-01 1.003895401954650879e+00 2.039605855941772461e+00 -6.721836328506469727e-01 1.975135684013366699e+00 -1.067766189575195312e+00 -8.174075484275817871e-01 -1.269857406616210938e+00 1.738254904747009277e+00 -4.436544775962829590e-01 -1.061087727546691895e+00 -1.292676210403442383e+00 -3.092510700225830078e-01 -6.603099703788757324e-01 2.116457223892211914e+00 1.094022870063781738e+00 1.352133870124816895e+00 -9.274739027023315430e-02 -1.399415016174316406e+00 -1.775550544261932373e-01
-8.112105727195739746e-01 8.384305238723754883e-01 2.051816225051879883e+00 -6.413078904151916504e-01 1.962617039680480957e+00 -9.730396270751953125e-01 -8.930835723876953125e-01 -1.225766301155090332e+00 1.674943804740905762e+00 -4.141076505184173584e-01 -1.030947804450988770e+00 -1.359717130661010742e+00 -3.354855179786682129e-01 -6.413599848747253418e-01 2.155942678451538086e+00 1.198189377784729004e+00 1.420812368392944336e+00 -1.867525279521942139e-02 -1.465373635292053223e+00 -6.670054793357849121e-02
-9.193834662437438965e-01 7.412537932395935059e-01 2.018190383911132812e+00 -6.556406617164611816e-01 1.959122180938720703e+00 -8.637463450431823730e-01 -1.014022946357727051e+00 -1.175507903099060059e+00 1.617674946784973145e+00 -4.578284621238708496e-01 -9.778305292129516602e-01 -1.343474388122558594e+00 -3.692237734794616699e-01 -5.400934815406799316e-01 2.171343564987182617e+00 1.334824919700622559e+00 1.474409699440002441e+00 4.387885332107543945e-02 -1.502804636955261230e+00 3.299708291888237000e-02
-1.051302075386047363e+00 6.798053979873657227e-01 1.847798347473144531e+00 -7.077992558479309082e-01 1.848391294479370117e+00 -6.796173453330993652e-01 -1.220769047737121582e+00 -1.033859252929687500e+00 1.476547360420227051e+00 -5.533323884010314941e-01 -7.970798015594482422e-01 -1.154204607009887695e+00 -4.068951010704040527e-01 -3.079357445240020752e-01 2.081140041351318359e+00 1.509562253952026367e+00 1.467916965484619141e+00 1.126977056264877319e-01 -1.459791779518127441e+00 1.249380856752395630e-01
-1.236124515533447266e+00 8.823639750480651855e-01 1.550526499748229980e+00 -9.505994915962219238e-01 1.685811877250671387e+00 -5.800862908363342285e-01 -1.360798954963684082e+00 -1.093825459480285645e+00 1.375736594200134277e+00 -6.242527365684509277e-01 -6.014556288719177246e-01 -9.663428664207458496e-01 -4.698162078857421875e-01 5.434414744377136230e-02 1.987815380096435547e+00 1.654258847236633301e+00 1.606692075729370117e+00 2.436069399118423462e-02 -1.374469041824340820e+00 4.467634111642837524e-02
-1.422862291336059570e+00 1.249611496925354004e+00 1.356880068778991699e+00 -1.310541629791259766e+00 1.588809609413146973e+00 -6.632927656173706055e-01 -1.334281206130981445e+00 -1.309217929840087891e+00 1.443224310874938965e+00 -7.731000781059265137e-01 -5.371553301811218262e-01 -7.977271080017089844e-01 -5.308996438980102539e-01 4.617075324058532715e-01 1.861907243728637695e+00 1.568300008773803711e+00 1.793090105056762695e+00 -1.637217551469802856e-01 -1.259252786636352539e+00 -7.341686636209487915e-02
-1.446616411209106445e+00 1.492457509040832520e+00 1.274411797523498535e+00 -1.500836372375488281e+00 1.560322523117065430e+00 -7.678112387657165527e-01 -1.250057339668273926e+00 -1.433747410774230957e+00 1.555113792419433594e+00 -8.698071241378784180e-01 -5.245469808578491211e-01 -7.184136509895324707e-01 -5.423444509506225586e-01 6.317004561424255371e-01 1.785531640052795410e+00 1.476243376731872559e+00 1.891873955726623535e+00 -2.741465866565704346e-01 -1.178450703620910645e+00 -1.816256046295166016e-01
-1.434606313705444336e+00 1.623689889907836914e+00 1.239615321159362793e+00 -1.582625508308410645e+00 1.529621720314025879e+00 -8.403859138488769531e-01 -1.182778358459472656e+00 -1.496685147285461426e+00 1.616407275199890137e+00 -9.164933562278747559e-01 -5.213083624839782715e-01 -6.598974466323852539e-01 -5.350171327590942383e-01 6.956948041915893555e-01 1.742672681808471680e+00 1.401409626007080078e+00 1.896108746528625488e+00 -3.329103589057922363e-01 -1.120632290840148926e+00 -2.530279159545898438e-01
-1.391249060630798340e+00 1.721888065338134766e+00 1.238916516304016113e+00 -1.624354481697082520e+00 1.514454960823059082e+00 -9.179140925407409668e-01 -1.115022063255310059e+00 -1.528119802474975586e+00 1.693748593330383301e+00 -9.526187777519226074e-01 -5.224200487136840820e-01 -6.030236482620239258e-01 -5.240805149078369141e-01 7.075390219688415527e-01 1.710683107376098633e+00 1.338702201843261719e+00 1.859463334083557129e+00 -3.647952675819396973e-01 -1.067431211471557617e+00 -3.270608782768249512e-01
-1.326059341430664062e+00 1.769548058509826660e+00 1.249291539192199707e+00 -1.637190461158752441e+00 1.484983086585998535e+00 -9.848839044570922852e-01 -1.021501779556274414e+00 -1.534082174301147461e+00 1.751126408576965332e+00 -9.766033291816711426e-01 -5.245678424835205078e-01 -5.399382114410400391e-01 -5.057708024978637695e-01 6.826377511024475098e-01 1.680699586868286133e+00 1.274957776069641113e+00 1.782475829124450684e+00 -3.844689130783081055e-01 -1.011330127716064453e+00 -3.936693072319030762e-01
-1.229319691658020020e+00 1.791128516197204590e+00 1.269610643386840820e+00 -1.618403792381286621e+00 1.425207138061523438e+00 -1.065491437911987305e+00 -8.881233334541320801e-01 -1.520715236663818359e+00 1.787760853767395020e+00 -9.794911742210388184e-01 -5.290716886520385742e-01 -4.793884754180908203e-01 -4.732178449630737305e-01 6.245905756950378418e-01 1.639995336532592773e+00 1.180057287216186523e+00 1.663459897041320801e+00 -4.033774733543395996e-01 -9.478091597557067871e-01 -4.529114067554473877e-01
-1.076418519020080566e+00 1.777896881103515625e+00 1.317097783088684082e+00 -1.542501688003540039e+00 1.340190649032592773e+00 -1.188943147659301758e+00 -6.917675137519836426e-01 -1.478838801383972168e+00 1.786266565322875977e+00 -9.377360343933105469e-01 -5.412127375602722168e-01 -4.153520464897155762e-01 -3.984539508819580078e-01 5.332465767860412598e-01 1.582467913627624512e+00 1.017298460006713867e+00 1.468712568283081055e+00 -4.459772109985351562e-01 -8.604552745819091797e-01 -5.009325742721557617e-01
-8.694121241569519043e-01 1.699754595756530762e+00 1.451463103294372559e+00 -1.352381467819213867e+00 1.226239204406738281e+00 -1.359172224998474121e+00 -4.005736112594604492e-01 -1.429519414901733398e+00 1.744006276130676270e+00 -8.076038956642150879e-01 -6.133204698562622070e-01 -4.451927542686462402e-01 -3.153858780860900879e-01 3.649930059909820557e-01 1.534255385398864746e+00 8.145874738693237305e-01 1.253158926963806152e+00 -4.679192900657653809e-01 -8.033220767974853516e-01 -5.612184405326843262e-01
-7.783820629119873047e-01 1.623743414878845215e+00 1.657408475875854492e+00 -1.134198665618896484e+00 1.291446805000305176e+00 -1.513224244117736816e+00 -3.011040985584259033e-01 -1.448304414749145508e+00 1.730703949928283691e+00 -6.528841853141784668e-01 -7.264012694358825684e-01 -5.959665775299072266e-01 -2.814125418663024902e-01 2.090947329998016357e-01 1.601609468460083008e+00 7.054808139801025391e-01 1.157520771026611328e+00 -4.820476770401000977e-01 -8.681890368461608887e-01 -5.442904829978942871e-01
-7.797844409942626953e-01 1.470906615257263184e+00 1.840299963951110840e+00 -9.449657201766967773e-01 1.409566283226013184e+00 -1.600406527519226074e+00 -3.990671336650848389e-01 -1.424149274826049805e+00 1.651792049407958984e+00 -5.324898362159729004e-01 -7.992960214614868164e-01 -6.773924827575683594e-01 -2.324188202619552612e-01 1.516346335411071777e-01 1.691504120826721191e+00 7.785134315490722656e-01 1.103011727333068848e+00 -4.436083436012268066e-01 -9.527073502540588379e-01 -4.847993254661560059e-01
-8.193570375442504883e-01 1.361165404319763184e+00 1.909940242767333984e+00 -8.460895419120788574e-01 1.433895468711853027e+00 -1.581295013427734375e+00 -5.528979301452636719e-01 -1.355286478996276855e+00 1.526710867881774902e+00 -4.615629315376281738e-01 -7.874933481216430664e-01 -6.763449311256408691e-01 -2.208496779203414917e-01 1.742219626903533936e-01 1.707111120223999023e+00 8.898392319679260254e-01 1.073103427886962891e+00 -4.078062772750854492e-01 -1.018769741058349609e+00 -4.382666945457458496e-01
-9.230368137359619141e-01 1.313094854354858398e+00 1.873476624488830566e+00 -8.254850506782531738e-01 1.343103528022766113e+00 -1.441210150718688965e+00 -7.454798221588134766e-01 -1.227533817291259766e+00 1.337939620018005371e+00 -4.630733430385589600e-01 -6.911766529083251953e-01 -5.983995795249938965e-01 -2.690567970275878906e-01 2.564052045345306396e-01 1.655094265937805176e+00 1.019732713699340820e+00 1.042135834693908691e+00 -3.581442832946777344e-01 -1.058842658996582031e+00 -3.968891799449920654e-01
-1.106209754943847656e+00 1.340990066528320312e+00 1.796519994735717773e+00 -8.824070096015930176e-01 1.215453028678894043e+00 -1.193690419197082520e+00 -1.008006930351257324e+00 -1.045275807380676270e+00 1.113279819488525391e+00 -5.668487548828125000e-01 -5.965319275856018066e-01 -4.503077268600463867e-01 -4.320407509803771973e-01 3.906925618648529053e-01 1.575565218925476074e+00 1.174415826797485352e+00 1.030600309371948242e+00 -2.440538853406906128e-01 -1.126043558120727539e+00 -3.566780388355255127e-01
-1.262056708335876465e+00 1.478740572929382324e+00 1.757058978080749512e+00 -1.007647991180419922e+00 1.170994281768798828e+00 -1.004487514495849609e+00 -1.283785343170166016e+00 -9.564103484153747559e-01 1.010808944702148438e+00 -6.727749705314636230e-01 -5.482423305511474609e-01 -3.584744334220886230e-01 -6.639174222946166992e-01 4.333803951740264893e-01 1.557718634605407715e+00 1.309696435928344727e+00 1.098555684089660645e+00 -1.527268439531326294e-01 -1.253028512001037598e+00 -3.560169339179992676e-01
-1.392608642578125000e+00 1.565287232398986816e+00 1.776273846626281738e+00 -1.130342125892639160e+00 1.218237996101379395e+00 -8.380212783813476562e-01 -1.442358613014221191e+00 -9.656569957733154297e-01 1.054575443267822266e+00 -7.752402424812316895e-01 -6.052124500274658203e-01 -4.094629883766174316e-01 -8.410405516624450684e-01 3.569562137126922607e-01 1.645927071571350098e+00 1.419439554214477539e+00 1.219408869743347168e+00 -6.020200252532958984e-02 -1.394593000411987305e+00 -3.335237503051757812e-01
-1.427866101264953613e+00 1.637348294258117676e+00 1.811074137687683105e+00 -1.204819679260253906e+00 1.372152328491210938e+00 -6.883912086486816406e-01 -1.548886299133300781e+00 -9.580701589584350586e-01 1.228945136070251465e+00 -8.842956423759460449e-01 -6.584032773971557617e-01 -5.137465000152587891e-01 -9.302416443824768066e-01 2.197034060955047607e-01 1.788137912750244141e+00 1.489229083061218262e+00 1.354919433593750000e+00 5.432408303022384644e-03 -1.500896215438842773e+00 -3.150121569633483887e-01
-1.371044039726257324e+00 1.647720336914062500e+00 1.870561361312866211e+00 -1.194193601608276367e+00 1.539262294769287109e+00 -5.915749669075012207e-01 -1.585527181625366211e+00 -9.251137971878051758e-01 1.398581624031066895e+00 -9.421202540397644043e-01 -7.174662947654724121e-01 -6.362151503562927246e-01 -9.663129448890686035e-01 1.762333884835243225e-02 1.920722246170043945e+00 1.492076873779296875e+00 1.418514013290405273e+00 4.969708621501922607e-02 -1.574854969978332520e+00 -2.844439446926116943e-01
-1.247967600822448730e+00 1.588173985481262207e+00 1.948925495147705078e+00 -1.139449596405029297e+00 1.679310679435729980e+00 -5.612839460372924805e-01 -1.554384112358093262e+00 -8.892236351966857910e-01 1.560209035873413086e+00 -9.295760989189147949e-01 -7.771318554878234863e-01 -8.073706030845642090e-01 -9.744970202445983887e-01 -2.433683872222900391e-01 2.037274122238159180e+00 1.458119034767150879e+00 1.462178707122802734e+00 8.316001296043395996e-02 -1.651625752449035645e+00 -2.323261797428131104e-01
-1.084786057472229004e+00 1.482200145721435547e+00 2.070626497268676758e+00 -1.036101460456848145e+00 1.821857929229736328e+00 -5.928445458412170410e-01 -1.500518798828125000e+00 -8.753721117973327637e-01 1.722460865974426270e+00 -8.598977923393249512e-01 -8.681279420852661133e-01 -1.021313428878784180e+00 -9.685767292976379395e-01 -4.923113882541656494e-01 2.155784130096435547e+00 1.391583442687988281e+00 1.533415913581848145e+00 1.321420669555664062e-01 -1.733272314071655273e+00 -1.696470081806182861e-01
-9.434317350387573242e-01 1.419729828834533691e+00 2.226519346237182617e+00 -9.785071015357971191e-01 2.009226799011230469e+00 -7.274646759033203125e-01 -1.435997843742370605e+00 -9.531432986259460449e-01 1.919217348098754883e+00 -7.530390620231628418e-01 -9.691005945205688477e-01 -1.262408256530761719e+00 -9.289733767509460449e-01 -6.370986700057983398e-01 2.275676727294921875e+00 1.318084359169006348e+00 1.674031138420104980e+00 1.356301754713058472e-01 -1.797841310501098633e+00 -1.237192824482917786e-01
-8.006101846694946289e-01 1.330684185028076172e+00 2.329165458679199219e+00 -9.193407297134399414e-01 2.135006427764892578e+00 -8.932581543922424316e-01 -1.353415369987487793e+00 -1.045848965644836426e+00 2.037178277969360352e+00 -6.014828681945800781e-01 -1.037076234817504883e+00 -1.438863635063171387e+00 -8.095261454582214355e-01 -6.980373263359069824e-01 2.333817005157470703e+00 1.256573796272277832e+00 1.761277198791503906e+00 1.129202097654342651e-01 -1.793002605438232422e+00 -1.001679673790931702e-01
-6.412594318389892578e-01 1.126343488693237305e+00 2.333503723144531250e+00 -8.361350893974304199e-01 2.263606786727905273e+00 -1.088210463523864746e+00 -1.174162268638610840e+00 -1.190629839897155762e+00 2.093311309814453125e+00 -4.072909355163574219e-01 -1.122749090194702148e+00 -1.524259686470031738e+00 -5.372282862663269043e-01 -7.069852352142333984e-01 2.346123456954956055e+00 1.157632589340209961e+00 1.729260206222534180e+00 1.729401201009750366e-02 -1.659773588180541992e+00 -6.813213229179382324e-02
-5.531908273696899414e-01 9.897966384887695312e-01 2.281137704849243164e+00 -8.188042640686035156e-01 2.313580036163330078e+00 -1.260590672492980957e+00 -1.011114001274108887e+00 -1.338715553283691406e+00 2.083570003509521484e+00 -2.605844140052795410e-01 -1.177551150321960449e+00 -1.531965613365173340e+00 -2.783623337745666504e-01 -6.268706321716308594e-01 2.323969364166259766e+00 1.067640304565429688e+00 1.669259190559387207e+00 -9.276111423969268799e-02 -1.502808213233947754e+00 -5.318365246057510376e-02
-5.094777941703796387e-01 9.117885231971740723e-01 2.206766605377197266e+00 -8.366618752479553223e-01 2.299733638763427734e+00 -1.411765694618225098e+00 -9.185175895690917969e-01 -1.476433873176574707e+00 2.030008077621459961e+00 -1.269740909337997437e-01 -1.168146610260009766e+00 -1.493541121482849121e+00 -7.949468493461608887e-02 -4.890005290508270264e-01 2.263523101806640625e+00 9.978456497192382812e-01 1.621054053306579590e+00 -1.928546428680419922e-01 -1.373924851417541504e+00 -6.164246797561645508e-02
-5.192757248878479004e-01 8.754826188087463379e-01 2.140977382659912109e+00 -8.574830889701843262e-01 2.259092807769775391e+00 -1.534558773040771484e+00 -8.598042726516723633e-01 -1.572613954544067383e+00 1.980657100677490234e+00 -5.519255995750427246e-02 -1.146422028541564941e+00 -1.407790422439575195e+00 5.977894738316535950e-02 -3.123566210269927979e-01 2.224266052246093750e+00 9.543206095695495605e-01 1.586275935173034668e+00 -2.778354585170745850e-01 -1.256485342979431152e+00 -1.008987352252006531e-01
-5.213215351104736328e-01 8.583799004554748535e-01 2.051011323928833008e+00 -8.843795061111450195e-01 2.189601421356201172e+00 -1.617357015609741211e+00 -8.278681635856628418e-01 -1.626086950302124023e+00 1.908704757690429688e+00 4.098787903785705566e-03 -1.094616413116455078e+00 -1.288814783096313477e+00 1.509382575750350952e-01 -1.351733207702636719e-01 2.157850742340087891e+00 9.145032763481140137e-01 1.544803261756896973e+00 -3.520689606666564941e-01 -1.145761013031005859e+00 -1.464132070541381836e-01
-5.298721194267272949e-01 8.851330876350402832e-01 1.947644948959350586e+00 -9.310908913612365723e-01 2.124768257141113281e+00 -1.671184897422790527e+00 -8.473165631294250488e-01 -1.673720121383666992e+00 1.817938089370727539e+00 4.925313591957092285e-02 -1.034888625144958496e+00 -1.144649505615234375e+00 1.741109639406204224e-01 5.122216045856475830e-02 2.084638118743896484e+00 8.765553236007690430e-01 1.521017432212829590e+00 -4.202045202255249023e-01 -1.060215234756469727e+00 -2.061461210250854492e-01
-5.478701591491699219e-01 9.800345897674560547e-01 1.830773711204528809e+00 -1.029696345329284668e+00 2.037222146987915039e+00 -1.695703029632568359e+00 -9.117304086685180664e-01 -1.700091481208801270e+00 1.730666518211364746e+00 6.795195490121841431e-02 -9.407600760459899902e-01 -9.893428087234497070e-01 1.387775689363479614e-01 2.568445503711700439e-01 1.991318583488464355e+00 8.424021005630493164e-01 1.532999515533447266e+00 -4.815993905067443848e-01 -1.002060770988464355e+00 -2.688686251640319824e-01
-6.431713104248046875e-01 1.195155858993530273e+00 1.685209870338439941e+00 -1.221333146095275879e+00 1.960899233818054199e+00 -1.695397973060607910e+00 -1.028986573219299316e+00 -1.762601613998413086e+00 1.695137500762939453e+00 1.496279984712600708e-02 -8.360733389854431152e-01 -8.233850002288818359e-01 1.690381951630115509e-02 5.319076776504516602e-01 1.876507639884948730e+00 8.265785574913024902e-01 1.633559346199035645e+00 -5.599018335342407227e-01 -9.742290973663330078e-01 -3.476470112800598145e-01
-7.519589066505432129e-01 1.444738507270812988e+00 1.484339833259582520e+00 -1.444147348403930664e+00 1.873498201370239258e+00 -1.625452876091003418e+00 -1.153213143348693848e+00 -1.804420232772827148e+00 1.678038597106933594e+00 -9.055085480213165283e-02 -7.249838709831237793e-01 -6.594181656837463379e-01 -1.789412200450897217e-01 7.989401817321777344e-01 1.704339742660522461e+00 8.331323862075805664e-01 1.776970267295837402e+00 -6.076675057411193848e-01 -9.604918360710144043e-01 -4.440119266510009766e-01
-8.661810159683227539e-01 1.743903160095214844e+00 1.328159570693969727e+00 -1.683131814002990723e+00 1.828375339508056641e+00 -1.483127832412719727e+00 -1.235230803489685059e+00 -1.816887974739074707e+00 1.765859007835388184e+00 -2.886502146720886230e-01 -6.835973858833312988e-01 -5.870474576950073242e-01 -4.291893839836120605e-01 9.455074071884155273e-01 1.547654032707214355e+00 9.018937349319458008e-01 1.976738452911376953e+00 -5.681257843971252441e-01 -1.012652277946472168e+00 -5.713779926300048828e-01
-1.003045320510864258e+00 1.933843612670898438e+00 1.245109677314758301e+00 -1.814015984535217285e+00 1.687323093414306641e+00 -1.225798487663269043e+00 -1.299359798431396484e+00 -1.724913239479064941e+00 1.799807310104370117e+00 -4.955752789974212646e-01 -6.838169097900390625e-01 -5.714932680130004883e-01 -6.785910129547119141e-01 9.019173979759216309e-01 1.418529868125915527e+00 9.420506954193115234e-01 2.030691385269165039e+00 -4.376499056816101074e-01 -1.126859188079833984e+00 -6.417136192321777344e-01
-1.111299157142639160e+00 1.919031500816345215e+00 1.219388842582702637e+00 -1.788262724876403809e+00 1.568865776062011719e+00 -9.958333373069763184e-01 -1.283340454101562500e+00 -1.615435361862182617e+00 1.769201993942260742e+00 -6.245614290237426758e-01 -6.915112733840942383e-01 -5.796510577201843262e-01 -7.951807975769042969e-01 7.298906445503234863e-01 1.388777732849121094e+00 1.029950022697448730e+00 1.967257618904113770e+00 -3.288564682006835938e-01 -1.209749341011047363e+00 -6.721896529197692871e-01
-1.194394826889038086e+00 1.850948333740234375e+00 1.240943789482116699e+00 -1.724157333374023438e+00 1.507724881172180176e+00 -8.476833105087280273e-01 -1.221925854682922363e+00 -1.563921689987182617e+00 1.741790056228637695e+00 -7.032487392425537109e-01 -7.203185558319091797e-01 -6.389155387878417969e-01 -8.329706788063049316e-01 5.723072290420532227e-01 1.424251437187194824e+00 1.085255622863769531e+00 1.919519782066345215e+00 -2.464133948087692261e-01 -1.273216485977172852e+00 -6.538274288177490234e-01
-1.255089521408081055e+00 1.769986152648925781e+00 1.257699489593505859e+00 -1.609489560127258301e+00 1.475377440452575684e+00 -7.648216485977172852e-01 -1.117381095886230469e+00 -1.557191729545593262e+00 1.720940113067626953e+00 -7.587792873382568359e-01 -7.891574501991271973e-01 -7.251312732696533203e-01 -8.076907992362976074e-01 4.135649800300598145e-01 1.484293818473815918e+00 1.093249797821044922e+00 1.870020389556884766e+00 -2.003662735223770142e-01 -1.307780742645263672e+00 -6.127291321754455566e-01
-1.296451807022094727e+00 1.638308048248291016e+00 1.238058924674987793e+00 -1.440274834632873535e+00 1.407864332199096680e+00 -7.118456959724426270e-01 -9.609885811805725098e-01 -1.559745669364929199e+00 1.650970220565795898e+00 -7.831194996833801270e-01 -8.705952763557434082e-01 -7.878390550613403320e-01 -7.462773919105529785e-01 2.947299182415008545e-01 1.496428608894348145e+00 1.051175951957702637e+00 1.777186155319213867e+00 -1.623224616050720215e-01 -1.284138679504394531e+00 -5.613232254981994629e-01
-1.330915808677673340e+00 1.449118614196777344e+00 1.200695276260375977e+00 -1.216068029403686523e+00 1.312780857086181641e+00 -7.326632738113403320e-01 -7.459192872047424316e-01 -1.610672116279602051e+00 1.550506830215454102e+00 -7.586227655410766602e-01 -9.907784461975097656e-01 -8.538488149642944336e-01 -6.474011540412902832e-01 2.175580263137817383e-01 1.476474046707153320e+00 9.532365798950195312e-01 1.643317699432373047e+00 -1.474177390336990356e-01 -1.202080130577087402e+00 -4.760440587997436523e-01
-1.309934258460998535e+00 1.287764430046081543e+00 1.203432440757751465e+00 -1.019152045249938965e+00 1.278667688369750977e+00 -9.040560722351074219e-01 -5.029156804084777832e-01 -1.758557319641113281e+00 1.502762675285339355e+00 -6.597992181777954102e-01 -1.134032964706420898e+00 -9.789404273033142090e-01 -5.060827732086181641e-01 1.799732893705368042e-01 1.511710643768310547e+00 8.304501771926879883e-01 1.570789456367492676e+00 -2.010554522275924683e-01 -1.106436848640441895e+00 -3.893206119537353516e-01
-1.227040171623229980e+00 1.143917441368103027e+00 1.305353045463562012e+00 -9.151849150657653809e-01 1.365811705589294434e+00 -1.136471152305603027e+00 -3.397841155529022217e-01 -1.917604207992553711e+00 1.541688323020935059e+00 -5.184587240219116211e-01 -1.226149320602416992e+00 -1.112900495529174805e+00 -2.950137257575988770e-01 1.437862515449523926e-01 1.656207203865051270e+00 7.772812247276306152e-01 1.563846826553344727e+00 -3.011175990104675293e-01 -1.051577568054199219e+00 -3.292549848556518555e-01
-1.133662104606628418e+00 1.036650061607360840e+00 1.456973075866699219e+00 -8.588335514068603516e-01 1.525026559829711914e+00 -1.366603493690490723e+00 -2.483880519866943359e-01 -2.043021678924560547e+00 1.611660718917846680e+00 -3.910196125507354736e-01 -1.300293684005737305e+00 -1.209342241287231445e+00 -1.164736002683639526e-01 1.138709634542465210e-01 1.830283880233764648e+00 7.696830034255981445e-01 1.560101151466369629e+00 -4.055536389350891113e-01 -1.031754970550537109e+00 -2.946027815341949463e-01
-1.058175206184387207e+00 1.005697965621948242e+00 1.609434962272644043e+00 -8.570898175239562988e-01 1.709823846817016602e+00 -1.554305553436279297e+00 -1.947285532951354980e-01 -2.120547533035278320e+00 1.734711170196533203e+00 -3.276078701019287109e-01 -1.378367662429809570e+00 -1.268525838851928711e+00 -1.889558508992195129e-02 1.387723237276077271e-01 1.939571261405944824e+00 7.763220071792602539e-01 1.599858164787292480e+00 -4.621002674102783203e-01 -1.043343782424926758e+00 -2.925898730754852295e-01
-9.492545723915100098e-01 1.039542794227600098e+00 1.766355395317077637e+00 -8.983095288276672363e-01 1.874302029609680176e+00 -1.664001107215881348e+00 -1.874243617057800293e-01 -2.129862546920776367e+00 1.864881515502929688e+00 -2.773947715759277344e-01 -1.424684524536132812e+00 -1.345240592956542969e+00 -1.141896098852157593e-02 8.672859519720077515e-02 2.003409862518310547e+00 7.779008746147155762e-01 1.661884784698486328e+00 -4.654760956764221191e-01 -1.111829042434692383e+00 -3.385792076587677002e-01
-7.869839668273925781e-01 1.170236706733703613e+00 1.941427946090698242e+00 -1.011866569519042969e+00 1.955287575721740723e+00 -1.690059542655944824e+00 -2.669161260128021240e-01 -2.031967639923095703e+00 1.961573839187622070e+00 -2.174903452396392822e-01 -1.432605028152465820e+00 -1.382641196250915527e+00 -1.282635480165481567e-01 -2.519939839839935303e-02 2.006010532379150391e+00 7.776351571083068848e-01 1.721572995185852051e+00 -3.870190978050231934e-01 -1.242753505706787109e+00 -4.873127341270446777e-01
-5.683995485305786133e-01 1.292011260986328125e+00 2.056842088699340820e+00 -1.123726725578308105e+00 1.936534404754638672e+00 -1.596189141273498535e+00 -3.862240016460418701e-01 -1.789212465286254883e+00 1.986763954162597656e+00 -1.554042547941207886e-01 -1.367457985877990723e+00 -1.347865819931030273e+00 -3.289565443992614746e-01 -1.639605760574340820e-01 1.902933955192565918e+00 7.706940174102783203e-01 1.734220504760742188e+00 -2.517182230949401855e-01 -1.380826830863952637e+00 -6.591668128967285156e-01
-4.177134633064270020e-01 1.381566643714904785e+00 2.084773302078247070e+00 -1.228706717491149902e+00 1.853357434272766113e+00 -1.428797841072082520e+00 -5.183526873588562012e-01 -1.537193536758422852e+00 1.974283576011657715e+00 -1.301324665546417236e-01 -1.254076361656188965e+00 -1.275035619735717773e+00 -5.694757699966430664e-01 -2.865762412548065186e-01 1.813851594924926758e+00 7.994511723518371582e-01 1.754082560539245605e+00 -1.435983330011367798e-01 -1.506229519844055176e+00 -7.753305435180664062e-01
-3.220732510089874268e-01 1.441853404045104980e+00 2.033389329910278320e+00 -1.278951764106750488e+00 1.791605591773986816e+00 -1.284913301467895508e+00 -6.553114056587219238e-01 -1.292937397956848145e+00 2.000856876373291016e+00 -1.841906011104583740e-01 -1.105504989624023438e+00 -1.145096659660339355e+00 -7.274107336997985840e-01 -2.992706596851348877e-01 1.747096419334411621e+00 8.542498350143432617e-01 1.770059823989868164e+00 -8.904048055410385132e-02 -1.532331824302673340e+00 -8.257128000259399414e-01
-2.611760199069976807e-01 1.477644324302673340e+00 1.939227223396301270e+00 -1.328117609024047852e+00 1.772586226463317871e+00 -1.177160978317260742e+00 -7.812793850898742676e-01 -1.135545849800109863e+00 2.021939992904663086e+00 -2.346772849559783936e-01 -9.528192281723022461e-01 -1.018235206604003906e+00 -8.036520481109619141e-01 -2.860876321792602539e-01 1.687622666358947754e+00 9.117211699485778809e-01 1.759188771247863770e+00 -7.492794841527938843e-02 -1.488901138305664062e+00 -8.493130803108215332e-01
-2.604582309722900391e-01 1.522734045982360840e+00 1.834087729454040527e+00 -1.372587323188781738e+00 1.761064410209655762e+00 -1.108384847640991211e+00 -8.874815106391906738e-01 -1.059399843215942383e+00 2.009987354278564453e+00 -2.849066555500030518e-01 -8.173618316650390625e-01 -8.905953764915466309e-01 -8.388758897781372070e-01 -2.138589024543762207e-01 1.619177103042602539e+00 9.575117826461791992e-01 1.735661387443542480e+00 -8.010944724082946777e-02 -1.413150310516357422e+00 -8.739026784896850586e-01
-3.399524688720703125e-01 1.596476674079895020e+00 1.701381325721740723e+00 -1.436416387557983398e+00 1.782872796058654785e+00 -1.057611107826232910e+00 -9.866048097610473633e-01 -1.046568512916564941e+00 1.978489518165588379e+00 -3.862136006355285645e-01 -7.204995155334472656e-01 -7.346006035804748535e-01 -8.491658568382263184e-01 -4.031747579574584961e-02 1.548677802085876465e+00 9.938902258872985840e-01 1.719543218612670898e+00 -8.774729073047637939e-02 -1.287262797355651855e+00 -8.779473304748535156e-01
-5.001132488250732422e-01 1.734664201736450195e+00 1.559378862380981445e+00 -1.540399432182312012e+00 1.812549710273742676e+00 -1.049019336700439453e+00 -1.120379090309143066e+00 -1.085696816444396973e+00 1.914712667465209961e+00 -5.413550734519958496e-01 -6.513327360153198242e-01 -5.019778609275817871e-01 -8.046268224716186523e-01 2.545989751815795898e-01 1.476369619369506836e+00 1.042315959930419922e+00 1.680457830429077148e+00 -1.211364641785621643e-01 -1.120051980018615723e+00 -8.848649263381958008e-01
-7.872629761695861816e-01 1.932450175285339355e+00 1.398229718208312988e+00 -1.677002787590026855e+00 1.811297297477722168e+00 -1.177626967430114746e+00 -1.270958542823791504e+00 -1.267310500144958496e+00 1.907847523689270020e+00 -7.348822355270385742e-01 -5.545786619186401367e-01 -2.668102383613586426e-01 -6.640167832374572754e-01 6.622959375381469727e-01 1.472104310989379883e+00 1.125889897346496582e+00 1.691981554031372070e+00 -2.884261608123779297e-01 -9.344467520713806152e-01 -8.273171186447143555e-01
-1.062425255775451660e+00 2.030205249786376953e+00 1.404289484024047852e+00 -1.711985111236572266e+00 1.896125316619873047e+00 -1.399974107742309570e+00 -1.296550393104553223e+00 -1.541369795799255371e+00 1.973814487457275391e+00 -8.909840583801269531e-01 -5.473293066024780273e-01 -2.393075376749038696e-01 -4.231081604957580566e-01 9.292019605636596680e-01 1.626369833946228027e+00 1.232477545738220215e+00 1.769389152526855469e+00 -4.789979457855224609e-01 -8.214671015739440918e-01 -7.093197107315063477e-01
-1.206670641899108887e+00 1.964959621429443359e+00 1.380767345428466797e+00 -1.655725479125976562e+00 1.890911579132080078e+00 -1.498769640922546387e+00 -1.212275505065917969e+00 -1.702272415161132812e+00 1.938369274139404297e+00 -9.402298927307128906e-01 -5.462002754211425781e-01 -2.482158988714218140e-01 -2.065299749374389648e-01 1.033382654190063477e+00 1.713339567184448242e+00 1.263583183288574219e+00 1.741318583488464355e+00 -6.103830933570861816e-01 -7.276928424835205078e-01 -5.987756848335266113e-01
-1.279765725135803223e+00 1.893610239028930664e+00 1.382034063339233398e+00 -1.604048252105712891e+00 1.865855455398559570e+00 -1.521282553672790527e+00 -1.129917025566101074e+00 -1.785774588584899902e+00 1.896800398826599121e+00 -9.441543221473693848e-01 -5.669035315513610840e-01 -2.686160504817962646e-01 -9.630148112773895264e-02 1.024619579315185547e+00 1.788597106933593750e+00 1.266954779624938965e+00 1.694754600524902344e+00 -6.759879589080810547e-01 -7.016492486000061035e-01 -5.446431040763854980e-01
-1.320698022842407227e+00 1.841036200523376465e+00 1.384634256362915039e+00 -1.545255064964294434e+00 1.838438749313354492e+00 -1.529670834541320801e+00 -1.057949066162109375e+00 -1.828991532325744629e+00 1.859796166419982910e+00 -9.485459923744201660e-01 -5.846796035766601562e-01 -2.837995886802673340e-01 -2.873647958040237427e-02 9.902545213699340820e-01 1.833237767219543457e+00 1.268853545188903809e+00 1.643230319023132324e+00 -7.110294699668884277e-01 -6.908723115921020508e-01 -5.167983770370483398e-01
-1.341605186462402344e+00 1.803132295608520508e+00 1.380660772323608398e+00 -1.493317723274230957e+00 1.814208865165710449e+00 -1.522564530372619629e+00 -9.950209259986877441e-01 -1.848812818527221680e+00 1.837285280227661133e+00 -9.599485397338867188e-01 -5.979594588279724121e-01 -2.972477078437805176e-01 1.941340230405330658e-02 9.386776685714721680e-01 1.863961458206176758e+00 1.271826982498168945e+00 1.595532894134521484e+00 -7.284481525421142578e-01 -6.839698553085327148e-01 -5.016555190086364746e-01
-1.352289795875549316e+00 1.753933668136596680e+00 1.373602747917175293e+00 -1.450631618499755859e+00 1.806383252143859863e+00 -1.490891814231872559e+00 -9.308191537857055664e-01 -1.857187390327453613e+00 1.830126762390136719e+00 -9.832002520561218262e-01 -6.273674368858337402e-01 -3.259886205196380615e-01 4.932826012372970581e-02 8.672767877578735352e-01 1.902123928070068359e+00 1.282257676124572754e+00 1.566778779029846191e+00 -7.143585085868835449e-01 -6.830773353576660156e-01 -4.875295758247375488e-01
-1.352659702301025391e+00 1.667076706886291504e+00 1.350382447242736816e+00 -1.391450881958007812e+00 1.807100892066955566e+00 -1.407559752464294434e+00 -8.516658544540405273e-01 -1.837739825248718262e+00 1.832697629928588867e+00 -1.025857329368591309e+00 -6.674596667289733887e-01 -3.813852071762084961e-01 7.363481819629669189e-02 7.412565350532531738e-01 1.950108289718627930e+00 1.310520172119140625e+00 1.541519522666931152e+00 -6.563919782638549805e-01 -6.853004693984985352e-01 -4.616230726242065430e-01
-1.287853837013244629e+00 1.446987032890319824e+00 1.267858862876892090e+00 -1.298473358154296875e+00 1.760712385177612305e+00 -1.187368154525756836e+00 -7.395035028457641602e-01 -1.714766025543212891e+00 1.797894120216369629e+00 -1.027856469154357910e+00 -6.721035242080688477e-01 -5.155479311943054199e-01 5.974217504262924194e-02 4.680423140525817871e-01 2.002012252807617188e+00 1.386013984680175781e+00 1.514415383338928223e+00 -5.187811255455017090e-01 -7.297966480255126953e-01 -3.969003856182098389e-01
-9.456183314323425293e-01 1.144924879074096680e+00 1.279299855232238770e+00 -1.062776923179626465e+00 1.821827650070190430e+00 -8.526125550270080566e-01 -7.071990966796875000e-01 -1.393558859825134277e+00 1.735085368156433105e+00 -8.701455593109130859e-01 -6.360796093940734863e-01 -8.577035665512084961e-01 -5.142423510551452637e-02 -1.784754097461700439e-01 2.043527126312255859e+00 1.427014112472534180e+00 1.455458045005798340e+00 -2.734546959400177002e-01 -9.399821758270263672e-01 -2.439774870872497559e-01
-7.736701369285583496e-01 1.049911975860595703e+00 1.666732549667358398e+00 -9.375422596931457520e-01 1.992876529693603516e+00 -7.453045845031738281e-01 -8.771727085113525391e-01 -1.136261224746704102e+00 1.778301835060119629e+00 -7.142468690872192383e-01 -7.601268291473388672e-01 -1.130873799324035645e+00 -3.444892168045043945e-01 -4.839570224285125732e-01 2.163303852081298828e+00 1.381058335304260254e+00 1.534754872322082520e+00 -6.517665833234786987e-02 -1.300462126731872559e+00 -1.585604250431060791e-01
-7.782963514328002930e-01 1.004225730895996094e+00 1.851449370384216309e+00 -9.366662502288818359e-01 2.010637760162353516e+00 -7.385412454605102539e-01 -9.763413667678833008e-01 -1.103994846343994141e+00 1.790972948074340820e+00 -6.150942444801330566e-01 -8.324642181396484375e-01 -1.262520194053649902e+00 -5.174841284751892090e-01 -5.074317455291748047e-01 2.182529211044311523e+00 1.356599926948547363e+00 1.643669843673706055e+00 9.495466947555541992e-03 -1.505741953849792480e+00 -1.192962899804115295e-01
-8.107949495315551758e-01 9.838573336601257324e-01 1.910802364349365234e+00 -9.582973718643188477e-01 1.968609333038330078e+00 -7.352790236473083496e-01 -1.062345743179321289e+00 -1.100330948829650879e+00 1.756935954093933105e+00 -5.495792627334594727e-01 -8.322940468788146973e-01 -1.300864934921264648e+00 -5.825574398040771484e-01 -4.686930477619171143e-01 2.170480251312255859e+00 1.354269266128540039e+00 1.689300417900085449e+00 3.537745028734207153e-02 -1.595514059066772461e+00 -8.247324824333190918e-02
-8.446072936058044434e-01 9.521800279617309570e-01 1.904933333396911621e+00 -9.979578852653503418e-01 1.876390099525451660e+00 -7.483770251274108887e-01 -1.146569013595581055e+00 -1.086066007614135742e+00 1.685492157936096191e+00 -4.759189486503601074e-01 -7.877610325813293457e-01 -1.276510357856750488e+00 -6.047507524490356445e-01 -3.712795078754425049e-01 2.126078367233276367e+00 1.362254023551940918e+00 1.699115872383117676e+00 3.233369439840316772e-02 -1.628018021583557129e+00 -4.297269880771636963e-02
-8.858630657196044922e-01 9.167549014091491699e-01 1.831374526023864746e+00 -1.052241921424865723e+00 1.739205002784729004e+00 -7.656464576721191406e-01 -1.238579988479614258e+00 -1.069783329963684082e+00 1.573870182037353516e+00 -3.872950673103332520e-01 -7.028555274009704590e-01 -1.199353694915771484e+00 -5.858215689659118652e-01 -2.164800167083740234e-01 2.046234369277954102e+00 1.373668313026428223e+00 1.677430033683776855e+00 -4.249289631843566895e-04 -1.605161428451538086e+00 -5.727332085371017456e-03
-9.321072697639465332e-01 8.809638023376464844e-01 1.700415968894958496e+00 -1.118880748748779297e+00 1.540300607681274414e+00 -8.080812692642211914e-01 -1.306243062019348145e+00 -1.065858483314514160e+00 1.415369510650634766e+00 -2.742274999618530273e-01 -5.906030535697937012e-01 -1.077347159385681152e+00 -5.217384696006774902e-01 1.607276126742362976e-02 1.922876000404357910e+00 1.377305507659912109e+00 1.639026165008544922e+00 -6.485096365213394165e-02 -1.525295257568359375e+00 1.224268041551113129e-02
-1.084705591201782227e+00 9.560519456863403320e-01 1.600072860717773438e+00 -1.233991980552673340e+00 1.399747252464294434e+00 -9.576505422592163086e-01 -1.351954579353332520e+00 -1.197135448455810547e+00 1.309265494346618652e+00 -2.495559155941009521e-01 -5.607901811599731445e-01 -8.850683569908142090e-01 -4.698289632797241211e-01 4.069457650184631348e-01 1.846810340881347656e+00 1.359597444534301758e+00 1.652696609497070312e+00 -1.916949152946472168e-01 -1.406154036521911621e+00 -3.665998578071594238e-03
-1.245849490165710449e+00 1.060312271118164062e+00 1.504791975021362305e+00 -1.327537775039672852e+00 1.298215985298156738e+00 -1.162762403488159180e+00 -1.289972782135009766e+00 -1.399701237678527832e+00 1.267929077148437500e+00 -2.784487307071685791e-01 -5.975666642189025879e-01 -7.079777121543884277e-01 -3.952242136001586914e-01 7.857230305671691895e-01 1.770471692085266113e+00 1.290873289108276367e+00 1.674910187721252441e+00 -3.493326306343078613e-01 -1.248977541923522949e+00 -3.549117594957351685e-02
-1.292659640312194824e+00 1.250488281250000000e+00 1.499398946762084961e+00 -1.382188916206359863e+00 1.353279113769531250e+00 -1.361964225769042969e+00 -1.212485790252685547e+00 -1.613643050193786621e+00 1.312314748764038086e+00 -3.005350232124328613e-01 -7.036142945289611816e-01 -6.306315660476684570e-01 -3.228831887245178223e-01 9.520522356033325195e-01 1.727316617965698242e+00 1.177486538887023926e+00 1.670392632484436035e+00 -5.190693140029907227e-01 -1.157648921012878418e+00 -1.277582049369812012e-01
-1.313946604728698730e+00 1.395230293273925781e+00 1.528736472129821777e+00 -1.425969481468200684e+00 1.414766073226928711e+00 -1.438482999801635742e+00 -1.164541482925415039e+00 -1.764670014381408691e+00 1.344197988510131836e+00 -3.056431710720062256e-01 -7.883780598640441895e-01 -6.456318497657775879e-01 -3.191633820533752441e-01 9.603238105773925781e-01 1.713681221008300781e+00 1.082987189292907715e+00 1.675848364830017090e+00 -5.889938473701477051e-01 -1.147887349128723145e+00 -2.209780514240264893e-01
-1.272905707359313965e+00 1.437498927116394043e+00 1.562901735305786133e+00 -1.404390215873718262e+00 1.443696737289428711e+00 -1.446249961853027344e+00 -1.119276046752929688e+00 -1.828771114349365234e+00 1.348021507263183594e+00 -2.522120773792266846e-01 -8.641948103904724121e-01 -7.117930650711059570e-01 -3.493577241897583008e-01 8.832262158393859863e-01 1.660685539245605469e+00 9.725968837738037109e-01 1.667765021324157715e+00 -5.877304673194885254e-01 -1.184513330459594727e+00 -2.777530550956726074e-01
-1.144506573677062988e+00 1.357531785964965820e+00 1.603582501411437988e+00 -1.298719286918640137e+00 1.416280388832092285e+00 -1.384007811546325684e+00 -1.040377378463745117e+00 -1.778258442878723145e+00 1.299951672554016113e+00 -1.362154781818389893e-01 -9.383206963539123535e-01 -8.230935335159301758e-01 -3.984124660491943359e-01 6.971759796142578125e-01 1.568857550621032715e+00 8.189669251441955566e-01 1.601023197174072266e+00 -5.169874429702758789e-01 -1.243498802185058594e+00 -2.828005552291870117e-01
-9.704008698463439941e-01 1.217568755149841309e+00 1.727025508880615234e+00 -1.130865335464477539e+00 1.416811823844909668e+00 -1.305435061454772949e+00 -9.270165562629699707e-01 -1.646576523780822754e+00 1.273701071739196777e+00 -3.898683935403823853e-02 -1.047132611274719238e+00 -9.911379814147949219e-01 -4.389936327934265137e-01 3.895225524902343750e-01 1.560753345489501953e+00 7.272270917892456055e-01 1.527671575546264648e+00 -3.693068623542785645e-01 -1.324423432350158691e+00 -2.983334958553314209e-01
-7.822776436805725098e-01 1.060181736946105957e+00 1.933282017707824707e+00 -9.571378231048583984e-01 1.512707471847534180e+00 -1.259518027305603027e+00 -8.315783739089965820e-01 -1.483159422874450684e+00 1.327861666679382324e+00 -9.681247174739837646e-03 -1.168166279792785645e+00 -1.144182801246643066e+00 -4.482661485671997070e-01 1.213518157601356506e-02 1.676404476165771484e+00 7.136889100074768066e-01 1.436683416366577148e+00 -1.814587116241455078e-01 -1.397070765495300293e+00 -2.896580100059509277e-01
-6.914532184600830078e-01 9.676018357276916504e-01 2.151667594909667969e+00 -8.915910720825195312e-01 1.758484959602355957e+00 -1.272944808006286621e+00 -7.604476213455200195e-01 -1.446096897125244141e+00 1.556110620498657227e+00 -9.351776540279388428e-02 -1.273129105567932129e+00 -1.302975416183471680e+00 -4.216152429580688477e-01 -2.374362945556640625e-01 1.876999139785766602e+00 8.051087260246276855e-01 1.495393276214599609e+00 -7.065333425998687744e-02 -1.473441123962402344e+00 -2.494125068187713623e-01
-6.718282103538513184e-01 9.055347442626953125e-01 2.262049198150634766e+00 -8.528907895088195801e-01 1.946357846260070801e+00 -1.301074624061584473e+00 -7.300346493721008301e-01 -1.474766969680786133e+00 1.719214916229248047e+00 -1.520512104034423828e-01 -1.322253704071044922e+00 -1.416884779930114746e+00 -3.685644268989562988e-01 -3.795392811298370361e-01 2.053618669509887695e+00 8.958550691604614258e-01 1.553108215332031250e+00 -3.948958218097686768e-02 -1.503184556961059570e+00 -1.985955238342285156e-01
-6.599025130271911621e-01 8.584278225898742676e-01 2.293093442916870117e+00 -8.348739743232727051e-01 2.038561820983886719e+00 -1.338111996650695801e+00 -6.888453364372253418e-01 -1.508980989456176758e+00 1.815759062767028809e+00 -1.772979199886322021e-01 -1.335136175155639648e+00 -1.481313347816467285e+00 -2.938905954360961914e-01 -4.624598324298858643e-01 2.163183450698852539e+00 9.385504126548767090e-01 1.564175605773925781e+00 -5.256656929850578308e-02 -1.490488052368164062e+00 -1.497687399387359619e-01
-6.435777544975280762e-01 8.245882391929626465e-01 2.274614334106445312e+00 -8.133104443550109863e-01 2.096114635467529297e+00 -1.390951752662658691e+00 -6.285787224769592285e-01 -1.552633762359619141e+00 1.891620993614196777e+00 -1.978728175163269043e-01 -1.337067127227783203e+00 -1.497757554054260254e+00 -1.934618502855300903e-01 -4.991152584552764893e-01 2.223788022994995117e+00 9.381817579269409180e-01 1.539190411567687988e+00 -9.393555670976638794e-02 -1.436332345008850098e+00 -1.152779236435890198e-01
-6.337679624557495117e-01 8.264583945274353027e-01 2.219259023666381836e+00 -7.799482941627502441e-01 2.141151428222656250e+00 -1.488249063491821289e+00 -5.438970327377319336e-01 -1.615464925765991211e+00 1.974445104598999023e+00 -2.454266250133514404e-01 -1.325749158859252930e+00 -1.462367057800292969e+00 -5.388231575489044189e-02 -4.747214019298553467e-01 2.265876054763793945e+00 9.075188040733337402e-01 1.489654541015625000e+00 -1.771511882543563843e-01 -1.322622895240783691e+00 -9.699595719575881958e-02
-6.485330462455749512e-01 9.194558858871459961e-01 2.131617546081542969e+00 -7.576102614402770996e-01 2.131693124771118164e+00 -1.609247088432312012e+00 -4.451908469200134277e-01 -1.692506790161132812e+00 2.057988882064819336e+00 -3.272158503532409668e-01 -1.298630952835083008e+00 -1.366958856582641602e+00 8.571191877126693726e-02 -4.036613404750823975e-01 2.266689538955688477e+00 8.525003194808959961e-01 1.404412150382995605e+00 -3.032849431037902832e-01 -1.180729746818542480e+00 -1.272203028202056885e-01
-6.871095299720764160e-01 1.101558327674865723e+00 2.002376556396484375e+00 -7.483567595481872559e-01 2.027410984039306641e+00 -1.708821654319763184e+00 -3.392758369445800781e-01 -1.752362012863159180e+00 2.095993995666503906e+00 -4.359133541584014893e-01 -1.239014983177185059e+00 -1.198695302009582520e+00 1.765425652265548706e-01 -2.864084243774414062e-01 2.184877157211303711e+00 7.788607478141784668e-01 1.272411227226257324e+00 -4.565182924270629883e-01 -1.031887173652648926e+00 -2.216113805770874023e-01
-7.193341851234436035e-01 1.382757425308227539e+00 1.829198837280273438e+00 -8.178679943084716797e-01 1.853087186813354492e+00 -1.730759620666503906e+00 -3.071114122867584229e-01 -1.775185585021972656e+00 2.024090766906738281e+00 -5.424718856811523438e-01 -1.139833807945251465e+00 -9.652558565139770508e-01 1.281594336032867432e-01 -1.294991374015808105e-01 2.048199653625488281e+00 6.964600086212158203e-01 1.158963441848754883e+00 -5.784724354743957520e-01 -9.177482724189758301e-01 -3.859215974807739258e-01
-8.277216553688049316e-01 1.700697422027587891e+00 1.627677559852600098e+00 -9.759828448295593262e-01 1.661230921745300293e+00 -1.663152337074279785e+00 -3.102470934391021729e-01 -1.808326363563537598e+00 1.950576663017272949e+00 -6.936708688735961914e-01 -1.058440089225769043e+00 -7.447586059570312500e-01 -5.596318095922470093e-02 7.833462208509445190e-02 1.834500312805175781e+00 6.192082762718200684e-01 1.150548815727233887e+00 -6.465678215026855469e-01 -8.632282614707946777e-01 -5.447102785110473633e-01
-9.289287924766540527e-01 1.916930079460144043e+00 1.502896547317504883e+00 -1.104618668556213379e+00 1.560571551322937012e+00 -1.526945114135742188e+00 -4.046830832958221436e-01 -1.775899648666381836e+00 1.898913025856018066e+00 -8.177966475486755371e-01 -1.006713390350341797e+00 -6.031837463378906250e-01 -2.281329482793807983e-01 1.804983615875244141e-01 1.691682338714599609e+00 6.400038003921508789e-01 1.184670090675354004e+00 -6.168783307075500488e-01 -8.761035799980163574e-01 -6.920655369758605957e-01
-1.004640936851501465e+00 1.981450676918029785e+00 1.486085176467895508e+00 -1.148247122764587402e+00 1.510510325431823730e+00 -1.425297617912292480e+00 -5.002549290657043457e-01 -1.736369729042053223e+00 1.862182259559631348e+00 -8.575606346130371094e-01 -9.929669499397277832e-01 -5.540284514427185059e-01 -3.565973639488220215e-01 1.678354442119598389e-01 1.644972205162048340e+00 7.089563012123107910e-01 1.210259318351745605e+00 -5.667930245399475098e-01 -9.487008452415466309e-01 -7.820413708686828613e-01
-1.064378619194030762e+00 1.975091338157653809e+00 1.496409773826599121e+00 -1.127096891403198242e+00 1.461179375648498535e+00 -1.305909872055053711e+00 -5.789023637771606445e-01 -1.670509934425354004e+00 1.788050889968872070e+00 -8.629325032234191895e-01 -9.874265193939208984e-01 -5.634324550628662109e-01 -4.830068945884704590e-01 9.325498342514038086e-02 1.628350973129272461e+00 7.815067768096923828e-01 1.231380581855773926e+00 -4.864482879638671875e-01 -1.042148351669311523e+00 -8.217294216156005859e-01
-1.111153721809387207e+00 1.898463129997253418e+00 1.517677545547485352e+00 -1.056111216545104980e+00 1.434713840484619141e+00 -1.176740527153015137e+00 -6.362158060073852539e-01 -1.594030737876892090e+00 1.690363287925720215e+00 -8.508474230766296387e-01 -9.945800900459289551e-01 -6.196439266204833984e-01 -5.854858756065368652e-01 -1.322681456804275513e-02 1.636294841766357422e+00 8.570358157157897949e-01 1.252557039260864258e+00 -3.890568614006042480e-01 -1.136285543441772461e+00 -8.055448532104492188e-01
-1.146366834640502930e+00 1.765540957450866699e+00 1.577980637550354004e+00 -9.492155313491821289e-01 1.458465695381164551e+00 -1.054104089736938477e+00 -6.984281539916992188e-01 -1.518663644790649414e+00 1.620932698249816895e+00 -8.113837242126464844e-01 -1.037134408950805664e+00 -7.645893096923828125e-01 -6.605474948883056641e-01 -1.408767104148864746e-01 1.675099968910217285e+00 9.732392430305480957e-01 1.324859738349914551e+00 -2.575157284736633301e-01 -1.261309266090393066e+00 -7.497775554656982422e-01
-1.166382551193237305e+00 1.589278340339660645e+00 1.668618917465209961e+00 -8.316634297370910645e-01 1.510508179664611816e+00 -9.507681131362915039e-01 -7.572682499885559082e-01 -1.448506593704223633e+00 1.556568741798400879e+00 -7.456334829330444336e-01 -1.084017634391784668e+00 -9.472038745880126953e-01 -7.060258388519287109e-01 -2.439839839935302734e-01 1.717660665512084961e+00 1.073462486267089844e+00 1.417379736900329590e+00 -1.187485828995704651e-01 -1.385783553123474121e+00 -6.432371139526367188e-01
-1.154511928558349609e+00 1.354914784431457520e+00 1.800129055976867676e+00 -7.446817159652709961e-01 1.593910694122314453e+00 -8.932408690452575684e-01 -7.928734421730041504e-01 -1.394068837165832520e+00 1.514560818672180176e+00 -6.448118686676025391e-01 -1.151381850242614746e+00 -1.148189067840576172e+00 -7.113721966743469238e-01 -2.891433238983154297e-01 1.786667346954345703e+00 1.129617094993591309e+00 1.521110057830810547e+00 1.130589842796325684e-02 -1.493363022804260254e+00 -4.692539572715759277e-01
-1.105028748512268066e+00 9.950584173202514648e-01 1.977575421333312988e+00 -6.797232031822204590e-01 1.715616703033447266e+00 -9.137209653854370117e-01 -7.783137559890747070e-01 -1.364525794982910156e+00 1.504145383834838867e+00 -4.995074570178985596e-01 -1.198943257331848145e+00 -1.332439661026000977e+00 -5.930676460266113281e-01 -3.212917149066925049e-01 1.953425765037536621e+00 1.202734112739562988e+00 1.584652781486511230e+00 7.229840010404586792e-02 -1.555480837821960449e+00 -2.547068595886230469e-01
-1.031855225563049316e+00 7.338289022445678711e-01 2.125692129135131836e+00 -6.669109463691711426e-01 1.843715667724609375e+00 -9.869942069053649902e-01 -7.790337800979614258e-01 -1.374011516571044922e+00 1.551237702369689941e+00 -3.767807185649871826e-01 -1.209787130355834961e+00 -1.457254171371459961e+00 -4.194228649139404297e-01 -3.545844852924346924e-01 2.110324382781982422e+00 1.250480055809020996e+00 1.606764912605285645e+00 8.967466652393341064e-02 -1.552655339241027832e+00 -9.553789347410202026e-02
-9.528233408927917480e-01 5.817262530326843262e-01 2.215768575668334961e+00 -7.025963068008422852e-01 1.954159617424011230e+00 -1.091218471527099609e+00 -7.676687836647033691e-01 -1.410367250442504883e+00 1.627297997474670410e+00 -2.886547744274139404e-01 -1.199019670486450195e+00 -1.506531834602355957e+00 -2.556067705154418945e-01 -3.602511286735534668e-01 2.222198486328125000e+00 1.280670404434204102e+00 1.618222594261169434e+00 4.974312335252761841e-02 -1.511472702026367188e+00 -1.689669862389564514e-02
-8.815191388130187988e-01 5.036762952804565430e-01 2.264125585556030273e+00 -7.373394370079040527e-01 2.035315752029418945e+00 -1.175145387649536133e+00 -7.640267014503479004e-01 -1.444882035255432129e+00 1.676908135414123535e+00 -2.182209491729736328e-01 -1.198406100273132324e+00 -1.509364843368530273e+00 -1.408438384532928467e-01 -3.573571443557739258e-01 2.291522264480590820e+00 1.265717387199401855e+00 1.605016708374023438e+00 -2.794958651065826416e-03 -1.468454003334045410e+00 1.076987944543361664e-02
-8.189460635185241699e-01 4.764475822448730469e-01 2.297653675079345703e+00 -7.855404019355773926e-01 2.093657016754150391e+00 -1.236013293266296387e+00 -7.557755708694458008e-01 -1.464968442916870117e+00 1.721805334091186523e+00 -1.763585209846496582e-01 -1.201382994651794434e+00 -1.489548802375793457e+00 -6.557904183864593506e-02 -3.582741320133209229e-01 2.338144779205322266e+00 1.241425633430480957e+00 1.584923863410949707e+00 -4.643930867314338684e-02 -1.438444972038269043e+00 9.240157902240753174e-03
-7.523707747459411621e-01 4.852097034454345703e-01 2.322343826293945312e+00 -8.501955866813659668e-01 2.128135919570922852e+00 -1.292580962181091309e+00 -7.299351692199707031e-01 -1.474084615707397461e+00 1.759125232696533203e+00 -1.509852558374404907e-01 -1.188988327980041504e+00 -1.448251605033874512e+00 -1.260943338274955750e-02 -3.600821793079376221e-01 2.370157241821289062e+00 1.216549396514892578e+00 1.555368065834045410e+00 -9.405328333377838135e-02 -1.409904241561889648e+00 -1.695145666599273682e-02
-6.743357181549072266e-01 5.276857018470764160e-01 2.334160327911376953e+00 -9.287522435188293457e-01 2.141376972198486328e+00 -1.344333529472351074e+00 -7.036563754081726074e-01 -1.462284207344055176e+00 1.786454319953918457e+00 -1.380489319562911987e-01 -1.150952339172363281e+00 -1.377534151077270508e+00 1.642919704318046570e-02 -3.628251254558563232e-01 2.385886192321777344e+00 1.193126797676086426e+00 1.512548446655273438e+00 -1.483447551727294922e-01 -1.375895500183105469e+00 -6.461347639560699463e-02
-5.670309066772460938e-01 6.199479103088378906e-01 2.319529771804809570e+00 -1.032709717750549316e+00 2.113814830780029297e+00 -1.395680189132690430e+00 -6.756116151809692383e-01 -1.409931063652038574e+00 1.804424166679382324e+00 -1.418903172016143799e-01 -1.056886553764343262e+00 -1.237348318099975586e+00 2.136659063398838043e-02 -3.561939299106597900e-01 2.363640069961547852e+00 1.167814493179321289e+00 1.433579206466674805e+00 -2.129624187946319580e-01 -1.314183235168457031e+00 -1.558925211429595947e-01
-4.331242442131042480e-01 8.548183441162109375e-01 2.207955598831176758e+00 -1.199837803840637207e+00 2.029865980148315430e+00 -1.432651281356811523e+00 -6.695111989974975586e-01 -1.291114330291748047e+00 1.838778138160705566e+00 -2.038621008396148682e-01 -8.280887603759765625e-01 -9.589632153511047363e-01 -1.159771531820297241e-02 -2.867600917816162109e-01 2.261188983917236328e+00 1.160330176353454590e+00 1.322698593139648438e+00 -3.195509314537048340e-01 -1.180639982223510742e+00 -3.559709787368774414e-01
-4.408251643180847168e-01 1.460863351821899414e+00 1.835800766944885254e+00 -1.501202225685119629e+00 1.743333339691162109e+00 -1.416250586509704590e+00 -7.670782804489135742e-01 -1.176572442054748535e+00 1.836255908012390137e+00 -4.379495084285736084e-01 -4.244930148124694824e-01 -4.471477866172790527e-01 -1.655776053667068481e-01 3.958192467689514160e-02 1.962238073348999023e+00 1.190553188323974609e+00 1.232636451721191406e+00 -4.938977956771850586e-01 -9.331002235412597656e-01 -7.281700372695922852e-01
-8.135371804237365723e-01 2.033515691757202148e+00 1.520695805549621582e+00 -1.861408114433288574e+00 1.490746140480041504e+00 -1.290612578392028809e+00 -9.930226802825927734e-01 -1.273871302604675293e+00 1.868300437927246094e+00 -7.701849341392517090e-01 -2.936907410621643066e-01 -1.675361543893814087e-01 -4.135360121726989746e-01 4.895781874656677246e-01 1.687182188034057617e+00 1.243003606796264648e+00 1.391353726387023926e+00 -4.917701482772827148e-01 -8.656140565872192383e-01 -8.920091986656188965e-01
-1.099528551101684570e+00 2.206131219863891602e+00 1.428882002830505371e+00 -1.972372770309448242e+00 1.485518813133239746e+00 -1.243004441261291504e+00 -1.092455863952636719e+00 -1.442163705825805664e+00 1.905010581016540527e+00 -9.270290732383728027e-01 -3.991004824638366699e-01 -1.924092471599578857e-01 -5.592473149299621582e-01 6.865065693855285645e-01 1.640558242797851562e+00 1.299575328826904297e+00 1.613102674484252930e+00 -4.838245511054992676e-01 -9.487934112548828125e-01 -8.946486711502075195e-01
-1.270748734474182129e+00 2.202846527099609375e+00 1.378224968910217285e+00 -1.947252392768859863e+00 1.488521456718444824e+00 -1.199749469757080078e+00 -1.135697841644287109e+00 -1.524535417556762695e+00 1.878003358840942383e+00 -9.954664111137390137e-01 -4.690017104148864746e-01 -2.310981750488281250e-01 -6.095591187477111816e-01 7.848004102706909180e-01 1.620759487152099609e+00 1.344791531562805176e+00 1.714660882949829102e+00 -4.732291102409362793e-01 -9.975932836532592773e-01 -8.429185748100280762e-01
-1.382985711097717285e+00 2.162371397018432617e+00 1.340856194496154785e+00 -1.899721503257751465e+00 1.492669105529785156e+00 -1.164680480957031250e+00 -1.162545561790466309e+00 -1.575004458427429199e+00 1.840785145759582520e+00 -1.025044918060302734e+00 -5.109304189682006836e-01 -2.714852094650268555e-01 -6.230090260505676270e-01 8.475023508071899414e-01 1.613389611244201660e+00 1.377722382545471191e+00 1.778102159500122070e+00 -4.659550786018371582e-01 -1.026819348335266113e+00 -7.827829718589782715e-01
-1.469547748565673828e+00 2.096148490905761719e+00 1.310266017913818359e+00 -1.843082666397094727e+00 1.503618359565734863e+00 -1.126632809638977051e+00 -1.177073717117309570e+00 -1.609932065010070801e+00 1.797778248786926270e+00 -1.040538668632507324e+00 -5.483407974243164062e-01 -3.154300451278686523e-01 -6.228885650634765625e-01 8.910632133483886719e-01 1.614497542381286621e+00 1.405219793319702148e+00 1.825367689132690430e+00 -4.501288533210754395e-01 -1.043921113014221191e+00 -7.209654450416564941e-01
-1.535052895545959473e+00 2.014437198638916016e+00 1.279600262641906738e+00 -1.779518008232116699e+00 1.510786175727844238e+00 -1.081652283668518066e+00 -1.186745166778564453e+00 -1.630614280700683594e+00 1.750111103057861328e+00 -1.040784239768981934e+00 -5.773965120315551758e-01 -3.630836009979248047e-01 -6.157999634742736816e-01 9.176559448242187500e-01 1.616215944290161133e+00 1.424197077751159668e+00 1.861785531044006348e+00 -4.326844811439514160e-01 -1.056560516357421875e+00 -6.546819806098937988e-01
-1.576948642730712891e+00 1.911226630210876465e+00 1.250812411308288574e+00 -1.708728194236755371e+00 1.517475962638854980e+00 -1.023657083511352539e+00 -1.190668225288391113e+00 -1.636892080307006836e+00 1.697484850883483887e+00 -1.020197868347167969e+00 -6.100658178329467773e-01 -4.290955662727355957e-01 -6.041738986968994141e-01 9.166406989097595215e-01 1.623676180839538574e+00 1.427023053169250488e+00 1.897889733314514160e+00 -4.136116504669189453e-01 -1.071914196014404297e+00 -5.792668461799621582e-01
-1.596795320510864258e+00 1.755199790000915527e+00 1.209640741348266602e+00 -1.603786826133728027e+00 1.507755875587463379e+00 -9.218372702598571777e-01 -1.194251656532287598e+00 -1.611747264862060547e+00 1.619435667991638184e+00 -9.703449010848999023e-01 -6.409978270530700684e-01 -5.248243212699890137e-01 -5.933580398559570312e-01 8.778142333030700684e-01 1.615363001823425293e+00 1.411433458328247070e+00 1.925309300422668457e+00 -3.715520501136779785e-01 -1.096822738647460938e+00 -4.726717472076416016e-01
-1.582452654838562012e+00 1.526686906814575195e+00 1.182042360305786133e+00 -1.438417792320251465e+00 1.502160310745239258e+00 -7.656877040863037109e-01 -1.218733310699462891e+00 -1.554194092750549316e+00 1.501886248588562012e+00 -8.649405241012573242e-01 -6.955053806304931641e-01 -6.719803214073181152e-01 -5.896905064582824707e-01 7.759169936180114746e-01 1.591885924339294434e+00 1.360172390937805176e+00 1.929724216461181641e+00 -2.861827611923217773e-01 -1.155264973640441895e+00 -3.185666203498840332e-01
-1.421153903007507324e+00 1.100964903831481934e+00 1.194503903388977051e+00 -1.088179826736450195e+00 1.434369921684265137e+00 -5.416968464851379395e-01 -1.186989545822143555e+00 -1.388073205947875977e+00 1.356117725372314453e+00 -6.265121698379516602e-01 -8.139406442642211914e-01 -9.589433670043945312e-01 -6.258516907691955566e-01 4.317807555198669434e-01 1.531494498252868652e+00 1.196770787239074707e+00 1.840735793113708496e+00 -6.775311380624771118e-02 -1.274691224098205566e+00 -6.688870489597320557e-02
-1.056566953659057617e+00 7.867549657821655273e-01 1.710287451744079590e+00 -7.737038731575012207e-01 1.635197877883911133e+00 -6.093874573707580566e-01 -1.170036673545837402e+00 -1.298369884490966797e+00 1.537197470664978027e+00 -2.713955938816070557e-01 -1.046941757202148438e+00 -1.531410455703735352e+00 -6.687918305397033691e-01 -3.086049556732177734e-01 1.827992916107177734e+00 1.050439238548278809e+00 1.745533585548400879e+00 1.651164889335632324e-01 -1.640497207641601562e+00 1.849678754806518555e-01
-8.876128792762756348e-01 8.708662986755371094e-01 2.188826560974121094e+00 -8.278057575225830078e-01 1.955596685409545898e+00 -8.725797533988952637e-01 -1.179494380950927734e+00 -1.404652237892150879e+00 1.895102381706237793e+00 -1.707950234413146973e-01 -1.249294281005859375e+00 -1.864399552345275879e+00 -6.205111145973205566e-01 -6.377451419830322266e-01 2.218537330627441406e+00 1.035771965980529785e+00 1.896665573120117188e+00 1.285599470138549805e-01 -1.870511531829833984e+00 1.918962001800537109e-01
-8.206801414489746094e-01 9.410671591758728027e-01 2.337012290954589844e+00 -8.712548017501831055e-01 2.100015163421630859e+00 -9.870570302009582520e-01 -1.175310730934143066e+00 -1.438862681388854980e+00 2.022835493087768555e+00 -1.721728444099426270e-01 -1.306091547012329102e+00 -1.926336884498596191e+00 -5.979077816009521484e-01 -7.205298542976379395e-01 2.357095479965209961e+00 1.046723723411560059e+00 1.950631976127624512e+00 8.716234564781188965e-02 -1.928608179092407227e+00 1.714584827423095703e-01
-7.567823529243469238e-01 1.032230377197265625e+00 2.400149106979370117e+00 -8.983620405197143555e-01 2.194968461990356445e+00 -1.081911683082580566e+00 -1.187602877616882324e+00 -1.438581585884094238e+00 2.100934028625488281e+00 -1.982052624225616455e-01 -1.294965505599975586e+00 -1.887496232986450195e+00 -5.888791084289550781e-01 -7.437592744827270508e-01 2.404497861862182617e+00 1.051478147506713867e+00 1.941776156425476074e+00 3.940358012914657593e-02 -1.920549392700195312e+00 1.216205805540084839e-01
-6.998455524444580078e-01 1.130967140197753906e+00 2.431568145751953125e+00 -9.228520989418029785e-01 2.263110876083374023e+00 -1.156359195709228516e+00 -1.232798099517822266e+00 -1.416605591773986816e+00 2.152944803237915039e+00 -2.318587303161621094e-01 -1.248416543006896973e+00 -1.812053203582763672e+00 -5.869259238243103027e-01 -7.394104599952697754e-01 2.420598506927490234e+00 1.058168172836303711e+00 1.915406942367553711e+00 -4.650007933378219604e-03 -1.895888090133666992e+00 7.513565570116043091e-02
-6.366641521453857422e-01 1.235614657402038574e+00 2.417187452316284180e+00 -9.416130185127258301e-01 2.307609558105468750e+00 -1.216578125953674316e+00 -1.306659698486328125e+00 -1.365135431289672852e+00 2.179395675659179688e+00 -2.722052335739135742e-01 -1.150947570800781250e+00 -1.691835880279541016e+00 -5.801146626472473145e-01 -7.084622979164123535e-01 2.405249595642089844e+00 1.060187697410583496e+00 1.862569332122802734e+00 -5.893065780401229858e-02 -1.841360211372375488e+00 3.991944715380668640e-02
-5.770087838172912598e-01 1.407092690467834473e+00 2.288897514343261719e+00 -9.769197106361389160e-01 2.276517629623413086e+00 -1.266296505928039551e+00 -1.398939013481140137e+00 -1.281203985214233398e+00 2.134891748428344727e+00 -3.467749357223510742e-01 -9.688231348991394043e-01 -1.434679150581359863e+00 -5.548754930496215820e-01 -6.326166391372680664e-01 2.328245639801025391e+00 1.027994871139526367e+00 1.719031095504760742e+00 -1.549283713102340698e-01 -1.687143445014953613e+00 -2.575013041496276855e-02
-5.595669150352478027e-01 1.556573629379272461e+00 1.880338430404663086e+00 -9.936702847480773926e-01 2.037045001983642578e+00 -1.267012715339660645e+00 -1.422127723693847656e+00 -1.156167268753051758e+00 1.920441865921020508e+00 -4.761671423912048340e-01 -6.529641151428222656e-01 -9.177418351173400879e-01 -4.252843856811523438e-01 -3.629419803619384766e-01 2.034765720367431641e+00 9.380018115043640137e-01 1.351887941360473633e+00 -2.918889522552490234e-01 -1.267578482627868652e+00 -8.219244331121444702e-02
-8.329395055770874023e-01 1.880116105079650879e+00 1.539831638336181641e+00 -1.267761945724487305e+00 1.784653067588806152e+00 -1.328198552131652832e+00 -1.463807940483093262e+00 -1.196428656578063965e+00 1.788721799850463867e+00 -7.881410121917724609e-01 -4.210166335105895996e-01 -3.263518810272216797e-01 -2.988920807838439941e-01 3.722426593303680420e-01 1.736072659492492676e+00 1.073293089866638184e+00 1.238483548164367676e+00 -4.541441798210144043e-01 -9.093673229217529297e-01 -2.818460762500762939e-01
-1.090192556381225586e+00 2.096961498260498047e+00 1.434931516647338867e+00 -1.511721014976501465e+00 1.768134236335754395e+00 -1.466352224349975586e+00 -1.365906000137329102e+00 -1.479346871376037598e+00 1.853635787963867188e+00 -9.529400467872619629e-01 -4.482749104499816895e-01 -1.730957627296447754e-01 -2.353915423154830933e-01 7.616477608680725098e-01 1.731363654136657715e+00 1.248735666275024414e+00 1.421230316162109375e+00 -5.876686573028564453e-01 -8.061100244522094727e-01 -5.093544125556945801e-01
-1.239877343177795410e+00 2.162669420242309570e+00 1.464600682258605957e+00 -1.642896652221679688e+00 1.790126442909240723e+00 -1.546615600585937500e+00 -1.312890887260437012e+00 -1.645640492439270020e+00 1.888547778129577637e+00 -1.012704491615295410e+00 -4.967200756072998047e-01 -1.619243025779724121e-01 -2.265181988477706909e-01 9.067212939262390137e-01 1.799621939659118652e+00 1.328935503959655762e+00 1.535642862319946289e+00 -6.542633771896362305e-01 -8.198317289352416992e-01 -5.854971408843994141e-01
