-6.330927014350891113e-01 1.000230431556701660e+00 1.689011812210083008e+00 -6.557584404945373535e-01 1.915788888931274414e+00 -1.248083114624023438e+00 -1.034567952156066895e+00 -1.299920916557312012e+00 1.820861220359802246e+00 -3.084674179553985596e-01 -6.388697028160095215e-01 -1.195091724395751953e+00 -3.678334876894950867e-02 -1.913589537143707275e-01 1.890181303024291992e+00 1.031395554542541504e+00 1.495109319686889648e+00 -2.465837895870208740e-01 -1.048187494277954102e+00 1.195724979043006897e-01
-5.481411218643188477e-01 1.271725654602050781e+00 1.763492584228515625e+00 -6.950946450233459473e-01 2.013797760009765625e+00 -1.331025362014770508e+00 -1.050988793373107910e+00 -1.314829826354980469e+00 1.954304695129394531e+00 -3.539116084575653076e-01 -7.050693631172180176e-01 -1.194080114364624023e+00 -1.116107702255249023e-01 -3.338462412357330322e-01 1.887196540832519531e+00 9.555745124816894531e-01 1.469529151916503906e+00 -3.056627213954925537e-01 -1.108229041099548340e+00 -3.546535223722457886e-02
-4.844159185886383057e-01 1.469411253929138184e+00 1.781167745590209961e+00 -7.275450825691223145e-01 2.078505039215087891e+00 -1.369297742843627930e+00 -1.074540615081787109e+00 -1.310546875000000000e+00 2.044507265090942383e+00 -3.964765071868896484e-01 -7.322382926940917969e-01 -1.161618947982788086e+00 -1.616446822881698608e-01 -4.085415303707122803e-01 1.856607198715209961e+00 8.935296535491943359e-01 1.443572163581848145e+00 -3.509357869625091553e-01 -1.129399299621582031e+00 -1.491778194904327393e-01
-4.301685094833374023e-01 1.616378903388977051e+00 1.761561632156372070e+00 -7.587106227874755859e-01 2.134018182754516602e+00 -1.380990028381347656e+00 -1.104828476905822754e+00 -1.303717494010925293e+00 2.114365577697753906e+00 -4.277573525905609131e-01 -7.262586951255798340e-01 -1.119826793670654297e+00 -1.923942863941192627e-01 -4.500294923782348633e-01 1.824635863304138184e+00 8.543447256088256836e-01 1.425645947456359863e+00 -3.960558772087097168e-01 -1.132420182228088379e+00 -2.403073608875274658e-01
-3.940431177616119385e-01 1.726618647575378418e+00 1.713743567466735840e+00 -7.858939766883850098e-01 2.179568290710449219e+00 -1.379889726638793945e+00 -1.139154076576232910e+00 -1.300588250160217285e+00 2.166278839111328125e+00 -4.545326232910156250e-01 -6.989063024520874023e-01 -1.066406011581420898e+00 -2.094617933034896851e-01 -4.552364349365234375e-01 1.786184668540954590e+00 8.292453289031982422e-01 1.413676023483276367e+00 -4.414677917957305908e-01 -1.120657563209533691e+00 -3.112428188323974609e-01
-3.822844028472900391e-01 1.803764581680297852e+00 1.639389753341674805e+00 -8.220641016960144043e-01 2.206571102142333984e+00 -1.364088535308837891e+00 -1.178309679031372070e+00 -1.302173614501953125e+00 2.199354648590087891e+00 -4.760706424713134766e-01 -6.609745621681213379e-01 -1.001203894615173340e+00 -2.210316658020019531e-01 -4.182330667972564697e-01 1.738632321357727051e+00 8.067381381988525391e-01 1.411889076232910156e+00 -4.842749238014221191e-01 -1.098335146903991699e+00 -3.587686419486999512e-01
-3.970119655132293701e-01 1.844862222671508789e+00 1.550826311111450195e+00 -8.581838011741638184e-01 2.230725526809692383e+00 -1.340689420700073242e+00 -1.238065361976623535e+00 -1.325652241706848145e+00 2.197505950927734375e+00 -4.796385765075683594e-01 -6.306313276290893555e-01 -9.344788193702697754e-01 -2.401141524314880371e-01 -3.270683884620666504e-01 1.682891130447387695e+00 7.854074239730834961e-01 1.424225211143493652e+00 -5.162580609321594238e-01 -1.074838519096374512e+00 -3.825137317180633545e-01
-4.223454594612121582e-01 1.833884954452514648e+00 1.464257478713989258e+00 -8.849336504936218262e-01 2.236611604690551758e+00 -1.315771102905273438e+00 -1.287693619728088379e+00 -1.352372646331787109e+00 2.186331033706665039e+00 -4.717157185077667236e-01 -6.031218767166137695e-01 -9.032863378524780273e-01 -2.516566216945648193e-01 -2.174133956432342529e-01 1.629151105880737305e+00 7.758741974830627441e-01 1.475278258323669434e+00 -5.266983509063720703e-01 -1.061618208885192871e+00 -3.658611774444580078e-01
-4.694348573684692383e-01 1.771392583847045898e+00 1.397436261177062988e+00 -9.205341339111328125e-01 2.269328832626342773e+00 -1.267290353775024414e+00 -1.325511455535888672e+00 -1.384767055511474609e+00 2.166705846786499023e+00 -4.771852493286132812e-01 -5.828308463096618652e-01 -9.017025232315063477e-01 -2.722263038158416748e-01 -9.870050102472305298e-02 1.610355377197265625e+00 8.210422992706298828e-01 1.570130944252014160e+00 -5.038574934005737305e-01 -1.063515663146972656e+00 -3.282746970653533936e-01
-5.148541331291198730e-01 1.680420398712158203e+00 1.329896926879882812e+00 -9.655802845954895020e-01 2.273965835571289062e+00 -1.198679208755493164e+00 -1.351074337959289551e+00 -1.405299901962280273e+00 2.102628946304321289e+00 -4.700323939323425293e-01 -5.512185096740722656e-01 -8.912177681922912598e-01 -2.985188961029052734e-01 4.445809870958328247e-03 1.593804359436035156e+00 8.722550272941589355e-01 1.647668957710266113e+00 -4.660116434097290039e-01 -1.058521628379821777e+00 -2.875557839870452881e-01
-5.570470094680786133e-01 1.587765216827392578e+00 1.279011368751525879e+00 -1.031070709228515625e+00 2.257950782775878906e+00 -1.121982812881469727e+00 -1.384267210960388184e+00 -1.419969439506530762e+00 2.013538360595703125e+00 -4.406319558620452881e-01 -5.043466687202453613e-01 -8.953721523284912109e-01 -3.274286091327667236e-01 9.174673259258270264e-02 1.599287748336791992e+00 9.378780722618103027e-01 1.725034356117248535e+00 -4.279838502407073975e-01 -1.061214327812194824e+00 -2.507489919662475586e-01
-5.996312499046325684e-01 1.480970978736877441e+00 1.258753061294555664e+00 -1.106044888496398926e+00 2.207981586456298828e+00 -1.043056249618530273e+00 -1.413410186767578125e+00 -1.428944110870361328e+00 1.905306458473205566e+00 -3.858441710472106934e-01 -4.560032188892364502e-01 -9.279347062110900879e-01 -3.549284636974334717e-01 1.593354493379592896e-01 1.626224040985107422e+00 1.001637816429138184e+00 1.797121644020080566e+00 -3.861912786960601807e-01 -1.083208560943603516e+00 -2.020108103752136230e-01
-6.304521560668945312e-01 1.393001556396484375e+00 1.275804281234741211e+00 -1.217681288719177246e+00 2.099450349807739258e+00 -1.003942012786865234e+00 -1.376098990440368652e+00 -1.454640150070190430e+00 1.811130523681640625e+00 -3.238456845283508301e-01 -4.245160520076751709e-01 -9.826461672782897949e-01 -3.817080855369567871e-01 1.903751492500305176e-01 1.671475648880004883e+00 1.041861295700073242e+00 1.853532791137695312e+00 -3.451628983020782471e-01 -1.132243514060974121e+00 -1.642870008945465088e-01
-6.351001858711242676e-01 1.357194423675537109e+00 1.339669704437255859e+00 -1.323905348777770996e+00 1.967340707778930664e+00 -1.008468270301818848e+00 -1.303057789802551270e+00 -1.460667848587036133e+00 1.757618069648742676e+00 -2.884301245212554932e-01 -4.285146296024322510e-01 -1.004069447517395020e+00 -4.150119423866271973e-01 1.608506739139556885e-01 1.716902613639831543e+00 1.063951611518859863e+00 1.844110012054443359e+00 -2.948882877826690674e-01 -1.172144412994384766e+00 -1.798445284366607666e-01
-6.694751381874084473e-01 1.347523093223571777e+00 1.440243244171142578e+00 -1.428220987319946289e+00 1.793227672576904297e+00 -1.017707109451293945e+00 -1.217116951942443848e+00 -1.443764209747314453e+00 1.679935336112976074e+00 -2.505021393299102783e-01 -4.429702758789062500e-01 -1.004807472229003906e+00 -4.776832163333892822e-01 1.163197457790374756e-01 1.781208872795104980e+00 1.103038430213928223e+00 1.813186287879943848e+00 -2.533437013626098633e-01 -1.239589691162109375e+00 -2.309585809707641602e-01
-7.159786224365234375e-01 1.338867664337158203e+00 1.532283186912536621e+00 -1.490563511848449707e+00 1.617573618888854980e+00 -1.014639139175415039e+00 -1.141296505928039551e+00 -1.418191313743591309e+00 1.598341941833496094e+00 -2.228728830814361572e-01 -4.653146266937255859e-01 -1.004806280136108398e+00 -5.392844080924987793e-01 6.132539361715316772e-02 1.833166837692260742e+00 1.133296847343444824e+00 1.768135786056518555e+00 -2.164823114871978760e-01 -1.306890368461608887e+00 -2.779840826988220215e-01
-7.680284380912780762e-01 1.346467971801757812e+00 1.619252443313598633e+00 -1.526456594467163086e+00 1.458268761634826660e+00 -1.025779128074645996e+00 -1.077464818954467773e+00 -1.401389718055725098e+00 1.497222065925598145e+00 -1.993186771869659424e-01 -4.911932051181793213e-01 -9.801002144813537598e-01 -6.022515296936035156e-01 3.013050928711891174e-02 1.862391710281372070e+00 1.151408195495605469e+00 1.706798076629638672e+00 -1.932259052991867065e-01 -1.369467973709106445e+00 -3.411931395530700684e-01
-8.115555047988891602e-01 1.370832920074462891e+00 1.724415659904479980e+00 -1.549775481224060059e+00 1.338510155677795410e+00 -1.052343606948852539e+00 -9.981487989425659180e-01 -1.386458992958068848e+00 1.428641676902770996e+00 -1.961662173271179199e-01 -5.252686738967895508e-01 -9.628283381462097168e-01 -6.488718986511230469e-01 9.205188602209091187e-03 1.898147940635681152e+00 1.184985041618347168e+00 1.673116087913513184e+00 -1.704869866371154785e-01 -1.431764841079711914e+00 -4.292873144149780273e-01
-8.319590687751770020e-01 1.391819715499877930e+00 1.817578911781311035e+00 -1.567561268806457520e+00 1.235212445259094238e+00 -1.064053773880004883e+00 -9.030967354774475098e-01 -1.346150994300842285e+00 1.368789315223693848e+00 -2.044700384140014648e-01 -5.510244369506835938e-01 -9.221788048744201660e-01 -6.632801294326782227e-01 -7.886290550231933594e-03 1.927417755126953125e+00 1.217117667198181152e+00 1.628292798995971680e+00 -1.565603017807006836e-01 -1.473875999450683594e+00 -5.400568842887878418e-01
-8.332284688949584961e-01 1.395790457725524902e+00 1.914135217666625977e+00 -1.580308079719543457e+00 1.121208548545837402e+00 -1.070477008819580078e+00 -8.081327676773071289e-01 -1.252292156219482422e+00 1.323218941688537598e+00 -2.191097140312194824e-01 -5.802124738693237305e-01 -8.270062804222106934e-01 -6.447762846946716309e-01 -4.851579666137695312e-03 1.934150218963623047e+00 1.261224985122680664e+00 1.535714268684387207e+00 -1.425568610429763794e-01 -1.482590794563293457e+00 -6.805122494697570801e-01
-8.634383082389831543e-01 1.311765789985656738e+00 1.914818644523620605e+00 -1.514377236366271973e+00 1.064656615257263184e+00 -1.073150396347045898e+00 -7.148181796073913574e-01 -1.132151126861572266e+00 1.317574858665466309e+00 -3.291732072830200195e-01 -6.128779649734497070e-01 -6.641795039176940918e-01 -5.705735087394714355e-01 9.803232550621032715e-02 1.874098777770996094e+00 1.306408882141113281e+00 1.414985179901123047e+00 -1.300342828035354614e-01 -1.364096879959106445e+00 -7.362377047538757324e-01
-9.194305539131164551e-01 1.182195067405700684e+00 1.795026540756225586e+00 -1.303060293197631836e+00 1.137236595153808594e+00 -1.089619636535644531e+00 -6.530421376228332520e-01 -1.083654403686523438e+00 1.369635581970214844e+00 -4.905158579349517822e-01 -6.604112386703491211e-01 -5.288530588150024414e-01 -3.815231621265411377e-01 1.998867094516754150e-01 1.823496341705322266e+00 1.331246972084045410e+00 1.289008736610412598e+00 -1.881875693798065186e-01 -1.159655213356018066e+00 -6.644527912139892578e-01
-9.931129217147827148e-01 1.082449436187744141e+00 1.653022289276123047e+00 -1.104547858238220215e+00 1.285416722297668457e+00 -1.076830863952636719e+00 -6.543069481849670410e-01 -1.120346546173095703e+00 1.418995857238769531e+00 -6.147582530975341797e-01 -7.704826593399047852e-01 -5.046007633209228516e-01 -2.397775650024414062e-01 2.602374851703643799e-01 1.800668597221374512e+00 1.322194814682006836e+00 1.255520939826965332e+00 -2.319983989000320435e-01 -1.031151890754699707e+00 -5.438889861106872559e-01
-1.057671785354614258e+00 9.979650974273681641e-01 1.553698897361755371e+00 -9.914746880531311035e-01 1.447661280632019043e+00 -1.034911870956420898e+00 -6.747464537620544434e-01 -1.177496314048767090e+00 1.442024111747741699e+00 -6.997545957565307617e-01 -8.707693815231323242e-01 -5.100369453430175781e-01 -1.629770845174789429e-01 3.027023971080780029e-01 1.811910033226013184e+00 1.315396904945373535e+00 1.267106056213378906e+00 -2.502257823944091797e-01 -9.597244858741760254e-01 -4.395594000816345215e-01
-1.109984636306762695e+00 8.941236734390258789e-01 1.453990459442138672e+00 -9.181124567985534668e-01 1.579397320747375488e+00 -9.666510224342346191e-01 -6.847432851791381836e-01 -1.229406833648681641e+00 1.428121685981750488e+00 -7.415561676025390625e-01 -9.394314885139465332e-01 -5.261669754981994629e-01 -9.671917557716369629e-02 3.378168344497680664e-01 1.819540500640869141e+00 1.321881055831909180e+00 1.281343817710876465e+00 -2.562442123889923096e-01 -8.983662724494934082e-01 -3.502328693866729736e-01
-1.155201196670532227e+00 7.899190187454223633e-01 1.363108992576599121e+00 -8.995652794837951660e-01 1.704533815383911133e+00 -8.969560265541076660e-01 -6.897029280662536621e-01 -1.299269556999206543e+00 1.408095717430114746e+00 -7.521258592605590820e-01 -9.800934195518493652e-01 -5.581546425819396973e-01 -5.226878449320793152e-02 3.684005439281463623e-01 1.844748377799987793e+00 1.358407735824584961e+00 1.318250536918640137e+00 -2.615041732788085938e-01 -8.572888970375061035e-01 -2.767774164676666260e-01
-1.191082239151000977e+00 6.602736711502075195e-01 1.260860443115234375e+00 -9.031792283058166504e-01 1.818645596504211426e+00 -7.956920862197875977e-01 -6.997237801551818848e-01 -1.368290781974792480e+00 1.345807194709777832e+00 -7.227074503898620605e-01 -9.896057248115539551e-01 -6.031288504600524902e-01 -1.634622737765312195e-02 3.874822854995727539e-01 1.868748545646667480e+00 1.409160137176513672e+00 1.353334903717041016e+00 -2.535649836063385010e-01 -8.149181604385375977e-01 -2.035569250583648682e-01
-1.161993265151977539e+00 5.761065483093261719e-01 1.214497208595275879e+00 -9.245734810829162598e-01 1.903349399566650391e+00 -7.225051522254943848e-01 -7.152253389358520508e-01 -1.429864168167114258e+00 1.335319638252258301e+00 -6.187101602554321289e-01 -9.733885526657104492e-01 -7.284904718399047852e-01 -2.607879415154457092e-02 3.257114589214324951e-01 1.868968248367309570e+00 1.425353646278381348e+00 1.410931229591369629e+00 -2.099540978670120239e-01 -8.245041370391845703e-01 -1.683019995689392090e-01
-1.034162640571594238e+00 5.848127007484436035e-01 1.270685076713562012e+00 -9.250385761260986328e-01 1.856547474861145020e+00 -7.650563120841979980e-01 -7.850853800773620605e-01 -1.416790485382080078e+00 1.357425451278686523e+00 -4.216142594814300537e-01 -8.877331614494323730e-01 -8.900423645973205566e-01 -6.730513274669647217e-02 2.103378176689147949e-01 1.830980658531188965e+00 1.347373604774475098e+00 1.454054117202758789e+00 -1.563408523797988892e-01 -8.807859420776367188e-01 -1.167599186301231384e-01
-9.387102127075195312e-01 6.705585718154907227e-01 1.373694539070129395e+00 -8.898735046386718750e-01 1.744385004043579102e+00 -8.654891252517700195e-01 -8.548937439918518066e-01 -1.384224891662597656e+00 1.348596811294555664e+00 -2.850477993488311768e-01 -8.135123848915100098e-01 -9.878386855125427246e-01 -1.227954030036926270e-01 1.088049709796905518e-01 1.790975928306579590e+00 1.226710557937622070e+00 1.449215650558471680e+00 -1.221201866865158081e-01 -9.530614614486694336e-01 -6.395220011472702026e-02
-9.136651158332824707e-01 7.551660537719726562e-01 1.450262546539306641e+00 -8.512799739837646484e-01 1.617593288421630859e+00 -9.635097384452819824e-01 -8.579217791557312012e-01 -1.358531236648559570e+00 1.316730618476867676e+00 -2.421759665012359619e-01 -7.545322179794311523e-01 -9.946181774139404297e-01 -1.472298800945281982e-01 8.355262875556945801e-02 1.759408831596374512e+00 1.149404168128967285e+00 1.404771685600280762e+00 -1.241091340780258179e-01 -9.858615398406982422e-01 -5.525133013725280762e-02
-9.781172871589660645e-01 8.408966660499572754e-01 1.533226490020751953e+00 -8.166224360466003418e-01 1.496493935585021973e+00 -1.059186697006225586e+00 -8.450125455856323242e-01 -1.361348748207092285e+00 1.283417820930480957e+00 -2.734598815441131592e-01 -7.253866791725158691e-01 -9.582162499427795410e-01 -1.457981318235397339e-01 1.341577023267745972e-01 1.753194808959960938e+00 1.126481533050537109e+00 1.369915366172790527e+00 -1.387316882610321045e-01 -1.005023479461669922e+00 -8.436346054077148438e-02
-1.120019197463989258e+00 9.046124815940856934e-01 1.617051362991333008e+00 -7.604763507843017578e-01 1.318779826164245605e+00 -1.166930913925170898e+00 -7.830299139022827148e-01 -1.356924295425415039e+00 1.248125553131103516e+00 -3.619082272052764893e-01 -7.189953327178955078e-01 -9.040175080299377441e-01 -1.415464580059051514e-01 2.647923231124877930e-01 1.748373389244079590e+00 1.127158999443054199e+00 1.345686912536621094e+00 -1.822515577077865601e-01 -1.020185947418212891e+00 -1.041365042328834534e-01
-1.316598415374755859e+00 1.039564013481140137e+00 1.675615191459655762e+00 -7.764203548431396484e-01 1.149130105972290039e+00 -1.238210678100585938e+00 -7.096576094627380371e-01 -1.346796393394470215e+00 1.251217365264892578e+00 -5.610712766647338867e-01 -7.212184667587280273e-01 -7.858792543411254883e-01 -1.681645214557647705e-01 4.273601472377777100e-01 1.792627573013305664e+00 1.198951125144958496e+00 1.323634743690490723e+00 -2.963218986988067627e-01 -1.048537254333496094e+00 -1.630284190177917480e-01
-1.420996189117431641e+00 1.271626710891723633e+00 1.792930722236633301e+00 -9.030208587646484375e-01 1.199265837669372559e+00 -1.361816167831420898e+00 -6.880277395248413086e-01 -1.412947177886962891e+00 1.407680988311767578e+00 -7.552353143692016602e-01 -8.011314272880554199e-01 -6.718122363090515137e-01 -2.782123386859893799e-01 5.029676556587219238e-01 1.886959910392761230e+00 1.281033992767333984e+00 1.359801173210144043e+00 -3.915492892265319824e-01 -1.115175247192382812e+00 -3.263096809387207031e-01
-1.460696220397949219e+00 1.398762464523315430e+00 1.788888096809387207e+00 -9.990145564079284668e-01 1.233991265296936035e+00 -1.379408597946166992e+00 -6.660577654838562012e-01 -1.456591129302978516e+00 1.475447654724121094e+00 -8.594261407852172852e-01 -8.596329689025878906e-01 -5.787224769592285156e-01 -3.428105711936950684e-01 5.377068519592285156e-01 1.892898201942443848e+00 1.299898982048034668e+00 1.348871469497680664e+00 -4.390583038330078125e-01 -1.118644952774047852e+00 -4.336352646350860596e-01
-1.488707304000854492e+00 1.480997681617736816e+00 1.772929072380065918e+00 -1.084962606430053711e+00 1.293329954147338867e+00 -1.378133058547973633e+00 -6.783360242843627930e-01 -1.509956002235412598e+00 1.530803442001342773e+00 -9.142685532569885254e-01 -9.115016460418701172e-01 -5.429710745811462402e-01 -3.703804314136505127e-01 5.613350272178649902e-01 1.902993083000183105e+00 1.318010926246643066e+00 1.371943235397338867e+00 -4.513500332832336426e-01 -1.127335309982299805e+00 -4.869499206542968750e-01
-1.508703708648681641e+00 1.554671764373779297e+00 1.745711088180541992e+00 -1.171192049980163574e+00 1.331777930259704590e+00 -1.363692760467529297e+00 -6.838122606277465820e-01 -1.551719903945922852e+00 1.552827954292297363e+00 -9.526676535606384277e-01 -9.435799717903137207e-01 -5.032097101211547852e-01 -4.017891585826873779e-01 5.874145030975341797e-01 1.895977020263671875e+00 1.331945538520812988e+00 1.388400435447692871e+00 -4.597978591918945312e-01 -1.129532217979431152e+00 -5.482537746429443359e-01
-1.518826484680175781e+00 1.643583655357360840e+00 1.713647723197937012e+00 -1.276136517524719238e+00 1.372846007347106934e+00 -1.349675416946411133e+00 -6.882757544517517090e-01 -1.598657131195068359e+00 1.567351460456848145e+00 -9.839702248573303223e-01 -9.633255004882812500e-01 -4.585307836532592773e-01 -4.421870410442352295e-01 6.207241415977478027e-01 1.876855254173278809e+00 1.351604342460632324e+00 1.420673131942749023e+00 -4.667597413063049316e-01 -1.132991790771484375e+00 -6.419408321380615234e-01
-1.521747827529907227e+00 1.737394928932189941e+00 1.672651529312133789e+00 -1.388339400291442871e+00 1.399238228797912598e+00 -1.328908443450927734e+00 -6.876050829887390137e-01 -1.638152837753295898e+00 1.564879298210144043e+00 -1.008681178092956543e+00 -9.720278978347778320e-01 -4.028441309928894043e-01 -4.867736995220184326e-01 6.553542017936706543e-01 1.844811320304870605e+00 1.366784572601318359e+00 1.443409800529479980e+00 -4.719456732273101807e-01 -1.128897070884704590e+00 -7.488393783569335938e-01
-1.507176637649536133e+00 1.834124088287353516e+00 1.617586135864257812e+00 -1.505646467208862305e+00 1.413391113281250000e+00 -1.299974441528320312e+00 -6.850068569183349609e-01 -1.664407372474670410e+00 1.547748923301696777e+00 -1.024600505828857422e+00 -9.672777652740478516e-01 -3.356819152832031250e-01 -5.383870601654052734e-01 6.855791211128234863e-01 1.796528220176696777e+00 1.372930645942687988e+00 1.454548835754394531e+00 -4.738216996192932129e-01 -1.114161252975463867e+00 -8.656077384948730469e-01
-1.485638856887817383e+00 1.918390274047851562e+00 1.574416399002075195e+00 -1.611629843711853027e+00 1.421538352966308594e+00 -1.260550498962402344e+00 -7.050361633300781250e-01 -1.676325559616088867e+00 1.525026321411132812e+00 -1.023380398750305176e+00 -9.549704790115356445e-01 -2.873333990573883057e-01 -5.968286395072937012e-01 6.917569041252136230e-01 1.759745478630065918e+00 1.372004270553588867e+00 1.461463451385498047e+00 -4.634988307952880859e-01 -1.110603809356689453e+00 -9.618478417396545410e-01
-1.460502862930297852e+00 1.951733589172363281e+00 1.568650722503662109e+00 -1.681684851646423340e+00 1.415438175201416016e+00 -1.201398134231567383e+00 -7.595767378807067871e-01 -1.649815082550048828e+00 1.489478707313537598e+00 -1.000258445739746094e+00 -9.397040605545043945e-01 -2.711708545684814453e-01 -6.545031666755676270e-01 6.658350825309753418e-01 1.743523836135864258e+00 1.367345571517944336e+00 1.460422039031982422e+00 -4.221000373363494873e-01 -1.129830241203308105e+00 -1.004833459854125977e+00
-1.389230966567993164e+00 1.934812784194946289e+00 1.546987652778625488e+00 -1.700554251670837402e+00 1.391800999641418457e+00 -1.127522945404052734e+00 -8.113810420036315918e-01 -1.578065872192382812e+00 1.441846132278442383e+00 -9.508527517318725586e-01 -9.030513763427734375e-01 -2.564284503459930420e-01 -6.864946484565734863e-01 6.133831143379211426e-01 1.704668045043945312e+00 1.336905121803283691e+00 1.431280016899108887e+00 -3.634656965732574463e-01 -1.124670147895812988e+00 -1.021379351615905762e+00
-1.276819467544555664e+00 1.881251215934753418e+00 1.549358487129211426e+00 -1.685830473899841309e+00 1.399203181266784668e+00 -1.056085586547851562e+00 -8.521160483360290527e-01 -1.505368828773498535e+00 1.421369314193725586e+00 -8.781412243843078613e-01 -8.784303069114685059e-01 -2.838153839111328125e-01 -6.970252394676208496e-01 4.940699636936187744e-01 1.712676525115966797e+00 1.288843750953674316e+00 1.407494187355041504e+00 -2.923716306686401367e-01 -1.129257082939147949e+00 -1.009949564933776855e+00
-1.111820697784423828e+00 1.739636778831481934e+00 1.539289236068725586e+00 -1.586595535278320312e+00 1.384530544281005859e+00 -9.677296876907348633e-01 -8.325617313385009766e-01 -1.387377262115478516e+00 1.379208087921142578e+00 -7.784904837608337402e-01 -8.641788363456726074e-01 -3.273173272609710693e-01 -6.674072742462158203e-01 3.197708427906036377e-01 1.708674192428588867e+00 1.201714158058166504e+00 1.336162924766540527e+00 -1.990537494421005249e-01 -1.105378031730651855e+00 -9.741621613502502441e-01
-8.936672806739807129e-01 1.472037434577941895e+00 1.529145240783691406e+00 -1.346401572227478027e+00 1.393533945083618164e+00 -8.943439126014709473e-01 -7.681910991668701172e-01 -1.217288970947265625e+00 1.330940961837768555e+00 -6.544781923294067383e-01 -8.657068014144897461e-01 -3.949658870697021484e-01 -5.717915892601013184e-01 1.013870090246200562e-01 1.707055449485778809e+00 1.091895103454589844e+00 1.211586952209472656e+00 -7.714878022670745850e-02 -1.036130905151367188e+00 -8.739767670631408691e-01
-7.119066715240478516e-01 1.109365701675415039e+00 1.677635431289672852e+00 -1.009972333908081055e+00 1.533458471298217773e+00 -9.267469048500061035e-01 -7.153745889663696289e-01 -1.072196722030639648e+00 1.420389175415039062e+00 -5.584024786949157715e-01 -9.416299462318420410e-01 -5.859476923942565918e-01 -4.153784513473510742e-01 -1.064694449305534363e-01 1.771219849586486816e+00 9.944327473640441895e-01 1.145173668861389160e+00 8.350349962711334229e-02 -1.009725809097290039e+00 -6.034020185470581055e-01
-7.560253739356994629e-01 8.222706913948059082e-01 1.914876461029052734e+00 -7.635474801063537598e-01 1.651546835899353027e+00 -9.864693880081176758e-01 -7.685253024101257324e-01 -1.069809794425964355e+00 1.539387941360473633e+00 -4.726738631725311279e-01 -1.061280488967895508e+00 -9.313480257987976074e-01 -3.501454293727874756e-01 -2.280636429786682129e-01 1.940733671188354492e+00 1.005628585815429688e+00 1.283556461334228516e+00 1.771691441535949707e-01 -1.175755739212036133e+00 -2.788304984569549561e-01
-8.470012545585632324e-01 6.857841014862060547e-01 2.021944046020507812e+00 -6.425549983978271484e-01 1.618519544601440430e+00 -1.010187387466430664e+00 -7.737410068511962891e-01 -1.098089218139648438e+00 1.541624307632446289e+00 -4.077537059783935547e-01 -1.138222455978393555e+00 -1.151461124420166016e+00 -3.625201880931854248e-01 -2.646985948085784912e-01 2.008236408233642578e+00 1.005346059799194336e+00 1.375285744667053223e+00 1.862317025661468506e-01 -1.316976904869079590e+00 -9.018563479185104370e-02
-9.359496235847473145e-01 6.614450812339782715e-01 2.074746131896972656e+00 -6.060177683830261230e-01 1.501813530921936035e+00 -1.023672342300415039e+00 -7.799890637397766113e-01 -1.128725171089172363e+00 1.481754302978515625e+00 -3.607846200466156006e-01 -1.174361705780029297e+00 -1.256289362907409668e+00 -4.320582747459411621e-01 -2.660182118415832520e-01 2.013482570648193359e+00 9.974070191383361816e-01 1.413346171379089355e+00 1.701392680406570435e-01 -1.438055992126464844e+00 -1.137503981590270996e-02
-1.017358899116516113e+00 7.021825313568115234e-01 2.111793756484985352e+00 -6.263439059257507324e-01 1.370829463005065918e+00 -1.022301197052001953e+00 -7.813897132873535156e-01 -1.161548495292663574e+00 1.408531546592712402e+00 -3.293660283088684082e-01 -1.202161312103271484e+00 -1.312668681144714355e+00 -5.409732460975646973e-01 -2.588405311107635498e-01 1.993993282318115234e+00 9.840428829193115234e-01 1.441684365272521973e+00 1.542654633522033691e-01 -1.560482501983642578e+00 -4.481587558984756470e-03
-1.096376895904541016e+00 7.947109937667846680e-01 2.143189191818237305e+00 -6.903756260871887207e-01 1.227610826492309570e+00 -1.011812686920166016e+00 -7.842227220535278320e-01 -1.197719335556030273e+00 1.325202345848083496e+00 -3.067054748535156250e-01 -1.229157805442810059e+00 -1.338219881057739258e+00 -6.843522191047668457e-01 -2.460870742797851562e-01 1.957499146461486816e+00 9.663835763931274414e-01 1.467493295669555664e+00 1.419639587402343750e-01 -1.691869616508483887e+00 -4.975228011608123779e-02
-1.168177843093872070e+00 9.236831068992614746e-01 2.173647880554199219e+00 -7.803617119789123535e-01 1.101471185684204102e+00 -1.012803912162780762e+00 -8.055922985076904297e-01 -1.231369256973266602e+00 1.241969704627990723e+00 -2.940509319305419922e-01 -1.248210906982421875e+00 -1.312900424003601074e+00 -8.341149687767028809e-01 -2.120217978954315186e-01 1.907937884330749512e+00 9.645480513572692871e-01 1.477643609046936035e+00 1.447995901107788086e-01 -1.805161714553833008e+00 -1.458440721035003662e-01
-1.219748973846435547e+00 1.096850156784057617e+00 2.165674209594726562e+00 -9.066009521484375000e-01 1.007754087448120117e+00 -1.026533246040344238e+00 -8.358409404754638672e-01 -1.273559212684631348e+00 1.166814088821411133e+00 -2.857002615928649902e-01 -1.248497128486633301e+00 -1.228206992149353027e+00 -9.599335193634033203e-01 -1.448449194431304932e-01 1.846296787261962891e+00 9.691709280014038086e-01 1.473277091979980469e+00 1.347550600767135620e-01 -1.864399909973144531e+00 -2.989791929721832275e-01
-1.252097129821777344e+00 1.287039875984191895e+00 2.063990831375122070e+00 -1.059964656829833984e+00 9.165049791336059570e-01 -1.017582178115844727e+00 -8.393057584762573242e-01 -1.313252210617065430e+00 1.081315159797668457e+00 -2.919073998928070068e-01 -1.220435261726379395e+00 -1.087081909179687500e+00 -1.043090224266052246e+00 -3.623265773057937622e-02 1.764508962631225586e+00 9.581203460693359375e-01 1.450964927673339844e+00 8.329989016056060791e-02 -1.830976128578186035e+00 -4.794099330902099609e-01
-1.257180452346801758e+00 1.385777235031127930e+00 1.890366673469543457e+00 -1.147884488105773926e+00 8.811895847320556641e-01 -9.747561216354370117e-01 -8.277049064636230469e-01 -1.341289162635803223e+00 1.024840354919433594e+00 -3.158916532993316650e-01 -1.168044447898864746e+00 -9.386488199234008789e-01 -1.040048956871032715e+00 3.835492581129074097e-02 1.678821921348571777e+00 9.720501899719238281e-01 1.406088352203369141e+00 1.085413247346878052e-02 -1.716538190841674805e+00 -6.169770956039428711e-01
-1.250009775161743164e+00 1.431763529777526855e+00 1.700926303863525391e+00 -1.212659358978271484e+00 9.184095859527587891e-01 -9.259945750236511230e-01 -7.968353629112243652e-01 -1.344905257225036621e+00 1.002788901329040527e+00 -3.955495655536651611e-01 -1.120948314666748047e+00 -7.548777461051940918e-01 -9.715424776077270508e-01 1.634926348924636841e-01 1.590112566947937012e+00 9.780547022819519043e-01 1.352399587631225586e+00 -5.193508788943290710e-02 -1.533598184585571289e+00 -6.905815601348876953e-01
-1.244771957397460938e+00 1.459596037864685059e+00 1.569654703140258789e+00 -1.242642641067504883e+00 1.025588512420654297e+00 -9.326493740081787109e-01 -8.010223507881164551e-01 -1.359724760055541992e+00 1.036204934120178223e+00 -4.836310446262359619e-01 -1.089222788810729980e+00 -5.936250686645507812e-01 -8.721132278442382812e-01 3.038444817066192627e-01 1.554784297943115234e+00 9.766600728034973145e-01 1.311640381813049316e+00 -1.256690025329589844e-01 -1.351750373840332031e+00 -7.053105831146240234e-01
-1.228190660476684570e+00 1.478786230087280273e+00 1.505572080612182617e+00 -1.250190138816833496e+00 1.189352750778198242e+00 -9.800420403480529785e-01 -8.329066038131713867e-01 -1.376874327659606934e+00 1.130892634391784668e+00 -5.795799493789672852e-01 -1.071110963821411133e+00 -4.814596772193908691e-01 -7.702561020851135254e-01 4.270415306091308594e-01 1.572759747505187988e+00 9.905484318733215332e-01 1.317182540893554688e+00 -1.812642216682434082e-01 -1.200333476066589355e+00 -6.810306906700134277e-01
-1.194241762161254883e+00 1.417633891105651855e+00 1.441305041313171387e+00 -1.194836020469665527e+00 1.392994284629821777e+00 -1.017188549041748047e+00 -8.379798531532287598e-01 -1.374575376510620117e+00 1.235364913940429688e+00 -6.744917035102844238e-01 -1.058479547500610352e+00 -4.007825851440429688e-01 -6.240150928497314453e-01 5.426093935966491699e-01 1.607933521270751953e+00 1.016557574272155762e+00 1.333913207054138184e+00 -2.044943571090698242e-01 -1.025763511657714844e+00 -6.128916144371032715e-01
-1.146819829940795898e+00 1.255183815956115723e+00 1.357743263244628906e+00 -1.073806166648864746e+00 1.644276022911071777e+00 -1.018996238708496094e+00 -8.418430685997009277e-01 -1.347611308097839355e+00 1.357635378837585449e+00 -7.564555406570434570e-01 -1.031208276748657227e+00 -3.632993102073669434e-01 -4.211026728153228760e-01 6.449752449989318848e-01 1.650963425636291504e+00 1.060056686401367188e+00 1.367507815361022949e+00 -1.916372925043106079e-01 -8.354392051696777344e-01 -4.821347594261169434e-01
-1.106633424758911133e+00 9.585035443305969238e-01 1.257165431976318359e+00 -8.906418681144714355e-01 1.833896160125732422e+00 -9.640214443206787109e-01 -7.973560094833374023e-01 -1.308271646499633789e+00 1.449392437934875488e+00 -7.971373796463012695e-01 -1.008453845977783203e+00 -4.050100445747375488e-01 -2.203816771507263184e-01 6.749703884124755859e-01 1.686044454574584961e+00 1.106445908546447754e+00 1.396486282348632812e+00 -1.553662270307540894e-01 -6.851949691772460938e-01 -2.808393537998199463e-01
-1.093351840972900391e+00 6.864007115364074707e-01 1.209257602691650391e+00 -7.732394933700561523e-01 1.870028734207153320e+00 -8.780866861343383789e-01 -7.489170432090759277e-01 -1.283537626266479492e+00 1.486963987350463867e+00 -7.766954302787780762e-01 -9.869042038917541504e-01 -5.373673439025878906e-01 -1.038678735494613647e-01 6.118643283843994141e-01 1.739563822746276855e+00 1.129390835762023926e+00 1.428628325462341309e+00 -9.740862995386123657e-02 -6.496487855911254883e-01 -7.788866013288497925e-02
-1.086433410644531250e+00 4.857795238494873047e-01 1.285181522369384766e+00 -7.189161181449890137e-01 1.841034173965454102e+00 -7.922617197036743164e-01 -7.695827484130859375e-01 -1.250640034675598145e+00 1.475245118141174316e+00 -6.898160576820373535e-01 -9.956272244453430176e-01 -7.139019966125488281e-01 -1.123300045728683472e-01 4.748770594596862793e-01 1.823648452758789062e+00 1.165262937545776367e+00 1.479538083076477051e+00 1.664672046899795532e-03 -7.465764284133911133e-01 6.252649426460266113e-02
-1.067557573318481445e+00 3.824098408222198486e-01 1.401559829711914062e+00 -7.414602041244506836e-01 1.777533650398254395e+00 -7.116820812225341797e-01 -8.397638797760009766e-01 -1.250732421875000000e+00 1.444808363914489746e+00 -5.371400713920593262e-01 -1.003847599029541016e+00 -9.706258177757263184e-01 -2.094089537858963013e-01 2.723506689071655273e-01 1.917429804801940918e+00 1.191298007965087891e+00 1.594576597213745117e+00 9.665764868259429932e-02 -9.593271017074584961e-01 1.803784966468811035e-01
-1.019637823104858398e+00 4.381951391696929932e-01 1.525794744491577148e+00 -8.752588033676147461e-01 1.711489558219909668e+00 -6.860101819038391113e-01 -9.454474449157714844e-01 -1.297213077545166016e+00 1.435704588890075684e+00 -3.476041555404663086e-01 -9.995552897453308105e-01 -1.208572149276733398e+00 -3.515514731407165527e-01 7.164373248815536499e-02 1.995813012123107910e+00 1.202973127365112305e+00 1.727549910545349121e+00 1.278186589479446411e-01 -1.217519521713256836e+00 2.071812450885772705e-01
-9.193648099899291992e-01 5.961785912513732910e-01 1.607497453689575195e+00 -1.074533104896545410e+00 1.626663088798522949e+00 -7.060777544975280762e-01 -1.011370182037353516e+00 -1.344596982002258301e+00 1.461856961250305176e+00 -1.656035780906677246e-01 -9.588629007339477539e-01 -1.366575837135314941e+00 -5.081268548965454102e-01 -9.571505337953567505e-02 2.004546642303466797e+00 1.173847198486328125e+00 1.831046104431152344e+00 1.138223707675933838e-01 -1.436430573463439941e+00 1.377928555011749268e-01
-8.360189199447631836e-01 7.699468731880187988e-01 1.648601651191711426e+00 -1.223240375518798828e+00 1.584481954574584961e+00 -7.768220305442810059e-01 -1.025175571441650391e+00 -1.390774607658386230e+00 1.516822934150695801e+00 -7.363530248403549194e-02 -9.239756464958190918e-01 -1.425951719284057617e+00 -5.964893102645874023e-01 -1.558695137500762939e-01 2.013729572296142578e+00 1.125060200691223145e+00 1.903319358825683594e+00 5.093290284276008606e-02 -1.539622187614440918e+00 4.046493023633956909e-02
-7.542731761932373047e-01 9.284915924072265625e-01 1.659561157226562500e+00 -1.331259846687316895e+00 1.562964439392089844e+00 -8.359704613685607910e-01 -1.039587616920471191e+00 -1.400802850723266602e+00 1.547664046287536621e+00 -2.844440191984176636e-02 -8.835674524307250977e-01 -1.394441008567810059e+00 -6.487249135971069336e-01 -1.761998832225799561e-01 1.986087322235107422e+00 1.083236694335937500e+00 1.917227387428283691e+00 -2.548266202211380005e-03 -1.566904544830322266e+00 -8.355882763862609863e-02
-6.781239509582519531e-01 1.050257205963134766e+00 1.654446482658386230e+00 -1.403022050857543945e+00 1.569488048553466797e+00 -8.805845975875854492e-01 -1.050615787506103516e+00 -1.396708250045776367e+00 1.575700879096984863e+00 -9.858772158622741699e-03 -8.463265895843505859e-01 -1.333381652832031250e+00 -6.654213070869445801e-01 -1.855253875255584717e-01 1.952393531799316406e+00 1.056255936622619629e+00 1.909340143203735352e+00 -4.364383220672607422e-02 -1.554162025451660156e+00 -2.011734843254089355e-01
-5.984330177307128906e-01 1.131139516830444336e+00 1.642480850219726562e+00 -1.439490556716918945e+00 1.605024933815002441e+00 -9.084252715110778809e-01 -1.057607531547546387e+00 -1.379131674766540527e+00 1.607988834381103516e+00 -4.067189991474151611e-03 -8.169045448303222656e-01 -1.270483970642089844e+00 -6.513395309448242188e-01 -1.974772512912750244e-01 1.925737142562866211e+00 1.038716435432434082e+00 1.893768668174743652e+00 -6.953515112400054932e-02 -1.520463466644287109e+00 -3.028993904590606689e-01
-5.104355812072753906e-01 1.174535751342773438e+00 1.635447025299072266e+00 -1.442380428314208984e+00 1.677918314933776855e+00 -9.208295941352844238e-01 -1.058215260505676270e+00 -1.348024964332580566e+00 1.654074907302856445e+00 -1.236097142100334167e-02 -8.020404577255249023e-01 -1.212088823318481445e+00 -6.102429628372192383e-01 -2.230225503444671631e-01 1.914141893386840820e+00 1.033338665962219238e+00 1.876155853271484375e+00 -7.847245037555694580e-02 -1.474953055381774902e+00 -3.965476155281066895e-01
-3.578494191169738770e-01 1.192976355552673340e+00 1.653508901596069336e+00 -1.395988583564758301e+00 1.811885476112365723e+00 -9.547754526138305664e-01 -1.019565463066101074e+00 -1.273085474967956543e+00 1.785050511360168457e+00 -5.233883857727050781e-02 -8.061286211013793945e-01 -1.120091676712036133e+00 -5.333595871925354004e-01 -2.794033885002136230e-01 1.884222507476806641e+00 1.018585085868835449e+00 1.818703770637512207e+00 -6.328332424163818359e-02 -1.382582426071166992e+00 -5.301767587661743164e-01
-1.702582240104675293e-01 1.126921057701110840e+00 1.671681880950927734e+00 -1.254687905311584473e+00 1.948207736015319824e+00 -9.660365581512451172e-01 -8.937362432479858398e-01 -1.109243512153625488e+00 1.920542716979980469e+00 -1.550436317920684814e-01 -8.219047784805297852e-01 -9.582893848419189453e-01 -3.999705612659454346e-01 -3.289340734481811523e-01 1.783731460571289062e+00 9.615612626075744629e-01 1.658209919929504395e+00 -1.499390229582786560e-02 -1.208559632301330566e+00 -6.524872183799743652e-01
-1.334890127182006836e-01 1.035089015960693359e+00 1.675066351890563965e+00 -1.021317958831787109e+00 1.985994458198547363e+00 -9.639809131622314453e-01 -7.370385527610778809e-01 -9.187359809875488281e-01 1.988035559654235840e+00 -3.601245880126953125e-01 -8.777189254760742188e-01 -7.644311785697937012e-01 -2.452113926410675049e-01 -2.952701151371002197e-01 1.713896870613098145e+00 9.388912320137023926e-01 1.429802179336547852e+00 -7.681921124458312988e-04 -1.007634520530700684e+00 -6.871410608291625977e-01
-2.874131202697753906e-01 1.064934968948364258e+00 1.682214140892028809e+00 -8.572102785110473633e-01 1.964459896087646484e+00 -1.039403319358825684e+00 -6.298918724060058594e-01 -9.218732118606567383e-01 2.008689880371093750e+00 -5.529020428657531738e-01 -9.557341337203979492e-01 -6.792746782302856445e-01 -1.395850032567977905e-01 -2.095560729503631592e-01 1.757463455200195312e+00 9.440178871154785156e-01 1.292124867439270020e+00 -9.855340421199798584e-02 -8.953003287315368652e-01 -6.425421833992004395e-01
-4.672968685626983643e-01 1.120338559150695801e+00 1.723628401756286621e+00 -7.706152200698852539e-01 1.892067909240722656e+00 -1.126570701599121094e+00 -6.014650464057922363e-01 -1.004462599754333496e+00 1.977058649063110352e+00 -6.590113639831542969e-01 -9.912885427474975586e-01 -6.742230057716369629e-01 -1.218070685863494873e-01 -1.492784619331359863e-01 1.791159868240356445e+00 9.596147537231445312e-01 1.236809611320495605e+00 -1.550150513648986816e-01 -8.965119719505310059e-01 -5.834324359893798828e-01
-5.872333049774169922e-01 1.142171144485473633e+00 1.753138184547424316e+00 -7.265543937683105469e-01 1.808869004249572754e+00 -1.165818214416503906e+00 -5.792436599731445312e-01 -1.058726429939270020e+00 1.923859000205993652e+00 -7.023649215698242188e-01 -9.964923262596130371e-01 -6.894028782844543457e-01 -1.354547441005706787e-01 -1.264332234859466553e-01 1.811200022697448730e+00 9.687381982803344727e-01 1.202909588813781738e+00 -1.842142194509506226e-01 -9.210447669029235840e-01 -5.368040800094604492e-01
-6.789901256561279297e-01 1.143693685531616211e+00 1.787415385246276855e+00 -7.115423679351806641e-01 1.729912161827087402e+00 -1.182479381561279297e+00 -5.665894746780395508e-01 -1.109773516654968262e+00 1.869867920875549316e+00 -7.049153447151184082e-01 -9.890962243080139160e-01 -7.249441742897033691e-01 -1.657977551221847534e-01 -1.234079226851463318e-01 1.832921743392944336e+00 9.828140735626220703e-01 1.188855409622192383e+00 -1.987165212631225586e-01 -9.665486812591552734e-01 -4.989056587219238281e-01
-7.649788260459899902e-01 1.127507448196411133e+00 1.813403725624084473e+00 -6.967735886573791504e-01 1.632387518882751465e+00 -1.184920310974121094e+00 -5.666111111640930176e-01 -1.154073596000671387e+00 1.797775983810424805e+00 -6.737131476402282715e-01 -9.816169738769531250e-01 -7.752816677093505859e-01 -2.102219760417938232e-01 -1.161787137389183044e-01 1.847686052322387695e+00 9.901364445686340332e-01 1.186932682991027832e+00 -2.042097151279449463e-01 -1.024838685989379883e+00 -4.491729438304901123e-01
-8.523753881454467773e-01 1.095360994338989258e+00 1.823090314865112305e+00 -6.918767094612121582e-01 1.536199569702148438e+00 -1.182026386260986328e+00 -5.799462795257568359e-01 -1.207125663757324219e+00 1.710809111595153809e+00 -6.214963793754577637e-01 -9.687627553939819336e-01 -8.338525891304016113e-01 -2.545814216136932373e-01 -8.749141544103622437e-02 1.851772427558898926e+00 1.003762125968933105e+00 1.211270213127136230e+00 -1.998242437839508057e-01 -1.086218714714050293e+00 -3.935083448886871338e-01
-9.668282866477966309e-01 1.035500764846801758e+00 1.804244995117187500e+00 -6.941694021224975586e-01 1.442865133285522461e+00 -1.173871994018554688e+00 -6.147186160087585449e-01 -1.273850560188293457e+00 1.597747087478637695e+00 -5.596906542778015137e-01 -9.588608741760253906e-01 -8.989205956459045410e-01 -2.841950953006744385e-01 -1.091814041137695312e-02 1.844626307487487793e+00 1.029468655586242676e+00 1.266151070594787598e+00 -1.815440952777862549e-01 -1.144249796867370605e+00 -2.992435097694396973e-01
-1.091517448425292969e+00 9.548746943473815918e-01 1.741301417350769043e+00 -6.968840360641479492e-01 1.364132881164550781e+00 -1.160348415374755859e+00 -6.704303622245788574e-01 -1.337273478507995605e+00 1.467008113861083984e+00 -4.996187090873718262e-01 -9.216058850288391113e-01 -9.285371303558349609e-01 -2.729165852069854736e-01 1.337870657444000244e-01 1.804471254348754883e+00 1.045358777046203613e+00 1.316690444946289062e+00 -1.748292297124862671e-01 -1.153509378433227539e+00 -1.729183197021484375e-01
-1.198858022689819336e+00 8.620667457580566406e-01 1.638664245605468750e+00 -6.848523020744323730e-01 1.308617353439331055e+00 -1.150285482406616211e+00 -7.255689501762390137e-01 -1.377347230911254883e+00 1.327552199363708496e+00 -4.581789076328277588e-01 -8.634258508682250977e-01 -8.934714198112487793e-01 -2.109191715717315674e-01 3.212991654872894287e-01 1.733700037002563477e+00 1.046679139137268066e+00 1.324306726455688477e+00 -1.911445111036300659e-01 -1.089406251907348633e+00 -4.576481133699417114e-02
-1.283506155014038086e+00 8.024557232856750488e-01 1.543338537216186523e+00 -6.587936878204345703e-01 1.301064848899841309e+00 -1.175654649734497070e+00 -7.918825745582580566e-01 -1.414830327033996582e+00 1.229362487792968750e+00 -4.458608627319335938e-01 -7.932136058807373047e-01 -8.188413381576538086e-01 -1.171220988035202026e-01 4.975308179855346680e-01 1.690741896629333496e+00 1.053344964981079102e+00 1.301697373390197754e+00 -2.446197122335433960e-01 -9.861412048339843750e-01 6.070533022284507751e-02
-1.337560176849365234e+00 8.428196310997009277e-01 1.516190052032470703e+00 -6.574447154998779297e-01 1.404637217521667480e+00 -1.251325607299804688e+00 -8.554160594940185547e-01 -1.497304081916809082e+00 1.276094079017639160e+00 -4.769615828990936279e-01 -7.554574608802795410e-01 -7.831147313117980957e-01 -1.358086243271827698e-02 5.999562144279479980e-01 1.756484627723693848e+00 1.107510805130004883e+00 1.331997632980346680e+00 -3.430329561233520508e-01 -9.075419306755065918e-01 9.164339303970336914e-02
-1.394104480743408203e+00 9.140349626541137695e-01 1.538290500640869141e+00 -6.737336516380310059e-01 1.518542051315307617e+00 -1.327857732772827148e+00 -8.868917226791381836e-01 -1.568791747093200684e+00 1.350968599319458008e+00 -5.516031980514526367e-01 -7.613624334335327148e-01 -7.303130030632019043e-01 6.378051638603210449e-02 6.582390666007995605e-01 1.848935604095458984e+00 1.169311404228210449e+00 1.338252305984497070e+00 -4.229825735092163086e-01 -8.595101237297058105e-01 6.273135542869567871e-02
-1.457530260086059570e+00 9.854960441589355469e-01 1.577566504478454590e+00 -6.866610646247863770e-01 1.618597745895385742e+00 -1.361603021621704102e+00 -9.037463665008544922e-01 -1.594031095504760742e+00 1.395082235336303711e+00 -6.655766963958740234e-01 -7.967897653579711914e-01 -6.539197564125061035e-01 1.097186058759689331e-01 6.920201778411865234e-01 1.932212948799133301e+00 1.239916086196899414e+00 1.310608386993408203e+00 -4.714672267436981201e-01 -8.349111080169677734e-01 1.681808941066265106e-02
-1.488066673278808594e+00 1.082106947898864746e+00 1.636099815368652344e+00 -7.084241509437561035e-01 1.693089365959167480e+00 -1.394344091415405273e+00 -8.823744058609008789e-01 -1.594376444816589355e+00 1.446494221687316895e+00 -7.869112491607666016e-01 -8.661531209945678711e-01 -5.953110456466674805e-01 1.033694297075271606e-01 6.735223531723022461e-01 1.991269707679748535e+00 1.272827386856079102e+00 1.279653906822204590e+00 -4.955826103687286377e-01 -8.431034684181213379e-01 -5.241405218839645386e-02
-1.470721960067749023e+00 1.198851585388183594e+00 1.719193458557128906e+00 -7.447697520256042480e-01 1.722126126289367676e+00 -1.428089141845703125e+00 -7.842342853546142578e-01 -1.567045211791992188e+00 1.497656822204589844e+00 -9.107081890106201172e-01 -9.520158767700195312e-01 -5.322908163070678711e-01 3.808148205280303955e-02 6.072390079498291016e-01 2.016996145248413086e+00 1.279860615730285645e+00 1.226851105690002441e+00 -5.011147856712341309e-01 -8.675599098205566406e-01 -1.843830645084381104e-01
-1.421884775161743164e+00 1.336018562316894531e+00 1.798228740692138672e+00 -7.906514406204223633e-01 1.693852782249450684e+00 -1.440185070037841797e+00 -6.985992789268493652e-01 -1.519044160842895508e+00 1.529034256935119629e+00 -9.954538941383361816e-01 -1.004821896553039551e+00 -4.837064743041992188e-01 -7.002362608909606934e-02 4.996294677257537842e-01 2.007685184478759766e+00 1.270019173622131348e+00 1.166344761848449707e+00 -4.956637322902679443e-01 -9.211646318435668945e-01 -3.314251601696014404e-01
-1.333214282989501953e+00 1.465291500091552734e+00 1.859609365463256836e+00 -8.541069030761718750e-01 1.627049922943115234e+00 -1.413488626480102539e+00 -6.372700929641723633e-01 -1.441112756729125977e+00 1.529230356216430664e+00 -1.020669460296630859e+00 -1.022163867950439453e+00 -4.631248712539672852e-01 -1.991709768772125244e-01 3.656091988086700439e-01 1.969866633415222168e+00 1.253164291381835938e+00 1.120800852775573730e+00 -4.592114090919494629e-01 -9.936710000038146973e-01 -4.876146912574768066e-01
-1.229878902435302734e+00 1.539920449256896973e+00 1.897529602050781250e+00 -8.977554440498352051e-01 1.567602992057800293e+00 -1.364912748336791992e+00 -6.021137237548828125e-01 -1.340676188468933105e+00 1.513354182243347168e+00 -1.003501415252685547e+00 -1.015257239341735840e+00 -4.585698246955871582e-01 -2.985399663448333740e-01 2.382797002792358398e-01 1.916150927543640137e+00 1.246968626976013184e+00 1.075243592262268066e+00 -3.810341060161590576e-01 -1.038026452064514160e+00 -6.178600192070007324e-01
-1.123069047927856445e+00 1.589287757873535156e+00 1.906026482582092285e+00 -9.291053414344787598e-01 1.489335298538208008e+00 -1.281559228897094727e+00 -5.871610641479492188e-01 -1.247360467910766602e+00 1.476285338401794434e+00 -9.444524645805358887e-01 -9.960192441940307617e-01 -4.895889759063720703e-01 -4.203117787837982178e-01 9.517832100391387939e-02 1.828036785125732422e+00 1.218062877655029297e+00 1.052079319953918457e+00 -2.925145924091339111e-01 -1.101610302925109863e+00 -7.288329601287841797e-01
-9.863770604133605957e-01 1.633680224418640137e+00 1.926895141601562500e+00 -9.979681372642517090e-01 1.437733411788940430e+00 -1.192712783813476562e+00 -6.054813861846923828e-01 -1.188241839408874512e+00 1.467593193054199219e+00 -8.253788948059082031e-01 -9.834385514259338379e-01 -5.908004641532897949e-01 -5.608132481575012207e-01 -9.691684693098068237e-02 1.756208539009094238e+00 1.160270571708679199e+00 1.089231610298156738e+00 -1.971625983715057373e-01 -1.221104979515075684e+00 -8.176338672637939453e-01
-8.503127098083496094e-01 1.622963547706604004e+00 1.951480031013488770e+00 -1.129526972770690918e+00 1.468711376190185547e+00 -1.133482694625854492e+00 -6.483807563781738281e-01 -1.193486452102661133e+00 1.565469145774841309e+00 -6.815590262413024902e-01 -9.637112021446228027e-01 -7.459299564361572266e-01 -6.824540495872497559e-01 -2.791264653205871582e-01 1.810190439224243164e+00 1.128356218338012695e+00 1.226782083511352539e+00 -1.630261093378067017e-01 -1.360450863838195801e+00 -8.253269791603088379e-01
-6.884536147117614746e-01 1.523439288139343262e+00 1.891496658325195312e+00 -1.234918713569641113e+00 1.523512959480285645e+00 -1.066775083541870117e+00 -6.697274446487426758e-01 -1.216517925262451172e+00 1.650742292404174805e+00 -5.164005160331726074e-01 -9.275039434432983398e-01 -8.877028822898864746e-01 -7.426757216453552246e-01 -3.970288932323455811e-01 1.829362392425537109e+00 1.033784270286560059e+00 1.373175382614135742e+00 -1.671248525381088257e-01 -1.426893353462219238e+00 -7.486222982406616211e-01
-5.186520218849182129e-01 1.444345355033874512e+00 1.770027399063110352e+00 -1.314131498336791992e+00 1.634233474731445312e+00 -1.014176607131958008e+00 -7.877177000045776367e-01 -1.237640380859375000e+00 1.750688672065734863e+00 -3.510583639144897461e-01 -8.608853220939636230e-01 -1.005239129066467285e+00 -6.859195232391357422e-01 -4.451575875282287598e-01 1.829290032386779785e+00 9.699159264564514160e-01 1.521193385124206543e+00 -1.760826706886291504e-01 -1.409308671951293945e+00 -6.354599595069885254e-01
-4.004796445369720459e-01 1.347983717918395996e+00 1.664846777915954590e+00 -1.296495437622070312e+00 1.805454850196838379e+00 -1.023687005043029785e+00 -9.913867712020874023e-01 -1.262009382247924805e+00 1.811062216758728027e+00 -2.061616480350494385e-01 -7.635325193405151367e-01 -1.081044316291809082e+00 -5.628984570503234863e-01 -3.859864175319671631e-01 1.815210819244384766e+00 9.503822326660156250e-01 1.643534183502197266e+00 -1.587453186511993408e-01 -1.344582796096801758e+00 -4.627939760684967041e-01
-3.422303795814514160e-01 1.278656601905822754e+00 1.598677873611450195e+00 -1.215268373489379883e+00 1.990657448768615723e+00 -1.077946901321411133e+00 -1.178104758262634277e+00 -1.305193305015563965e+00 1.883879899978637695e+00 -1.268406808376312256e-01 -6.859548091888427734e-01 -1.144964814186096191e+00 -4.181543886661529541e-01 -3.034381866455078125e-01 1.809179306030273438e+00 9.566961526870727539e-01 1.739826679229736328e+00 -1.526626348495483398e-01 -1.270967006683349609e+00 -2.905367910861968994e-01
-3.403287827968597412e-01 1.265958666801452637e+00 1.554929614067077637e+00 -1.141771793365478516e+00 2.127931118011474609e+00 -1.159685850143432617e+00 -1.321347475051879883e+00 -1.379198074340820312e+00 1.988714098930358887e+00 -9.853447973728179932e-02 -6.190260052680969238e-01 -1.219912052154541016e+00 -2.768729925155639648e-01 -2.380551695823669434e-01 1.837031960487365723e+00 9.817762970924377441e-01 1.829477906227111816e+00 -1.869142502546310425e-01 -1.214642882347106934e+00 -1.410866379737854004e-01
-3.804909884929656982e-01 1.289665699005126953e+00 1.533255219459533691e+00 -1.136901855468750000e+00 2.192741632461547852e+00 -1.260073423385620117e+00 -1.403780698776245117e+00 -1.467599987983703613e+00 2.080793142318725586e+00 -7.708579301834106445e-02 -5.495612621307373047e-01 -1.256977438926696777e+00 -1.767098456621170044e-01 -1.437732279300689697e-01 1.862642765045166016e+00 1.014310359954833984e+00 1.903133511543273926e+00 -2.630375921726226807e-01 -1.195038795471191406e+00 -4.800902307033538818e-02
-4.517995417118072510e-01 1.367036700248718262e+00 1.512910723686218262e+00 -1.157722830772399902e+00 2.209472894668579102e+00 -1.357855081558227539e+00 -1.450688958168029785e+00 -1.541531920433044434e+00 2.151641607284545898e+00 -9.496706724166870117e-02 -5.076353549957275391e-01 -1.235427856445312500e+00 -1.214784681797027588e-01 -1.549959182739257812e-02 1.865380406379699707e+00 1.017798185348510742e+00 1.954178214073181152e+00 -3.534141778945922852e-01 -1.176655411720275879e+00 -1.370587944984436035e-02
-5.137325525283813477e-01 1.462936043739318848e+00 1.442565917968750000e+00 -1.192725062370300293e+00 2.160979509353637695e+00 -1.402436256408691406e+00 -1.453763008117675781e+00 -1.549658656120300293e+00 2.138209104537963867e+00 -1.543832719326019287e-01 -4.530102312564849854e-01 -1.145224928855895996e+00 -1.252106577157974243e-01 1.470385491847991943e-01 1.769336462020874023e+00 9.872080683708190918e-01 1.956301450729370117e+00 -4.300056695938110352e-01 -1.135167241096496582e+00 -1.900003850460052490e-02
-5.796121358871459961e-01 1.699823021888732910e+00 1.307438492774963379e+00 -1.344310045242309570e+00 1.903330087661743164e+00 -1.371346950531005859e+00 -1.370148062705993652e+00 -1.529495596885681152e+00 2.012103080749511719e+00 -2.752811014652252197e-01 -3.369162082672119141e-01 -9.598075151443481445e-01 -2.653192877769470215e-01 2.964371144771575928e-01 1.550950527191162109e+00 9.053696990013122559e-01 1.877139925956726074e+00 -5.322529673576354980e-01 -1.103061676025390625e+00 -1.455723941326141357e-01
-7.678862810134887695e-01 2.024870395660400391e+00 1.209475636482238770e+00 -1.659420251846313477e+00 1.474000930786132812e+00 -1.286833763122558594e+00 -1.160905003547668457e+00 -1.589091897010803223e+00 1.760577440261840820e+00 -4.485262930393218994e-01 -3.444060087203979492e-01 -6.673309803009033203e-01 -4.676910340785980225e-01 4.087620377540588379e-01 1.377435088157653809e+00 8.618473410606384277e-01 1.659741759300231934e+00 -6.171148419380187988e-01 -1.085376501083374023e+00 -4.737134575843811035e-01
-9.769918322563171387e-01 2.158875465393066406e+00 1.320076107978820801e+00 -1.823455572128295898e+00 1.327723026275634766e+00 -1.222873926162719727e+00 -1.071483492851257324e+00 -1.598263263702392578e+00 1.693539142608642578e+00 -6.198785305023193359e-01 -4.538723826408386230e-01 -5.112027525901794434e-01 -5.778846144676208496e-01 4.241180121898651123e-01 1.462252736091613770e+00 1.012093544006347656e+00 1.562670946121215820e+00 -5.780584216117858887e-01 -1.145435094833374023e+00 -7.355797886848449707e-01
-1.092252492904663086e+00 2.199380397796630859e+00 1.415669560432434082e+00 -1.900173544883728027e+00 1.283730983734130859e+00 -1.152927875518798828e+00 -1.031595945358276367e+00 -1.604048013687133789e+00 1.661154627799987793e+00 -6.864259243011474609e-01 -5.586485266685485840e-01 -4.664147496223449707e-01 -6.702243685722351074e-01 3.919073343276977539e-01 1.535983681678771973e+00 1.099400281906127930e+00 1.536468982696533203e+00 -5.005804896354675293e-01 -1.213704943656921387e+00 -8.977778553962707520e-01
-1.129034280776977539e+00 2.208183288574218750e+00 1.475104212760925293e+00 -1.934476256370544434e+00 1.301526665687561035e+00 -1.103777170181274414e+00 -1.036197781562805176e+00 -1.607678174972534180e+00 1.666167378425598145e+00 -7.022675275802612305e-01 -6.182454228401184082e-01 -4.537456035614013672e-01 -7.263600230216979980e-01 3.603338599205017090e-01 1.591613292694091797e+00 1.149648070335388184e+00 1.547078967094421387e+00 -4.419363141059875488e-01 -1.256266832351684570e+00 -9.959561228752136230e-01
-1.116271972656250000e+00 2.178369045257568359e+00 1.484645843505859375e+00 -1.942860364913940430e+00 1.358261704444885254e+00 -1.044676065444946289e+00 -1.050685405731201172e+00 -1.593802571296691895e+00 1.688162684440612793e+00 -7.032738327980041504e-01 -6.563425064086914062e-01 -4.521901607513427734e-01 -7.473664879798889160e-01 3.367027938365936279e-01 1.622632622718811035e+00 1.164344906806945801e+00 1.571175932884216309e+00 -3.897464871406555176e-01 -1.256317734718322754e+00 -1.045080900192260742e+00
-1.066959619522094727e+00 2.126955509185791016e+00 1.465155363082885742e+00 -1.931077599525451660e+00 1.450193405151367188e+00 -9.797554016113281250e-01 -1.078844308853149414e+00 -1.563644409179687500e+00 1.724145174026489258e+00 -6.977824568748474121e-01 -6.736950874328613281e-01 -4.618965387344360352e-01 -7.471686601638793945e-01 3.124021589756011963e-01 1.638789892196655273e+00 1.149155735969543457e+00 1.604402899742126465e+00 -3.463993966579437256e-01 -1.232657432556152344e+00 -1.049444079399108887e+00
-9.890639185905456543e-01 2.051858901977539062e+00 1.423934936523437500e+00 -1.880876064300537109e+00 1.560366272926330566e+00 -9.158865213394165039e-01 -1.122447848320007324e+00 -1.516655564308166504e+00 1.757501363754272461e+00 -6.838412880897521973e-01 -6.619624495506286621e-01 -4.796044230461120605e-01 -7.245934605598449707e-01 2.938542366027832031e-01 1.631280422210693359e+00 1.117906451225280762e+00 1.639668583869934082e+00 -3.047649860382080078e-01 -1.191465258598327637e+00 -1.008746862411499023e+00
-8.784053921699523926e-01 1.924813270568847656e+00 1.370936632156372070e+00 -1.760263204574584961e+00 1.735700726509094238e+00 -8.724080324172973633e-01 -1.207395434379577637e+00 -1.444463491439819336e+00 1.813658952713012695e+00 -6.569055914878845215e-01 -6.109198331832885742e-01 -4.949849247932434082e-01 -6.413149237632751465e-01 3.038026690483093262e-01 1.611243963241577148e+00 1.103285312652587891e+00 1.679330110549926758e+00 -2.521856725215911865e-01 -1.116974472999572754e+00 -9.221773743629455566e-01
-7.956271171569824219e-01 1.753822684288024902e+00 1.315313935279846191e+00 -1.545891523361206055e+00 1.954125523567199707e+00 -8.563862442970275879e-01 -1.334232091903686523e+00 -1.391683816909790039e+00 1.911004543304443359e+00 -6.252990961074829102e-01 -5.788452029228210449e-01 -5.889810323715209961e-01 -5.249624848365783691e-01 3.066543638706207275e-01 1.614370346069335938e+00 1.107655167579650879e+00 1.765979766845703125e+00 -1.950401365756988525e-01 -1.059588909149169922e+00 -7.390395402908325195e-01
-6.974794268608093262e-01 1.501323938369750977e+00 1.306091189384460449e+00 -1.285597681999206543e+00 2.216728210449218750e+00 -9.195452928543090820e-01 -1.352267265319824219e+00 -1.380217552185058594e+00 2.049404382705688477e+00 -6.028431653976440430e-01 -5.699170827865600586e-01 -7.322932481765747070e-01 -3.283869624137878418e-01 2.865625619888305664e-01 1.676427721977233887e+00 1.131605267524719238e+00 1.841437578201293945e+00 -1.564900130033493042e-01 -9.766715764999389648e-01 -5.069644451141357422e-01
-6.550724506378173828e-01 1.201072216033935547e+00 1.359645724296569824e+00 -1.024703145027160645e+00 2.423103570938110352e+00 -1.007647275924682617e+00 -1.295496940612792969e+00 -1.398268222808837891e+00 2.140255451202392578e+00 -5.506121516227722168e-01 -6.040480136871337891e-01 -8.837890625000000000e-01 -1.504567414522171021e-01 2.410268187522888184e-01 1.767174959182739258e+00 1.171937584877014160e+00 1.855582237243652344e+00 -1.565683931112289429e-01 -9.355350732803344727e-01 -2.759420573711395264e-01
-6.640951037406921387e-01 1.006612777709960938e+00 1.463314652442932129e+00 -8.344379067420959473e-01 2.516133785247802734e+00 -1.101009607315063477e+00 -1.259627819061279297e+00 -1.411079525947570801e+00 2.162714242935180664e+00 -5.264812707901000977e-01 -6.508029103279113770e-01 -9.799295067787170410e-01 -1.727256923913955688e-03 1.530999392271041870e-01 1.886163592338562012e+00 1.210160851478576660e+00 1.768244028091430664e+00 -1.818550825119018555e-01 -9.111590981483459473e-01 -9.493827074766159058e-02
-7.123333811759948730e-01 8.927171230316162109e-01 1.595815181732177734e+00 -7.097875475883483887e-01 2.540024518966674805e+00 -1.201671838760375977e+00 -1.215790033340454102e+00 -1.439447641372680664e+00 2.145384073257446289e+00 -4.862093627452850342e-01 -7.270512580871582031e-01 -1.086058855056762695e+00 1.019794791936874390e-01 5.265407264232635498e-02 2.045431375503540039e+00 1.240228533744812012e+00 1.677998781204223633e+00 -2.492807656526565552e-01 -9.259086251258850098e-01 3.565212339162826538e-02
-7.469525933265686035e-01 8.443268537521362305e-01 1.715756416320800781e+00 -6.306199431419372559e-01 2.473770141601562500e+00 -1.246247291564941406e+00 -1.150533676147460938e+00 -1.449415087699890137e+00 2.080313444137573242e+00 -4.403135180473327637e-01 -8.017026185989379883e-01 -1.198899269104003906e+00 1.092730313539505005e-01 -9.747483581304550171e-02 2.157344818115234375e+00 1.223771214485168457e+00 1.600378394126892090e+00 -2.935178279876708984e-01 -9.994789361953735352e-01 1.149926707148551941e-01
-7.759552001953125000e-01 8.428786993026733398e-01 1.793658375740051270e+00 -5.999693274497985840e-01 2.329014778137207031e+00 -1.251454353332519531e+00 -1.084046244621276855e+00 -1.434341669082641602e+00 1.961012840270996094e+00 -4.005231857299804688e-01 -8.549072742462158203e-01 -1.270979404449462891e+00 5.569204688072204590e-02 -2.170617282390594482e-01 2.184564352035522461e+00 1.150191783905029297e+00 1.517339229583740234e+00 -3.203476965427398682e-01 -1.083707094192504883e+00 1.843421459197998047e-01
-7.914140820503234863e-01 8.584727644920349121e-01 1.829539895057678223e+00 -5.962908864021301270e-01 2.108390569686889648e+00 -1.214727163314819336e+00 -1.019972681999206543e+00 -1.393119215965270996e+00 1.787917017936706543e+00 -3.449999988079071045e-01 -8.771507740020751953e-01 -1.314459562301635742e+00 -4.140723869204521179e-02 -3.128740191459655762e-01 2.128219127655029297e+00 1.051305651664733887e+00 1.427912592887878418e+00 -3.300412595272064209e-01 -1.181758284568786621e+00 2.303946614265441895e-01
-7.990358471870422363e-01 9.522843360900878906e-01 1.875479698181152344e+00 -6.789737343788146973e-01 1.860569000244140625e+00 -1.235790967941284180e+00 -9.397076368331909180e-01 -1.390569686889648438e+00 1.650453090667724609e+00 -2.885601222515106201e-01 -8.319291472434997559e-01 -1.331049442291259766e+00 -1.876881867647171021e-01 -3.442105650901794434e-01 2.030021667480468750e+00 9.888710379600524902e-01 1.392012715339660645e+00 -3.483404219150543213e-01 -1.327381253242492676e+00 1.866615712642669678e-01
-7.896207571029663086e-01 1.115759730339050293e+00 1.902045011520385742e+00 -8.083419203758239746e-01 1.614251971244812012e+00 -1.252913951873779297e+00 -9.032378792762756348e-01 -1.379355788230895996e+00 1.536056518554687500e+00 -2.627363204956054688e-01 -7.568745613098144531e-01 -1.288599133491516113e+00 -3.472145497798919678e-01 -3.582710921764373779e-01 1.912187337875366211e+00 9.442262649536132812e-01 1.361820340156555176e+00 -3.451423346996307373e-01 -1.444153666496276855e+00 6.985163688659667969e-02
-8.006496429443359375e-01 1.248900175094604492e+00 1.890545845031738281e+00 -9.050626754760742188e-01 1.392157912254333496e+00 -1.266402006149291992e+00 -8.855651617050170898e-01 -1.358481764793395996e+00 1.416935920715332031e+00 -2.600786983966827393e-01 -6.760615706443786621e-01 -1.199446439743041992e+00 -4.748811423778533936e-01 -3.092551231384277344e-01 1.810326814651489258e+00 9.213626384735107422e-01 1.331053614616394043e+00 -3.414545059204101562e-01 -1.501440882682800293e+00 -3.802859038114547729e-02
-8.231880664825439453e-01 1.327284574508666992e+00 1.823557853698730469e+00 -9.628146886825561523e-01 1.204265952110290527e+00 -1.255459070205688477e+00 -9.061719775199890137e-01 -1.316418766975402832e+00 1.301217675209045410e+00 -2.457573711872100830e-01 -5.817464590072631836e-01 -1.104892492294311523e+00 -5.509480834007263184e-01 -2.251027822494506836e-01 1.717615008354187012e+00 9.391325712203979492e-01 1.313467025756835938e+00 -3.224937617778778076e-01 -1.503601908683776855e+00 -1.120224669575691223e-01
-8.665336370468139648e-01 1.330266118049621582e+00 1.706755518913269043e+00 -9.782127141952514648e-01 1.089126348495483398e+00 -1.224474430084228516e+00 -9.472892880439758301e-01 -1.314864873886108398e+00 1.178345084190368652e+00 -2.178677916526794434e-01 -4.944266080856323242e-01 -1.006436109542846680e+00 -5.613930821418762207e-01 -1.188221350312232971e-01 1.647126436233520508e+00 9.509890675544738770e-01 1.279498934745788574e+00 -3.219293355941772461e-01 -1.448451399803161621e+00 -1.257362067699432373e-01
-9.062187671661376953e-01 1.241622209548950195e+00 1.564320683479309082e+00 -9.199528694152832031e-01 1.088089704513549805e+00 -1.170319318771362305e+00 -9.985429048538208008e-01 -1.314847588539123535e+00 1.112673521041870117e+00 -2.117314934730529785e-01 -4.347447752952575684e-01 -9.244482517242431641e-01 -5.009973049163818359e-01 -5.188085138797760010e-03 1.594485402107238770e+00 9.714780449867248535e-01 1.267709374427795410e+00 -3.056215643882751465e-01 -1.339420080184936523e+00 -7.959267497062683105e-02
-9.305441379547119141e-01 1.085139274597167969e+00 1.443459987640380859e+00 -7.632049918174743652e-01 1.276285648345947266e+00 -1.145654678344726562e+00 -1.050841212272644043e+00 -1.300143241882324219e+00 1.199499845504760742e+00 -2.860812842845916748e-01 -4.186346828937530518e-01 -8.666438460350036621e-01 -3.026260733604431152e-01 1.497714817523956299e-01 1.618264079093933105e+00 1.023606538772583008e+00 1.311095595359802246e+00 -2.838000059127807617e-01 -1.135357260704040527e+00 2.061503008008003235e-02
-9.624657630920410156e-01 9.581556916236877441e-01 1.422009587287902832e+00 -5.930120944976806641e-01 1.559931755065917969e+00 -1.141145706176757812e+00 -1.131763577461242676e+00 -1.278457283973693848e+00 1.391328096389770508e+00 -4.036265611648559570e-01 -4.702607989311218262e-01 -8.415305018424987793e-01 -1.055815219879150391e-01 2.549855411052703857e-01 1.689637541770935059e+00 1.084089398384094238e+00 1.364495038986206055e+00 -2.488820552825927734e-01 -9.742682576179504395e-01 1.126242130994796753e-01
