-5.550329089164733887e-01 1.259083032608032227e+00 2.118772268295288086e+00 -1.281523585319519043e+00 2.072855710983276367e+00 -1.105081915855407715e+00 -1.527676701545715332e+00 -1.330674052238464355e+00 2.146633148193359375e+00 -1.020353659987449646e-01 -8.193988204002380371e-01 -1.512885212898254395e+00 -6.123482584953308105e-01 -4.685964882373809814e-01 2.236097097396850586e+00 1.099427819252014160e+00 2.009685277938842773e+00 -5.357338115572929382e-02 -1.775578022003173828e+00 1.608196832239627838e-02
-5.410435795783996582e-01 1.301117539405822754e+00 2.090151786804199219e+00 -1.286532163619995117e+00 2.079244852066040039e+00 -1.146088123321533203e+00 -1.526039242744445801e+00 -1.343555688858032227e+00 2.146104335784912109e+00 -1.040655523538589478e-01 -8.019432425498962402e-01 -1.472032904624938965e+00 -5.845880508422851562e-01 -4.528762400150299072e-01 2.214421749114990234e+00 1.075547575950622559e+00 1.979783296585083008e+00 -9.804525971412658691e-02 -1.737019896507263184e+00 1.035112328827381134e-02
-5.337171554565429688e-01 1.326288819313049316e+00 2.082820177078247070e+00 -1.277657985687255859e+00 2.095662117004394531e+00 -1.180477142333984375e+00 -1.514817357063293457e+00 -1.356062650680541992e+00 2.149916648864746094e+00 -1.109541282057762146e-01 -8.067582845687866211e-01 -1.452904343605041504e+00 -5.629027485847473145e-01 -4.524773061275482178e-01 2.206113338470458984e+00 1.059838771820068359e+00 1.953553438186645508e+00 -1.276075839996337891e-01 -1.712647676467895508e+00 7.391201332211494446e-03
-5.301800370216369629e-01 1.342264413833618164e+00 2.097125291824340820e+00 -1.257596373558044434e+00 2.121682643890380859e+00 -1.213535785675048828e+00 -1.493580579757690430e+00 -1.368415355682373047e+00 2.160446405410766602e+00 -1.220712512731552124e-01 -8.309519886970520020e-01 -1.451485276222229004e+00 -5.451409220695495605e-01 -4.687495529651641846e-01 2.211469888687133789e+00 1.050104975700378418e+00 1.928098440170288086e+00 -1.481978297233581543e-01 -1.700909495353698730e+00 4.950277507305145264e-03
-5.272719860076904297e-01 1.353169560432434082e+00 2.133526086807250977e+00 -1.226296305656433105e+00 2.152019977569580078e+00 -1.246700882911682129e+00 -1.457786321640014648e+00 -1.376622796058654785e+00 2.176680326461791992e+00 -1.368673294782638550e-01 -8.717070817947387695e-01 -1.463258028030395508e+00 -5.300315022468566895e-01 -5.049199461936950684e-01 2.229283809661865234e+00 1.044234275817871094e+00 1.897424221038818359e+00 -1.641207784414291382e-01 -1.700519323348999023e+00 -1.515522599220275879e-04
-5.235750079154968262e-01 1.354340314865112305e+00 2.193690538406372070e+00 -1.178637385368347168e+00 2.181396245956420898e+00 -1.275333642959594727e+00 -1.398989677429199219e+00 -1.371535301208496094e+00 2.193444252014160156e+00 -1.580562293529510498e-01 -9.285320043563842773e-01 -1.484478712081909180e+00 -5.185749530792236328e-01 -5.657491087913513184e-01 2.259068489074707031e+00 1.043609738349914551e+00 1.853808879852294922e+00 -1.736110150814056396e-01 -1.709795832633972168e+00 -1.149401441216468811e-02
-5.159732103347778320e-01 1.332838177680969238e+00 2.267159461975097656e+00 -1.105103015899658203e+00 2.190362930297851562e+00 -1.283073306083679199e+00 -1.302655458450317383e+00 -1.331363439559936523e+00 2.191618442535400391e+00 -1.897712349891662598e-01 -9.915088415145874023e-01 -1.499382138252258301e+00 -5.118252635002136230e-01 -6.513916850090026855e-01 2.289316177368164062e+00 1.048760175704956055e+00 1.779842615127563477e+00 -1.722688078880310059e-01 -1.718131542205810547e+00 -3.575745970010757446e-02
-5.206481814384460449e-01 1.272892594337463379e+00 2.329168558120727539e+00 -1.002714872360229492e+00 2.187125682830810547e+00 -1.242710709571838379e+00 -1.157796025276184082e+00 -1.266689538955688477e+00 2.131707191467285156e+00 -2.629548609256744385e-01 -1.051430940628051758e+00 -1.481312155723571777e+00 -5.061182975769042969e-01 -7.335055470466613770e-01 2.311157941818237305e+00 1.083939671516418457e+00 1.684992194175720215e+00 -1.378007531166076660e-01 -1.703745722770690918e+00 -9.406346082687377930e-02
-5.930604338645935059e-01 1.268756031990051270e+00 2.361662387847900391e+00 -9.721234440803527832e-01 2.119807958602905273e+00 -1.203212261199951172e+00 -1.007935762405395508e+00 -1.227292299270629883e+00 2.051531076431274414e+00 -3.659770786762237549e-01 -1.044871926307678223e+00 -1.397208690643310547e+00 -5.378500819206237793e-01 -7.627551555633544922e-01 2.351277351379394531e+00 1.163816928863525391e+00 1.607184648513793945e+00 -9.658590704202651978e-02 -1.674612045288085938e+00 -2.333844304084777832e-01
-6.893975734710693359e-01 1.245841383934020996e+00 2.318570613861083984e+00 -9.677873253822326660e-01 1.964782238006591797e+00 -1.128654003143310547e+00 -8.758669495582580566e-01 -1.148600578308105469e+00 1.896722435951232910e+00 -4.737125337123870850e-01 -9.317570328712463379e-01 -1.228773713111877441e+00 -5.907738804817199707e-01 -6.868586540222167969e-01 2.317519187927246094e+00 1.261521100997924805e+00 1.510012745857238770e+00 -4.801291227340698242e-02 -1.609843254089355469e+00 -3.847096860408782959e-01
-8.233661055564880371e-01 1.234487414360046387e+00 2.213179349899291992e+00 -1.048344016075134277e+00 1.832903861999511719e+00 -1.045779705047607422e+00 -8.305613398551940918e-01 -1.090440392494201660e+00 1.712276339530944824e+00 -5.934095978736877441e-01 -8.268204927444458008e-01 -9.953629374504089355e-01 -6.145779490470886230e-01 -4.815247952938079834e-01 2.274271965026855469e+00 1.390558242797851562e+00 1.424759030342102051e+00 -2.511247433722019196e-02 -1.517631411552429199e+00 -4.679982960224151611e-01
-9.616301059722900391e-01 1.271166682243347168e+00 2.083887577056884766e+00 -1.187501072883605957e+00 1.760306596755981445e+00 -9.794821143150329590e-01 -8.955410718917846680e-01 -1.091434001922607422e+00 1.598176002502441406e+00 -6.728012561798095703e-01 -7.315919995307922363e-01 -8.126451373100280762e-01 -6.139791011810302734e-01 -2.451368570327758789e-01 2.239461898803710938e+00 1.511454820632934570e+00 1.424174427986145020e+00 -2.946463413536548615e-02 -1.454164028167724609e+00 -4.949100315570831299e-01
-1.075526714324951172e+00 1.329133033752441406e+00 1.917842507362365723e+00 -1.347036838531494141e+00 1.718005657196044922e+00 -9.101225137710571289e-01 -1.011602044105529785e+00 -1.112981081008911133e+00 1.506106138229370117e+00 -7.032386064529418945e-01 -6.385672688484191895e-01 -6.646437644958496094e-01 -6.122465729713439941e-01 -2.186983823776245117e-03 2.204814434051513672e+00 1.603532075881958008e+00 1.465147256851196289e+00 -7.135264575481414795e-02 -1.389286279678344727e+00 -5.099673271179199219e-01
-1.153741240501403809e+00 1.400954008102416992e+00 1.745135903358459473e+00 -1.477503061294555664e+00 1.665817141532897949e+00 -8.740618824958801270e-01 -1.172583818435668945e+00 -1.139742851257324219e+00 1.441808938980102539e+00 -6.957486271858215332e-01 -5.154992341995239258e-01 -5.439473390579223633e-01 -5.883939862251281738e-01 2.104237973690032959e-01 2.162639856338500977e+00 1.669154524803161621e+00 1.507653594017028809e+00 -1.335344314575195312e-01 -1.320423007011413574e+00 -4.900048673152923584e-01
-1.181282401084899902e+00 1.505911946296691895e+00 1.648559689521789551e+00 -1.586717724800109863e+00 1.688447833061218262e+00 -8.962871432304382324e-01 -1.313360691070556641e+00 -1.178268790245056152e+00 1.473258137702941895e+00 -7.043439745903015137e-01 -4.332337975502014160e-01 -4.853457808494567871e-01 -5.574043989181518555e-01 3.560533225536346436e-01 2.142614126205444336e+00 1.733686566352844238e+00 1.593462467193603516e+00 -1.852771639823913574e-01 -1.281035661697387695e+00 -4.914629757404327393e-01
-1.216333508491516113e+00 1.619035959243774414e+00 1.602816939353942871e+00 -1.671087026596069336e+00 1.721476316452026367e+00 -9.420090317726135254e-01 -1.408049583435058594e+00 -1.219251036643981934e+00 1.531220912933349609e+00 -7.472994327545166016e-01 -3.931512236595153809e-01 -4.384783804416656494e-01 -5.364901423454284668e-01 4.989036619663238525e-01 2.112707853317260742e+00 1.771573543548583984e+00 1.676841259002685547e+00 -2.218931019306182861e-01 -1.246433496475219727e+00 -4.949354231357574463e-01
-1.260099530220031738e+00 1.697888016700744629e+00 1.566125273704528809e+00 -1.711092948913574219e+00 1.725433945655822754e+00 -9.893644452095031738e-01 -1.455751776695251465e+00 -1.250540971755981445e+00 1.558122158050537109e+00 -7.979710102081298828e-01 -3.770295381546020508e-01 -3.865870237350463867e-01 -5.095891952514648438e-01 6.317254304885864258e-01 2.073368549346923828e+00 1.787901759147644043e+00 1.719212293624877930e+00 -2.502748668193817139e-01 -1.198541045188903809e+00 -4.967470467090606689e-01
-1.351198077201843262e+00 1.756475329399108887e+00 1.566530942916870117e+00 -1.733223795890808105e+00 1.724578619003295898e+00 -1.063654541969299316e+00 -1.459424495697021484e+00 -1.319948196411132812e+00 1.578550457954406738e+00 -8.630990982055664062e-01 -4.021165370941162109e-01 -3.517689406871795654e-01 -4.888576567173004150e-01 7.568945884704589844e-01 2.059849977493286133e+00 1.798705458641052246e+00 1.751445651054382324e+00 -2.905003428459167480e-01 -1.166228294372558594e+00 -4.933920204639434814e-01
-1.458857059478759766e+00 1.790504932403564453e+00 1.571303606033325195e+00 -1.725476980209350586e+00 1.697331428527832031e+00 -1.139576315879821777e+00 -1.408883929252624512e+00 -1.403047800064086914e+00 1.562959790229797363e+00 -9.302854537963867188e-01 -4.562089145183563232e-01 -3.190154731273651123e-01 -4.714958369731903076e-01 8.623453974723815918e-01 2.033004999160766602e+00 1.789796352386474609e+00 1.748718380928039551e+00 -3.288322091102600098e-01 -1.133353710174560547e+00 -4.988106191158294678e-01
-1.572546958923339844e+00 1.794219493865966797e+00 1.575684666633605957e+00 -1.665356516838073730e+00 1.635765075683593750e+00 -1.207770228385925293e+00 -1.293975353240966797e+00 -1.484496593475341797e+00 1.503390192985534668e+00 -1.002324819564819336e+00 -5.493734478950500488e-01 -2.860134840011596680e-01 -4.547362625598907471e-01 9.297097325325012207e-01 1.989871978759765625e+00 1.750693917274475098e+00 1.690343737602233887e+00 -3.566575050354003906e-01 -1.094277143478393555e+00 -5.148921012878417969e-01
-1.665110230445861816e+00 1.750003814697265625e+00 1.569306254386901855e+00 -1.546384215354919434e+00 1.539928078651428223e+00 -1.251723647117614746e+00 -1.108338594436645508e+00 -1.554470539093017578e+00 1.397286057472229004e+00 -1.060055136680603027e+00 -6.752780079841613770e-01 -2.638712525367736816e-01 -4.392403066158294678e-01 9.335687756538391113e-01 1.927423715591430664e+00 1.668429255485534668e+00 1.571883082389831543e+00 -3.690571486949920654e-01 -1.049293875694274902e+00 -5.394920110702514648e-01
-1.697798490524291992e+00 1.684096574783325195e+00 1.567980766296386719e+00 -1.437476992607116699e+00 1.488721489906311035e+00 -1.254471778869628906e+00 -9.072390198707580566e-01 -1.638332128524780273e+00 1.312950134277343750e+00 -1.068614363670349121e+00 -8.032923936843872070e-01 -3.011559844017028809e-01 -4.389921128749847412e-01 8.601332902908325195e-01 1.897648096084594727e+00 1.565783381462097168e+00 1.476350069046020508e+00 -3.724650442600250244e-01 -1.044145226478576660e+00 -5.839248895645141602e-01
-1.674840569496154785e+00 1.644470810890197754e+00 1.609303951263427734e+00 -1.314171314239501953e+00 1.507760047912597656e+00 -1.270537376403808594e+00 -7.562977075576782227e-01 -1.703612804412841797e+00 1.317534804344177246e+00 -1.066787958145141602e+00 -9.142046570777893066e-01 -3.846418559551239014e-01 -4.410561919212341309e-01 7.557028532028198242e-01 1.884525656700134277e+00 1.486498355865478516e+00 1.449134230613708496e+00 -3.646669089794158936e-01 -1.069318413734436035e+00 -6.389200687408447266e-01
-1.606806874275207520e+00 1.612672924995422363e+00 1.630593061447143555e+00 -1.192348122596740723e+00 1.518895030021667480e+00 -1.284910321235656738e+00 -6.581425666809082031e-01 -1.743016719818115234e+00 1.337748646736145020e+00 -1.028351426124572754e+00 -9.767238497734069824e-01 -4.850335121154785156e-01 -4.559569358825683594e-01 6.256549358367919922e-01 1.865790486335754395e+00 1.407318353652954102e+00 1.439905881881713867e+00 -3.502626419067382812e-01 -1.098391413688659668e+00 -6.725046634674072266e-01
-1.524586677551269531e+00 1.549376010894775391e+00 1.633776068687438965e+00 -1.074162364006042480e+00 1.528075456619262695e+00 -1.273534417152404785e+00 -5.790062546730041504e-01 -1.756732106208801270e+00 1.343546986579895020e+00 -9.675052762031555176e-01 -1.023186922073364258e+00 -5.776095986366271973e-01 -4.545895755290985107e-01 4.940938949584960938e-01 1.844226717948913574e+00 1.326915025711059570e+00 1.415003657341003418e+00 -3.209927380084991455e-01 -1.109319090843200684e+00 -6.814841032028198242e-01
-1.441612958908081055e+00 1.477705717086791992e+00 1.631967663764953613e+00 -9.714739918708801270e-01 1.545073032379150391e+00 -1.250512123107910156e+00 -5.158629417419433594e-01 -1.760600447654724121e+00 1.340298771858215332e+00 -8.963899016380310059e-01 -1.064939498901367188e+00 -6.647909283638000488e-01 -4.575091898441314697e-01 3.649142384529113770e-01 1.824477076530456543e+00 1.235424637794494629e+00 1.380117416381835938e+00 -2.942993640899658203e-01 -1.116632699966430664e+00 -6.694461107254028320e-01
-1.339171171188354492e+00 1.395894050598144531e+00 1.608439803123474121e+00 -8.737078905105590820e-01 1.551970124244689941e+00 -1.204442262649536133e+00 -4.656678140163421631e-01 -1.734601736068725586e+00 1.315005779266357422e+00 -8.114777207374572754e-01 -1.088602185249328613e+00 -7.350055575370788574e-01 -4.617186486721038818e-01 2.399657666683197021e-01 1.785352945327758789e+00 1.127874374389648438e+00 1.331245660781860352e+00 -2.665205299854278564e-01 -1.112779378890991211e+00 -6.477688550949096680e-01
-1.190111517906188965e+00 1.314829468727111816e+00 1.596010684967041016e+00 -7.910798192024230957e-01 1.598307013511657715e+00 -1.153166055679321289e+00 -4.458431005477905273e-01 -1.686655521392822266e+00 1.310572981834411621e+00 -6.971434354782104492e-01 -1.107268214225769043e+00 -8.211441636085510254e-01 -4.622034132480621338e-01 9.862434864044189453e-02 1.742227911949157715e+00 9.898944497108459473e-01 1.291881084442138672e+00 -2.394825816154479980e-01 -1.114259243011474609e+00 -6.115039587020874023e-01
-9.418205618858337402e-01 1.284929752349853516e+00 1.634133934974670410e+00 -7.916204929351806641e-01 1.745265007019042969e+00 -1.126917839050292969e+00 -5.461943149566650391e-01 -1.638508558273315430e+00 1.400218009948730469e+00 -4.894536435604095459e-01 -1.137947916984558105e+00 -9.696059226989746094e-01 -4.349155426025390625e-01 -9.546286612749099731e-02 1.718666553497314453e+00 8.134280443191528320e-01 1.321798086166381836e+00 -2.199945449829101562e-01 -1.172741413116455078e+00 -5.579466819763183594e-01
-5.431873202323913574e-01 1.214501857757568359e+00 1.665417194366455078e+00 -9.904189705848693848e-01 2.038046121597290039e+00 -1.138167500495910645e+00 -8.317810297012329102e-01 -1.596271872520446777e+00 1.717415213584899902e+00 -1.524724364280700684e-01 -1.095627546310424805e+00 -1.220737934112548828e+00 -4.177005887031555176e-01 -2.980824708938598633e-01 1.811141014099121094e+00 6.669253110885620117e-01 1.573674201965332031e+00 -2.612691819667816162e-01 -1.292080998420715332e+00 -3.537421226501464844e-01
-3.892879188060760498e-01 1.523814201354980469e+00 1.799786448478698730e+00 -1.249835252761840820e+00 2.269472360610961914e+00 -1.306071996688842773e+00 -1.432064056396484375e+00 -1.602859377861022949e+00 2.167002916336059570e+00 -1.955717429518699646e-02 -8.085342645645141602e-01 -1.401128530502319336e+00 -4.620542824268341064e-01 -3.146309554576873779e-01 1.980985760688781738e+00 8.232589960098266602e-01 1.951704382896423340e+00 -3.096062541007995605e-01 -1.526347994804382324e+00 -1.787225157022476196e-01
-4.121974408626556396e-01 1.611389875411987305e+00 1.816115021705627441e+00 -1.364542841911315918e+00 2.274189949035644531e+00 -1.354043841361999512e+00 -1.584226131439208984e+00 -1.614377856254577637e+00 2.237902164459228516e+00 -4.296906292438507080e-03 -7.522519826889038086e-01 -1.403150081634521484e+00 -4.658269584178924561e-01 -2.577179372310638428e-01 2.038364171981811523e+00 8.721770048141479492e-01 2.038768529891967773e+00 -3.112261295318603516e-01 -1.556510448455810547e+00 -1.339599043130874634e-01
-4.119481146335601807e-01 1.593484878540039062e+00 1.848793625831604004e+00 -1.371336698532104492e+00 2.230197668075561523e+00 -1.380892634391784668e+00 -1.575163722038269043e+00 -1.600443482398986816e+00 2.234303474426269531e+00 9.066887199878692627e-03 -7.848449945449829102e-01 -1.398575782775878906e+00 -4.488688409328460693e-01 -2.409668564796447754e-01 2.025119304656982422e+00 8.478484153747558594e-01 2.018606424331665039e+00 -2.960042655467987061e-01 -1.556825160980224609e+00 -1.075899451971054077e-01
-3.817339539527893066e-01 1.523769259452819824e+00 1.899809479713439941e+00 -1.319684505462646484e+00 2.152526378631591797e+00 -1.395671725273132324e+00 -1.480634570121765137e+00 -1.569780111312866211e+00 2.199900865554809570e+00 3.979782015085220337e-02 -8.687558174133300781e-01 -1.421331882476806641e+00 -4.247555434703826904e-01 -2.848061025142669678e-01 1.986940503120422363e+00 7.810466289520263672e-01 1.946914792060852051e+00 -2.637537717819213867e-01 -1.561533570289611816e+00 -8.862117677927017212e-02
-3.338739871978759766e-01 1.422141909599304199e+00 1.974615931510925293e+00 -1.212862968444824219e+00 2.044059276580810547e+00 -1.399779438972473145e+00 -1.305935978889465332e+00 -1.512323260307312012e+00 2.156188249588012695e+00 5.395785719156265259e-02 -9.950781464576721191e-01 -1.458361625671386719e+00 -3.993986248970031738e-01 -3.739594817161560059e-01 1.931234717369079590e+00 6.935800909996032715e-01 1.830593705177307129e+00 -2.144670486450195312e-01 -1.572069644927978516e+00 -8.021758496761322021e-02
-3.305110335350036621e-01 1.322873473167419434e+00 2.050517320632934570e+00 -1.112352252006530762e+00 1.917282700538635254e+00 -1.381044983863830566e+00 -1.050625681877136230e+00 -1.480401277542114258e+00 2.094765424728393555e+00 1.926521956920623779e-02 -1.168623685836791992e+00 -1.504714965820312500e+00 -3.883054852485656738e-01 -4.899581968784332275e-01 1.901956677436828613e+00 6.135792732238769531e-01 1.703078031539916992e+00 -1.504360437393188477e-01 -1.574965357780456543e+00 -1.145380139350891113e-01
-4.028017520904541016e-01 1.266915559768676758e+00 2.126255989074707031e+00 -1.013879656791687012e+00 1.787461519241333008e+00 -1.368964910507202148e+00 -8.095713257789611816e-01 -1.491061806678771973e+00 1.991148710250854492e+00 -4.809486865997314453e-02 -1.315956950187683105e+00 -1.532998681068420410e+00 -4.093989133834838867e-01 -5.783719420433044434e-01 1.879325389862060547e+00 5.805311799049377441e-01 1.587220072746276855e+00 -8.660552650690078735e-02 -1.587497472763061523e+00 -1.945154964923858643e-01
-4.853301048278808594e-01 1.256643533706665039e+00 2.165068626403808594e+00 -9.752127528190612793e-01 1.743164181709289551e+00 -1.356470227241516113e+00 -6.620449423789978027e-01 -1.531071066856384277e+00 1.964121222496032715e+00 -1.303049325942993164e-01 -1.386299371719360352e+00 -1.560790657997131348e+00 -4.388006627559661865e-01 -6.154198646545410156e-01 1.871462464332580566e+00 6.151551008224487305e-01 1.578636407852172852e+00 -4.502923786640167236e-02 -1.609776735305786133e+00 -2.792032361030578613e-01
-5.538835525512695312e-01 1.259055376052856445e+00 2.172307252883911133e+00 -9.567813277244567871e-01 1.708285212516784668e+00 -1.353090167045593262e+00 -6.122146248817443848e-01 -1.563071489334106445e+00 1.956509470939636230e+00 -1.790421009063720703e-01 -1.399307250976562500e+00 -1.578279495239257812e+00 -4.711903035640716553e-01 -6.102569103240966797e-01 1.872485756874084473e+00 6.677000522613525391e-01 1.608338236808776855e+00 -1.957537792623043060e-02 -1.630008220672607422e+00 -3.169255852699279785e-01
-5.967716574668884277e-01 1.250350475311279297e+00 2.146118402481079102e+00 -9.535785317420959473e-01 1.656454801559448242e+00 -1.334604024887084961e+00 -5.930747985839843750e-01 -1.581075668334960938e+00 1.933704495429992676e+00 -1.932078599929809570e-01 -1.384652018547058105e+00 -1.585338830947875977e+00 -4.975188672542572021e-01 -5.930508971214294434e-01 1.853539705276489258e+00 7.024173140525817871e-01 1.635297179222106934e+00 -3.604743629693984985e-03 -1.638592958450317383e+00 -3.331882059574127197e-01
-6.128187775611877441e-01 1.222588658332824707e+00 2.078438520431518555e+00 -9.732349514961242676e-01 1.584151744842529297e+00 -1.292313218116760254e+00 -5.819525718688964844e-01 -1.583820939064025879e+00 1.889824867248535156e+00 -1.766977608203887939e-01 -1.347138762474060059e+00 -1.574616193771362305e+00 -5.180976986885070801e-01 -5.595153570175170898e-01 1.798784375190734863e+00 7.172169089317321777e-01 1.657663941383361816e+00 4.003416746854782104e-03 -1.629796385765075684e+00 -3.434739708900451660e-01
-5.874690413475036621e-01 1.169642090797424316e+00 1.922790169715881348e+00 -1.027222633361816406e+00 1.480156183242797852e+00 -1.210322976112365723e+00 -5.728393197059631348e-01 -1.568360328674316406e+00 1.807299375534057617e+00 -1.223789006471633911e-01 -1.267039179801940918e+00 -1.522584557533264160e+00 -5.300944447517395020e-01 -4.849373400211334229e-01 1.668300747871398926e+00 7.063350677490234375e-01 1.681143164634704590e+00 -4.777595400810241699e-03 -1.582572817802429199e+00 -3.663558959960937500e-01
-5.750319957733154297e-01 1.199153065681457520e+00 1.651081204414367676e+00 -1.169346570968627930e+00 1.395051717758178711e+00 -1.089007496833801270e+00 -7.052288055419921875e-01 -1.546095848083496094e+00 1.762316584587097168e+00 -7.249519228935241699e-02 -1.062023878097534180e+00 -1.406102418899536133e+00 -5.383233428001403809e-01 -2.761739790439605713e-01 1.486471891403198242e+00 6.959095001220703125e-01 1.779888033866882324e+00 -7.406650483608245850e-02 -1.498333811759948730e+00 -3.521614968776702881e-01
-6.631492376327514648e-01 1.334551453590393066e+00 1.346713423728942871e+00 -1.347146868705749512e+00 1.354515910148620605e+00 -1.037486433982849121e+00 -9.635282754898071289e-01 -1.568944454193115234e+00 1.726017475128173828e+00 -8.385822176933288574e-02 -7.614384889602661133e-01 -1.199648022651672363e+00 -5.564208030700683594e-01 1.039316505193710327e-01 1.324507236480712891e+00 7.352893948554992676e-01 1.901179075241088867e+00 -2.381529211997985840e-01 -1.366192936897277832e+00 -2.942028045654296875e-01
-8.119463920593261719e-01 1.417968750000000000e+00 1.184482455253601074e+00 -1.410146117210388184e+00 1.462781190872192383e+00 -1.051046133041381836e+00 -1.136671304702758789e+00 -1.601117134094238281e+00 1.741533517837524414e+00 -2.160053849220275879e-01 -6.125905513763427734e-01 -1.013110756874084473e+00 -5.274357199668884277e-01 4.795310199260711670e-01 1.324135780334472656e+00 8.288111090660095215e-01 2.017851829528808594e+00 -3.524997830390930176e-01 -1.210047602653503418e+00 -2.356759905815124512e-01
-9.098854660987854004e-01 1.500390291213989258e+00 1.206198453903198242e+00 -1.418242692947387695e+00 1.635218501091003418e+00 -1.129559397697448730e+00 -1.270892262458801270e+00 -1.639923334121704102e+00 1.827678442001342773e+00 -3.336877524852752686e-01 -5.753972530364990234e-01 -9.324909448623657227e-01 -4.553692638874053955e-01 6.315790414810180664e-01 1.448199510574340820e+00 9.494691491127014160e-01 2.082247257232666016e+00 -4.109052419662475586e-01 -1.139845371246337891e+00 -2.217089235782623291e-01
-9.637065529823303223e-01 1.516131520271301270e+00 1.234226107597351074e+00 -1.387173771858215332e+00 1.730868458747863770e+00 -1.190125823020935059e+00 -1.322894811630249023e+00 -1.662325620651245117e+00 1.865241408348083496e+00 -3.934392333030700684e-01 -5.745686888694763184e-01 -8.861338496208190918e-01 -3.823398947715759277e-01 6.994266510009765625e-01 1.529041051864624023e+00 9.974562525749206543e-01 2.074466466903686523e+00 -4.491307437419891357e-01 -1.082314372062683105e+00 -1.968634575605392456e-01
-9.899340867996215820e-01 1.498549699783325195e+00 1.254039525985717773e+00 -1.344937086105346680e+00 1.776332974433898926e+00 -1.233983874320983887e+00 -1.317272305488586426e+00 -1.683877944946289062e+00 1.879328131675720215e+00 -4.182648360729217529e-01 -5.957590937614440918e-01 -8.670072555541992188e-01 -3.175766766071319580e-01 7.220985293388366699e-01 1.574201345443725586e+00 9.982653260231018066e-01 2.042243003845214844e+00 -4.747105538845062256e-01 -1.035946011543273926e+00 -1.694312095642089844e-01
-1.002510905265808105e+00 1.465018749237060547e+00 1.273652672767639160e+00 -1.300822854042053223e+00 1.795192241668701172e+00 -1.270046830177307129e+00 -1.274927496910095215e+00 -1.712078571319580078e+00 1.885429143905639648e+00 -4.233606457710266113e-01 -6.358310580253601074e-01 -8.704355359077453613e-01 -2.598128020763397217e-01 7.158852219581604004e-01 1.602904677391052246e+00 9.713128805160522461e-01 2.001729249954223633e+00 -4.925123751163482666e-01 -1.002294063568115234e+00 -1.414325237274169922e-01
-1.002951860427856445e+00 1.420336008071899414e+00 1.288279891014099121e+00 -1.248129010200500488e+00 1.792386531829833984e+00 -1.296193957328796387e+00 -1.204904675483703613e+00 -1.739887595176696777e+00 1.885008811950683594e+00 -4.169468879699707031e-01 -6.920120120048522949e-01 -8.886592388153076172e-01 -2.103731185197830200e-01 6.825927495956420898e-01 1.615212678909301758e+00 9.218990206718444824e-01 1.951026082038879395e+00 -5.030470490455627441e-01 -9.773667454719543457e-01 -1.133453994989395142e-01
-9.931665062904357910e-01 1.367340683937072754e+00 1.296987533569335938e+00 -1.192507624626159668e+00 1.772540330886840820e+00 -1.310975313186645508e+00 -1.116758227348327637e+00 -1.764477849006652832e+00 1.877643346786499023e+00 -4.015737771987915039e-01 -7.561671733856201172e-01 -9.160270690917968750e-01 -1.719320565462112427e-01 6.336274147033691406e-01 1.609419822692871094e+00 8.558074235916137695e-01 1.895757079124450684e+00 -5.061563253402709961e-01 -9.597849249839782715e-01 -8.644569665193557739e-02
-9.875789880752563477e-01 1.329248070716857910e+00 1.307911038398742676e+00 -1.154080867767333984e+00 1.752081513404846191e+00 -1.319021701812744141e+00 -1.035317778587341309e+00 -1.789277791976928711e+00 1.871668696403503418e+00 -3.930842578411102295e-01 -8.228937387466430664e-01 -9.394655823707580566e-01 -1.468549966812133789e-01 5.852370262145996094e-01 1.602938294410705566e+00 8.002690672874450684e-01 1.847730159759521484e+00 -5.061457157135009766e-01 -9.530069231986999512e-01 -7.339219003915786743e-02
-9.959261417388916016e-01 1.313759803771972656e+00 1.330027461051940918e+00 -1.144391179084777832e+00 1.741692900657653809e+00 -1.324745059013366699e+00 -9.813027381896972656e-01 -1.819365262985229492e+00 1.873986721038818359e+00 -3.896504938602447510e-01 -8.776374459266662598e-01 -9.599696397781372070e-01 -1.438819169998168945e-01 5.557695627212524414e-01 1.607595562934875488e+00 7.658253312110900879e-01 1.823161840438842773e+00 -5.108357667922973633e-01 -9.662231802940368652e-01 -7.043449580669403076e-02
-1.024056077003479004e+00 1.338958621025085449e+00 1.345016717910766602e+00 -1.154186606407165527e+00 1.748458147048950195e+00 -1.334535717964172363e+00 -9.531697630882263184e-01 -1.856514692306518555e+00 1.880603075027465820e+00 -4.092678129673004150e-01 -9.162757396697998047e-01 -9.628896713256835938e-01 -1.693148165941238403e-01 5.629738569259643555e-01 1.606063961982727051e+00 7.453295588493347168e-01 1.824320554733276367e+00 -5.249468088150024414e-01 -9.820644855499267578e-01 -8.443699777126312256e-02
-1.080612778663635254e+00 1.407442569732666016e+00 1.348606944084167480e+00 -1.182090997695922852e+00 1.776454925537109375e+00 -1.351792216300964355e+00 -9.518994092941284180e-01 -1.904065608978271484e+00 1.887013554573059082e+00 -4.601590633392333984e-01 -9.353066682815551758e-01 -9.386077523231506348e-01 -2.170311659574508667e-01 6.178860068321228027e-01 1.604440808296203613e+00 7.488528490066528320e-01 1.849979400634765625e+00 -5.516756772994995117e-01 -9.898028373718261719e-01 -1.205072104930877686e-01
-1.163813471794128418e+00 1.496240735054016113e+00 1.345250129699707031e+00 -1.217748880386352539e+00 1.806165099143981934e+00 -1.375009059906005859e+00 -9.698809981346130371e-01 -1.951804041862487793e+00 1.880340814590454102e+00 -5.322682261466979980e-01 -9.352299571037292480e-01 -8.833831548690795898e-01 -2.661122083663940430e-01 7.147989869117736816e-01 1.610224962234497070e+00 7.786354422569274902e-01 1.878654360771179199e+00 -5.881085991859436035e-01 -9.817066192626953125e-01 -1.713284999132156372e-01
-1.263559699058532715e+00 1.588809370994567871e+00 1.344806313514709473e+00 -1.260398626327514648e+00 1.824485421180725098e+00 -1.402556538581848145e+00 -9.973418116569519043e-01 -1.989850997924804688e+00 1.855093359947204590e+00 -6.161717772483825684e-01 -9.226847887039184570e-01 -7.963946461677551270e-01 -2.935763597488403320e-01 8.289617896080017090e-01 1.636412262916564941e+00 8.396708369255065918e-01 1.885609269142150879e+00 -6.324743628501892090e-01 -9.572354555130004883e-01 -2.355687916278839111e-01
-1.353866696357727051e+00 1.658830165863037109e+00 1.338055610656738281e+00 -1.293745875358581543e+00 1.819091558456420898e+00 -1.424594759941101074e+00 -1.004245400428771973e+00 -2.013016462326049805e+00 1.808389306068420410e+00 -6.935281753540039062e-01 -9.063323140144348145e-01 -6.959102749824523926e-01 -2.932195365428924561e-01 9.270868897438049316e-01 1.666966319084167480e+00 9.068200588226318359e-01 1.858412265777587891e+00 -6.766396164894104004e-01 -9.157407283782958984e-01 -3.035032749176025391e-01
-1.432362556457519531e+00 1.699712991714477539e+00 1.342188358306884766e+00 -1.297777771949768066e+00 1.802325010299682617e+00 -1.452116370201110840e+00 -9.837918877601623535e-01 -2.038358688354492188e+00 1.751414895057678223e+00 -7.541759610176086426e-01 -8.945945501327514648e-01 -6.124510765075683594e-01 -2.769710421562194824e-01 9.972481131553649902e-01 1.692486047744750977e+00 9.743748903274536133e-01 1.811700701713562012e+00 -7.142444849014282227e-01 -8.826169371604919434e-01 -3.680860996246337891e-01
-1.502084136009216309e+00 1.717060089111328125e+00 1.365921258926391602e+00 -1.278948783874511719e+00 1.783585071563720703e+00 -1.491365551948547363e+00 -9.416949152946472168e-01 -2.069883108139038086e+00 1.689698696136474609e+00 -7.986530661582946777e-01 -8.927347660064697266e-01 -5.510680675506591797e-01 -2.597868144512176514e-01 1.039843440055847168e+00 1.713609933853149414e+00 1.029824018478393555e+00 1.752004981040954590e+00 -7.454367280006408691e-01 -8.659213781356811523e-01 -4.228584468364715576e-01
-1.549902796745300293e+00 1.706378221511840820e+00 1.388803601264953613e+00 -1.251443982124328613e+00 1.751363039016723633e+00 -1.521121025085449219e+00 -8.761023879051208496e-01 -2.090820312500000000e+00 1.623623728752136230e+00 -8.263292312622070312e-01 -9.023435711860656738e-01 -5.032759308815002441e-01 -2.394329160451889038e-01 1.053381323814392090e+00 1.726745009422302246e+00 1.060222625732421875e+00 1.678318738937377930e+00 -7.663995623588562012e-01 -8.505576252937316895e-01 -4.647741019725799561e-01
-1.594968318939208984e+00 1.695502758026123047e+00 1.424868106842041016e+00 -1.234650015830993652e+00 1.752120137214660645e+00 -1.549773812294006348e+00 -8.206476569175720215e-01 -2.120996952056884766e+00 1.594812035560607910e+00 -8.596826791763305664e-01 -9.297671914100646973e-01 -4.887509644031524658e-01 -2.259029895067214966e-01 1.047464847564697266e+00 1.758002161979675293e+00 1.088659048080444336e+00 1.638327240943908691e+00 -7.692813873291015625e-01 -8.534978032112121582e-01 -4.941268265247344971e-01
-1.631404042243957520e+00 1.675368070602416992e+00 1.458785891532897949e+00 -1.221400499343872070e+00 1.763376235961914062e+00 -1.571640014648437500e+00 -7.648329734802246094e-01 -2.150431394577026367e+00 1.579039573669433594e+00 -8.926231265068054199e-01 -9.620611667633056641e-01 -4.875359535217285156e-01 -2.207979410886764526e-01 1.027812838554382324e+00 1.792045116424560547e+00 1.115456938743591309e+00 1.609218716621398926e+00 -7.618265151977539062e-01 -8.591725826263427734e-01 -5.169540643692016602e-01
-1.650296688079833984e+00 1.643311858177185059e+00 1.482126355171203613e+00 -1.211238026618957520e+00 1.768759489059448242e+00 -1.579233169555664062e+00 -6.968036293983459473e-01 -2.173997879028320312e+00 1.566043853759765625e+00 -9.163476228713989258e-01 -9.959183931350708008e-01 -4.949934184551239014e-01 -2.163258045911788940e-01 9.938805699348449707e-01 1.817442297935485840e+00 1.132432699203491211e+00 1.582222104072570801e+00 -7.498095035552978516e-01 -8.647530674934387207e-01 -5.380922555923461914e-01
-1.649773478507995605e+00 1.615326642990112305e+00 1.514401555061340332e+00 -1.204363942146301270e+00 1.783100485801696777e+00 -1.589846730232238770e+00 -6.114236712455749512e-01 -2.204272747039794922e+00 1.580531716346740723e+00 -9.347500205039978027e-01 -1.037703990936279297e+00 -5.293068289756774902e-01 -2.128038853406906128e-01 9.412336349487304688e-01 1.850460648536682129e+00 1.150770664215087891e+00 1.582383990287780762e+00 -7.344553470611572266e-01 -8.787910938262939453e-01 -5.700100660324096680e-01
-1.642350554466247559e+00 1.595559954643249512e+00 1.547957658767700195e+00 -1.202989459037780762e+00 1.789538860321044922e+00 -1.606619715690612793e+00 -5.336857438087463379e-01 -2.243685007095336914e+00 1.609998226165771484e+00 -9.421195387840270996e-01 -1.074155092239379883e+00 -5.823736190795898438e-01 -2.123412340879440308e-01 8.756391406059265137e-01 1.884249567985534668e+00 1.166330099105834961e+00 1.599694013595581055e+00 -7.168088555335998535e-01 -9.038231372833251953e-01 -5.956548452377319336e-01
-1.616642236709594727e+00 1.567713737487792969e+00 1.576854586601257324e+00 -1.206544399261474609e+00 1.784687638282775879e+00 -1.616963744163513184e+00 -4.385186135768890381e-01 -2.282494544982910156e+00 1.645936727523803711e+00 -9.378897547721862793e-01 -1.120297551155090332e+00 -6.550275683403015137e-01 -2.174762040376663208e-01 7.908462285995483398e-01 1.908946871757507324e+00 1.166196942329406738e+00 1.627420544624328613e+00 -6.882988810539245605e-01 -9.362074732780456543e-01 -6.191333532333374023e-01
-1.558803558349609375e+00 1.524980664253234863e+00 1.598546862602233887e+00 -1.206224918365478516e+00 1.761248469352722168e+00 -1.611666560173034668e+00 -3.161948621273040771e-01 -2.311143159866333008e+00 1.687476158142089844e+00 -9.155034422874450684e-01 -1.177862286567687988e+00 -7.527127265930175781e-01 -2.304237633943557739e-01 6.681258678436279297e-01 1.917153596878051758e+00 1.141837835311889648e+00 1.657330632209777832e+00 -6.407111287117004395e-01 -9.762337803840637207e-01 -6.449719667434692383e-01
-1.449493527412414551e+00 1.439660906791687012e+00 1.620785951614379883e+00 -1.172415733337402344e+00 1.742841839790344238e+00 -1.582748055458068848e+00 -1.822739541530609131e-01 -2.308046579360961914e+00 1.744761943817138672e+00 -8.620983362197875977e-01 -1.242221713066101074e+00 -8.871463537216186523e-01 -2.306838184595108032e-01 4.869007468223571777e-01 1.911908626556396484e+00 1.100153326988220215e+00 1.683863162994384766e+00 -5.410594344139099121e-01 -1.018347024917602539e+00 -6.649295091629028320e-01
-1.236484527587890625e+00 1.290530920028686523e+00 1.619739532470703125e+00 -1.076253294944763184e+00 1.670760393142700195e+00 -1.495975971221923828e+00 -2.262898907065391541e-02 -2.209110021591186523e+00 1.778125405311584473e+00 -7.459258437156677246e-01 -1.303370118141174316e+00 -1.056200504302978516e+00 -2.335115522146224976e-01 2.024631798267364502e-01 1.848766684532165527e+00 9.954797029495239258e-01 1.659920215606689453e+00 -3.820248544216156006e-01 -1.057406306266784668e+00 -6.671040058135986328e-01
-9.604009389877319336e-01 1.178992033004760742e+00 1.741723179817199707e+00 -1.000720858573913574e+00 1.620030283927917480e+00 -1.420752286911010742e+00 -2.018323168158531189e-02 -1.987863063812255859e+00 1.862996816635131836e+00 -5.606989264488220215e-01 -1.385692477226257324e+00 -1.293120741844177246e+00 -2.522487342357635498e-01 -1.613816916942596436e-01 1.875874161720275879e+00 9.135007262229919434e-01 1.652482628822326660e+00 -2.054970562458038330e-01 -1.192508101463317871e+00 -6.099349260330200195e-01
-7.584854960441589355e-01 1.217085003852844238e+00 2.009427070617675781e+00 -9.609856009483337402e-01 1.706464409828186035e+00 -1.388274073600769043e+00 -1.984479129314422607e-01 -1.781371116638183594e+00 2.002059459686279297e+00 -4.289181530475616455e-01 -1.450245857238769531e+00 -1.502210140228271484e+00 -3.506135642528533936e-01 -4.893823564052581787e-01 1.997688651084899902e+00 8.674125671386718750e-01 1.664885282516479492e+00 -4.754269123077392578e-02 -1.419928431510925293e+00 -5.314002037048339844e-01
-6.705164313316345215e-01 1.264721512794494629e+00 2.232131242752075195e+00 -9.150972366333007812e-01 1.832144737243652344e+00 -1.366604685783386230e+00 -3.950506746768951416e-01 -1.611939191818237305e+00 2.063949108123779297e+00 -3.921916782855987549e-01 -1.460747361183166504e+00 -1.561147928237915039e+00 -4.252038598060607910e-01 -6.656529903411865234e-01 2.121532201766967773e+00 8.844693899154663086e-01 1.627971053123474121e+00 2.403698116540908813e-02 -1.558435559272766113e+00 -4.836203753948211670e-01
-6.802350282669067383e-01 1.318339586257934570e+00 2.339905023574829102e+00 -8.835939764976501465e-01 1.915373444557189941e+00 -1.375742912292480469e+00 -5.119288563728332520e-01 -1.563729524612426758e+00 2.100531816482543945e+00 -3.986269235610961914e-01 -1.452405571937561035e+00 -1.579287409782409668e+00 -4.739445149898529053e-01 -7.355948090553283691e-01 2.188796281814575195e+00 9.234143495559692383e-01 1.625301480293273926e+00 1.587155461311340332e-02 -1.632544994354248047e+00 -4.644145071506500244e-01
-6.984586715698242188e-01 1.351416707038879395e+00 2.383141040802001953e+00 -8.323217034339904785e-01 1.955538153648376465e+00 -1.380094289779663086e+00 -5.854898691177368164e-01 -1.525078773498535156e+00 2.092898607254028320e+00 -4.125809073448181152e-01 -1.429960846900939941e+00 -1.559081196784973145e+00 -4.862488210201263428e-01 -7.608768939971923828e-01 2.204010725021362305e+00 9.441499710083007812e-01 1.585627555847167969e+00 -5.538605153560638428e-03 -1.649721622467041016e+00 -4.515331685543060303e-01
-7.196790575981140137e-01 1.367369413375854492e+00 2.397415399551391602e+00 -7.742950916290283203e-01 1.987496733665466309e+00 -1.384930729866027832e+00 -6.394497752189636230e-01 -1.495998978614807129e+00 2.073910474777221680e+00 -4.292463064193725586e-01 -1.403081536293029785e+00 -1.526955366134643555e+00 -4.731550514698028564e-01 -7.616966962814331055e-01 2.203459501266479492e+00 9.625416398048400879e-01 1.539210915565490723e+00 -2.731962129473686218e-02 -1.637796282768249512e+00 -4.387773871421813965e-01
-7.381120324134826660e-01 1.367340683937072754e+00 2.401291131973266602e+00 -7.183051109313964844e-01 2.028292179107666016e+00 -1.390627264976501465e+00 -6.886048913002014160e-01 -1.473170399665832520e+00 2.058566808700561523e+00 -4.440653324127197266e-01 -1.377923488616943359e+00 -1.495562911033630371e+00 -4.456981122493743896e-01 -7.483025789260864258e-01 2.205235242843627930e+00 9.838945269584655762e-01 1.502113223075866699e+00 -4.196077957749366760e-02 -1.613012433052062988e+00 -4.215493798255920410e-01
-7.465785741806030273e-01 1.358985424041748047e+00 2.396572589874267578e+00 -6.730398535728454590e-01 2.065456628799438477e+00 -1.390540361404418945e+00 -7.289866209030151367e-01 -1.451897978782653809e+00 2.045631647109985352e+00 -4.533054828643798828e-01 -1.359375834465026855e+00 -1.469151616096496582e+00 -4.220755994319915771e-01 -7.339070439338684082e-01 2.206274747848510742e+00 9.967272281646728516e-01 1.474621772766113281e+00 -5.376755818724632263e-02 -1.586953401565551758e+00 -4.021319448947906494e-01
-7.490321993827819824e-01 1.345972895622253418e+00 2.384146213531494141e+00 -6.315410733222961426e-01 2.102563381195068359e+00 -1.380274653434753418e+00 -7.710600495338439941e-01 -1.425022721290588379e+00 2.035445451736450195e+00 -4.593575894832611084e-01 -1.335817217826843262e+00 -1.444895744323730469e+00 -3.980902731418609619e-01 -7.248228192329406738e-01 2.207269906997680664e+00 1.007515907287597656e+00 1.450170397758483887e+00 -6.717742979526519775e-02 -1.559304952621459961e+00 -3.785963058471679688e-01
-7.473555207252502441e-01 1.325559139251708984e+00 2.362421274185180664e+00 -5.936915874481201172e-01 2.143073320388793945e+00 -1.356779217720031738e+00 -8.199882507324218750e-01 -1.386889576911926270e+00 2.029367446899414062e+00 -4.668018221855163574e-01 -1.300472736358642578e+00 -1.416150212287902832e+00 -3.708338141441345215e-01 -7.147024273872375488e-01 2.212320566177368164e+00 1.020133852958679199e+00 1.428289175033569336e+00 -8.454126119613647461e-02 -1.524423956871032715e+00 -3.477196097373962402e-01
-7.344852089881896973e-01 1.299201011657714844e+00 2.305761098861694336e+00 -5.703963041305541992e-01 2.177472114562988281e+00 -1.306730270385742188e+00 -9.022099375724792480e-01 -1.319637060165405273e+00 2.019793272018432617e+00 -4.757841825485229492e-01 -1.220067143440246582e+00 -1.366174817085266113e+00 -3.586069345474243164e-01 -6.992923617362976074e-01 2.204125881195068359e+00 1.042322874069213867e+00 1.404853820800781250e+00 -1.102986335754394531e-01 -1.475939273834228516e+00 -2.963209152221679688e-01
-7.067029476165771484e-01 1.237140297889709473e+00 2.152846813201904297e+00 -5.676879286766052246e-01 2.131803274154663086e+00 -1.187037467956542969e+00 -9.893856048583984375e-01 -1.193299770355224609e+00 1.947412133216857910e+00 -4.681526720523834229e-01 -1.064701914787292480e+00 -1.261926531791687012e+00 -3.663173615932464600e-01 -6.473316550254821777e-01 2.142771244049072266e+00 1.055419683456420898e+00 1.356514334678649902e+00 -1.482368111610412598e-01 -1.393172860145568848e+00 -2.205733060836791992e-01
-6.858707666397094727e-01 1.231799960136413574e+00 1.894104361534118652e+00 -6.613691449165344238e-01 2.068672895431518555e+00 -1.018931865692138672e+00 -1.129643678665161133e+00 -1.076305389404296875e+00 1.861540555953979492e+00 -4.668772816658020020e-01 -8.090730905532836914e-01 -1.097809314727783203e+00 -4.172322154045104980e-01 -4.809338152408599854e-01 2.003758192062377930e+00 1.098701834678649902e+00 1.399110674858093262e+00 -1.983789801597595215e-01 -1.317452669143676758e+00 -2.197140157222747803e-01
-7.343739867210388184e-01 1.235280036926269531e+00 1.621763825416564941e+00 -8.097482323646545410e-01 1.972814679145812988e+00 -8.810192942619323730e-01 -1.275755047798156738e+00 -1.031901717185974121e+00 1.726721644401550293e+00 -4.691278040409088135e-01 -5.976183414459228516e-01 -9.087167978286743164e-01 -4.812012016773223877e-01 -2.167536616325378418e-01 1.857929468154907227e+00 1.177106022834777832e+00 1.480697393417358398e+00 -2.251772284507751465e-01 -1.262520670890808105e+00 -2.380490005016326904e-01
-8.250962495803833008e-01 1.217834830284118652e+00 1.419370174407958984e+00 -9.654090404510498047e-01 1.848205566406250000e+00 -7.709109187126159668e-01 -1.383490085601806641e+00 -1.028438687324523926e+00 1.587617874145507812e+00 -4.704796671867370605e-01 -4.807844758033752441e-01 -7.571315169334411621e-01 -5.320928692817687988e-01 1.894846558570861816e-02 1.781192898750305176e+00 1.273971199989318848e+00 1.548132658004760742e+00 -2.127429842948913574e-01 -1.223097801208496094e+00 -2.453285157680511475e-01
-9.257259964942932129e-01 1.222971439361572266e+00 1.331571698188781738e+00 -1.117998838424682617e+00 1.737549543380737305e+00 -7.012246847152709961e-01 -1.410463809967041016e+00 -1.043662309646606445e+00 1.492084980010986328e+00 -4.794622957706451416e-01 -4.381241202354431152e-01 -6.824227571487426758e-01 -5.790981650352478027e-01 1.858924925327301025e-01 1.782400965690612793e+00 1.373739838600158691e+00 1.631779432296752930e+00 -1.968048810958862305e-01 -1.224699258804321289e+00 -2.824636995792388916e-01
-1.015733480453491211e+00 1.212377667427062988e+00 1.343960881233215332e+00 -1.251896500587463379e+00 1.639647603034973145e+00 -6.491615772247314453e-01 -1.355711102485656738e+00 -1.051218509674072266e+00 1.398035407066345215e+00 -4.976011812686920166e-01 -4.677819013595581055e-01 -6.428992152214050293e-01 -6.309434771537780762e-01 2.355344295501708984e-01 1.857827782630920410e+00 1.461439847946166992e+00 1.644905924797058105e+00 -1.786104440689086914e-01 -1.272601604461669922e+00 -3.294748067855834961e-01
-1.166884303092956543e+00 1.185287117958068848e+00 1.498942852020263672e+00 -1.312342047691345215e+00 1.551511049270629883e+00 -6.641372442245483398e-01 -1.232403516769409180e+00 -1.099955916404724121e+00 1.274561047554016113e+00 -5.368220210075378418e-01 -5.834326148033142090e-01 -6.392443180084228516e-01 -6.998887658119201660e-01 2.250273525714874268e-01 1.983450531959533691e+00 1.549291014671325684e+00 1.585079669952392578e+00 -1.387121826410293579e-01 -1.378160834312438965e+00 -3.786609768867492676e-01
-1.313252806663513184e+00 1.125669121742248535e+00 1.767247438430786133e+00 -1.237575888633728027e+00 1.457333683967590332e+00 -7.700942754745483398e-01 -1.018064022064208984e+00 -1.161987185478210449e+00 1.160766005516052246e+00 -5.917845368385314941e-01 -7.512562870979309082e-01 -6.798281669616699219e-01 -7.452734112739562988e-01 1.636134386062622070e-01 2.088527441024780273e+00 1.598240137100219727e+00 1.467071413993835449e+00 -6.176469102501869202e-02 -1.483155131340026855e+00 -4.299298524856567383e-01
-1.323454022407531738e+00 1.129114627838134766e+00 2.010819435119628906e+00 -1.123501300811767578e+00 1.481539130210876465e+00 -9.249823689460754395e-01 -8.652429580688476562e-01 -1.218743920326232910e+00 1.206123590469360352e+00 -6.397123336791992188e-01 -8.551383018493652344e-01 -7.721006870269775391e-01 -7.145019173622131348e-01 4.985907673835754395e-02 2.141566276550292969e+00 1.613050103187561035e+00 1.428717613220214844e+00 1.063280552625656128e-02 -1.544491052627563477e+00 -5.056496858596801758e-01
-1.275311112403869629e+00 1.137982368469238281e+00 2.140545368194580078e+00 -1.013909339904785156e+00 1.535097122192382812e+00 -1.025142192840576172e+00 -7.913177609443664551e-01 -1.219955325126647949e+00 1.286803603172302246e+00 -6.792306900024414062e-01 -8.872042894363403320e-01 -8.361927270889282227e-01 -6.522986888885498047e-01 -5.079799145460128784e-02 2.149444341659545898e+00 1.593678236007690430e+00 1.393951773643493652e+00 4.993966966867446899e-02 -1.541337013244628906e+00 -5.284000635147094727e-01
-1.206587195396423340e+00 1.153207659721374512e+00 2.222134828567504883e+00 -9.430164098739624023e-01 1.630342721939086914e+00 -1.111403346061706543e+00 -7.555497288703918457e-01 -1.226392507553100586e+00 1.385125041007995605e+00 -7.021648883819580078e-01 -9.194566607475280762e-01 -8.796197175979614258e-01 -5.782936215400695801e-01 -1.379319429397583008e-01 2.190746068954467773e+00 1.565253257751464844e+00 1.368500471115112305e+00 4.561711847782135010e-02 -1.516195416450500488e+00 -5.289613008499145508e-01
-1.151593327522277832e+00 1.152834653854370117e+00 2.272524595260620117e+00 -8.865759372711181641e-01 1.712934255599975586e+00 -1.163221836090087891e+00 -7.461258172988891602e-01 -1.212814450263977051e+00 1.460393428802490234e+00 -7.237106561660766602e-01 -9.368078112602233887e-01 -9.017732739448547363e-01 -5.140946507453918457e-01 -2.002938687801361084e-01 2.232922554016113281e+00 1.547558784484863281e+00 1.345835208892822266e+00 4.250883311033248901e-02 -1.482823848724365234e+00 -5.095335245132446289e-01
-1.108666300773620605e+00 1.156686782836914062e+00 2.301348209381103516e+00 -8.416795730590820312e-01 1.795453667640686035e+00 -1.189634203910827637e+00 -7.736613750457763672e-01 -1.178494691848754883e+00 1.518063306808471680e+00 -7.522160410881042480e-01 -9.343235492706298828e-01 -8.991230130195617676e-01 -4.663538634777069092e-01 -2.450171411037445068e-01 2.278144836425781250e+00 1.546054959297180176e+00 1.326186060905456543e+00 3.643994033336639404e-02 -1.448363304138183594e+00 -4.806014597415924072e-01
-1.071468949317932129e+00 1.174494504928588867e+00 2.305359363555908203e+00 -8.108757138252258301e-01 1.886092901229858398e+00 -1.197636723518371582e+00 -8.535956740379333496e-01 -1.120107769966125488e+00 1.574504375457763672e+00 -7.934865951538085938e-01 -9.057314395904541016e-01 -8.717638254165649414e-01 -4.429134130477905273e-01 -2.739751338958740234e-01 2.328392744064331055e+00 1.562920689582824707e+00 1.313250064849853516e+00 2.279802411794662476e-02 -1.410584330558776855e+00 -4.312610328197479248e-01
-1.039943099021911621e+00 1.184548020362854004e+00 2.275153398513793945e+00 -7.964780330657958984e-01 1.953560113906860352e+00 -1.169074058532714844e+00 -9.824383854866027832e-01 -1.037317276000976562e+00 1.619459271430969238e+00 -8.193715214729309082e-01 -8.594178557395935059e-01 -8.311331272125244141e-01 -4.429935216903686523e-01 -2.831269502639770508e-01 2.353755950927734375e+00 1.580299854278564453e+00 1.298505067825317383e+00 3.792230039834976196e-03 -1.375589013099670410e+00 -3.547877073287963867e-01
-9.876335263252258301e-01 1.250731110572814941e+00 2.159314155578613281e+00 -8.147368431091308594e-01 2.021442890167236328e+00 -1.105670690536499023e+00 -1.189729690551757812e+00 -9.395772218704223633e-01 1.688163757324218750e+00 -8.337671756744384766e-01 -7.474209070205688477e-01 -7.628337740898132324e-01 -4.358392655849456787e-01 -2.591985464096069336e-01 2.336767911911010742e+00 1.567730784416198730e+00 1.295320510864257812e+00 -5.815992131829261780e-02 -1.315001130104064941e+00 -2.563670873641967773e-01
-9.072551727294921875e-01 1.357872128486633301e+00 1.934709548950195312e+00 -8.608435392379760742e-01 2.034855365753173828e+00 -9.975895881652832031e-01 -1.435821175575256348e+00 -8.417935967445373535e-01 1.761655092239379883e+00 -8.189059495925903320e-01 -5.603829026222229004e-01 -6.764358282089233398e-01 -4.138734340667724609e-01 -2.071956694126129150e-01 2.240820407867431641e+00 1.501950502395629883e+00 1.299559831619262695e+00 -1.458024084568023682e-01 -1.222406625747680664e+00 -1.501809507608413696e-01
-8.414699435234069824e-01 1.494950175285339355e+00 1.725540995597839355e+00 -9.628058075904846191e-01 2.024585485458374023e+00 -9.263129234313964844e-01 -1.574821352958679199e+00 -8.376535773277282715e-01 1.822814464569091797e+00 -7.938704490661621094e-01 -4.121425449848175049e-01 -6.124296188354492188e-01 -4.232135117053985596e-01 -1.159867271780967712e-01 2.105689287185668945e+00 1.423536300659179688e+00 1.360141038894653320e+00 -2.220439612865447998e-01 -1.159354209899902344e+00 -1.509726792573928833e-01
-8.328534960746765137e-01 1.642760396003723145e+00 1.626184701919555664e+00 -1.094365835189819336e+00 2.050327301025390625e+00 -9.133343100547790527e-01 -1.653165578842163086e+00 -9.260388016700744629e-01 1.884270668029785156e+00 -7.773860096931457520e-01 -3.518183529376983643e-01 -6.083087325096130371e-01 -4.964669048786163330e-01 9.565304964780807495e-03 2.000527620315551758e+00 1.379584193229675293e+00 1.497541308403015137e+00 -2.568351030349731445e-01 -1.177688360214233398e+00 -2.229046523571014404e-01
-8.083798885345458984e-01 1.687058091163635254e+00 1.540804743766784668e+00 -1.207929253578186035e+00 2.020022392272949219e+00 -8.572954535484313965e-01 -1.648431062698364258e+00 -9.872090816497802734e-01 1.876199364662170410e+00 -7.283307313919067383e-01 -3.551665544509887695e-01 -6.219508051872253418e-01 -5.736002326011657715e-01 4.925969243049621582e-02 1.916249871253967285e+00 1.318179488182067871e+00 1.578669548034667969e+00 -2.502577900886535645e-01 -1.206485390663146973e+00 -2.927163243293762207e-01
-7.621192336082458496e-01 1.679481387138366699e+00 1.465175151824951172e+00 -1.308003783226013184e+00 1.912887215614318848e+00 -7.684097886085510254e-01 -1.585772991180419922e+00 -1.006839752197265625e+00 1.811620712280273438e+00 -6.485376954078674316e-01 -3.716512620449066162e-01 -6.446691155433654785e-01 -6.551824808120727539e-01 1.462577655911445618e-02 1.829897999763488770e+00 1.239197611808776855e+00 1.600390553474426270e+00 -2.220643758773803711e-01 -1.250681161880493164e+00 -3.613115549087524414e-01
-7.360877990722656250e-01 1.635742068290710449e+00 1.449171423912048340e+00 -1.404554486274719238e+00 1.753119468688964844e+00 -7.274537682533264160e-01 -1.440623879432678223e+00 -1.045902371406555176e+00 1.757347822189331055e+00 -5.753954052925109863e-01 -4.607800543308258057e-01 -7.176498174667358398e-01 -7.202665209770202637e-01 -4.919365793466567993e-02 1.803021669387817383e+00 1.141023039817810059e+00 1.629396796226501465e+00 -1.744398772716522217e-01 -1.321445584297180176e+00 -4.026141166687011719e-01
-7.261910438537597656e-01 1.579546928405761719e+00 1.517802000045776367e+00 -1.459932088851928711e+00 1.652758598327636719e+00 -7.422134280204772949e-01 -1.274854660034179688e+00 -1.119932055473327637e+00 1.711630940437316895e+00 -4.960202574729919434e-01 -6.037884950637817383e-01 -8.331754207611083984e-01 -7.443110942840576172e-01 -1.271623671054840088e-01 1.832893848419189453e+00 1.061912536621093750e+00 1.653421282768249512e+00 -1.258091926574707031e-01 -1.402601480484008789e+00 -4.421169161796569824e-01
-7.334932684898376465e-01 1.496505737304687500e+00 1.609377741813659668e+00 -1.472857117652893066e+00 1.550147414207458496e+00 -7.713053226470947266e-01 -1.142385840415954590e+00 -1.163134455680847168e+00 1.653240323066711426e+00 -4.180915653705596924e-01 -7.241355180740356445e-01 -9.423263072967529297e-01 -7.376605272293090820e-01 -1.742834746837615967e-01 1.858227491378784180e+00 1.019404768943786621e+00 1.663874268531799316e+00 -7.187175750732421875e-02 -1.469223141670227051e+00 -4.487611353397369385e-01
-7.708874940872192383e-01 1.447863221168518066e+00 1.660377979278564453e+00 -1.461136102676391602e+00 1.447106003761291504e+00 -7.995662093162536621e-01 -1.108303546905517578e+00 -1.176383137702941895e+00 1.586919069290161133e+00 -3.700722157955169678e-01 -7.684117555618286133e-01 -9.999390840530395508e-01 -7.116159200668334961e-01 -1.685717701911926270e-01 1.860493540763854980e+00 1.014982581138610840e+00 1.655218005180358887e+00 -4.933016002178192139e-02 -1.496663331985473633e+00 -4.117178022861480713e-01
-8.302707672119140625e-01 1.466314077377319336e+00 1.632662415504455566e+00 -1.478527307510375977e+00 1.321270585060119629e+00 -8.163533210754394531e-01 -1.183767318725585938e+00 -1.150430917739868164e+00 1.502997040748596191e+00 -3.516612648963928223e-01 -7.047887444496154785e-01 -9.690414667129516602e-01 -6.850734949111938477e-01 -6.152950972318649292e-02 1.800630927085876465e+00 1.022148489952087402e+00 1.637320876121520996e+00 -7.525561749935150146e-02 -1.472853541374206543e+00 -3.323441445827484131e-01
-9.338142871856689453e-01 1.562120914459228516e+00 1.478054761886596680e+00 -1.524663329124450684e+00 1.160188913345336914e+00 -8.256946206092834473e-01 -1.361276388168334961e+00 -1.113188385963439941e+00 1.389308929443359375e+00 -3.719380795955657959e-01 -5.151501297950744629e-01 -8.239899277687072754e-01 -6.587024927139282227e-01 1.789630651473999023e-01 1.638382196426391602e+00 1.039224386215209961e+00 1.609290838241577148e+00 -1.762066483497619629e-01 -1.373550653457641602e+00 -2.159852981567382812e-01
-1.034196138381958008e+00 1.702437400817871094e+00 1.382192254066467285e+00 -1.514198899269104004e+00 1.248566389083862305e+00 -9.253500699996948242e-01 -1.503835201263427734e+00 -1.162506222724914551e+00 1.446490287780761719e+00 -5.009481310844421387e-01 -4.073190391063690186e-01 -7.016691565513610840e-01 -5.835194587707519531e-01 4.224737882614135742e-01 1.588084101676940918e+00 1.099198698997497559e+00 1.663112163543701172e+00 -3.101850748062133789e-01 -1.217237830162048340e+00 -1.421289741992950439e-01
-1.156414389610290527e+00 1.798358321189880371e+00 1.396205186843872070e+00 -1.409858107566833496e+00 1.522068738937377930e+00 -1.107252120971679688e+00 -1.556603789329528809e+00 -1.311276078224182129e+00 1.642364144325256348e+00 -6.918376088142395020e-01 -4.373372197151184082e-01 -5.997488498687744141e-01 -4.484286010265350342e-01 6.169490814208984375e-01 1.688452124595642090e+00 1.180953621864318848e+00 1.706244111061096191e+00 -4.354164302349090576e-01 -1.063524127006530762e+00 -1.536266207695007324e-01
-1.221053719520568848e+00 1.822726368904113770e+00 1.383714199066162109e+00 -1.310710549354553223e+00 1.697491407394409180e+00 -1.203750848770141602e+00 -1.541562795639038086e+00 -1.404395818710327148e+00 1.737164020538330078e+00 -8.071898818016052246e-01 -4.614676237106323242e-01 -5.232579708099365234e-01 -3.531465530395507812e-01 7.231346964836120605e-01 1.741392135620117188e+00 1.226961612701416016e+00 1.697975873947143555e+00 -5.190017819404602051e-01 -9.484938979148864746e-01 -1.807376593351364136e-01
-1.276559114456176758e+00 1.828624963760375977e+00 1.376679658889770508e+00 -1.234551429748535156e+00 1.790006995201110840e+00 -1.266022205352783203e+00 -1.509971499443054199e+00 -1.473059535026550293e+00 1.774545788764953613e+00 -8.795845508575439453e-01 -4.966551959514617920e-01 -4.786352217197418213e-01 -2.929947078227996826e-01 7.865915894508361816e-01 1.769093513488769531e+00 1.247898936271667480e+00 1.679856777191162109e+00 -5.688225626945495605e-01 -8.822656869888305664e-01 -1.982985585927963257e-01
-1.343598246574401855e+00 1.825255036354064941e+00 1.386775851249694824e+00 -1.170660257339477539e+00 1.832155466079711914e+00 -1.315705180168151855e+00 -1.474849224090576172e+00 -1.530854582786560059e+00 1.776095271110534668e+00 -9.338687658309936523e-01 -5.426084399223327637e-01 -4.479629993438720703e-01 -2.512098550796508789e-01 8.344413042068481445e-01 1.791344285011291504e+00 1.262105226516723633e+00 1.651069879531860352e+00 -6.013447046279907227e-01 -8.469074964523315430e-01 -2.072196155786514282e-01
-1.414946556091308594e+00 1.808648824691772461e+00 1.395512819290161133e+00 -1.111297130584716797e+00 1.834189653396606445e+00 -1.353198766708374023e+00 -1.415624976158142090e+00 -1.582944393157958984e+00 1.738830566406250000e+00 -9.805708527565002441e-01 -6.011428833007812500e-01 -4.131282269954681396e-01 -2.252268642187118530e-01 8.784449100494384766e-01 1.800692677497863770e+00 1.270957708358764648e+00 1.606283307075500488e+00 -6.225399971008300781e-01 -8.209524154663085938e-01 -2.218500077724456787e-01
-1.496942281723022461e+00 1.773906350135803223e+00 1.413446545600891113e+00 -1.062779784202575684e+00 1.806942939758300781e+00 -1.380504131317138672e+00 -1.312017321586608887e+00 -1.645539283752441406e+00 1.666237592697143555e+00 -1.023098111152648926e+00 -6.856905817985534668e-01 -3.829029798507690430e-01 -2.058459222316741943e-01 9.157951474189758301e-01 1.811468243598937988e+00 1.282192945480346680e+00 1.547059655189514160e+00 -6.369351744651794434e-01 -8.114035129547119141e-01 -2.477596402168273926e-01
-1.587527394294738770e+00 1.703592658042907715e+00 1.459882616996765137e+00 -1.038109064102172852e+00 1.713049650192260742e+00 -1.412657380104064941e+00 -1.112396240234375000e+00 -1.721655011177062988e+00 1.535118341445922852e+00 -1.042861700057983398e+00 -7.859171628952026367e-01 -3.529364168643951416e-01 -1.986576616764068604e-01 9.292492866516113281e-01 1.811268806457519531e+00 1.283101439476013184e+00 1.439574837684631348e+00 -6.367171406745910645e-01 -8.280821442604064941e-01 -3.023468255996704102e-01
-1.607071757316589355e+00 1.559692382812500000e+00 1.542126297950744629e+00 -1.048262596130371094e+00 1.619870185852050781e+00 -1.379139661788940430e+00 -7.942463755607604980e-01 -1.777637720108032227e+00 1.402065038681030273e+00 -1.015725016593933105e+00 -9.028807878494262695e-01 -4.072343111038208008e-01 -2.161935418844223022e-01 8.173626661300659180e-01 1.803690910339355469e+00 1.292741775512695312e+00 1.358655095100402832e+00 -5.410577058792114258e-01 -9.091716408729553223e-01 -4.396864473819732666e-01
-1.441381216049194336e+00 1.406552553176879883e+00 1.645467042922973633e+00 -1.076463937759399414e+00 1.534523844718933105e+00 -1.317773818969726562e+00 -5.245926976203918457e-01 -1.745393157005310059e+00 1.371497988700866699e+00 -8.987773656845092773e-01 -9.572632312774658203e-01 -5.767827033996582031e-01 -3.206261694431304932e-01 5.305882692337036133e-01 1.794257402420043945e+00 1.318301200866699219e+00 1.379815578460693359e+00 -3.638770878314971924e-01 -1.062252998352050781e+00 -6.006226539611816406e-01
-1.229184865951538086e+00 1.232582211494445801e+00 1.754866361618041992e+00 -1.097139239311218262e+00 1.480157017707824707e+00 -1.214579701423645020e+00 -4.107908308506011963e-01 -1.631444096565246582e+00 1.359535217285156250e+00 -7.305160164833068848e-01 -9.720405936241149902e-01 -7.284175753593444824e-01 -3.980182111263275146e-01 2.212865352630615234e-01 1.815882444381713867e+00 1.292440414428710938e+00 1.368360161781311035e+00 -1.884854435920715332e-01 -1.204047560691833496e+00 -6.509534120559692383e-01
-1.058902382850646973e+00 1.151637673377990723e+00 1.887602329254150391e+00 -1.168393969535827637e+00 1.547199606895446777e+00 -1.203620433807373047e+00 -4.015527069568634033e-01 -1.581979274749755859e+00 1.453751325607299805e+00 -6.123805642127990723e-01 -1.017508864402770996e+00 -8.739302754402160645e-01 -4.480815231800079346e-01 5.437990278005599976e-02 1.882759928703308105e+00 1.255833625793457031e+00 1.452445387840270996e+00 -8.721692860126495361e-02 -1.331693530082702637e+00 -6.275599002838134766e-01
-9.344319105148315430e-01 1.069885253906250000e+00 1.981130480766296387e+00 -1.263453125953674316e+00 1.631416559219360352e+00 -1.200534105300903320e+00 -3.996751904487609863e-01 -1.553390979766845703e+00 1.558421373367309570e+00 -5.331751704216003418e-01 -1.036581397056579590e+00 -9.670972228050231934e-01 -4.646919071674346924e-01 -1.620429754257202148e-02 1.980780363082885742e+00 1.237292289733886719e+00 1.538562178611755371e+00 -4.500427097082138062e-02 -1.396138310432434082e+00 -5.796828269958496094e-01
-7.991343140602111816e-01 9.783635139465332031e-01 1.996866464614868164e+00 -1.351016640663146973e+00 1.662186980247497559e+00 -1.161717534065246582e+00 -4.049127697944641113e-01 -1.488641619682312012e+00 1.611665964126586914e+00 -4.431946277618408203e-01 -1.022737264633178711e+00 -1.014302849769592285e+00 -4.660748541355133057e-01 -6.550187617540359497e-02 2.028076887130737305e+00 1.194187760353088379e+00 1.580927491188049316e+00 -2.392869070172309875e-02 -1.414239406585693359e+00 -5.152964591979980469e-01
-6.640731096267700195e-01 9.739575982093811035e-01 1.959503173828125000e+00 -1.460668444633483887e+00 1.724416136741638184e+00 -1.107127666473388672e+00 -4.923490285873413086e-01 -1.436936974525451660e+00 1.713054299354553223e+00 -3.506660163402557373e-01 -9.814426898956298828e-01 -1.062541842460632324e+00 -4.620430767536163330e-01 -1.073458120226860046e-01 2.075896263122558594e+00 1.150815606117248535e+00 1.665768146514892578e+00 -3.871975466609001160e-02 -1.435585737228393555e+00 -4.617245793342590332e-01
-5.325714349746704102e-01 1.109081029891967773e+00 1.852433085441589355e+00 -1.618563175201416016e+00 1.803602695465087891e+00 -1.085265040397644043e+00 -7.561557292938232422e-01 -1.418051123619079590e+00 1.876818895339965820e+00 -2.556889653205871582e-01 -8.480532765388488770e-01 -1.103988409042358398e+00 -5.068168044090270996e-01 -1.117089018225669861e-01 2.106366872787475586e+00 1.132019996643066406e+00 1.834437727928161621e+00 -1.056161820888519287e-01 -1.466773986816406250e+00 -3.964149355888366699e-01
-4.537226855754852295e-01 1.248759269714355469e+00 1.725744247436523438e+00 -1.691533446311950684e+00 1.860544323921203613e+00 -1.090071916580200195e+00 -1.067958593368530273e+00 -1.397173523902893066e+00 1.987185955047607422e+00 -1.713392734527587891e-01 -6.640487909317016602e-01 -1.109537005424499512e+00 -5.403456091880798340e-01 -5.860801786184310913e-02 2.059488058090209961e+00 1.128842473030090332e+00 1.965954065322875977e+00 -1.714421212673187256e-01 -1.471950173377990723e+00 -3.133878707885742188e-01
-4.072294533252716064e-01 1.363368391990661621e+00 1.647355318069458008e+00 -1.669483542442321777e+00 1.913396120071411133e+00 -1.121381282806396484e+00 -1.308408498764038086e+00 -1.366756200790405273e+00 2.076469898223876953e+00 -1.276766657829284668e-01 -5.178331136703491211e-01 -1.114589810371398926e+00 -5.547369718551635742e-01 1.789351180195808411e-02 1.973791599273681641e+00 1.122777223587036133e+00 2.069023370742797852e+00 -2.094980776309967041e-01 -1.453903675079345703e+00 -2.475903928279876709e-01
-4.068031609058380127e-01 1.399048566818237305e+00 1.589489936828613281e+00 -1.577847719192504883e+00 1.954803824424743652e+00 -1.118359684944152832e+00 -1.469306945800781250e+00 -1.335892677307128906e+00 2.115350961685180664e+00 -1.154278516769409180e-01 -4.479989409446716309e-01 -1.139335274696350098e+00 -5.616068243980407715e-01 5.233937874436378479e-02 1.901321172714233398e+00 1.114982247352600098e+00 2.121081352233886719e+00 -2.077101767063140869e-01 -1.429251670837402344e+00 -1.791996210813522339e-01
-4.308196902275085449e-01 1.449052095413208008e+00 1.561273813247680664e+00 -1.499615073204040527e+00 1.998954653739929199e+00 -1.134118795394897461e+00 -1.571102738380432129e+00 -1.345284342765808105e+00 2.123304843902587891e+00 -1.113538146018981934e-01 -4.399018883705139160e-01 -1.151302099227905273e+00 -5.555213093757629395e-01 6.162499263882637024e-02 1.864792466163635254e+00 1.089721083641052246e+00 2.127856969833374023e+00 -2.260139882564544678e-01 -1.406848907470703125e+00 -1.461489796638488770e-01
-4.594384431838989258e-01 1.506701707839965820e+00 1.580568075180053711e+00 -1.464741468429565430e+00 2.043732166290283203e+00 -1.173690915107727051e+00 -1.632166504859924316e+00 -1.382942676544189453e+00 2.143301486968994141e+00 -1.078883334994316101e-01 -4.519529044628143311e-01 -1.174084424972534180e+00 -5.438984036445617676e-01 5.793324485421180725e-02 1.874178171157836914e+00 1.075681447982788086e+00 2.133330821990966797e+00 -2.524325549602508545e-01 -1.412263274192810059e+00 -1.341658234596252441e-01
-4.793719649314880371e-01 1.547166228294372559e+00 1.623285651206970215e+00 -1.440044999122619629e+00 2.079090118408203125e+00 -1.211801171302795410e+00 -1.667956948280334473e+00 -1.418154478073120117e+00 2.163946151733398438e+00 -9.868970513343811035e-02 -4.780788123607635498e-01 -1.209050416946411133e+00 -5.346757769584655762e-01 2.729239314794540405e-02 1.903261899948120117e+00 1.064046502113342285e+00 2.132699966430664062e+00 -2.691540718078613281e-01 -1.436258196830749512e+00 -1.257157921791076660e-01
