-8.987070322036743164e-01 1.231290340423583984e+00 1.444588422775268555e+00 -1.623205542564392090e+00 1.703384399414062500e+00 -1.452072501182556152e+00 -4.139442145824432373e-01 -2.363819599151611328e+00 1.775195598602294922e+00 -3.713108599185943604e-03 -1.153615355491638184e+00 -1.271323800086975098e+00 -3.287971317768096924e-01 4.524233937263488770e-01 1.684600710868835449e+00 8.426080942153930664e-01 2.202033996582031250e+00 -5.470127463340759277e-01 -1.344459772109985352e+00 -6.617264747619628906e-01
-8.773289918899536133e-01 1.224137425422668457e+00 1.440715074539184570e+00 -1.640543341636657715e+00 1.684472322463989258e+00 -1.461570382118225098e+00 -4.131060242652893066e-01 -2.373060703277587891e+00 1.770178556442260742e+00 3.765115141868591309e-02 -1.129019737243652344e+00 -1.314675450325012207e+00 -3.051231205463409424e-01 4.222243130207061768e-01 1.709813833236694336e+00 8.546060323715209961e-01 2.224775075912475586e+00 -5.556473731994628906e-01 -1.357822179794311523e+00 -6.424731612205505371e-01
-8.755243420600891113e-01 1.240392684936523438e+00 1.436353802680969238e+00 -1.666565656661987305e+00 1.676703333854675293e+00 -1.476752400398254395e+00 -4.263525605201721191e-01 -2.386329174041748047e+00 1.777585148811340332e+00 5.475521832704544067e-02 -1.102074265480041504e+00 -1.334618926048278809e+00 -2.919821143150329590e-01 4.217506349086761475e-01 1.729534268379211426e+00 8.685913085937500000e-01 2.249971866607666016e+00 -5.732417106628417969e-01 -1.366355776786804199e+00 -6.306202411651611328e-01
-8.787194490432739258e-01 1.267585277557373047e+00 1.431578516960144043e+00 -1.699794888496398926e+00 1.674969911575317383e+00 -1.493756294250488281e+00 -4.423585534095764160e-01 -2.398556470870971680e+00 1.790716648101806641e+00 5.928578227758407593e-02 -1.073205232620239258e+00 -1.339455246925354004e+00 -2.832981348037719727e-01 4.352249801158905029e-01 1.744610905647277832e+00 8.816819190979003906e-01 2.273719310760498047e+00 -5.937408208847045898e-01 -1.369926571846008301e+00 -6.264480948448181152e-01
-8.854323625564575195e-01 1.304763674736022949e+00 1.428265929222106934e+00 -1.737786531448364258e+00 1.675497293472290039e+00 -1.511953473091125488e+00 -4.586389660835266113e-01 -2.411493778228759766e+00 1.810181617736816406e+00 5.270607024431228638e-02 -1.044971823692321777e+00 -1.336145520210266113e+00 -2.767794132232666016e-01 4.523434340953826904e-01 1.759117960929870605e+00 8.946424126625061035e-01 2.295051336288452148e+00 -6.144676208496093750e-01 -1.370260477066040039e+00 -6.290214657783508301e-01
-8.924894332885742188e-01 1.343074321746826172e+00 1.425854206085205078e+00 -1.774607062339782715e+00 1.678291916847229004e+00 -1.529476404190063477e+00 -4.709171652793884277e-01 -2.422694206237792969e+00 1.832970261573791504e+00 3.843124955892562866e-02 -1.019616007804870605e+00 -1.327705383300781250e+00 -2.700869441032409668e-01 4.693333804607391357e-01 1.772536516189575195e+00 9.062350988388061523e-01 2.312000989913940430e+00 -6.329945325851440430e-01 -1.366377234458923340e+00 -6.349789500236511230e-01
-8.981260657310485840e-01 1.374965906143188477e+00 1.424347043037414551e+00 -1.804818868637084961e+00 1.684078812599182129e+00 -1.545629858970642090e+00 -4.750598967075347900e-01 -2.431259870529174805e+00 1.856578350067138672e+00 1.891111582517623901e-02 -1.000224709510803223e+00 -1.316706418991088867e+00 -2.611090540885925293e-01 4.835538566112518311e-01 1.784886837005615234e+00 9.151377081871032715e-01 2.322880744934082031e+00 -6.475118398666381836e-01 -1.357233047485351562e+00 -6.412982344627380371e-01
-9.024428725242614746e-01 1.395255684852600098e+00 1.424924731254577637e+00 -1.823567509651184082e+00 1.693578004837036133e+00 -1.561270117759704590e+00 -4.669212996959686279e-01 -2.438894987106323242e+00 1.879519104957580566e+00 -4.786252975463867188e-03 -9.913437366485595703e-01 -1.306318998336791992e+00 -2.477265000343322754e-01 4.918688535690307617e-01 1.797826886177062988e+00 9.201703667640686035e-01 2.326175212860107422e+00 -6.566292047500610352e-01 -1.342074513435363770e+00 -6.455059647560119629e-01
-9.063903093338012695e-01 1.397528767585754395e+00 1.429218769073486328e+00 -1.824078083038330078e+00 1.707709193229675293e+00 -1.577899217605590820e+00 -4.408613443374633789e-01 -2.448247909545898438e+00 1.899592995643615723e+00 -3.201930969953536987e-02 -9.994610548019409180e-01 -1.300138592720031738e+00 -2.272195518016815186e-01 4.906179010868072510e-01 1.813529133796691895e+00 9.194738268852233887e-01 2.319271326065063477e+00 -6.586610078811645508e-01 -1.319449543952941895e+00 -6.443420648574829102e-01
-9.113891720771789551e-01 1.372056245803833008e+00 1.438399434089660645e+00 -1.794618368148803711e+00 1.726006507873535156e+00 -1.596379995346069336e+00 -3.887957632541656494e-01 -2.460991382598876953e+00 1.911601066589355469e+00 -6.256232410669326782e-02 -1.033332467079162598e+00 -1.301540613174438477e+00 -1.958755850791931152e-01 4.745445251464843750e-01 1.833368897438049316e+00 9.093573689460754395e-01 2.295604944229125977e+00 -6.507366895675659180e-01 -1.285871267318725586e+00 -6.325731277465820312e-01
-9.179034233093261719e-01 1.303482770919799805e+00 1.450050354003906250e+00 -1.713882923126220703e+00 1.741879105567932129e+00 -1.612822890281677246e+00 -3.008803427219390869e-01 -2.471689462661743164e+00 1.902245044708251953e+00 -9.631559252738952637e-02 -1.101725220680236816e+00 -1.310602188110351562e+00 -1.495049297809600830e-01 4.357332885265350342e-01 1.853450775146484375e+00 8.821771740913391113e-01 2.238771438598632812e+00 -6.273568868637084961e-01 -1.233527541160583496e+00 -6.013819575309753418e-01
-9.212810397148132324e-01 1.177913069725036621e+00 1.462540626525878906e+00 -1.564257621765136719e+00 1.746412038803100586e+00 -1.605317950248718262e+00 -1.862189322710037231e-01 -2.450635433197021484e+00 1.853903174400329590e+00 -1.388373821973800659e-01 -1.202194809913635254e+00 -1.317328929901123047e+00 -9.263318032026290894e-02 3.615926206111907959e-01 1.864625334739685059e+00 8.293713331222534180e-01 2.127223014831542969e+00 -5.813215970993041992e-01 -1.158110737800598145e+00 -5.349764823913574219e-01
-9.547418355941772461e-01 1.054048061370849609e+00 1.513327121734619141e+00 -1.333478689193725586e+00 1.757202982902526855e+00 -1.597121477127075195e+00 -9.275956451892852783e-02 -2.395878553390502930e+00 1.803936243057250977e+00 -2.129837572574615479e-01 -1.319936633110046387e+00 -1.324912309646606445e+00 -5.887810140848159790e-02 2.933178246021270752e-01 1.866723060607910156e+00 7.769070267677307129e-01 1.991140365600585938e+00 -5.180109143257141113e-01 -1.112983822822570801e+00 -4.373722374439239502e-01
-1.042147278785705566e+00 1.022359967231750488e+00 1.575501322746276855e+00 -1.107191681861877441e+00 1.774757266044616699e+00 -1.619247794151306152e+00 -9.107474982738494873e-02 -2.376017332077026367e+00 1.760644674301147461e+00 -2.786399722099304199e-01 -1.419326901435852051e+00 -1.344262838363647461e+00 -3.636197000741958618e-02 2.309395670890808105e-01 1.919317722320556641e+00 7.848011255264282227e-01 1.869704127311706543e+00 -4.854466319084167480e-01 -1.106077671051025391e+00 -3.731521368026733398e-01
-1.124545693397521973e+00 1.044676661491394043e+00 1.609945774078369141e+00 -1.003906846046447754e+00 1.775285243988037109e+00 -1.625656366348266602e+00 -1.459430754184722900e-01 -2.388882637023925781e+00 1.725141763687133789e+00 -2.979589402675628662e-01 -1.436565518379211426e+00 -1.373446464538574219e+00 -5.769056081771850586e-02 2.109299600124359131e-01 1.951922416687011719e+00 8.196746110916137695e-01 1.835830688476562500e+00 -4.718508422374725342e-01 -1.139416217803955078e+00 -3.486320674419403076e-01
-1.169039487838745117e+00 1.091332912445068359e+00 1.604537963867187500e+00 -1.015115976333618164e+00 1.735899448394775391e+00 -1.638522624969482422e+00 -1.878919154405593872e-01 -2.419343233108520508e+00 1.705281138420104980e+00 -2.904810011386871338e-01 -1.403879046440124512e+00 -1.373175382614135742e+00 -9.723263233900070190e-02 2.475492060184478760e-01 1.918665885925292969e+00 8.358893394470214844e-01 1.859062075614929199e+00 -4.754553139209747314e-01 -1.168234348297119141e+00 -3.562087416648864746e-01
-1.174699306488037109e+00 1.159841179847717285e+00 1.567274808883666992e+00 -1.122729539871215820e+00 1.675284266471862793e+00 -1.651138424873352051e+00 -2.041086405515670776e-01 -2.461781501770019531e+00 1.704136133193969727e+00 -2.663892805576324463e-01 -1.341665387153625488e+00 -1.351644277572631836e+00 -1.585976481437683105e-01 3.185622990131378174e-01 1.835378885269165039e+00 8.182559013366699219e-01 1.922031641006469727e+00 -5.004099607467651367e-01 -1.198164105415344238e+00 -3.886246979236602783e-01
-1.160959601402282715e+00 1.289896607398986816e+00 1.508937835693359375e+00 -1.358522653579711914e+00 1.623848080635070801e+00 -1.666503906250000000e+00 -2.659083902835845947e-01 -2.542420387268066406e+00 1.728108882904052734e+00 -1.902651786804199219e-01 -1.231812477111816406e+00 -1.346382021903991699e+00 -2.200162708759307861e-01 4.116587340831756592e-01 1.782004594802856445e+00 8.282322287559509277e-01 2.055886745452880859e+00 -5.643478631973266602e-01 -1.246475338935852051e+00 -4.747416377067565918e-01
-1.155352711677551270e+00 1.464205861091613770e+00 1.461343526840209961e+00 -1.619577884674072266e+00 1.582461833953857422e+00 -1.653789043426513672e+00 -3.943736851215362549e-01 -2.598460912704467773e+00 1.780679106712341309e+00 -1.280162930488586426e-01 -1.109700560569763184e+00 -1.341424703598022461e+00 -2.824234068393707275e-01 4.554549157619476318e-01 1.798604249954223633e+00 8.939955830574035645e-01 2.186363458633422852e+00 -6.292873620986938477e-01 -1.325174689292907715e+00 -5.827279686927795410e-01
-1.093759894371032715e+00 1.599053263664245605e+00 1.370511531829833984e+00 -1.860949039459228516e+00 1.512658119201660156e+00 -1.541755557060241699e+00 -5.409659743309020996e-01 -2.527886390686035156e+00 1.797615408897399902e+00 -7.830492407083511353e-02 -9.256945252418518066e-01 -1.296001434326171875e+00 -3.391288220882415771e-01 4.620275795459747314e-01 1.771850347518920898e+00 9.474840164184570312e-01 2.263221740722656250e+00 -6.647330522537231445e-01 -1.373313784599304199e+00 -6.716316938400268555e-01
-1.019190669059753418e+00 1.694355607032775879e+00 1.295092582702636719e+00 -2.009152412414550781e+00 1.445554018020629883e+00 -1.386591315269470215e+00 -6.958550810813903809e-01 -2.364687681198120117e+00 1.796322584152221680e+00 -5.870085954666137695e-02 -7.055966258049011230e-01 -1.233272075653076172e+00 -4.140472114086151123e-01 4.679934382438659668e-01 1.683167457580566406e+00 9.993218183517456055e-01 2.300734758377075195e+00 -6.488468647003173828e-01 -1.428305625915527344e+00 -7.379062771797180176e-01
-9.433527588844299316e-01 1.756455183029174805e+00 1.236523270606994629e+00 -2.094849586486816406e+00 1.416581273078918457e+00 -1.230466246604919434e+00 -8.370395898818969727e-01 -2.179157018661499023e+00 1.799546599388122559e+00 -5.997899919748306274e-02 -5.439597368240356445e-01 -1.159525632858276367e+00 -4.788989126682281494e-01 4.483525454998016357e-01 1.604207515716552734e+00 1.029929518699645996e+00 2.267071008682250977e+00 -6.187725067138671875e-01 -1.448227763175964355e+00 -7.617313861846923828e-01
-9.147832989692687988e-01 1.844278573989868164e+00 1.319834589958190918e+00 -2.164705276489257812e+00 1.472944736480712891e+00 -1.109063744544982910e+00 -1.036876201629638672e+00 -1.961312890052795410e+00 1.864484786987304688e+00 -1.536800265312194824e-01 -4.461314678192138672e-01 -1.099521279335021973e+00 -6.249486804008483887e-01 3.927639126777648926e-01 1.687638998031616211e+00 1.157300233840942383e+00 2.281983137130737305e+00 -5.391243696212768555e-01 -1.522653698921203613e+00 -7.405921220779418945e-01
-8.487550020217895508e-01 1.871869444847106934e+00 1.427446842193603516e+00 -2.138457536697387695e+00 1.531835198402404785e+00 -9.926905632019042969e-01 -1.206733107566833496e+00 -1.678755640983581543e+00 1.915325641632080078e+00 -2.654234468936920166e-01 -3.709314465522766113e-01 -1.022878170013427734e+00 -7.376556992530822754e-01 2.993824779987335205e-01 1.779411315917968750e+00 1.269552826881408691e+00 2.233353614807128906e+00 -4.355310201644897461e-01 -1.558335423469543457e+00 -6.922646164894104004e-01
-7.605888843536376953e-01 1.865363717079162598e+00 1.591370344161987305e+00 -2.011204004287719727e+00 1.696192502975463867e+00 -9.126664996147155762e-01 -1.415290236473083496e+00 -1.375604987144470215e+00 1.941506385803222656e+00 -3.835552036762237549e-01 -3.303319811820983887e-01 -9.352074265480041504e-01 -8.085778951644897461e-01 1.447499096393585205e-01 1.919261813163757324e+00 1.394298315048217773e+00 2.106113672256469727e+00 -3.153756856918334961e-01 -1.570340394973754883e+00 -6.227912902832031250e-01
-7.357613444328308105e-01 1.823274254798889160e+00 1.748215675354003906e+00 -1.832851529121398926e+00 1.870111227035522461e+00 -8.610261082649230957e-01 -1.615080356597900391e+00 -1.131891846656799316e+00 1.964158058166503906e+00 -5.078241825103759766e-01 -3.183934986591339111e-01 -8.551983237266540527e-01 -8.649495840072631836e-01 -4.871100187301635742e-03 2.067393064498901367e+00 1.523863792419433594e+00 1.975473046302795410e+00 -2.294258773326873779e-01 -1.583598971366882324e+00 -5.204682350158691406e-01
-7.869238853454589844e-01 1.769681096076965332e+00 1.949096083641052246e+00 -1.671763896942138672e+00 1.993860244750976562e+00 -8.803029060363769531e-01 -1.809879899024963379e+00 -9.747424721717834473e-01 1.997160434722900391e+00 -5.977706909179687500e-01 -3.662159442901611328e-01 -8.325632214546203613e-01 -8.851514458656311035e-01 -1.124373450875282288e-01 2.237191677093505859e+00 1.624761343002319336e+00 1.881275773048400879e+00 -1.591531634330749512e-01 -1.639475226402282715e+00 -3.624579608440399170e-01
-8.806785941123962402e-01 1.724954485893249512e+00 2.077083587646484375e+00 -1.502657175064086914e+00 2.046983242034912109e+00 -9.071418046951293945e-01 -1.929772019386291504e+00 -8.556174039840698242e-01 1.970864772796630859e+00 -7.018197774887084961e-01 -4.387079477310180664e-01 -7.746480107307434082e-01 -8.596134781837463379e-01 -1.695798635482788086e-01 2.361105918884277344e+00 1.684294700622558594e+00 1.744841217994689941e+00 -1.008746623992919922e-01 -1.625730395317077637e+00 -2.151082456111907959e-01
-9.704905152320861816e-01 1.717276215553283691e+00 2.132350206375122070e+00 -1.354127645492553711e+00 2.043343305587768555e+00 -9.531992077827453613e-01 -1.987529635429382324e+00 -7.644803524017333984e-01 1.930873513221740723e+00 -8.216549754142761230e-01 -4.859913587570190430e-01 -6.731519103050231934e-01 -8.130922317504882812e-01 -1.514694988727569580e-01 2.401248216629028320e+00 1.732549428939819336e+00 1.606640100479125977e+00 -6.401084363460540771e-02 -1.568318486213684082e+00 -1.319964528083801270e-01
-1.101455092430114746e+00 1.782253265380859375e+00 2.155024051666259766e+00 -1.240936756134033203e+00 2.016940355300903320e+00 -1.062024593353271484e+00 -2.011983633041381836e+00 -7.654770016670227051e-01 1.860386371612548828e+00 -9.381079077720642090e-01 -5.123276114463806152e-01 -5.356687903404235840e-01 -7.694697976112365723e-01 -2.174616605043411255e-02 2.362748146057128906e+00 1.773915886878967285e+00 1.492735266685485840e+00 -6.531399488449096680e-02 -1.494965553283691406e+00 -1.270553171634674072e-01
-1.247710347175598145e+00 1.882330775260925293e+00 2.126071214675903320e+00 -1.179973006248474121e+00 1.971367955207824707e+00 -1.146854043006896973e+00 -2.028044223785400391e+00 -8.163239955902099609e-01 1.769014358520507812e+00 -1.032856822013854980e+00 -5.465894341468811035e-01 -3.832545280456542969e-01 -7.404212951660156250e-01 1.769112348556518555e-01 2.262104749679565430e+00 1.781355023384094238e+00 1.401411771774291992e+00 -9.619897603988647461e-02 -1.414018034934997559e+00 -1.716628223657608032e-01
-1.387572646141052246e+00 1.972237586975097656e+00 2.074263572692871094e+00 -1.158164620399475098e+00 1.953115940093994141e+00 -1.228295445442199707e+00 -1.993653655052185059e+00 -8.964581489562988281e-01 1.731636047363281250e+00 -1.148929834365844727e+00 -5.847105979919433594e-01 -2.353103160858154297e-01 -6.871443986892700195e-01 4.144541323184967041e-01 2.205353021621704102e+00 1.790524721145629883e+00 1.360921502113342285e+00 -1.527327597141265869e-01 -1.295656919479370117e+00 -2.408065497875213623e-01
-1.462272763252258301e+00 2.045645475387573242e+00 2.013046503067016602e+00 -1.174052000045776367e+00 1.948038458824157715e+00 -1.277980923652648926e+00 -1.931149482727050781e+00 -9.655034542083740234e-01 1.734633326530456543e+00 -1.234089493751525879e+00 -6.063996553421020508e-01 -1.370232999324798584e-01 -6.324511766433715820e-01 5.773712396621704102e-01 2.156348943710327148e+00 1.791075229644775391e+00 1.348611831665039062e+00 -2.011568099260330200e-01 -1.193705320358276367e+00 -3.174475431442260742e-01
-1.481046319007873535e+00 2.100395917892456055e+00 1.959183573722839355e+00 -1.201371192932128906e+00 1.952036619186401367e+00 -1.301067590713500977e+00 -1.852834463119506836e+00 -1.017160177230834961e+00 1.765702009201049805e+00 -1.288987755775451660e+00 -6.267081499099731445e-01 -9.184729307889938354e-02 -5.878080129623413086e-01 6.511299610137939453e-01 2.124543905258178711e+00 1.772036790847778320e+00 1.348297715187072754e+00 -2.305803447961807251e-01 -1.120273947715759277e+00 -3.845607638359069824e-01
-1.473137378692626953e+00 2.118071317672729492e+00 1.917068243026733398e+00 -1.211367726325988770e+00 1.959612250328063965e+00 -1.285731911659240723e+00 -1.783429265022277832e+00 -1.031031966209411621e+00 1.794769644737243652e+00 -1.328654527664184570e+00 -6.503427028656005859e-01 -7.388748228549957275e-02 -5.618292689323425293e-01 6.607951521873474121e-01 2.102839231491088867e+00 1.745514035224914551e+00 1.339940667152404785e+00 -2.323685884475708008e-01 -1.071042180061340332e+00 -4.254017770290374756e-01
-1.449977874755859375e+00 2.099123001098632812e+00 1.899942874908447266e+00 -1.192612409591674805e+00 1.979633212089538574e+00 -1.240572929382324219e+00 -1.731246113777160645e+00 -1.008100509643554688e+00 1.820952415466308594e+00 -1.361230492591857910e+00 -6.824969053268432617e-01 -7.922409474849700928e-02 -5.546457171440124512e-01 6.113731861114501953e-01 2.097569465637207031e+00 1.721722483634948730e+00 1.319721937179565430e+00 -2.061523646116256714e-01 -1.049632549285888672e+00 -4.376914203166961670e-01
-1.414189577102661133e+00 2.037499189376831055e+00 1.911846280097961426e+00 -1.134009003639221191e+00 2.013220548629760742e+00 -1.169177174568176270e+00 -1.693696498870849609e+00 -9.508666396141052246e-01 1.838654041290283203e+00 -1.385398507118225098e+00 -7.278435230255126953e-01 -1.097448468208312988e-01 -5.650186538696289062e-01 5.013586282730102539e-01 2.109708547592163086e+00 1.698557257652282715e+00 1.282292842864990234e+00 -1.517670750617980957e-01 -1.057026267051696777e+00 -4.188630282878875732e-01
-1.344879508018493652e+00 1.931082844734191895e+00 1.984441995620727539e+00 -1.042958378791809082e+00 2.078570365905761719e+00 -1.104988217353820801e+00 -1.657955527305603027e+00 -8.681646585464477539e-01 1.878018260002136230e+00 -1.391413092613220215e+00 -7.947605848312377930e-01 -1.930249035358428955e-01 -5.883396863937377930e-01 3.099732398986816406e-01 2.152447938919067383e+00 1.689583897590637207e+00 1.247841238975524902e+00 -7.068949937820434570e-02 -1.113863825798034668e+00 -3.751150965690612793e-01
-1.233573079109191895e+00 1.782665371894836426e+00 2.091145992279052734e+00 -9.200758934020996094e-01 2.141908884048461914e+00 -1.056403160095214844e+00 -1.600184798240661621e+00 -7.869060635566711426e-01 1.914796352386474609e+00 -1.342393040657043457e+00 -8.695528507232666016e-01 -3.438013195991516113e-01 -6.163185834884643555e-01 3.072362765669822693e-02 2.215902805328369141e+00 1.658476829528808594e+00 1.207409024238586426e+00 1.543793454766273499e-02 -1.215276360511779785e+00 -3.092882633209228516e-01
-1.143627405166625977e+00 1.651112437248229980e+00 2.188461065292358398e+00 -8.034520149230957031e-01 2.202815771102905273e+00 -1.038777470588684082e+00 -1.578568935394287109e+00 -7.770400643348693848e-01 1.928495407104492188e+00 -1.225623011589050293e+00 -9.373372197151184082e-01 -5.506958961486816406e-01 -6.429504156112670898e-01 -2.481519877910614014e-01 2.314302682876586914e+00 1.620676517486572266e+00 1.205179691314697266e+00 5.742401629686355591e-02 -1.340817451477050781e+00 -2.365220189094543457e-01
-1.081384658813476562e+00 1.551004767417907715e+00 2.313829421997070312e+00 -7.171688079833984375e-01 2.277854442596435547e+00 -1.064058065414428711e+00 -1.527019143104553223e+00 -8.161321282386779785e-01 1.965046644210815430e+00 -1.125321507453918457e+00 -1.018468618392944336e+00 -7.566222548484802246e-01 -6.697933673858642578e-01 -4.301630258560180664e-01 2.388365030288696289e+00 1.562251210212707520e+00 1.257295966148376465e+00 8.340352773666381836e-02 -1.455864906311035156e+00 -1.790697723627090454e-01
-1.051892876625061035e+00 1.454554080963134766e+00 2.406096935272216797e+00 -6.375418305397033691e-01 2.324594497680664062e+00 -1.115205168724060059e+00 -1.457981586456298828e+00 -8.892794847488403320e-01 1.981627464294433594e+00 -1.046729564666748047e+00 -1.085873246192932129e+00 -9.105591773986816406e-01 -6.538138985633850098e-01 -5.140479207038879395e-01 2.438172578811645508e+00 1.507092952728271484e+00 1.298860073089599609e+00 8.615493774414062500e-02 -1.514973521232604980e+00 -1.218053996562957764e-01
-1.031427383422851562e+00 1.381167769432067871e+00 2.455261707305908203e+00 -5.857785344123840332e-01 2.327923059463500977e+00 -1.149983763694763184e+00 -1.404189348220825195e+00 -9.345086216926574707e-01 1.963211655616760254e+00 -9.815945029258728027e-01 -1.127206325531005859e+00 -9.974175095558166504e-01 -6.460052132606506348e-01 -5.472727417945861816e-01 2.452939033508300781e+00 1.459331989288330078e+00 1.315283298492431641e+00 8.545878529548645020e-02 -1.546046137809753418e+00 -8.674601465463638306e-02
-1.031321167945861816e+00 1.352491140365600586e+00 2.485053300857543945e+00 -5.629040002822875977e-01 2.313217639923095703e+00 -1.176052451133728027e+00 -1.384805440902709961e+00 -9.593077898025512695e-01 1.935724258422851562e+00 -9.410616159439086914e-01 -1.145382523536682129e+00 -1.029996871948242188e+00 -6.507090926170349121e-01 -5.484956502914428711e-01 2.455889225006103516e+00 1.437813758850097656e+00 1.317229390144348145e+00 8.060687780380249023e-02 -1.566845893859863281e+00 -7.614187896251678467e-02
-1.052170276641845703e+00 1.366555333137512207e+00 2.502887964248657227e+00 -5.642685294151306152e-01 2.290900468826293945e+00 -1.193264007568359375e+00 -1.401305556297302246e+00 -9.592973589897155762e-01 1.904946088790893555e+00 -9.355718493461608887e-01 -1.141393899917602539e+00 -1.008229970932006836e+00 -6.650111675262451172e-01 -5.238543748855590820e-01 2.455642223358154297e+00 1.447563171386718750e+00 1.302956461906433105e+00 7.386559993028640747e-02 -1.577773451805114746e+00 -8.611650764942169189e-02
-1.089857220649719238e+00 1.416525244712829590e+00 2.506688833236694336e+00 -5.876005291938781738e-01 2.261994361877441406e+00 -1.198075294494628906e+00 -1.448998451232910156e+00 -9.330179095268249512e-01 1.871419191360473633e+00 -9.648877382278442383e-01 -1.115934014320373535e+00 -9.354711771011352539e-01 -6.862948536872863770e-01 -4.772530496120452881e-01 2.452062129974365234e+00 1.485344648361206055e+00 1.272905707359313965e+00 6.714113801717758179e-02 -1.576919317245483398e+00 -1.131630539894104004e-01
-1.137807965278625488e+00 1.497140884399414062e+00 2.493309259414672852e+00 -6.340655684471130371e-01 2.225399732589721680e+00 -1.188766598701477051e+00 -1.520403742790222168e+00 -8.927431702613830566e-01 1.841635942459106445e+00 -1.011732339859008789e+00 -1.074119210243225098e+00 -8.334192037582397461e-01 -7.152953743934631348e-01 -4.190012216567993164e-01 2.443457603454589844e+00 1.541202664375305176e+00 1.240123987197875977e+00 6.052764505147933960e-02 -1.570099234580993652e+00 -1.550277471542358398e-01
-1.186112999916076660e+00 1.584473252296447754e+00 2.454415798187255859e+00 -6.944154500961303711e-01 2.181317806243896484e+00 -1.163977980613708496e+00 -1.596260786056518555e+00 -8.508760929107666016e-01 1.810991406440734863e+00 -1.066116094589233398e+00 -1.019551038742065430e+00 -7.168404459953308105e-01 -7.370032072067260742e-01 -3.512853682041168213e-01 2.423538446426391602e+00 1.602219820022583008e+00 1.206772446632385254e+00 5.480459332466125488e-02 -1.549296379089355469e+00 -1.986707001924514771e-01
-1.231817483901977539e+00 1.663829207420349121e+00 2.402327537536621094e+00 -7.548573613166809082e-01 2.139076471328735352e+00 -1.140202641487121582e+00 -1.668693542480468750e+00 -8.255734443664550781e-01 1.794551372528076172e+00 -1.117684006690979004e+00 -9.619503021240234375e-01 -6.130778789520263672e-01 -7.430853843688964844e-01 -2.803343236446380615e-01 2.407904148101806641e+00 1.659300565719604492e+00 1.187747716903686523e+00 4.786591231822967529e-02 -1.517640590667724609e+00 -2.281868457794189453e-01
-1.254408955574035645e+00 1.715415358543395996e+00 2.351039409637451172e+00 -8.048536777496337891e-01 2.106033802032470703e+00 -1.109129667282104492e+00 -1.714634180068969727e+00 -8.017306923866271973e-01 1.789883017539978027e+00 -1.154559254646301270e+00 -9.139275550842285156e-01 -5.418773889541625977e-01 -7.430899143218994141e-01 -2.370503246784210205e-01 2.393552780151367188e+00 1.700718045234680176e+00 1.182721734046936035e+00 4.676647484302520752e-02 -1.488809704780578613e+00 -2.502264082431793213e-01
-1.253678202629089355e+00 1.741644501686096191e+00 2.316133499145507812e+00 -8.425244688987731934e-01 2.090179920196533203e+00 -1.075866937637329102e+00 -1.735523462295532227e+00 -7.825810313224792480e-01 1.799135088920593262e+00 -1.173148155212402344e+00 -8.852117657661437988e-01 -5.157356858253479004e-01 -7.472621798515319824e-01 -2.288564741611480713e-01 2.387461662292480469e+00 1.724636673927307129e+00 1.197645664215087891e+00 5.540850013494491577e-02 -1.476345658302307129e+00 -2.636317312717437744e-01
-1.236550569534301758e+00 1.741254448890686035e+00 2.293843746185302734e+00 -8.697806596755981445e-01 2.084279298782348633e+00 -1.035862803459167480e+00 -1.746152162551879883e+00 -7.638161778450012207e-01 1.808106660842895508e+00 -1.171198725700378418e+00 -8.712464570999145508e-01 -5.241166353225708008e-01 -7.612980604171752930e-01 -2.517117261886596680e-01 2.385301351547241211e+00 1.727975964546203613e+00 1.219042539596557617e+00 7.358667999505996704e-02 -1.482782483100891113e+00 -2.589681148529052734e-01
-1.210897922515869141e+00 1.717261910438537598e+00 2.292191267013549805e+00 -8.800520300865173340e-01 2.093418359756469727e+00 -1.000698089599609375e+00 -1.744194269180297852e+00 -7.481418848037719727e-01 1.825308799743652344e+00 -1.159922599792480469e+00 -8.736939430236816406e-01 -5.624097585678100586e-01 -7.776759266853332520e-01 -2.968755364418029785e-01 2.397924661636352539e+00 1.716238379478454590e+00 1.247017145156860352e+00 9.580270946025848389e-02 -1.502135634422302246e+00 -2.374267578125000000e-01
-1.174221158027648926e+00 1.669495463371276855e+00 2.311595201492309570e+00 -8.902149796485900879e-01 2.124928951263427734e+00 -9.657729864120483398e-01 -1.731999516487121582e+00 -7.447708249092102051e-01 1.852294683456420898e+00 -1.130695462226867676e+00 -8.808406591415405273e-01 -6.356090903282165527e-01 -7.995431423187255859e-01 -3.666911423206329346e-01 2.435493230819702148e+00 1.701403975486755371e+00 1.290921092033386230e+00 1.156101077795028687e-01 -1.542143702507019043e+00 -2.054558098316192627e-01
-1.116185784339904785e+00 1.598065733909606934e+00 2.346451520919799805e+00 -8.908786177635192871e-01 2.164325475692749023e+00 -9.353070259094238281e-01 -1.697550058364868164e+00 -7.556731700897216797e-01 1.879799485206604004e+00 -1.077228546142578125e+00 -8.910537362098693848e-01 -7.457482218742370605e-01 -8.204701542854309082e-01 -4.557011425495147705e-01 2.474884748458862305e+00 1.672320485115051270e+00 1.351614832878112793e+00 1.344411224126815796e-01 -1.598374485969543457e+00 -1.678705066442489624e-01
-1.043350338935852051e+00 1.510648250579833984e+00 2.417637109756469727e+00 -8.840369582176208496e-01 2.218064069747924805e+00 -9.298536777496337891e-01 -1.625977039337158203e+00 -8.219884037971496582e-01 1.920054793357849121e+00 -9.811239242553710938e-01 -9.324472546577453613e-01 -9.185326099395751953e-01 -8.389176726341247559e-01 -5.497985482215881348e-01 2.508376836776733398e+00 1.619932651519775391e+00 1.444678783416748047e+00 1.427673995494842529e-01 -1.685054540634155273e+00 -1.392082571983337402e-01
-9.346097707748413086e-01 1.385392665863037109e+00 2.469494342803955078e+00 -8.819096684455871582e-01 2.225672483444213867e+00 -9.344200491905212402e-01 -1.480571746826171875e+00 -9.203416109085083008e-01 1.941979050636291504e+00 -8.248915672302246094e-01 -9.833618402481079102e-01 -1.126036882400512695e+00 -8.509310483932495117e-01 -6.434002518653869629e-01 2.502397298812866211e+00 1.513258099555969238e+00 1.540376424789428711e+00 1.423849314451217651e-01 -1.765815973281860352e+00 -1.197443902492523193e-01
-8.520262241363525391e-01 1.321822881698608398e+00 2.531296491622924805e+00 -9.668716192245483398e-01 2.168400764465332031e+00 -9.993384480476379395e-01 -1.341274380683898926e+00 -1.097454667091369629e+00 1.994848489761352539e+00 -6.080607771873474121e-01 -1.073118090629577637e+00 -1.388023853302001953e+00 -8.514590263366699219e-01 -7.279607653617858887e-01 2.503215074539184570e+00 1.400332689285278320e+00 1.698109030723571777e+00 1.236671060323715210e-01 -1.894455790519714355e+00 -1.258091777563095093e-01
-7.584079504013061523e-01 1.236257314682006836e+00 2.521807670593261719e+00 -1.040662765502929688e+00 2.021960973739624023e+00 -1.050912976264953613e+00 -1.144711732864379883e+00 -1.252588629722595215e+00 1.990151643753051758e+00 -3.857887685298919678e-01 -1.135796189308166504e+00 -1.594982028007507324e+00 -8.233673572540283203e-01 -7.817558646202087402e-01 2.429118394851684570e+00 1.250115394592285156e+00 1.794170856475830078e+00 9.763397276401519775e-02 -1.958933949470520020e+00 -1.516905128955841064e-01
-6.757345795631408691e-01 1.154420018196105957e+00 2.465006828308105469e+00 -1.105658292770385742e+00 1.901543021202087402e+00 -1.112962365150451660e+00 -9.341637492179870605e-01 -1.388605594635009766e+00 1.965685606002807617e+00 -2.140786051750183105e-01 -1.193410038948059082e+00 -1.705938458442687988e+00 -7.500338554382324219e-01 -7.707690596580505371e-01 2.336638212203979492e+00 1.126566648483276367e+00 1.843990564346313477e+00 5.987392365932464600e-02 -1.959905624389648438e+00 -1.926643252372741699e-01
-6.139707565307617188e-01 1.098619222640991211e+00 2.395551919937133789e+00 -1.146911859512329102e+00 1.798933982849121094e+00 -1.165634751319885254e+00 -7.743998169898986816e-01 -1.473941445350646973e+00 1.924961447715759277e+00 -1.041186600923538208e-01 -1.204536676406860352e+00 -1.736081004142761230e+00 -6.675576567649841309e-01 -7.189081311225891113e-01 2.241800308227539062e+00 1.053794860839843750e+00 1.858830690383911133e+00 2.505701780319213867e-02 -1.925783872604370117e+00 -2.420472502708435059e-01
-5.883912444114685059e-01 1.053182840347290039e+00 2.345102548599243164e+00 -1.153044104576110840e+00 1.721602678298950195e+00 -1.193976879119873047e+00 -6.729815602302551270e-01 -1.494076251983642578e+00 1.876639485359191895e+00 -5.965283513069152832e-02 -1.192646384239196777e+00 -1.709365010261535645e+00 -6.035142540931701660e-01 -6.621773838996887207e-01 2.177350759506225586e+00 1.028908491134643555e+00 1.834662079811096191e+00 9.151797741651535034e-03 -1.876259088516235352e+00 -2.778839468955993652e-01
-6.289622783660888672e-01 1.065498709678649902e+00 2.332039594650268555e+00 -1.150008082389831543e+00 1.665085792541503906e+00 -1.196594238281250000e+00 -6.532341837882995605e-01 -1.477064847946166992e+00 1.834444880485534668e+00 -9.223701804876327515e-02 -1.171929359436035156e+00 -1.658311724662780762e+00 -5.845165848731994629e-01 -6.284610033035278320e-01 2.180779218673706055e+00 1.059875845909118652e+00 1.793319940567016602e+00 1.562155783176422119e-03 -1.843235373497009277e+00 -3.014596104621887207e-01
-7.305240631103515625e-01 1.102646350860595703e+00 2.344255447387695312e+00 -1.114864110946655273e+00 1.654327988624572754e+00 -1.164677500724792480e+00 -7.334327697753906250e-01 -1.414714336395263672e+00 1.791676044464111328e+00 -1.903177946805953979e-01 -1.137881159782409668e+00 -1.586358308792114258e+00 -5.989821553230285645e-01 -6.102969050407409668e-01 2.246265411376953125e+00 1.148499846458435059e+00 1.737298011779785156e+00 1.075864583253860474e-02 -1.818248271942138672e+00 -2.888821363449096680e-01
-8.492007255554199219e-01 1.114744424819946289e+00 2.341349363327026367e+00 -1.033622026443481445e+00 1.657350540161132812e+00 -1.080934166908264160e+00 -8.687083721160888672e-01 -1.299792170524597168e+00 1.729479432106018066e+00 -3.210121393203735352e-01 -1.091341018676757812e+00 -1.497374057769775391e+00 -6.422209739685058594e-01 -6.046053767204284668e-01 2.304223060607910156e+00 1.235597014427185059e+00 1.657318353652954102e+00 4.664095491170883179e-02 -1.789059638977050781e+00 -2.212940156459808350e-01
-9.644362926483154297e-01 1.106613874435424805e+00 2.316560268402099609e+00 -9.669790267944335938e-01 1.700121283531188965e+00 -9.820867180824279785e-01 -1.000848412513732910e+00 -1.201975822448730469e+00 1.685019493103027344e+00 -4.550168216228485107e-01 -1.077575683593750000e+00 -1.429683208465576172e+00 -6.923578381538391113e-01 -5.798590183258056641e-01 2.344873666763305664e+00 1.307649493217468262e+00 1.618562340736389160e+00 9.835012257099151611e-02 -1.776155233383178711e+00 -1.158049553632736206e-01
-1.013352513313293457e+00 1.104491233825683594e+00 2.275139331817626953e+00 -9.358072876930236816e-01 1.752859950065612793e+00 -9.120159149169921875e-01 -1.084627270698547363e+00 -1.162506818771362305e+00 1.690514206886291504e+00 -5.231381654739379883e-01 -1.070723533630371094e+00 -1.419292926788330078e+00 -7.203485369682312012e-01 -5.720762014389038086e-01 2.353300571441650391e+00 1.317182183265686035e+00 1.630138397216796875e+00 1.253429949283599854e-01 -1.777688741683959961e+00 -3.302435576915740967e-02
-1.012764215469360352e+00 1.085236430168151855e+00 2.213195323944091797e+00 -9.261341094970703125e-01 1.758464336395263672e+00 -8.598284721374511719e-01 -1.095895290374755859e+00 -1.161657452583312988e+00 1.695497512817382812e+00 -5.273747444152832031e-01 -1.071705341339111328e+00 -1.452705860137939453e+00 -7.418503761291503906e-01 -5.738645195960998535e-01 2.315069437026977539e+00 1.266249537467956543e+00 1.662256836891174316e+00 1.412266641855239868e-01 -1.782958507537841797e+00 3.048536553978919983e-02
-9.837524890899658203e-01 1.069610238075256348e+00 2.120979309082031250e+00 -9.423148036003112793e-01 1.719784379005432129e+00 -8.294594287872314453e-01 -1.043636679649353027e+00 -1.202646136283874512e+00 1.694853901863098145e+00 -4.833607971668243408e-01 -1.075526595115661621e+00 -1.515100121498107910e+00 -7.466304898262023926e-01 -5.723171234130859375e-01 2.246128797531127930e+00 1.173242807388305664e+00 1.709179043769836426e+00 1.338058859109878540e-01 -1.776273846626281738e+00 6.533263623714447021e-02
-9.223711490631103516e-01 1.067342877388000488e+00 2.014631509780883789e+00 -9.390777945518493652e-01 1.656814336776733398e+00 -8.457946181297302246e-01 -9.611330032348632812e-01 -1.262428760528564453e+00 1.667185425758361816e+00 -4.171108901500701904e-01 -1.070278406143188477e+00 -1.541440010070800781e+00 -7.058621048927307129e-01 -5.758472084999084473e-01 2.145324468612670898e+00 1.072335720062255859e+00 1.702625155448913574e+00 1.175388544797897339e-01 -1.719470262527465820e+00 3.777236491441726685e-02
-8.620725870132446289e-01 1.065181136131286621e+00 1.882644653320312500e+00 -9.263285398483276367e-01 1.561479806900024414e+00 -8.913372755050659180e-01 -8.208304643630981445e-01 -1.336771249771118164e+00 1.613450765609741211e+00 -3.607116341590881348e-01 -1.063765406608581543e+00 -1.522008180618286133e+00 -6.242671608924865723e-01 -5.545541048049926758e-01 2.012396097183227539e+00 9.560925960540771484e-01 1.649162769317626953e+00 9.162744879722595215e-02 -1.602412223815917969e+00 -2.668961882591247559e-02
-8.672508001327514648e-01 1.098270297050476074e+00 1.704674124717712402e+00 -9.097968339920043945e-01 1.485274672508239746e+00 -1.000678062438964844e+00 -6.197409033775329590e-01 -1.511203527450561523e+00 1.561061382293701172e+00 -3.431097865104675293e-01 -1.079404354095458984e+00 -1.452101707458496094e+00 -5.006179213523864746e-01 -4.716040194034576416e-01 1.868949890136718750e+00 8.458623290061950684e-01 1.576139688491821289e+00 1.213314384222030640e-02 -1.422409176826477051e+00 -1.393165886402130127e-01
-9.871023297309875488e-01 1.193638324737548828e+00 1.571323275566101074e+00 -8.777379393577575684e-01 1.508223772048950195e+00 -1.187357425689697266e+00 -3.815869390964508057e-01 -1.769204616546630859e+00 1.600309252738952637e+00 -4.527948498725891113e-01 -1.154775381088256836e+00 -1.311907768249511719e+00 -3.802276849746704102e-01 -2.296854257583618164e-01 1.798049569129943848e+00 7.658701539039611816e-01 1.516976952552795410e+00 -1.831413209438323975e-01 -1.213264107704162598e+00 -2.768726348876953125e-01
-1.197780609130859375e+00 1.395470142364501953e+00 1.529353976249694824e+00 -7.855114936828613281e-01 1.634601354598999023e+00 -1.405126333236694336e+00 -3.323718309402465820e-01 -1.948070645332336426e+00 1.652098417282104492e+00 -6.780998110771179199e-01 -1.184934496879577637e+00 -1.059410452842712402e+00 -2.787513732910156250e-01 9.360212832689285278e-02 1.785122752189636230e+00 7.664914727210998535e-01 1.398205876350402832e+00 -4.122610986232757568e-01 -1.009963750839233398e+00 -3.546895682811737061e-01
-1.294701218605041504e+00 1.504833817481994629e+00 1.544433355331420898e+00 -6.653369069099426270e-01 1.789795041084289551e+00 -1.482729196548461914e+00 -5.111315846443176270e-01 -1.943351507186889648e+00 1.649171113967895508e+00 -8.077844381332397461e-01 -1.143082737922668457e+00 -8.613856434822082520e-01 -1.929390132427215576e-01 2.581657767295837402e-01 1.839108467102050781e+00 8.363054394721984863e-01 1.283667683601379395e+00 -4.882133007049560547e-01 -8.991018533706665039e-01 -3.648708164691925049e-01
-1.322490096092224121e+00 1.534807324409484863e+00 1.572657942771911621e+00 -5.617904663085937500e-01 1.867480993270874023e+00 -1.487051248550415039e+00 -7.273172736167907715e-01 -1.820906758308410645e+00 1.599885106086730957e+00 -8.801023960113525391e-01 -1.078786492347717285e+00 -6.811487078666687012e-01 -1.227321401238441467e-01 3.248383402824401855e-01 1.874482393264770508e+00 9.346052408218383789e-01 1.142924308776855469e+00 -4.956624507904052734e-01 -8.249831199645996094e-01 -3.500922918319702148e-01
-1.329750537872314453e+00 1.522590994834899902e+00 1.600553512573242188e+00 -4.759209752082824707e-01 1.887279868125915527e+00 -1.458474397659301758e+00 -8.950415253639221191e-01 -1.688640236854553223e+00 1.532168388366699219e+00 -9.047350883483886719e-01 -1.036542892456054688e+00 -5.740260481834411621e-01 -9.174305945634841919e-02 3.345905840396881104e-01 1.883895158767700195e+00 1.001229524612426758e+00 1.035249233245849609e+00 -4.674872756004333496e-01 -7.984148859977722168e-01 -3.188227117061614990e-01
-1.335799455642700195e+00 1.500568866729736328e+00 1.628054380416870117e+00 -4.052923321723937988e-01 1.885811090469360352e+00 -1.428105950355529785e+00 -1.007229924201965332e+00 -1.587630510330200195e+00 1.475892424583435059e+00 -9.044797420501708984e-01 -1.013665795326232910e+00 -5.311208367347717285e-01 -8.528831601142883301e-02 3.205041587352752686e-01 1.889717221260070801e+00 1.048513293266296387e+00 9.750369787216186523e-01 -4.370957612991333008e-01 -8.037999868392944336e-01 -2.859417200088500977e-01
-1.347318530082702637e+00 1.494671463966369629e+00 1.656056284904479980e+00 -3.783273398876190186e-01 1.880543589591979980e+00 -1.400165677070617676e+00 -1.085618734359741211e+00 -1.531458973884582520e+00 1.438085794448852539e+00 -8.959980010986328125e-01 -9.907240271568298340e-01 -5.273488163948059082e-01 -8.806549757719039917e-02 3.033311367034912109e-01 1.907500147819519043e+00 1.090024113655090332e+00 9.540935754776000977e-01 -4.205520153045654297e-01 -8.335472941398620605e-01 -2.575364708900451660e-01
-1.363146543502807617e+00 1.502059817314147949e+00 1.679932832717895508e+00 -3.764297664165496826e-01 1.850146889686584473e+00 -1.373433470726013184e+00 -1.145040869712829590e+00 -1.498689532279968262e+00 1.396878361701965332e+00 -8.802517056465148926e-01 -9.575317502021789551e-01 -5.436649918556213379e-01 -1.088318005204200745e-01 2.832480072975158691e-01 1.919926047325134277e+00 1.118314862251281738e+00 9.529884457588195801e-01 -4.107336699962615967e-01 -8.809209465980529785e-01 -2.245766222476959229e-01
-1.382820487022399902e+00 1.520632147789001465e+00 1.679086327552795410e+00 -3.930967152118682861e-01 1.789231419563293457e+00 -1.348442435264587402e+00 -1.192102551460266113e+00 -1.483802437782287598e+00 1.343722105026245117e+00 -8.492892384529113770e-01 -9.173674583435058594e-01 -5.643689632415771484e-01 -1.430771350860595703e-01 2.801889181137084961e-01 1.908910632133483887e+00 1.128756761550903320e+00 9.656732678413391113e-01 -4.175480902194976807e-01 -9.304563403129577637e-01 -1.944185644388198853e-01
-1.408341646194458008e+00 1.561327934265136719e+00 1.649622797966003418e+00 -4.354820549488067627e-01 1.701934933662414551e+00 -1.324740529060363770e+00 -1.233817338943481445e+00 -1.489424943923950195e+00 1.283503532409667969e+00 -8.126111626625061035e-01 -8.626250624656677246e-01 -5.807800292968750000e-01 -1.953568160533905029e-01 3.012585341930389404e-01 1.872352242469787598e+00 1.126240015029907227e+00 9.953479170799255371e-01 -4.431354701519012451e-01 -9.788409471511840820e-01 -1.689750701189041138e-01
-1.439522266387939453e+00 1.636381387710571289e+00 1.594800353050231934e+00 -5.389230251312255859e-01 1.591963768005371094e+00 -1.331488490104675293e+00 -1.261616945266723633e+00 -1.539837121963500977e+00 1.248670458793640137e+00 -7.632806897163391113e-01 -8.032965660095214844e-01 -5.946556925773620605e-01 -2.560678720474243164e-01 3.590039014816284180e-01 1.811634421348571777e+00 1.110065460205078125e+00 1.064253807067871094e+00 -4.982318580150604248e-01 -1.023918390274047852e+00 -1.653590947389602661e-01
-1.464190483093261719e+00 1.749203085899353027e+00 1.499365329742431641e+00 -7.367158532142639160e-01 1.436850070953369141e+00 -1.337114453315734863e+00 -1.257506370544433594e+00 -1.612691521644592285e+00 1.202188730239868164e+00 -6.960214972496032715e-01 -7.308997511863708496e-01 -5.898180603981018066e-01 -3.434656858444213867e-01 4.620871543884277344e-01 1.729658126831054688e+00 1.061702013015747070e+00 1.165064215660095215e+00 -5.895200967788696289e-01 -1.059000968933105469e+00 -1.964889466762542725e-01
-1.448772430419921875e+00 1.864581704139709473e+00 1.387197375297546387e+00 -1.034842133522033691e+00 1.245014429092407227e+00 -1.356373429298400879e+00 -1.161893367767333984e+00 -1.707304954528808594e+00 1.179508447647094727e+00 -6.143820285797119141e-01 -6.455589532852172852e-01 -5.770208239555358887e-01 -4.393917322158813477e-01 5.876863598823547363e-01 1.614888668060302734e+00 9.988905191421508789e-01 1.301456809043884277e+00 -6.922339200973510742e-01 -1.086708188056945801e+00 -2.889222800731658936e-01
-1.423482060432434082e+00 1.907073140144348145e+00 1.298504710197448730e+00 -1.345594763755798340e+00 1.144296407699584961e+00 -1.379813790321350098e+00 -1.025047659873962402e+00 -1.809192895889282227e+00 1.195593118667602539e+00 -5.547206997871398926e-01 -5.874526500701904297e-01 -5.470501780509948730e-01 -4.888546764850616455e-01 7.461907863616943359e-01 1.526016354560852051e+00 9.685264825820922852e-01 1.465901136398315430e+00 -7.293041944503784180e-01 -1.070811748504638672e+00 -4.307169020175933838e-01
-1.415808439254760742e+00 1.929688453674316406e+00 1.274395585060119629e+00 -1.566310048103332520e+00 1.154434680938720703e+00 -1.415806174278259277e+00 -8.894388675689697266e-01 -1.911852121353149414e+00 1.291412591934204102e+00 -5.658693909645080566e-01 -6.266313195228576660e-01 -5.385545492172241211e-01 -4.932769834995269775e-01 8.501427769660949707e-01 1.551520109176635742e+00 9.819525480270385742e-01 1.617650270462036133e+00 -7.363123893737792969e-01 -1.057176947593688965e+00 -5.688434243202209473e-01
-1.356189608573913574e+00 1.928449749946594238e+00 1.271611571311950684e+00 -1.666097879409790039e+00 1.239395141601562500e+00 -1.461038112640380859e+00 -7.329995632171630859e-01 -1.979176521301269531e+00 1.433688998222351074e+00 -6.045347452163696289e-01 -6.790713071823120117e-01 -5.338547229766845703e-01 -4.379425048828125000e-01 8.896564841270446777e-01 1.583848476409912109e+00 9.933572411537170410e-01 1.706031441688537598e+00 -7.427725791931152344e-01 -9.986069798469543457e-01 -6.941917538642883301e-01
-1.317168474197387695e+00 1.911400079727172852e+00 1.309959411621093750e+00 -1.675820112228393555e+00 1.356721282005310059e+00 -1.514706015586853027e+00 -5.952868461608886719e-01 -2.025834321975708008e+00 1.557241320610046387e+00 -6.751548051834106445e-01 -7.370664477348327637e-01 -5.463789105415344238e-01 -3.837976455688476562e-01 8.954235911369323730e-01 1.639277815818786621e+00 9.981695413589477539e-01 1.758092045783996582e+00 -7.392076253890991211e-01 -9.389820098876953125e-01 -7.569375038146972656e-01
-1.304644584655761719e+00 1.853596925735473633e+00 1.364574432373046875e+00 -1.594617724418640137e+00 1.496293783187866211e+00 -1.574398279190063477e+00 -4.898255765438079834e-01 -2.075701475143432617e+00 1.645103812217712402e+00 -7.445569634437561035e-01 -7.928947210311889648e-01 -5.680795311927795410e-01 -3.026131689548492432e-01 8.712650537490844727e-01 1.705022454261779785e+00 1.015077471733093262e+00 1.753983855247497559e+00 -7.392576932907104492e-01 -8.683967590332031250e-01 -7.735797166824340820e-01
-1.311983942985534668e+00 1.746888160705566406e+00 1.444471001625061035e+00 -1.382959008216857910e+00 1.678949832916259766e+00 -1.641175150871276855e+00 -4.373647868633270264e-01 -2.120197772979736328e+00 1.719835758209228516e+00 -8.037955760955810547e-01 -8.766975998878479004e-01 -6.099266409873962402e-01 -1.775328516960144043e-01 8.066678643226623535e-01 1.787635445594787598e+00 1.054386377334594727e+00 1.698067426681518555e+00 -7.111316919326782227e-01 -8.023801445960998535e-01 -7.431101799011230469e-01
-1.335504293441772461e+00 1.594945430755615234e+00 1.504186511039733887e+00 -1.060362935066223145e+00 1.817538738250732422e+00 -1.677613139152526855e+00 -4.210552275180816650e-01 -2.143839597702026367e+00 1.756568431854248047e+00 -8.241338729858398438e-01 -9.838663339614868164e-01 -6.995058655738830566e-01 -6.449244916439056396e-02 6.843835115432739258e-01 1.853921055793762207e+00 1.084295034408569336e+00 1.614999890327453613e+00 -6.660940647125244141e-01 -7.720160484313964844e-01 -6.450935006141662598e-01
-1.355957508087158203e+00 1.418848514556884766e+00 1.565409779548645020e+00 -7.719576954841613770e-01 1.862341165542602539e+00 -1.663365125656127930e+00 -4.619471430778503418e-01 -2.133258819580078125e+00 1.710971593856811523e+00 -7.486082315444946289e-01 -1.066885113716125488e+00 -8.454886674880981445e-01 -8.593879640102386475e-03 5.329619646072387695e-01 1.903578996658325195e+00 1.071662545204162598e+00 1.545104146003723145e+00 -5.992935895919799805e-01 -8.157302141189575195e-01 -4.949761033058166504e-01
-1.350404977798461914e+00 1.273119688034057617e+00 1.593636989593505859e+00 -6.022809147834777832e-01 1.822813510894775391e+00 -1.620294213294982910e+00 -5.206712484359741211e-01 -2.123244762420654297e+00 1.617997169494628906e+00 -5.982435345649719238e-01 -1.113620162010192871e+00 -1.024863123893737793e+00 -1.787693053483963013e-02 3.987651765346527100e-01 1.908331513404846191e+00 1.011916279792785645e+00 1.537519335746765137e+00 -5.383894443511962891e-01 -9.188042879104614258e-01 -3.386924862861633301e-01
-1.329145431518554688e+00 1.216769218444824219e+00 1.607757210731506348e+00 -5.737509131431579590e-01 1.740243911743164062e+00 -1.595650553703308105e+00 -5.571855306625366211e-01 -2.152981042861938477e+00 1.578710079193115234e+00 -4.356549084186553955e-01 -1.143745183944702148e+00 -1.197055697441101074e+00 -8.300119638442993164e-02 3.111710548400878906e-01 1.846927642822265625e+00 9.444255232810974121e-01 1.599705576896667480e+00 -5.103743076324462891e-01 -1.060627937316894531e+00 -2.562328279018402100e-01
-1.288995504379272461e+00 1.257190108299255371e+00 1.612366676330566406e+00 -6.957272291183471680e-01 1.616612553596496582e+00 -1.590512156486511230e+00 -5.651564002037048340e-01 -2.212683916091918945e+00 1.573360323905944824e+00 -2.802736461162567139e-01 -1.157569169998168945e+00 -1.323285579681396484e+00 -1.919830739498138428e-01 2.716008424758911133e-01 1.738817334175109863e+00 8.797190785408020020e-01 1.709279060363769531e+00 -5.204299688339233398e-01 -1.215063333511352539e+00 -2.739547193050384521e-01
-1.201947093009948730e+00 1.327200293540954590e+00 1.564632892608642578e+00 -9.577261805534362793e-01 1.435930609703063965e+00 -1.547518610954284668e+00 -5.477862954139709473e-01 -2.264052867889404297e+00 1.548578023910522461e+00 -1.029169708490371704e-01 -1.128748059272766113e+00 -1.424680829048156738e+00 -3.402367234230041504e-01 2.800321280956268311e-01 1.597588062286376953e+00 7.926409244537353516e-01 1.882658600807189941e+00 -5.234540104866027832e-01 -1.367659807205200195e+00 -3.405610024929046631e-01
-1.107865095138549805e+00 1.424845218658447266e+00 1.509592056274414062e+00 -1.225385189056396484e+00 1.325464606285095215e+00 -1.495683193206787109e+00 -5.583825707435607910e-01 -2.297458648681640625e+00 1.550184130668640137e+00 6.152138113975524902e-03 -1.073202371597290039e+00 -1.450713872909545898e+00 -4.342341721057891846e-01 2.904601395130157471e-01 1.520112872123718262e+00 7.725448608398437500e-01 2.029783487319946289e+00 -5.009604692459106445e-01 -1.468550443649291992e+00 -4.590283930301666260e-01
-1.016954421997070312e+00 1.514448285102844238e+00 1.461750149726867676e+00 -1.460527539253234863e+00 1.303458213806152344e+00 -1.443068981170654297e+00 -5.543636679649353027e-01 -2.334422588348388672e+00 1.585901498794555664e+00 4.527395218610763550e-02 -9.969912767410278320e-01 -1.432458519935607910e+00 -4.764513075351715088e-01 2.815573811531066895e-01 1.526062488555908203e+00 8.239953517913818359e-01 2.136049032211303711e+00 -4.995622038841247559e-01 -1.521452903747558594e+00 -5.954152941703796387e-01
-9.646546840667724609e-01 1.547719240188598633e+00 1.420797944068908691e+00 -1.608012437820434570e+00 1.317874550819396973e+00 -1.402679324150085449e+00 -5.359660983085632324e-01 -2.348834514617919922e+00 1.631181716918945312e+00 4.519276320934295654e-02 -9.576332569122314453e-01 -1.411058545112609863e+00 -4.826646149158477783e-01 2.834706902503967285e-01 1.553013801574707031e+00 8.662851452827453613e-01 2.203411817550659180e+00 -5.031390190124511719e-01 -1.523991346359252930e+00 -6.825397014617919922e-01
-9.321314096450805664e-01 1.547837734222412109e+00 1.396767139434814453e+00 -1.696648120880126953e+00 1.360819101333618164e+00 -1.391869425773620605e+00 -4.998505115509033203e-01 -2.359171152114868164e+00 1.678048133850097656e+00 2.959503233432769775e-02 -9.514311552047729492e-01 -1.388464450836181641e+00 -4.612787961959838867e-01 2.932334840297698975e-01 1.591816186904907227e+00 8.880349397659301758e-01 2.237794876098632812e+00 -5.169457197189331055e-01 -1.494352579116821289e+00 -7.371023893356323242e-01
-9.079862833023071289e-01 1.538801789283752441e+00 1.390303850173950195e+00 -1.749463081359863281e+00 1.430009484291076660e+00 -1.415106177330017090e+00 -4.540166556835174561e-01 -2.373219251632690430e+00 1.744950175285339355e+00 7.909610867500305176e-04 -9.688839316368103027e-01 -1.369932174682617188e+00 -4.270136058330535889e-01 3.054663836956024170e-01 1.634314179420471191e+00 9.007765054702758789e-01 2.263818502426147461e+00 -5.345396399497985840e-01 -1.446118235588073730e+00 -7.742584347724914551e-01
-9.056471586227416992e-01 1.524905920028686523e+00 1.401452064514160156e+00 -1.771166086196899414e+00 1.515972256660461426e+00 -1.461470961570739746e+00 -4.123594164848327637e-01 -2.402099847793579102e+00 1.813369989395141602e+00 -3.202509135007858276e-02 -1.001617431640625000e+00 -1.369748234748840332e+00 -3.849626779556274414e-01 3.184725046157836914e-01 1.689170718193054199e+00 9.114893078804016113e-01 2.292253494262695312e+00 -5.543745756149291992e-01 -1.399385452270507812e+00 -7.879036068916320801e-01
-9.146173000335693359e-01 1.491034030914306641e+00 1.413750290870666504e+00 -1.757164716720581055e+00 1.599977493286132812e+00 -1.508661627769470215e+00 -3.684505522251129150e-01 -2.438596248626708984e+00 1.863902926445007324e+00 -6.803902238607406616e-02 -1.039386987686157227e+00 -1.367809414863586426e+00 -3.258725702762603760e-01 3.308208584785461426e-01 1.749737739562988281e+00 9.143093228340148926e-01 2.298710823059082031e+00 -5.784202814102172852e-01 -1.344108581542968750e+00 -7.682876586914062500e-01
-9.302894473075866699e-01 1.438840627670288086e+00 1.418404340744018555e+00 -1.705668926239013672e+00 1.671989083290100098e+00 -1.549204468727111816e+00 -3.308545947074890137e-01 -2.470353126525878906e+00 1.891263604164123535e+00 -1.045829504728317261e-01 -1.071795940399169922e+00 -1.354894757270812988e+00 -2.514395713806152344e-01 3.471331894397735596e-01 1.803795576095581055e+00 9.056422710418701172e-01 2.275392055511474609e+00 -6.056652069091796875e-01 -1.279053092002868652e+00 -7.134419679641723633e-01
-9.468337893486022949e-01 1.371872425079345703e+00 1.402367591857910156e+00 -1.623570203781127930e+00 1.715909242630004883e+00 -1.577176451683044434e+00 -3.107188642024993896e-01 -2.478076934814453125e+00 1.883467435836791992e+00 -1.317393481731414795e-01 -1.089738845825195312e+00 -1.322618365287780762e+00 -1.696893274784088135e-01 3.698801994323730469e-01 1.834035634994506836e+00 8.801833391189575195e-01 2.214586973190307617e+00 -6.353467702865600586e-01 -1.200309514999389648e+00 -6.297665834426879883e-01
-9.694930315017700195e-01 1.286087155342102051e+00 1.376587629318237305e+00 -1.523464918136596680e+00 1.760282993316650391e+00 -1.591050028800964355e+00 -3.405361473560333252e-01 -2.455360174179077148e+00 1.862085700035095215e+00 -1.484253406524658203e-01 -1.080299615859985352e+00 -1.270520925521850586e+00 -7.775707542896270752e-02 4.232064783573150635e-01 1.848394989967346191e+00 8.620537519454956055e-01 2.142100811004638672e+00 -6.448183059692382812e-01 -1.116122364997863770e+00 -5.159826278686523438e-01
-9.989360570907592773e-01 1.242533564567565918e+00 1.354387760162353516e+00 -1.450170159339904785e+00 1.786234736442565918e+00 -1.595993280410766602e+00 -4.362957477569580078e-01 -2.422433614730834961e+00 1.815218329429626465e+00 -1.546570956707000732e-01 -1.031669020652770996e+00 -1.199289441108703613e+00 -7.710196077823638916e-03 4.707662463188171387e-01 1.854025721549987793e+00 8.634349107742309570e-01 2.058270931243896484e+00 -6.560806035995483398e-01 -1.055087089538574219e+00 -4.225824773311614990e-01
-1.030260443687438965e+00 1.261968135833740234e+00 1.325343251228332520e+00 -1.443126320838928223e+00 1.788340091705322266e+00 -1.583890795707702637e+00 -5.739438533782958984e-01 -2.383301973342895508e+00 1.775215983390808105e+00 -1.575789749622344971e-01 -9.399747252464294434e-01 -1.122683763504028320e+00 2.069032751023769379e-02 5.350695252418518066e-01 1.839864969253540039e+00 8.738433122634887695e-01 2.007955074310302734e+00 -6.776846647262573242e-01 -1.031115531921386719e+00 -3.559563457965850830e-01
-1.050418853759765625e+00 1.351744532585144043e+00 1.292579650878906250e+00 -1.514552354812622070e+00 1.769171714782714844e+00 -1.550235867500305176e+00 -7.373405694961547852e-01 -2.330199003219604492e+00 1.760003566741943359e+00 -1.643725037574768066e-01 -8.053267598152160645e-01 -1.044332504272460938e+00 -1.279633492231369019e-03 6.132562160491943359e-01 1.802472233772277832e+00 8.951761126518249512e-01 2.005973577499389648e+00 -7.056759595870971680e-01 -1.047624707221984863e+00 -3.330844342708587646e-01
-1.031781077384948730e+00 1.509775876998901367e+00 1.300414323806762695e+00 -1.646281838417053223e+00 1.751482129096984863e+00 -1.491006135940551758e+00 -8.859570026397705078e-01 -2.234089612960815430e+00 1.799775004386901855e+00 -1.991704404354095459e-01 -6.700516343116760254e-01 -9.746032953262329102e-01 -9.110640734434127808e-02 6.688517928123474121e-01 1.755430698394775391e+00 9.359129667282104492e-01 2.057887077331542969e+00 -7.049552202224731445e-01 -1.110816240310668945e+00 -3.976778090000152588e-01
-1.021665573120117188e+00 1.687493562698364258e+00 1.339491724967956543e+00 -1.826620697975158691e+00 1.769520998001098633e+00 -1.371537804603576660e+00 -1.055389642715454102e+00 -2.080348253250122070e+00 1.866427540779113770e+00 -3.083782494068145752e-01 -5.793316960334777832e-01 -8.766796588897705078e-01 -2.487013936042785645e-01 6.921259164810180664e-01 1.736433148384094238e+00 1.037053704261779785e+00 2.107018470764160156e+00 -6.374198198318481445e-01 -1.199057698249816895e+00 -5.060190558433532715e-01
-9.888786673545837402e-01 1.823562979698181152e+00 1.381597280502319336e+00 -1.977917313575744629e+00 1.806424736976623535e+00 -1.242564678192138672e+00 -1.202674388885498047e+00 -1.912090897560119629e+00 1.950372815132141113e+00 -4.283161163330078125e-01 -5.250123739242553711e-01 -7.884215116500854492e-01 -4.265603125095367432e-01 6.522691249847412109e-01 1.745979189872741699e+00 1.142980575561523438e+00 2.117354631423950195e+00 -5.460165739059448242e-01 -1.266896247863769531e+00 -5.904986858367919922e-01
-9.297230839729309082e-01 1.887999415397644043e+00 1.426182866096496582e+00 -2.059564828872680664e+00 1.807451128959655762e+00 -1.094677805900573730e+00 -1.298015475273132324e+00 -1.701664566993713379e+00 1.983698487281799316e+00 -5.225306749343872070e-01 -4.763047695159912109e-01 -7.072753310203552246e-01 -5.815188288688659668e-01 5.658439993858337402e-01 1.746731638908386230e+00 1.227247834205627441e+00 2.079553604125976562e+00 -4.361580014228820801e-01 -1.320627450942993164e+00 -6.549409031867980957e-01
-8.875598907470703125e-01 1.923863887786865234e+00 1.509954452514648438e+00 -2.081712484359741211e+00 1.854068756103515625e+00 -9.977080225944519043e-01 -1.357831120491027832e+00 -1.538294553756713867e+00 2.022902488708496094e+00 -5.946661829948425293e-01 -4.717276096343994141e-01 -6.611497998237609863e-01 -6.920301318168640137e-01 4.764229655265808105e-01 1.802803039550781250e+00 1.306109547615051270e+00 2.045350551605224609e+00 -3.466158211231231689e-01 -1.363148212432861328e+00 -7.033726572990417480e-01
-8.178625702857971191e-01 1.893573880195617676e+00 1.581284165382385254e+00 -2.036649465560913086e+00 1.918414950370788574e+00 -9.029605388641357422e-01 -1.382001519203186035e+00 -1.365304708480834961e+00 2.034917831420898438e+00 -6.488602757453918457e-01 -4.775063991546630859e-01 -6.116710901260375977e-01 -7.492588758468627930e-01 3.723713457584381104e-01 1.850016236305236816e+00 1.357078552246093750e+00 1.964358091354370117e+00 -2.582641243934631348e-01 -1.363925814628601074e+00 -7.264354825019836426e-01
-7.088250517845153809e-01 1.799780726432800293e+00 1.664279580116271973e+00 -1.929327368736267090e+00 1.989604115486145020e+00 -8.118831515312194824e-01 -1.395751357078552246e+00 -1.164414644241333008e+00 2.053618907928466797e+00 -6.813734173774719238e-01 -5.012024044990539551e-01 -5.911446809768676758e-01 -7.732709050178527832e-01 2.230593562126159668e-01 1.891284108161926270e+00 1.390751719474792480e+00 1.870816826820373535e+00 -1.489727497100830078e-01 -1.370638847351074219e+00 -7.122052907943725586e-01
-6.043202280998229980e-01 1.659218430519104004e+00 1.794288277626037598e+00 -1.755681395530700684e+00 2.153517246246337891e+00 -7.545508146286010742e-01 -1.414292693138122559e+00 -1.005248785018920898e+00 2.116760253906250000e+00 -7.100005745887756348e-01 -5.791013240814208984e-01 -6.334246397018432617e-01 -8.062268495559692383e-01 5.291197448968887329e-03 1.977517247200012207e+00 1.446085453033447266e+00 1.812519788742065430e+00 -5.170828104019165039e-02 -1.427885413169860840e+00 -6.762482523918151855e-01
-5.469750165939331055e-01 1.439108610153198242e+00 2.023064136505126953e+00 -1.425187110900878906e+00 2.380196809768676758e+00 -7.534294724464416504e-01 -1.401035785675048828e+00 -8.805899620056152344e-01 2.210267305374145508e+00 -7.637501358985900879e-01 -7.792410254478454590e-01 -7.692722678184509277e-01 -7.971309423446655273e-01 -3.118237853050231934e-01 2.191618680953979492e+00 1.530761361122131348e+00 1.744742870330810547e+00 6.783506274223327637e-02 -1.513062119483947754e+00 -5.891174674034118652e-01
-6.321050524711608887e-01 1.245928049087524414e+00 2.268693685531616211e+00 -1.119978427886962891e+00 2.542548894882202148e+00 -8.221737146377563477e-01 -1.379540443420410156e+00 -8.764728307723999023e-01 2.259280204772949219e+00 -8.228371143341064453e-01 -1.001748919486999512e+00 -9.537431597709655762e-01 -7.168590426445007324e-01 -5.427742004394531250e-01 2.447061300277709961e+00 1.564308524131774902e+00 1.669234395027160645e+00 1.450979709625244141e-01 -1.561987638473510742e+00 -3.988063633441925049e-01
-7.064983844757080078e-01 1.045930624008178711e+00 2.361459970474243164e+00 -8.831093907356262207e-01 2.540753126144409180e+00 -9.017380475997924805e-01 -1.271729230880737305e+00 -9.376127123832702637e-01 2.178247690200805664e+00 -7.998352646827697754e-01 -1.128113150596618652e+00 -1.092026233673095703e+00 -5.714402198791503906e-01 -6.322323083877563477e-01 2.560741424560546875e+00 1.523533582687377930e+00 1.576884984970092773e+00 1.447938382625579834e-01 -1.533359646797180176e+00 -2.142477184534072876e-01
-7.892993092536926270e-01 8.911788463592529297e-01 2.392449855804443359e+00 -7.201120853424072266e-01 2.496231079101562500e+00 -9.953371286392211914e-01 -1.167716264724731445e+00 -1.056356906890869141e+00 2.074358463287353516e+00 -7.169590592384338379e-01 -1.214571475982666016e+00 -1.202995657920837402e+00 -4.630608856678009033e-01 -6.368973851203918457e-01 2.577826023101806641e+00 1.474433064460754395e+00 1.517187952995300293e+00 1.264198571443557739e-01 -1.506580829620361328e+00 -1.074172258377075195e-01
-8.373410105705261230e-01 7.832211256027221680e-01 2.373666048049926758e+00 -6.472770571708679199e-01 2.413805961608886719e+00 -1.061180233955383301e+00 -1.091261267662048340e+00 -1.136711478233337402e+00 1.960335493087768555e+00 -6.249626278877258301e-01 -1.240144371986389160e+00 -1.251590490341186523e+00 -3.922747373580932617e-01 -5.925341844558715820e-01 2.546782970428466797e+00 1.423921227455139160e+00 1.473103880882263184e+00 8.880102634429931641e-02 -1.478525638580322266e+00 -4.548004269599914551e-02
-8.568628430366516113e-01 7.089651823043823242e-01 2.333899736404418945e+00 -6.425999402999877930e-01 2.325774908065795898e+00 -1.115417003631591797e+00 -1.029670238494873047e+00 -1.192858099937438965e+00 1.864550709724426270e+00 -5.364680290222167969e-01 -1.234651684761047363e+00 -1.262247920036315918e+00 -3.490333259105682373e-01 -5.124366879463195801e-01 2.508523464202880859e+00 1.365211963653564453e+00 1.450893640518188477e+00 2.921317517757415771e-02 -1.449229240417480469e+00 -4.546057432889938354e-03
-8.372299671173095703e-01 6.481567025184631348e-01 2.256843090057373047e+00 -7.224106788635253906e-01 2.197215318679809570e+00 -1.138843417167663574e+00 -9.755702614784240723e-01 -1.214799880981445312e+00 1.770066976547241211e+00 -4.360174834728240967e-01 -1.186620593070983887e+00 -1.244020342826843262e+00 -3.429882824420928955e-01 -4.035005867481231689e-01 2.439116716384887695e+00 1.295953154563903809e+00 1.461555719375610352e+00 -3.107389621436595917e-02 -1.429787516593933105e+00 2.199373021721839905e-02
-7.456073760986328125e-01 6.384062170982360840e-01 2.105482816696166992e+00 -9.549404978752136230e-01 1.964541554450988770e+00 -1.139481663703918457e+00 -8.833938837051391602e-01 -1.210601568222045898e+00 1.674913525581359863e+00 -3.079355657100677490e-01 -1.045712471008300781e+00 -1.161852598190307617e+00 -3.909073173999786377e-01 -2.446971237659454346e-01 2.296220064163208008e+00 1.193275332450866699e+00 1.496155619621276855e+00 -1.178985685110092163e-01 -1.416035652160644531e+00 -8.439831435680389404e-03
-6.400746107101440430e-01 7.622682452201843262e-01 1.847752928733825684e+00 -1.345769643783569336e+00 1.670493602752685547e+00 -1.108604431152343750e+00 -7.949538826942443848e-01 -1.204463481903076172e+00 1.575085401535034180e+00 -2.174788713455200195e-01 -8.368902802467346191e-01 -9.301484227180480957e-01 -4.825023114681243896e-01 6.218157336115837097e-02 2.027173280715942383e+00 1.046011328697204590e+00 1.525777697563171387e+00 -2.452866584062576294e-01 -1.346648097038269043e+00 -1.212098747491836548e-01
-6.230510473251342773e-01 1.122347116470336914e+00 1.593028426170349121e+00 -1.775255560874938965e+00 1.556015610694885254e+00 -1.103467583656311035e+00 -7.820923328399658203e-01 -1.311764717102050781e+00 1.646052122116088867e+00 -2.508968710899353027e-01 -6.961859464645385742e-01 -7.268398404121398926e-01 -5.660025477409362793e-01 3.790823817253112793e-01 1.831004381179809570e+00 9.940790534019470215e-01 1.681679487228393555e+00 -3.845813274383544922e-01 -1.270803093910217285e+00 -3.797600567340850830e-01
-6.758010387420654297e-01 1.393830180168151855e+00 1.496488451957702637e+00 -1.987123608589172363e+00 1.614019870758056641e+00 -1.138572812080383301e+00 -8.118073940277099609e-01 -1.450171232223510742e+00 1.788448214530944824e+00 -3.308864831924438477e-01 -6.355180144309997559e-01 -6.691859364509582520e-01 -6.119789481163024902e-01 5.244664549827575684e-01 1.757437467575073242e+00 1.064535975456237793e+00 1.853753566741943359e+00 -4.392005801200866699e-01 -1.267653822898864746e+00 -5.732820034027099609e-01
-7.117362022399902344e-01 1.539040327072143555e+00 1.480022788047790527e+00 -2.082312345504760742e+00 1.652612328529357910e+00 -1.131613373756408691e+00 -8.366257548332214355e-01 -1.518308877944946289e+00 1.875532507896423340e+00 -3.842599987983703613e-01 -6.225458383560180664e-01 -6.682193279266357422e-01 -6.360376477241516113e-01 5.417032241821289062e-01 1.737059116363525391e+00 1.100090861320495605e+00 1.928099274635314941e+00 -4.354078471660614014e-01 -1.283978939056396484e+00 -6.791486740112304688e-01
