-6.066699624061584473e-01 1.436427354812622070e+00 1.802717804908752441e+00 -8.756562471389770508e-01 1.508186221122741699e+00 -1.292092680931091309e+00 -5.806438922882080078e-01 -1.247537851333618164e+00 1.689741134643554688e+00 -4.260714948177337646e-01 -9.973851442337036133e-01 -1.027138471603393555e+00 -3.134088516235351562e-01 -3.897510766983032227e-01 1.816726565361022949e+00 7.000051140785217285e-01 1.207796096801757812e+00 -2.720921635627746582e-01 -1.177884578704833984e+00 -3.848554193973541260e-01
-6.455542445182800293e-01 1.443132877349853516e+00 1.658654808998107910e+00 -9.925663471221923828e-01 1.393618941307067871e+00 -1.244737029075622559e+00 -5.432592630386352539e-01 -1.207255363464355469e+00 1.574478626251220703e+00 -4.830264747142791748e-01 -8.822590112686157227e-01 -8.406475782394409180e-01 -2.494457662105560303e-01 -2.334231585264205933e-01 1.818648576736450195e+00 7.852161526679992676e-01 1.155852317810058594e+00 -3.349545001983642578e-01 -1.043051481246948242e+00 -4.642644524574279785e-01
-6.988916993141174316e-01 1.435152411460876465e+00 1.512233972549438477e+00 -1.119136095046997070e+00 1.265661358833312988e+00 -1.166163682937622070e+00 -5.004682540893554688e-01 -1.170433878898620605e+00 1.456613063812255859e+00 -5.431618094444274902e-01 -7.775682210922241211e-01 -6.531325578689575195e-01 -2.089733779430389404e-01 -9.859606623649597168e-02 1.819324016571044922e+00 8.893718123435974121e-01 1.106827974319458008e+00 -3.876175582408905029e-01 -9.246543049812316895e-01 -5.626009702682495117e-01
-7.845916748046875000e-01 1.469487071037292480e+00 1.417209744453430176e+00 -1.284311294555664062e+00 1.179441213607788086e+00 -1.100417256355285645e+00 -4.809227585792541504e-01 -1.195253849029541016e+00 1.413523316383361816e+00 -6.029620170593261719e-01 -7.075355052947998047e-01 -5.260422825813293457e-01 -2.182760238647460938e-01 3.340104594826698303e-02 1.818577885627746582e+00 9.927067160606384277e-01 1.136382222175598145e+00 -4.264320135116577148e-01 -8.703492879867553711e-01 -6.564859747886657715e-01
-8.974705934524536133e-01 1.522421836853027344e+00 1.404490232467651367e+00 -1.438694477081298828e+00 1.203828215599060059e+00 -1.062902212142944336e+00 -5.029776096343994141e-01 -1.253106117248535156e+00 1.432627558708190918e+00 -6.861251592636108398e-01 -7.073514461517333984e-01 -4.568157494068145752e-01 -2.292380332946777344e-01 1.527059078216552734e-01 1.867630124092102051e+00 1.118208646774291992e+00 1.204078912734985352e+00 -4.459681808948516846e-01 -8.750970363616943359e-01 -7.112832665443420410e-01
-9.926000833511352539e-01 1.554700970649719238e+00 1.428314924240112305e+00 -1.562120437622070312e+00 1.280852198600769043e+00 -1.032460570335388184e+00 -5.353579521179199219e-01 -1.318178534507751465e+00 1.478736162185668945e+00 -7.547541856765747070e-01 -7.280103564262390137e-01 -4.349168837070465088e-01 -2.486425936222076416e-01 2.287981957197189331e-01 1.928546547889709473e+00 1.218505859375000000e+00 1.283759474754333496e+00 -4.440656900405883789e-01 -9.058393239974975586e-01 -7.444447278976440430e-01
-1.059758424758911133e+00 1.567330241203308105e+00 1.454241633415222168e+00 -1.641366839408874512e+00 1.351968050003051758e+00 -9.947449564933776855e-01 -5.536250472068786621e-01 -1.369415402412414551e+00 1.523614645004272461e+00 -8.087642192840576172e-01 -7.495059967041015625e-01 -4.433524608612060547e-01 -2.735565602779388428e-01 2.615885734558105469e-01 1.969111084938049316e+00 1.287169814109802246e+00 1.353507280349731445e+00 -4.252461194992065430e-01 -9.455307722091674805e-01 -7.598116993904113770e-01
-1.105132579803466797e+00 1.565915584564208984e+00 1.486903190612792969e+00 -1.681616187095642090e+00 1.417732119560241699e+00 -9.573838114738464355e-01 -5.646244287490844727e-01 -1.412376523017883301e+00 1.572598099708557129e+00 -8.515871167182922363e-01 -7.674883008003234863e-01 -4.843598604202270508e-01 -3.066003024578094482e-01 2.564084529876708984e-01 1.996967792510986328e+00 1.336390972137451172e+00 1.421186804771423340e+00 -3.904474079608917236e-01 -9.981207847595214844e-01 -7.531171441078186035e-01
-1.119327187538146973e+00 1.536138534545898438e+00 1.519083261489868164e+00 -1.684343099594116211e+00 1.467363357543945312e+00 -9.046410322189331055e-01 -5.537883043289184570e-01 -1.437851905822753906e+00 1.617005228996276855e+00 -8.763594031333923340e-01 -7.823132276535034180e-01 -5.604396462440490723e-01 -3.374482989311218262e-01 2.044237256050109863e-01 2.007819652557373047e+00 1.353738665580749512e+00 1.479976058006286621e+00 -3.354100883007049561e-01 -1.057443857192993164e+00 -7.195448279380798340e-01
-1.104553103446960449e+00 1.461215376853942871e+00 1.545992255210876465e+00 -1.657624721527099609e+00 1.460169076919555664e+00 -8.558869957923889160e-01 -5.216403007507324219e-01 -1.453055143356323242e+00 1.638451457023620605e+00 -8.403114080429077148e-01 -8.009728193283081055e-01 -6.964701414108276367e-01 -3.816802501678466797e-01 1.141253858804702759e-01 1.993777513504028320e+00 1.322090029716491699e+00 1.541501998901367188e+00 -2.661378681659698486e-01 -1.138620734214782715e+00 -6.327365040779113770e-01
-1.038763880729675293e+00 1.361676931381225586e+00 1.606723904609680176e+00 -1.560158252716064453e+00 1.499269604682922363e+00 -8.381812572479248047e-01 -5.076435804367065430e-01 -1.478548765182495117e+00 1.672294378280639648e+00 -7.586447000503540039e-01 -8.452301621437072754e-01 -9.060457944869995117e-01 -4.235284328460693359e-01 -4.828625172376632690e-02 1.982066273689270020e+00 1.261933565139770508e+00 1.614270448684692383e+00 -1.728350967168807983e-01 -1.248352408409118652e+00 -5.068276524543762207e-01
-9.170860052108764648e-01 1.183796048164367676e+00 1.671540498733520508e+00 -1.354860067367553711e+00 1.501211881637573242e+00 -8.280223011970520020e-01 -5.232223868370056152e-01 -1.425087094306945801e+00 1.642624735832214355e+00 -6.222644448280334473e-01 -8.631640076637268066e-01 -1.108406782150268555e+00 -4.279466569423675537e-01 -2.361048609018325806e-01 1.928732275962829590e+00 1.144312500953674316e+00 1.601017594337463379e+00 -6.417036056518554688e-02 -1.325332760810852051e+00 -3.061616122722625732e-01
-8.418669700622558594e-01 1.061033248901367188e+00 1.771155357360839844e+00 -1.203038096427917480e+00 1.481361150741577148e+00 -8.531745672225952148e-01 -6.429603695869445801e-01 -1.303729414939880371e+00 1.575059175491333008e+00 -5.222152471542358398e-01 -8.356961011886596680e-01 -1.176109671592712402e+00 -4.135090410709381104e-01 -3.129224181175231934e-01 1.905964493751525879e+00 1.058381319046020508e+00 1.520917892456054688e+00 -1.663993112742900848e-02 -1.374449133872985840e+00 -1.074836403131484985e-01
-8.454734086990356445e-01 1.066753268241882324e+00 1.846427440643310547e+00 -1.103300333023071289e+00 1.456137180328369141e+00 -9.629025459289550781e-01 -8.240558505058288574e-01 -1.253340125083923340e+00 1.498683810234069824e+00 -4.568068683147430420e-01 -7.402627468109130859e-01 -1.137768745422363281e+00 -4.155987501144409180e-01 -2.159908860921859741e-01 1.862715363502502441e+00 1.006067037582397461e+00 1.464688658714294434e+00 -5.191781744360923767e-02 -1.394315242767333984e+00 3.568861633539199829e-02
-9.115471839904785156e-01 1.112424254417419434e+00 1.858935475349426270e+00 -1.068323850631713867e+00 1.427510619163513184e+00 -1.054050445556640625e+00 -9.807812571525573730e-01 -1.212088704109191895e+00 1.422332644462585449e+00 -4.647849500179290771e-01 -6.203429102897644043e-01 -1.001764178276062012e+00 -3.994081318378448486e-01 -7.970646023750305176e-03 1.826087951660156250e+00 9.977196455001831055e-01 1.412189364433288574e+00 -1.086446940898895264e-01 -1.344371676445007324e+00 1.312186419963836670e-01
-1.033332586288452148e+00 1.221279978752136230e+00 1.803698062896728516e+00 -1.131416559219360352e+00 1.326779842376708984e+00 -1.139574885368347168e+00 -1.129721164703369141e+00 -1.200512647628784180e+00 1.327317476272583008e+00 -4.910348057746887207e-01 -4.999139904975891113e-01 -7.906783819198608398e-01 -4.187931716442108154e-01 2.741276025772094727e-01 1.777564406394958496e+00 1.020033478736877441e+00 1.373389601707458496e+00 -1.920005232095718384e-01 -1.276324391365051270e+00 1.311239749193191528e-01
-1.214751720428466797e+00 1.475075840950012207e+00 1.780056238174438477e+00 -1.334937334060668945e+00 1.350996136665344238e+00 -1.295785784721374512e+00 -1.298612356185913086e+00 -1.310835838317871094e+00 1.361014604568481445e+00 -5.937639474868774414e-01 -4.527383148670196533e-01 -5.648637413978576660e-01 -4.081514477729797363e-01 5.861899852752685547e-01 1.854473352432250977e+00 1.193175911903381348e+00 1.432548284530639648e+00 -3.276548087596893311e-01 -1.212681889533996582e+00 -1.108092814683914185e-02
-1.344606757164001465e+00 1.696911454200744629e+00 1.727436900138854980e+00 -1.526249766349792480e+00 1.410171866416931152e+00 -1.422023415565490723e+00 -1.335155367851257324e+00 -1.438166379928588867e+00 1.445208430290222168e+00 -7.162156701087951660e-01 -4.620426595211029053e-01 -3.850094079971313477e-01 -3.700474202632904053e-01 8.315094709396362305e-01 1.926542878150939941e+00 1.355327844619750977e+00 1.512424349784851074e+00 -4.451980590820312500e-01 -1.108953595161437988e+00 -2.134468257427215576e-01
-1.407108187675476074e+00 1.832869648933410645e+00 1.631695508956909180e+00 -1.658175110816955566e+00 1.439150333404541016e+00 -1.479685783386230469e+00 -1.288098216056823730e+00 -1.527960300445556641e+00 1.501332640647888184e+00 -8.075141310691833496e-01 -4.870471358299255371e-01 -2.542681097984313965e-01 -3.277458548545837402e-01 9.831628203392028809e-01 1.932955741882324219e+00 1.428843379020690918e+00 1.549874424934387207e+00 -5.304732322692871094e-01 -9.986137747764587402e-01 -3.791991174221038818e-01
-1.436143159866333008e+00 1.905698895454406738e+00 1.573822617530822754e+00 -1.749194979667663574e+00 1.474060416221618652e+00 -1.507133960723876953e+00 -1.226777672767639160e+00 -1.605890393257141113e+00 1.556344389915466309e+00 -8.581401109695434570e-01 -5.300015807151794434e-01 -2.041342258453369141e-01 -2.994842827320098877e-01 1.047678828239440918e+00 1.938246130943298340e+00 1.442649960517883301e+00 1.578197956085205078e+00 -5.897577404975891113e-01 -9.426033496856689453e-01 -4.782474339008331299e-01
-1.437269330024719238e+00 1.937489867210388184e+00 1.541822314262390137e+00 -1.809820532798767090e+00 1.525220751762390137e+00 -1.518543601036071777e+00 -1.163576483726501465e+00 -1.674177050590515137e+00 1.610388398170471191e+00 -8.854390382766723633e-01 -5.775544047355651855e-01 -1.907415390014648438e-01 -2.731739580631256104e-01 1.064904451370239258e+00 1.950168013572692871e+00 1.435842990875244141e+00 1.602453112602233887e+00 -6.262241005897521973e-01 -9.089567065238952637e-01 -5.551338195800781250e-01
-1.420886039733886719e+00 1.947373867034912109e+00 1.501710534095764160e+00 -1.835006713867187500e+00 1.573145031929016113e+00 -1.518524289131164551e+00 -1.081107974052429199e+00 -1.734859347343444824e+00 1.652244806289672852e+00 -9.065279960632324219e-01 -6.279118061065673828e-01 -1.917654275894165039e-01 -2.440280020236968994e-01 1.053283810615539551e+00 1.945566773414611816e+00 1.406104803085327148e+00 1.609331488609313965e+00 -6.510647535324096680e-01 -8.728229403495788574e-01 -6.187118887901306152e-01
-1.391547799110412598e+00 1.937449812889099121e+00 1.470024466514587402e+00 -1.839927077293395996e+00 1.606363773345947266e+00 -1.507060527801513672e+00 -9.950142502784729004e-01 -1.789022088050842285e+00 1.673150181770324707e+00 -9.122884273529052734e-01 -6.674191355705261230e-01 -2.210891246795654297e-01 -2.192145884037017822e-01 1.010452151298522949e+00 1.934855103492736816e+00 1.355960726737976074e+00 1.611812353134155273e+00 -6.614946722984313965e-01 -8.528867959976196289e-01 -6.500878334045410156e-01
-1.332966804504394531e+00 1.879540443420410156e+00 1.417195677757263184e+00 -1.805254340171813965e+00 1.626215696334838867e+00 -1.482031702995300293e+00 -8.666684031486511230e-01 -1.840355634689331055e+00 1.664607644081115723e+00 -8.925366997718811035e-01 -7.098138928413391113e-01 -2.643909454345703125e-01 -1.833201348781585693e-01 9.428983926773071289e-01 1.890307307243347168e+00 1.263871908187866211e+00 1.585861086845397949e+00 -6.650173068046569824e-01 -8.196200132369995117e-01 -6.665114164352416992e-01
-1.213594794273376465e+00 1.725041747093200684e+00 1.325630307197570801e+00 -1.691786050796508789e+00 1.617769360542297363e+00 -1.411429047584533691e+00 -6.630878448486328125e-01 -1.869032621383666992e+00 1.600719690322875977e+00 -8.188399076461791992e-01 -7.671704888343811035e-01 -3.370298147201538086e-01 -1.428925693035125732e-01 8.104708194732666016e-01 1.780091166496276855e+00 1.091672778129577637e+00 1.507250547409057617e+00 -6.407883167266845703e-01 -7.753941416740417480e-01 -6.673995852470397949e-01
-9.914413690567016602e-01 1.462955355644226074e+00 1.262317895889282227e+00 -1.443848729133605957e+00 1.603462219238281250e+00 -1.321014046669006348e+00 -3.710334002971649170e-01 -1.890776634216308594e+00 1.547969341278076172e+00 -6.046808958053588867e-01 -8.984163403511047363e-01 -6.107356548309326172e-01 -1.330158412456512451e-01 5.240988731384277344e-01 1.619061112403869629e+00 8.225694298744201660e-01 1.507893085479736328e+00 -5.362721681594848633e-01 -8.295172452926635742e-01 -6.392796039581298828e-01
-6.894908547401428223e-01 1.254718780517578125e+00 1.446797609329223633e+00 -1.139382481575012207e+00 1.765694975852966309e+00 -1.343109369277954102e+00 -2.898697257041931152e-01 -1.884852528572082520e+00 1.664887428283691406e+00 -2.988595366477966309e-01 -1.086912870407104492e+00 -1.087225079536437988e+00 -1.746945083141326904e-01 2.395501732826232910e-02 1.609945178031921387e+00 6.925989389419555664e-01 1.618950843811035156e+00 -3.582671284675598145e-01 -1.071435809135437012e+00 -5.698786973953247070e-01
-6.347529888153076172e-01 1.098720073699951172e+00 1.754262208938598633e+00 -9.557774066925048828e-01 1.928475022315979004e+00 -1.349039673805236816e+00 -4.498608410358428955e-01 -1.838710784912109375e+00 1.805588245391845703e+00 -1.219318807125091553e-01 -1.255805253982543945e+00 -1.465822815895080566e+00 -2.338640391826629639e-01 -2.578797340393066406e-01 1.786840438842773438e+00 7.539193630218505859e-01 1.752490401268005371e+00 -2.203097343444824219e-01 -1.349615454673767090e+00 -4.179938137531280518e-01
-6.573593020439147949e-01 1.051638722419738770e+00 1.935839176177978516e+00 -9.031157493591308594e-01 1.973520398139953613e+00 -1.320681214332580566e+00 -6.158086657524108887e-01 -1.777140259742736816e+00 1.865614414215087891e+00 -7.761041820049285889e-02 -1.284927368164062500e+00 -1.622733950614929199e+00 -3.141853809356689453e-01 -3.525243401527404785e-01 1.882161021232604980e+00 8.088701367378234863e-01 1.821795105934143066e+00 -1.380771845579147339e-01 -1.510936617851257324e+00 -2.960775494575500488e-01
-6.673728227615356445e-01 1.017705321311950684e+00 2.002475738525390625e+00 -8.780544996261596680e-01 1.956968784332275391e+00 -1.285158514976501465e+00 -7.327647805213928223e-01 -1.707900404930114746e+00 1.855075955390930176e+00 -4.508926719427108765e-02 -1.263822078704833984e+00 -1.669264197349548340e+00 -3.763204813003540039e-01 -3.735413551330566406e-01 1.900671362876892090e+00 8.372382521629333496e-01 1.841374039649963379e+00 -9.515121579170227051e-02 -1.586684584617614746e+00 -2.214365750551223755e-01
-6.652074456214904785e-01 1.001441836357116699e+00 2.003946065902709961e+00 -8.682731389999389648e-01 1.923669576644897461e+00 -1.256107449531555176e+00 -8.167276978492736816e-01 -1.646922707557678223e+00 1.820315003395080566e+00 -1.883135363459587097e-02 -1.226630568504333496e+00 -1.652467012405395508e+00 -4.219762980937957764e-01 -3.524915575981140137e-01 1.874016523361206055e+00 8.467118740081787109e-01 1.835081815719604492e+00 -7.873731851577758789e-02 -1.607730150222778320e+00 -1.902735978364944458e-01
-6.531236171722412109e-01 1.001867651939392090e+00 1.951837897300720215e+00 -8.658574819564819336e-01 1.883719682693481445e+00 -1.233053684234619141e+00 -8.780413269996643066e-01 -1.598626732826232910e+00 1.776191949844360352e+00 5.866691470146179199e-03 -1.177133083343505859e+00 -1.600143432617187500e+00 -4.524149000644683838e-01 -3.038946390151977539e-01 1.814123749732971191e+00 8.383572697639465332e-01 1.816646337509155273e+00 -8.567528426647186279e-02 -1.589959621429443359e+00 -1.841888427734375000e-01
-6.378201246261596680e-01 1.044248938560485840e+00 1.860319972038269043e+00 -8.728164434432983398e-01 1.849313139915466309e+00 -1.230747103691101074e+00 -9.555380940437316895e-01 -1.574804306030273438e+00 1.747907161712646484e+00 3.045827895402908325e-02 -1.100925683975219727e+00 -1.526399612426757812e+00 -4.673250913619995117e-01 -2.320764809846878052e-01 1.739194869995117188e+00 8.239148259162902832e-01 1.804795622825622559e+00 -1.188834011554718018e-01 -1.547535777091979980e+00 -1.913920193910598755e-01
-6.135063767433166504e-01 1.121162652969360352e+00 1.732822418212890625e+00 -8.858393430709838867e-01 1.836023926734924316e+00 -1.234688401222229004e+00 -1.031403779983520508e+00 -1.563268303871154785e+00 1.740403890609741211e+00 4.262615740299224854e-02 -1.007859945297241211e+00 -1.432596325874328613e+00 -4.607875645160675049e-01 -1.467195749282836914e-01 1.649286866188049316e+00 8.002079129219055176e-01 1.794100642204284668e+00 -1.729081422090530396e-01 -1.477115273475646973e+00 -2.175703793764114380e-01
-5.836849212646484375e-01 1.215429067611694336e+00 1.585401296615600586e+00 -8.955036401748657227e-01 1.829531550407409668e+00 -1.243361234664916992e+00 -1.096912980079650879e+00 -1.558146119117736816e+00 1.736302971839904785e+00 4.419180750846862793e-02 -9.069394469261169434e-01 -1.325980544090270996e+00 -4.386730790138244629e-01 -6.257402896881103516e-02 1.552122116088867188e+00 7.664694786071777344e-01 1.771829843521118164e+00 -2.384223788976669312e-01 -1.385770320892333984e+00 -2.488207668066024780e-01
-5.629265308380126953e-01 1.325730681419372559e+00 1.456999421119689941e+00 -9.104520082473754883e-01 1.835420489311218262e+00 -1.256656169891357422e+00 -1.163670897483825684e+00 -1.558306455612182617e+00 1.741676926612854004e+00 2.549115568399429321e-02 -8.058882355690002441e-01 -1.224155306816101074e+00 -4.142025113105773926e-01 1.481742784380912781e-02 1.468179583549499512e+00 7.311855554580688477e-01 1.751711130142211914e+00 -3.003515601158142090e-01 -1.299253702163696289e+00 -2.658096253871917725e-01
-5.682015419006347656e-01 1.438115954399108887e+00 1.372769474983215332e+00 -9.405761957168579102e-01 1.886399984359741211e+00 -1.291647672653198242e+00 -1.219985961914062500e+00 -1.583986520767211914e+00 1.785719275474548340e+00 -2.599628269672393799e-02 -7.251741886138916016e-01 -1.129976153373718262e+00 -3.790153861045837402e-01 1.079557165503501892e-01 1.435150027275085449e+00 7.156565189361572266e-01 1.750739097595214844e+00 -3.693080246448516846e-01 -1.215445280075073242e+00 -2.765361070632934570e-01
-5.778232216835021973e-01 1.519603371620178223e+00 1.330554127693176270e+00 -9.545758962631225586e-01 1.952231049537658691e+00 -1.330021142959594727e+00 -1.259321689605712891e+00 -1.613001823425292969e+00 1.836557149887084961e+00 -8.057865500450134277e-02 -6.719667315483093262e-01 -1.057785391807556152e+00 -3.393980562686920166e-01 1.730286628007888794e-01 1.432373404502868652e+00 7.144551873207092285e-01 1.746879220008850098e+00 -4.267819523811340332e-01 -1.148918986320495605e+00 -2.828777134418487549e-01
-5.937376618385314941e-01 1.578333139419555664e+00 1.325888872146606445e+00 -9.511896371841430664e-01 2.015076398849487305e+00 -1.362568378448486328e+00 -1.290518879890441895e+00 -1.634228348731994629e+00 1.883079767227172852e+00 -1.337974816560745239e-01 -6.411211490631103516e-01 -1.010335922241210938e+00 -3.122024834156036377e-01 2.226417213678359985e-01 1.436566472053527832e+00 7.238275408744812012e-01 1.746581554412841797e+00 -4.620396494865417480e-01 -1.108260393142700195e+00 -2.884588539600372314e-01
-6.137584447860717773e-01 1.609388113021850586e+00 1.326848745346069336e+00 -9.326994419097900391e-01 2.059690952301025391e+00 -1.380967259407043457e+00 -1.319889426231384277e+00 -1.634922504425048828e+00 1.904337644577026367e+00 -1.858431398868560791e-01 -6.129539608955383301e-01 -9.632246494293212891e-01 -2.912812829017639160e-01 2.652947902679443359e-01 1.438944458961486816e+00 7.339069247245788574e-01 1.730336666107177734e+00 -4.806872010231018066e-01 -1.070224404335021973e+00 -2.795313596725463867e-01
-6.411921381950378418e-01 1.617317318916320801e+00 1.333018183708190918e+00 -9.046674966812133789e-01 2.087416887283325195e+00 -1.384600520133972168e+00 -1.353235840797424316e+00 -1.616269350051879883e+00 1.900989174842834473e+00 -2.400458753108978271e-01 -5.834563970565795898e-01 -9.114854335784912109e-01 -2.810878157615661621e-01 3.068745136260986328e-01 1.444572567939758301e+00 7.492082715034484863e-01 1.702671289443969727e+00 -4.845824241638183594e-01 -1.033953547477722168e+00 -2.575474381446838379e-01
-6.884325742721557617e-01 1.600593209266662598e+00 1.340736269950866699e+00 -8.737320899963378906e-01 2.097943305969238281e+00 -1.365103960037231445e+00 -1.393546342849731445e+00 -1.573019742965698242e+00 1.867940187454223633e+00 -3.105633556842803955e-01 -5.526769757270812988e-01 -8.446459770202636719e-01 -2.873117923736572266e-01 3.636697530746459961e-01 1.455925583839416504e+00 7.814547419548034668e-01 1.668495178222656250e+00 -4.679575264453887939e-01 -9.969544410705566406e-01 -2.195472568273544312e-01
-7.748907804489135742e-01 1.540600180625915527e+00 1.341163158416748047e+00 -8.493928909301757812e-01 2.082583904266357422e+00 -1.304882764816284180e+00 -1.429825782775878906e+00 -1.491933941841125488e+00 1.790858745574951172e+00 -4.202904701232910156e-01 -5.258667469024658203e-01 -7.450909614562988281e-01 -3.129215836524963379e-01 4.601387381553649902e-01 1.471752166748046875e+00 8.502877354621887207e-01 1.628599047660827637e+00 -4.177783131599426270e-01 -9.531882405281066895e-01 -1.596899628639221191e-01
-8.791838884353637695e-01 1.387756228446960449e+00 1.312366127967834473e+00 -8.259112834930419922e-01 2.012023210525512695e+00 -1.181278347969055176e+00 -1.421760201454162598e+00 -1.360988974571228027e+00 1.653712630271911621e+00 -5.516893267631530762e-01 -5.021908283233642578e-01 -6.105916500091552734e-01 -3.316665887832641602e-01 5.705415010452270508e-01 1.484076619148254395e+00 9.512696862220764160e-01 1.560936450958251953e+00 -3.449748754501342773e-01 -8.863362073898315430e-01 -8.623963594436645508e-02
-1.081511378288269043e+00 1.276421308517456055e+00 1.366235375404357910e+00 -9.324067831039428711e-01 1.905025959014892578e+00 -1.064652800559997559e+00 -1.431102275848388672e+00 -1.255683898925781250e+00 1.507166147232055664e+00 -7.089357972145080566e-01 -5.291566848754882812e-01 -4.396486580371856689e-01 -3.755163848400115967e-01 7.110531926155090332e-01 1.601488471031188965e+00 1.197952628135681152e+00 1.524327993392944336e+00 -2.786672413349151611e-01 -9.017882943153381348e-01 -1.039613783359527588e-01
-1.256132602691650391e+00 1.213209748268127441e+00 1.505199790000915527e+00 -1.115486145019531250e+00 1.799397110939025879e+00 -1.007823824882507324e+00 -1.401486396789550781e+00 -1.202122092247009277e+00 1.427623510360717773e+00 -8.035218715667724609e-01 -5.887540578842163086e-01 -3.515298366546630859e-01 -4.458431005477905273e-01 7.680712342262268066e-01 1.778101086616516113e+00 1.475765347480773926e+00 1.553483963012695312e+00 -2.136089801788330078e-01 -1.000599384307861328e+00 -1.923748850822448730e-01
-1.354301214218139648e+00 1.184439420700073242e+00 1.581539154052734375e+00 -1.279456734657287598e+00 1.674656629562377930e+00 -9.536390900611877441e-01 -1.317164540290832520e+00 -1.205749273300170898e+00 1.365195155143737793e+00 -8.049831390380859375e-01 -6.490174531936645508e-01 -3.450409471988677979e-01 -5.029456019401550293e-01 7.637739777565002441e-01 1.884073138236999512e+00 1.642867088317871094e+00 1.594238519668579102e+00 -1.892263591289520264e-01 -1.099906682968139648e+00 -3.053335845470428467e-01
-1.402347922325134277e+00 1.198270440101623535e+00 1.618223547935485840e+00 -1.393216609954833984e+00 1.593546867370605469e+00 -9.382103681564331055e-01 -1.218260169029235840e+00 -1.248731851577758789e+00 1.306832671165466309e+00 -7.734387516975402832e-01 -7.036415934562683105e-01 -3.585061132907867432e-01 -5.452102422714233398e-01 7.490804791450500488e-01 1.923673033714294434e+00 1.688883185386657715e+00 1.605034232139587402e+00 -2.222313731908798218e-01 -1.170279264450073242e+00 -4.078327715396881104e-01
-1.409621596336364746e+00 1.191754221916198730e+00 1.602033376693725586e+00 -1.454224109649658203e+00 1.496478438377380371e+00 -9.087796211242675781e-01 -1.101558089256286621e+00 -1.278067350387573242e+00 1.236317992210388184e+00 -7.247613072395324707e-01 -7.416717410087585449e-01 -3.781915903091430664e-01 -5.772043466567993164e-01 7.228115797042846680e-01 1.892230033874511719e+00 1.669618725776672363e+00 1.594120502471923828e+00 -2.449480593204498291e-01 -1.204864859580993652e+00 -4.973450005054473877e-01
-1.396487832069396973e+00 1.186849832534790039e+00 1.572620391845703125e+00 -1.458215713500976562e+00 1.390432119369506836e+00 -8.708742856979370117e-01 -9.754543304443359375e-01 -1.314977169036865234e+00 1.178519725799560547e+00 -6.775516867637634277e-01 -7.808882594108581543e-01 -4.314297437667846680e-01 -6.078032851219177246e-01 6.640093922615051270e-01 1.805740714073181152e+00 1.601468086242675781e+00 1.575947046279907227e+00 -2.388422042131423950e-01 -1.233155727386474609e+00 -5.808770060539245605e-01
-1.341967105865478516e+00 1.164825081825256348e+00 1.560464262962341309e+00 -1.410105228424072266e+00 1.296232700347900391e+00 -8.517613410949707031e-01 -8.151294589042663574e-01 -1.357340335845947266e+00 1.151000738143920898e+00 -5.945175290107727051e-01 -8.665342330932617188e-01 -5.504313707351684570e-01 -6.487248539924621582e-01 5.695319771766662598e-01 1.697321414947509766e+00 1.505697727203369141e+00 1.604155898094177246e+00 -2.045523077249526978e-01 -1.279561281204223633e+00 -6.788191199302673340e-01
-1.243098735809326172e+00 1.165257811546325684e+00 1.580553054809570312e+00 -1.326086044311523438e+00 1.259913921356201172e+00 -8.849171400070190430e-01 -7.134315371513366699e-01 -1.427570581436157227e+00 1.211169600486755371e+00 -4.515500664710998535e-01 -9.664807915687561035e-01 -7.374452352523803711e-01 -6.984485387802124023e-01 4.173703193664550781e-01 1.631368160247802734e+00 1.404957175254821777e+00 1.684758424758911133e+00 -1.582400351762771606e-01 -1.349340319633483887e+00 -7.654495239257812500e-01
-1.116484403610229492e+00 1.162248134613037109e+00 1.627334594726562500e+00 -1.157564401626586914e+00 1.246547460556030273e+00 -9.108126759529113770e-01 -6.520436406135559082e-01 -1.478241324424743652e+00 1.304026603698730469e+00 -3.177353143692016602e-01 -1.061476945877075195e+00 -9.616079330444335938e-01 -7.534695863723754883e-01 2.005614042282104492e-01 1.534144163131713867e+00 1.238499999046325684e+00 1.718976616859436035e+00 -6.812974065542221069e-02 -1.432800173759460449e+00 -7.832806706428527832e-01
-9.727753996849060059e-01 1.167046546936035156e+00 1.754826545715332031e+00 -9.776660203933715820e-01 1.318392276763916016e+00 -9.542440772056579590e-01 -6.373499035835266113e-01 -1.471053481101989746e+00 1.447690129280090332e+00 -2.452551126480102539e-01 -1.155197262763977051e+00 -1.156098842620849609e+00 -7.769649624824523926e-01 -2.786323428153991699e-02 1.472348570823669434e+00 1.088388919830322266e+00 1.714611768722534180e+00 3.638019040226936340e-02 -1.517879724502563477e+00 -7.579543590545654297e-01
-8.758201003074645996e-01 1.198546409606933594e+00 1.933649897575378418e+00 -8.339312076568603516e-01 1.448117971420288086e+00 -1.030322551727294922e+00 -6.851571798324584961e-01 -1.419235229492187500e+00 1.602225899696350098e+00 -2.501181960105895996e-01 -1.229977846145629883e+00 -1.263945817947387695e+00 -7.637566328048706055e-01 -2.178790420293807983e-01 1.513777852058410645e+00 1.019401431083679199e+00 1.663583517074584961e+00 7.889594137668609619e-02 -1.594900727272033691e+00 -7.144113183021545410e-01
-8.382641077041625977e-01 1.232293486595153809e+00 2.108952760696411133e+00 -7.454319000244140625e-01 1.588803052902221680e+00 -1.075588345527648926e+00 -7.689962387084960938e-01 -1.342539548873901367e+00 1.726568579673767090e+00 -3.073911964893341064e-01 -1.275177478790283203e+00 -1.305420279502868652e+00 -7.439134120941162109e-01 -3.707543611526489258e-01 1.636127471923828125e+00 1.023226737976074219e+00 1.594213604927062988e+00 9.027183055877685547e-02 -1.655305266380310059e+00 -6.639963984489440918e-01
-8.325891494750976562e-01 1.258245587348937988e+00 2.246901750564575195e+00 -6.909286975860595703e-01 1.707917213439941406e+00 -1.080179572105407715e+00 -8.601978421211242676e-01 -1.260395288467407227e+00 1.798717141151428223e+00 -3.798411786556243896e-01 -1.297815084457397461e+00 -1.305153965950012207e+00 -7.365270853042602539e-01 -4.916273355484008789e-01 1.769520998001098633e+00 1.056707143783569336e+00 1.518943905830383301e+00 9.657028317451477051e-02 -1.696675419807434082e+00 -6.167474985122680664e-01
-8.636375069618225098e-01 1.283046960830688477e+00 2.335775613784790039e+00 -6.739591360092163086e-01 1.797365903854370117e+00 -1.070143699645996094e+00 -9.493950605392456055e-01 -1.203239321708679199e+00 1.845415711402893066e+00 -4.663936495780944824e-01 -1.295759916305541992e+00 -1.281326413154602051e+00 -7.587050199508666992e-01 -5.762610435485839844e-01 1.889781594276428223e+00 1.115686178207397461e+00 1.464915156364440918e+00 8.931006491184234619e-02 -1.729164242744445801e+00 -5.616981387138366699e-01
-8.875812888145446777e-01 1.287568092346191406e+00 2.379588603973388672e+00 -6.593648195266723633e-01 1.847420573234558105e+00 -1.039371728897094727e+00 -1.019719481468200684e+00 -1.134649634361267090e+00 1.853585839271545410e+00 -5.426587462425231934e-01 -1.269963383674621582e+00 -1.234290361404418945e+00 -7.661772966384887695e-01 -6.346014738082885742e-01 1.975536346435546875e+00 1.163760304450988770e+00 1.395943284034729004e+00 8.813798427581787109e-02 -1.729663372039794922e+00 -5.046732425689697266e-01
-9.010902047157287598e-01 1.281787633895874023e+00 2.381757736206054688e+00 -6.509978771209716797e-01 1.859186887741088867e+00 -1.001000642776489258e+00 -1.064431190490722656e+00 -1.072034478187561035e+00 1.834455966949462891e+00 -5.987682938575744629e-01 -1.232243776321411133e+00 -1.180904746055603027e+00 -7.621406316757202148e-01 -6.698273420333862305e-01 2.026403427124023438e+00 1.189109325408935547e+00 1.324612379074096680e+00 8.612921833992004395e-02 -1.706278920173645020e+00 -4.490016996860504150e-01
-9.050166606903076172e-01 1.280999183654785156e+00 2.352462768554687500e+00 -6.611840724945068359e-01 1.859859943389892578e+00 -9.647269845008850098e-01 -1.096194624900817871e+00 -1.030566096305847168e+00 1.819562673568725586e+00 -6.348606348037719727e-01 -1.188772201538085938e+00 -1.138840913772583008e+00 -7.454449534416198730e-01 -6.783530712127685547e-01 2.057778596878051758e+00 1.196034908294677734e+00 1.280630350112915039e+00 8.029530942440032959e-02 -1.671949386596679688e+00 -3.970770537853240967e-01
-9.095584154129028320e-01 1.274811029434204102e+00 2.287779808044433594e+00 -6.745325326919555664e-01 1.836753606796264648e+00 -9.353185892105102539e-01 -1.108146548271179199e+00 -1.010990977287292480e+00 1.794025182723999023e+00 -6.485620737075805664e-01 -1.134371399879455566e+00 -1.102110266685485840e+00 -7.087771892547607422e-01 -6.643933057785034180e-01 2.063444137573242188e+00 1.188787698745727539e+00 1.244527459144592285e+00 6.152507290244102478e-02 -1.620352029800415039e+00 -3.454793393611907959e-01
-9.265261888504028320e-01 1.283528685569763184e+00 2.203633308410644531e+00 -6.835262775421142578e-01 1.806883931159973145e+00 -9.465311169624328613e-01 -1.127935171127319336e+00 -1.029596090316772461e+00 1.777268052101135254e+00 -6.541151404380798340e-01 -1.064298748970031738e+00 -1.062687754631042480e+00 -6.421235203742980957e-01 -6.002324819564819336e-01 2.066941738128662109e+00 1.181762933731079102e+00 1.232101917266845703e+00 2.502408251166343689e-02 -1.542350292205810547e+00 -2.910606265068054199e-01
-9.522245526313781738e-01 1.274049162864685059e+00 2.072420597076416016e+00 -6.750117540359497070e-01 1.749752640724182129e+00 -9.689160585403442383e-01 -1.131118774414062500e+00 -1.058538436889648438e+00 1.730407953262329102e+00 -6.523420214653015137e-01 -9.756188988685607910e-01 -9.972565174102783203e-01 -5.377470850944519043e-01 -4.789941906929016113e-01 2.039261817932128906e+00 1.162688732147216797e+00 1.207369089126586914e+00 -2.426236122846603394e-02 -1.414428949356079102e+00 -2.261403352022171021e-01
-9.833547472953796387e-01 1.223817586898803711e+00 1.862345218658447266e+00 -6.420162916183471680e-01 1.646510124206542969e+00 -9.805912971496582031e-01 -1.111776828765869141e+00 -1.075723648071289062e+00 1.620519757270812988e+00 -6.439505815505981445e-01 -8.521096706390380859e-01 -8.769897222518920898e-01 -3.900054991245269775e-01 -2.818977832794189453e-01 1.950347423553466797e+00 1.129469633102416992e+00 1.148419499397277832e+00 -8.304281532764434814e-02 -1.214081168174743652e+00 -1.483874022960662842e-01
-1.021408438682556152e+00 1.136840701103210449e+00 1.584671258926391602e+00 -5.923938751220703125e-01 1.511760354042053223e+00 -9.868202209472656250e-01 -1.040801525115966797e+00 -1.087514519691467285e+00 1.469447016716003418e+00 -6.484059095382690430e-01 -7.038408517837524414e-01 -7.088822126388549805e-01 -2.061984837055206299e-01 -6.232134997844696045e-03 1.809353113174438477e+00 1.110551238059997559e+00 1.088844537734985352e+00 -1.528077125549316406e-01 -9.452561140060424805e-01 -8.851946890354156494e-02
-1.179537415504455566e+00 1.145540714263916016e+00 1.311052680015563965e+00 -6.907972097396850586e-01 1.456913471221923828e+00 -1.021663904190063477e+00 -1.003094315528869629e+00 -1.212198257446289062e+00 1.363974690437316895e+00 -7.214667201042175293e-01 -5.952692031860351562e-01 -5.048404932022094727e-01 -9.345111995935440063e-02 4.495667219161987305e-01 1.673924446105957031e+00 1.136517524719238281e+00 1.168195486068725586e+00 -2.679534554481506348e-01 -6.970406770706176758e-01 -8.040793240070343018e-02
-1.327840089797973633e+00 1.263393044471740723e+00 1.262870430946350098e+00 -9.205702543258666992e-01 1.643388509750366211e+00 -1.118801712989807129e+00 -1.065745472908020020e+00 -1.412179708480834961e+00 1.458595275878906250e+00 -8.188258409500122070e-01 -6.061490774154663086e-01 -4.206151664257049561e-01 -5.792382359504699707e-02 8.152055740356445312e-01 1.716013789176940918e+00 1.256866216659545898e+00 1.404019713401794434e+00 -3.746421337127685547e-01 -6.497189998626708984e-01 -1.534149497747421265e-01
-1.450275182723999023e+00 1.405838370323181152e+00 1.313118100166320801e+00 -1.148162245750427246e+00 1.794621944427490234e+00 -1.215374350547790527e+00 -1.170677304267883301e+00 -1.565638542175292969e+00 1.554325461387634277e+00 -8.880242109298706055e-01 -6.501478552818298340e-01 -3.886708021163940430e-01 -1.052786186337471008e-01 1.040085673332214355e+00 1.820584416389465332e+00 1.362820744514465332e+00 1.621760368347167969e+00 -4.377462267875671387e-01 -7.055779099464416504e-01 -2.100983411073684692e-01
-1.516451478004455566e+00 1.511587738990783691e+00 1.351786494255065918e+00 -1.299264788627624512e+00 1.886599063873291016e+00 -1.269619703292846680e+00 -1.249469637870788574e+00 -1.636167287826538086e+00 1.617764711380004883e+00 -9.463309645652770996e-01 -6.797602176666259766e-01 -3.554508686065673828e-01 -1.571142077445983887e-01 1.162790894508361816e+00 1.884474754333496094e+00 1.431742668151855469e+00 1.753165841102600098e+00 -4.683600962162017822e-01 -7.526423335075378418e-01 -2.548143267631530762e-01
-1.540581345558166504e+00 1.585110306739807129e+00 1.369220376014709473e+00 -1.389068722724914551e+00 1.934622406959533691e+00 -1.293847560882568359e+00 -1.303742766380310059e+00 -1.656009554862976074e+00 1.660908341407775879e+00 -9.884681701660156250e-01 -6.858080625534057617e-01 -3.244961500167846680e-01 -1.946288049221038818e-01 1.223100423812866211e+00 1.906085729598999023e+00 1.469999074935913086e+00 1.821926355361938477e+00 -4.835329353809356689e-01 -7.798515558242797852e-01 -2.900308370590209961e-01
-1.539029955863952637e+00 1.644357323646545410e+00 1.373116612434387207e+00 -1.437358260154724121e+00 1.959321022033691406e+00 -1.306185603141784668e+00 -1.341340899467468262e+00 -1.653002738952636719e+00 1.699246764183044434e+00 -1.020692348480224609e+00 -6.759664416313171387e-01 -2.993790209293365479e-01 -2.156730294227600098e-01 1.243532896041870117e+00 1.904506802558898926e+00 1.484061002731323242e+00 1.851663947105407715e+00 -4.944280087947845459e-01 -7.909915447235107422e-01 -3.162128031253814697e-01
-1.526225805282592773e+00 1.707496047019958496e+00 1.368191003799438477e+00 -1.454548478126525879e+00 1.979250311851501465e+00 -1.321221947669982910e+00 -1.363479256629943848e+00 -1.651969313621520996e+00 1.750627994537353516e+00 -1.052971124649047852e+00 -6.659764051437377930e-01 -2.857334017753601074e-01 -2.162840962409973145e-01 1.229938983917236328e+00 1.901782512664794922e+00 1.480139732360839844e+00 1.855465054512023926e+00 -5.103033185005187988e-01 -7.882798314094543457e-01 -3.346445262432098389e-01
-1.498442649841308594e+00 1.772756814956665039e+00 1.356148004531860352e+00 -1.451871871948242188e+00 2.000747919082641602e+00 -1.335283875465393066e+00 -1.372676849365234375e+00 -1.658866524696350098e+00 1.820119500160217285e+00 -1.078479528427124023e+00 -6.524219512939453125e-01 -2.903794646263122559e-01 -1.962589919567108154e-01 1.189748644828796387e+00 1.893715023994445801e+00 1.459365487098693848e+00 1.846596121788024902e+00 -5.340984463691711426e-01 -7.784430384635925293e-01 -3.472762703895568848e-01
-1.450175166130065918e+00 1.842930078506469727e+00 1.339125037193298340e+00 -1.429631233215332031e+00 2.018236637115478516e+00 -1.350145339965820312e+00 -1.368664145469665527e+00 -1.663673043251037598e+00 1.901570320129394531e+00 -1.098925709724426270e+00 -6.312940716743469238e-01 -3.038105666637420654e-01 -1.621352136135101318e-01 1.123092770576477051e+00 1.875903844833374023e+00 1.413563609123229980e+00 1.819199562072753906e+00 -5.638152360916137695e-01 -7.616010308265686035e-01 -3.582896888256072998e-01
-1.381407856941223145e+00 1.915233016014099121e+00 1.322880983352661133e+00 -1.378160834312438965e+00 2.027881145477294922e+00 -1.373681187629699707e+00 -1.344760060310363770e+00 -1.667827010154724121e+00 1.989107728004455566e+00 -1.110312461853027344e+00 -5.987005233764648438e-01 -3.275377750396728516e-01 -1.133585348725318909e-01 1.028119325637817383e+00 1.845464110374450684e+00 1.344927191734313965e+00 1.767627477645874023e+00 -6.000908613204956055e-01 -7.402203083038330078e-01 -3.695836365222930908e-01
-1.283538341522216797e+00 1.972578048706054688e+00 1.309158563613891602e+00 -1.301337480545043945e+00 2.008745193481445312e+00 -1.397660255432128906e+00 -1.280445814132690430e+00 -1.657783746719360352e+00 2.066807031631469727e+00 -1.095887660980224609e+00 -5.634832382202148438e-01 -3.624825179576873779e-01 -6.254647672176361084e-02 8.964753150939941406e-01 1.808099389076232910e+00 1.250756859779357910e+00 1.688540458679199219e+00 -6.352064013481140137e-01 -7.198181152343750000e-01 -3.873362839221954346e-01
-1.113980650901794434e+00 1.960190057754516602e+00 1.275452375411987305e+00 -1.173706650733947754e+00 1.938820958137512207e+00 -1.392304420471191406e+00 -1.137652277946472168e+00 -1.602573633193969727e+00 2.100027561187744141e+00 -1.035719990730285645e+00 -5.273670554161071777e-01 -4.174075126647949219e-01 -2.707846462726593018e-03 6.850038170814514160e-01 1.732631683349609375e+00 1.083701491355895996e+00 1.538025379180908203e+00 -6.555659770965576172e-01 -6.840068101882934570e-01 -3.899829089641571045e-01
-8.686011433601379395e-01 1.825971364974975586e+00 1.261351943016052246e+00 -9.977391958236694336e-01 1.777297139167785645e+00 -1.321367025375366211e+00 -9.350896477699279785e-01 -1.471032381057739258e+00 2.035843133926391602e+00 -8.925011754035949707e-01 -4.899463951587677002e-01 -5.162461400032043457e-01 5.644433945417404175e-02 3.288990259170532227e-01 1.639061570167541504e+00 8.787143230438232422e-01 1.303647279739379883e+00 -6.135078668594360352e-01 -6.678698658943176270e-01 -3.673378229141235352e-01
-6.819952130317687988e-01 1.652307391166687012e+00 1.397397756576538086e+00 -8.596354722976684570e-01 1.699108600616455078e+00 -1.268891811370849609e+00 -8.043247461318969727e-01 -1.407819867134094238e+00 1.976575732231140137e+00 -6.880514621734619141e-01 -5.872358083724975586e-01 -7.713365554809570312e-01 5.905259400606155396e-02 -1.152976751327514648e-01 1.713685870170593262e+00 7.393338084220886230e-01 1.167863607406616211e+00 -5.160322189331054688e-01 -8.018173575401306152e-01 -2.960872054100036621e-01
-6.052006483078002930e-01 1.491332530975341797e+00 1.621363759040832520e+00 -8.656793832778930664e-01 1.735948562622070312e+00 -1.217658996582031250e+00 -6.881823539733886719e-01 -1.427345633506774902e+00 1.974884867668151855e+00 -5.552161931991577148e-01 -7.479943037033081055e-01 -1.083174109458923340e+00 -2.069132775068283081e-02 -4.582607746124267578e-01 1.904206633567810059e+00 7.793448567390441895e-01 1.264248251914978027e+00 -3.777644038200378418e-01 -1.034844160079956055e+00 -2.742715477943420410e-01
-6.315860152244567871e-01 1.329260468482971191e+00 1.844160914421081543e+00 -9.194687604904174805e-01 1.761911988258361816e+00 -1.148037314414978027e+00 -6.276810169219970703e-01 -1.402414083480834961e+00 1.941439151763916016e+00 -5.056366324424743652e-01 -8.655648827552795410e-01 -1.262099027633666992e+00 -1.519948542118072510e-01 -6.419073343276977539e-01 2.078382730484008789e+00 9.160410761833190918e-01 1.374655604362487793e+00 -2.413258105516433716e-01 -1.247557640075683594e+00 -2.642786502838134766e-01
-6.863271594047546387e-01 1.170198917388916016e+00 2.038893699645996094e+00 -9.551397562026977539e-01 1.741213202476501465e+00 -1.073534846305847168e+00 -6.526835560798645020e-01 -1.337091922760009766e+00 1.877889633178710938e+00 -4.734014868736267090e-01 -9.506708979606628418e-01 -1.344515562057495117e+00 -3.019518852233886719e-01 -7.164056897163391113e-01 2.213443517684936523e+00 1.065943360328674316e+00 1.460883975028991699e+00 -1.020215302705764771e-01 -1.422847628593444824e+00 -2.583236694335937500e-01
-7.539346814155578613e-01 1.076740503311157227e+00 2.199736118316650391e+00 -9.660012722015380859e-01 1.747694611549377441e+00 -1.025882959365844727e+00 -7.087840437889099121e-01 -1.291299939155578613e+00 1.812224745750427246e+00 -4.606344997882843018e-01 -1.036301016807556152e+00 -1.360177516937255859e+00 -4.269922971725463867e-01 -7.103011012077331543e-01 2.299260139465332031e+00 1.171397328376770020e+00 1.501308798789978027e+00 -3.045940585434436798e-02 -1.553995132446289062e+00 -2.749185562133789062e-01
-8.101907968521118164e-01 1.022617578506469727e+00 2.292649269104003906e+00 -9.736996889114379883e-01 1.735048651695251465e+00 -9.653907418251037598e-01 -7.772620320320129395e-01 -1.227860212326049805e+00 1.745120167732238770e+00 -4.640016853809356689e-01 -1.089468955993652344e+00 -1.330448985099792480e+00 -5.230743288993835449e-01 -6.894990801811218262e-01 2.337186574935913086e+00 1.257329225540161133e+00 1.506326079368591309e+00 2.030311152338981628e-02 -1.637058973312377930e+00 -3.020283281803131104e-01
-8.580539226531982422e-01 1.007390737533569336e+00 2.344536781311035156e+00 -9.771714210510253906e-01 1.731900930404663086e+00 -9.132931828498840332e-01 -8.559167385101318359e-01 -1.171889305114746094e+00 1.708747267723083496e+00 -4.814244508743286133e-01 -1.128506779670715332e+00 -1.301109671592712402e+00 -6.119471192359924316e-01 -6.668239831924438477e-01 2.349828720092773438e+00 1.323608756065368652e+00 1.515275716781616211e+00 5.973464623093605042e-02 -1.699301242828369141e+00 -3.166735470294952393e-01
-8.812934160232543945e-01 1.012969613075256348e+00 2.369134664535522461e+00 -9.641064405441284180e-01 1.731773376464843750e+00 -8.722859621047973633e-01 -9.224242568016052246e-01 -1.120080709457397461e+00 1.696315884590148926e+00 -4.994562566280364990e-01 -1.151874423027038574e+00 -1.278875708580017090e+00 -6.779499650001525879e-01 -6.608024835586547852e-01 2.340152502059936523e+00 1.353211760520935059e+00 1.514547467231750488e+00 8.651244640350341797e-02 -1.737717509269714355e+00 -3.274300694465637207e-01
-8.828119635581970215e-01 1.028256773948669434e+00 2.382034301757812500e+00 -9.338321685791015625e-01 1.730147838592529297e+00 -8.485621213912963867e-01 -9.692573547363281250e-01 -1.077917695045471191e+00 1.699864029884338379e+00 -5.103235840797424316e-01 -1.170725226402282715e+00 -1.272111535072326660e+00 -7.286687493324279785e-01 -6.756494641304016113e-01 2.316746711730957031e+00 1.348202824592590332e+00 1.505503535270690918e+00 1.046673059463500977e-01 -1.762187480926513672e+00 -3.323420286178588867e-01
-8.763755559921264648e-01 1.064129590988159180e+00 2.408141851425170898e+00 -9.085739850997924805e-01 1.743906617164611816e+00 -8.556106090545654297e-01 -9.999706745147705078e-01 -1.065744042396545410e+00 1.732532978057861328e+00 -5.165264010429382324e-01 -1.192442059516906738e+00 -1.291917443275451660e+00 -7.658486962318420410e-01 -7.011572122573852539e-01 2.305582284927368164e+00 1.323696374893188477e+00 1.509743809700012207e+00 1.127016246318817139e-01 -1.788519501686096191e+00 -3.366502225399017334e-01
-8.591569066047668457e-01 1.124668478965759277e+00 2.448051214218139648e+00 -8.873111009597778320e-01 1.768776535987854004e+00 -8.944080471992492676e-01 -1.020977497100830078e+00 -1.096644163131713867e+00 1.799191951751708984e+00 -4.939111769199371338e-01 -1.223231673240661621e+00 -1.360830783843994141e+00 -8.037226796150207520e-01 -7.478997707366943359e-01 2.300723314285278320e+00 1.276869773864746094e+00 1.545573711395263672e+00 1.119744777679443359e-01 -1.834337949752807617e+00 -3.422057032585144043e-01
-8.544373512268066406e-01 1.214309334754943848e+00 2.500808477401733398e+00 -8.930038213729858398e-01 1.814213991165161133e+00 -9.552449584007263184e-01 -1.047407269477844238e+00 -1.150239229202270508e+00 1.888405323028564453e+00 -4.834948182106018066e-01 -1.262316942214965820e+00 -1.435493111610412598e+00 -8.313903212547302246e-01 -7.812175750732421875e-01 2.315920352935791016e+00 1.250528335571289062e+00 1.604498386383056641e+00 1.084082126617431641e-01 -1.889463663101196289e+00 -3.516393303871154785e-01
-8.415881395339965820e-01 1.308673501014709473e+00 2.543946981430053711e+00 -9.092642068862915039e-01 1.852054834365844727e+00 -1.031896471977233887e+00 -1.058319687843322754e+00 -1.217790722846984863e+00 1.976686358451843262e+00 -4.618346989154815674e-01 -1.292950749397277832e+00 -1.511400341987609863e+00 -8.452840447425842285e-01 -8.054177761077880859e-01 2.324429988861083984e+00 1.216030597686767578e+00 1.666734457015991211e+00 9.585431218147277832e-02 -1.936481356620788574e+00 -3.636014461517333984e-01
-8.173928856849670410e-01 1.391497015953063965e+00 2.562087535858154297e+00 -9.304902553558349609e-01 1.871185660362243652e+00 -1.114878296852111816e+00 -1.045277595520019531e+00 -1.290835022926330566e+00 2.044094800949096680e+00 -4.251447319984436035e-01 -1.307194828987121582e+00 -1.575489521026611328e+00 -8.436058759689331055e-01 -8.108542561531066895e-01 2.312937259674072266e+00 1.166345596313476562e+00 1.719617128372192383e+00 7.162556052207946777e-02 -1.963480710983276367e+00 -3.744711279869079590e-01
-7.856242060661315918e-01 1.470002532005310059e+00 2.554620981216430664e+00 -9.582823514938354492e-01 1.880285739898681641e+00 -1.207522869110107422e+00 -1.014229536056518555e+00 -1.374293923377990723e+00 2.081421613693237305e+00 -3.743766546249389648e-01 -1.303970575332641602e+00 -1.614522337913513184e+00 -8.240752220153808594e-01 -7.864418029785156250e-01 2.283419132232666016e+00 1.100463747978210449e+00 1.753563165664672852e+00 1.974993571639060974e-02 -1.966900587081909180e+00 -3.868681788444519043e-01
-7.431168556213378906e-01 1.499792814254760742e+00 2.508723020553588867e+00 -9.877222776412963867e-01 1.848043560981750488e+00 -1.271677851676940918e+00 -9.571585059165954590e-01 -1.428200244903564453e+00 2.072718381881713867e+00 -3.163430094718933105e-01 -1.272420406341552734e+00 -1.621156454086303711e+00 -7.950493097305297852e-01 -7.420952916145324707e-01 2.229095935821533203e+00 1.034568667411804199e+00 1.764597296714782715e+00 -2.673658169806003571e-02 -1.941208243370056152e+00 -3.939533233642578125e-01
-6.898112893104553223e-01 1.469200491905212402e+00 2.426743745803833008e+00 -1.019399046897888184e+00 1.773955225944519043e+00 -1.298805117607116699e+00 -8.751967549324035645e-01 -1.443890094757080078e+00 2.016908884048461914e+00 -2.545827329158782959e-01 -1.211663365364074707e+00 -1.592175841331481934e+00 -7.573041915893554688e-01 -6.829319596290588379e-01 2.156145572662353516e+00 9.767760038375854492e-01 1.750824570655822754e+00 -6.421001255512237549e-02 -1.887487530708312988e+00 -3.943049907684326172e-01
-6.246055960655212402e-01 1.386396050453186035e+00 2.297958850860595703e+00 -1.056030511856079102e+00 1.644346117973327637e+00 -1.276017189025878906e+00 -7.729158997535705566e-01 -1.408077836036682129e+00 1.904555201530456543e+00 -1.939037442207336426e-01 -1.112017035484313965e+00 -1.521449804306030273e+00 -7.216241359710693359e-01 -6.035868525505065918e-01 2.056211948394775391e+00 9.232280254364013672e-01 1.711462378501892090e+00 -8.642862737178802490e-02 -1.803283214569091797e+00 -3.869347274303436279e-01
-5.618988275527954102e-01 1.246651053428649902e+00 2.134107351303100586e+00 -1.129115700721740723e+00 1.492576122283935547e+00 -1.227368116378784180e+00 -6.539094448089599609e-01 -1.356089115142822266e+00 1.744310617446899414e+00 -1.422961950302124023e-01 -9.647749662399291992e-01 -1.393896341323852539e+00 -6.456879973411560059e-01 -4.862357378005981445e-01 1.972898721694946289e+00 9.158396124839782715e-01 1.647517681121826172e+00 -1.068928837776184082e-01 -1.672069430351257324e+00 -3.878720402717590332e-01
-5.505620837211608887e-01 1.142615437507629395e+00 1.871927618980407715e+00 -1.301583170890808105e+00 1.350188970565795898e+00 -1.159181594848632812e+00 -5.645832419395446777e-01 -1.359146595001220703e+00 1.561181783676147461e+00 -9.638128429651260376e-02 -7.581317424774169922e-01 -1.223936080932617188e+00 -5.098516941070556641e-01 -2.712724804878234863e-01 1.934686303138732910e+00 9.399252533912658691e-01 1.604778885841369629e+00 -2.121379226446151733e-01 -1.471474766731262207e+00 -3.835941255092620850e-01
-7.591124176979064941e-01 1.156196475028991699e+00 1.613587141036987305e+00 -1.589000463485717773e+00 1.387018442153930664e+00 -1.064544558525085449e+00 -6.278778910636901855e-01 -1.387451529502868652e+00 1.480035066604614258e+00 -3.202629983425140381e-01 -5.813843607902526855e-01 -9.067734479904174805e-01 -3.666416406631469727e-01 1.748150289058685303e-01 1.942338705062866211e+00 1.111282229423522949e+00 1.633287072181701660e+00 -2.972439229488372803e-01 -1.235166072845458984e+00 -3.021433651447296143e-01
-1.025179982185363770e+00 1.342883825302124023e+00 1.518928170204162598e+00 -1.832602977752685547e+00 1.602055311203002930e+00 -1.080782890319824219e+00 -8.094959259033203125e-01 -1.508423447608947754e+00 1.633061766624450684e+00 -6.063977479934692383e-01 -5.380058288574218750e-01 -7.120366096496582031e-01 -2.675938606262207031e-01 5.250954031944274902e-01 2.075734376907348633e+00 1.325430035591125488e+00 1.781299948692321777e+00 -3.999970555305480957e-01 -1.111336588859558105e+00 -2.514154911041259766e-01
-1.171586990356445312e+00 1.444369435310363770e+00 1.464415550231933594e+00 -1.847442626953125000e+00 1.722324490547180176e+00 -1.084467172622680664e+00 -9.485439658164978027e-01 -1.521160364151000977e+00 1.705240726470947266e+00 -8.028524518013000488e-01 -5.153145790100097656e-01 -5.686993002891540527e-01 -1.983717978000640869e-01 6.917389035224914551e-01 2.097050189971923828e+00 1.410399198532104492e+00 1.780695438385009766e+00 -4.307233691215515137e-01 -1.003548979759216309e+00 -2.048098146915435791e-01
-1.216989278793334961e+00 1.493023276329040527e+00 1.461115717887878418e+00 -1.758607864379882812e+00 1.765023589134216309e+00 -1.083486318588256836e+00 -1.019899368286132812e+00 -1.484750509262084961e+00 1.749633789062500000e+00 -9.082590937614440918e-01 -5.184502601623535156e-01 -5.156592726707458496e-01 -1.601764857769012451e-01 7.151754498481750488e-01 2.073619604110717773e+00 1.413164734840393066e+00 1.737474679946899414e+00 -4.134095013141632080e-01 -9.425219893455505371e-01 -1.713176965713500977e-01
-1.203521966934204102e+00 1.498571276664733887e+00 1.458232045173645020e+00 -1.633098721504211426e+00 1.726439952850341797e+00 -1.060533642768859863e+00 -1.057391524314880371e+00 -1.405098438262939453e+00 1.739765882492065430e+00 -9.477561712265014648e-01 -5.171194672584533691e-01 -4.888764917850494385e-01 -1.419823765754699707e-01 6.636141538619995117e-01 2.009409189224243164e+00 1.345453023910522461e+00 1.637167811393737793e+00 -3.746464252471923828e-01 -8.989843130111694336e-01 -1.194053888320922852e-01
-1.145926475524902344e+00 1.499715328216552734e+00 1.472470045089721680e+00 -1.496749162673950195e+00 1.654237031936645508e+00 -1.042931675910949707e+00 -1.079957365989685059e+00 -1.318228483200073242e+00 1.699247002601623535e+00 -9.357625246047973633e-01 -5.203156471252441406e-01 -4.830258488655090332e-01 -1.540558040142059326e-01 5.659199357032775879e-01 1.916546702384948730e+00 1.234774827957153320e+00 1.519920468330383301e+00 -3.230579197406768799e-01 -8.880376219749450684e-01 -8.787208795547485352e-02
-1.076290488243103027e+00 1.530506372451782227e+00 1.536527991294860840e+00 -1.335447430610656738e+00 1.577352404594421387e+00 -1.068815231323242188e+00 -1.101374387741088867e+00 -1.252634167671203613e+00 1.624778270721435547e+00 -8.814520239830017090e-01 -5.472151041030883789e-01 -4.948693215847015381e-01 -2.051873505115509033e-01 4.311219453811645508e-01 1.821010351181030273e+00 1.083913922309875488e+00 1.368232131004333496e+00 -2.907466590404510498e-01 -9.260331988334655762e-01 -7.288201153278350830e-02
-9.936055541038513184e-01 1.542744874954223633e+00 1.647088527679443359e+00 -1.160159707069396973e+00 1.482129693031311035e+00 -1.098016619682312012e+00 -1.099940538406372070e+00 -1.178597569465637207e+00 1.515491962432861328e+00 -7.880480885505676270e-01 -6.033679246902465820e-01 -5.357309579849243164e-01 -3.139028847217559814e-01 2.450155466794967651e-01 1.734218358993530273e+00 9.214218854904174805e-01 1.202950477600097656e+00 -2.470434010028839111e-01 -1.020547628402709961e+00 -8.210326731204986572e-02
-9.047528505325317383e-01 1.518385767936706543e+00 1.812974810600280762e+00 -9.927531480789184570e-01 1.399429559707641602e+00 -1.125713706016540527e+00 -1.073011994361877441e+00 -1.113479375839233398e+00 1.416096091270446777e+00 -6.599576473236083984e-01 -6.958577632904052734e-01 -6.363152265548706055e-01 -4.656487107276916504e-01 2.792696654796600342e-02 1.681918263435363770e+00 8.108088374137878418e-01 1.095634698867797852e+00 -1.793286800384521484e-01 -1.178938388824462891e+00 -1.346465200185775757e-01
-8.283994793891906738e-01 1.474413752555847168e+00 1.988506197929382324e+00 -8.948190212249755859e-01 1.369703769683837891e+00 -1.148478031158447266e+00 -1.061623096466064453e+00 -1.050646185874938965e+00 1.380716204643249512e+00 -5.395077466964721680e-01 -8.005458712577819824e-01 -7.611116170883178711e-01 -5.885669589042663574e-01 -1.582302451133728027e-01 1.693436741828918457e+00 8.081184625625610352e-01 1.080312252044677734e+00 -9.622821211814880371e-02 -1.349092364311218262e+00 -2.217817753553390503e-01
-8.157551884651184082e-01 1.422734856605529785e+00 2.136673450469970703e+00 -8.502188920974731445e-01 1.359040379524230957e+00 -1.165838956832885742e+00 -1.034510254859924316e+00 -1.023335576057434082e+00 1.368302583694458008e+00 -4.712759256362915039e-01 -9.060184359550476074e-01 -8.510134220123291016e-01 -7.021865844726562500e-01 -2.492201179265975952e-01 1.750371575355529785e+00 8.569728732109069824e-01 1.122946619987487793e+00 -3.779209032654762268e-02 -1.490841031074523926e+00 -3.163575530052185059e-01
-8.465478420257568359e-01 1.375595927238464355e+00 2.250650882720947266e+00 -8.835403919219970703e-01 1.359951496124267578e+00 -1.154869079589843750e+00 -1.027482986450195312e+00 -1.035888433456420898e+00 1.376962661743164062e+00 -4.037128388881683350e-01 -9.952640533447265625e-01 -9.396826028823852539e-01 -8.415161967277526855e-01 -2.611878514289855957e-01 1.798227548599243164e+00 9.195255041122436523e-01 1.233461022377014160e+00 1.340522989630699158e-02 -1.635828852653503418e+00 -3.862144947052001953e-01
-8.664777874946594238e-01 1.279120802879333496e+00 2.290742158889770508e+00 -9.192152023315429688e-01 1.347785353660583496e+00 -1.098004937171936035e+00 -1.007613420486450195e+00 -1.023184418678283691e+00 1.345492482185363770e+00 -3.420275449752807617e-01 -1.056501150131225586e+00 -9.843004941940307617e-01 -9.556896090507507324e-01 -2.377334982156753540e-01 1.809756517410278320e+00 9.718490839004516602e-01 1.319092154502868652e+00 6.475502252578735352e-02 -1.723779797554016113e+00 -4.324270784854888916e-01
-8.549694418907165527e-01 1.155288100242614746e+00 2.250005722045898438e+00 -9.515131711959838867e-01 1.348780393600463867e+00 -1.027363896369934082e+00 -9.711666107177734375e-01 -1.017488002777099609e+00 1.292364954948425293e+00 -2.675846815109252930e-01 -1.093509078025817871e+00 -9.951748847961425781e-01 -1.013674020767211914e+00 -1.971681863069534302e-01 1.795618653297424316e+00 9.997072219848632812e-01 1.376845955848693848e+00 8.640842139720916748e-02 -1.746079683303833008e+00 -4.663415253162384033e-01
-8.591424226760864258e-01 1.076731085777282715e+00 2.133998632431030273e+00 -1.011640310287475586e+00 1.383366107940673828e+00 -9.754239916801452637e-01 -9.606989622116088867e-01 -1.069803476333618164e+00 1.253992319107055664e+00 -1.962245702743530273e-01 -1.101380825042724609e+00 -9.933331012725830078e-01 -1.009591460227966309e+00 -1.055102944374084473e-01 1.783971786499023438e+00 1.023311376571655273e+00 1.444985747337341309e+00 4.225528612732887268e-02 -1.716608762741088867e+00 -4.819572269916534424e-01
-8.469275236129760742e-01 1.057968139648437500e+00 1.887017250061035156e+00 -1.113201975822448730e+00 1.429559230804443359e+00 -9.158260822296142578e-01 -9.813163280487060547e-01 -1.164365291595458984e+00 1.254160881042480469e+00 -1.434476226568222046e-01 -1.048215985298156738e+00 -9.900187253952026367e-01 -9.398979544639587402e-01 2.324665710330009460e-02 1.728247523307800293e+00 1.060596823692321777e+00 1.573466539382934570e+00 -1.790839061141014099e-02 -1.611330628395080566e+00 -5.210158824920654297e-01
-8.018897175788879395e-01 1.004823446273803711e+00 1.472494602203369141e+00 -1.178276181221008301e+00 1.431065440177917480e+00 -8.294006586074829102e-01 -9.391075968742370605e-01 -1.254323244094848633e+00 1.225167870521545410e+00 -9.909259527921676636e-02 -9.211161136627197266e-01 -9.515869617462158203e-01 -7.779322862625122070e-01 1.808499097824096680e-01 1.562195062637329102e+00 1.037541270256042480e+00 1.661300420761108398e+00 -1.056008487939834595e-01 -1.378837347030639648e+00 -5.154889822006225586e-01
-7.704516649246215820e-01 1.064864516258239746e+00 1.086820244789123535e+00 -1.275156736373901367e+00 1.505840778350830078e+00 -8.179273605346679688e-01 -9.358717203140258789e-01 -1.403521299362182617e+00 1.313209414482116699e+00 -1.246227025985717773e-01 -7.312711477279663086e-01 -9.003367424011230469e-01 -5.538485050201416016e-01 3.699895143508911133e-01 1.398221135139465332e+00 9.794542789459228516e-01 1.780763030052185059e+00 -2.261759191751480103e-01 -1.127223253250122070e+00 -4.537160098552703857e-01
-8.231187462806701660e-01 1.232537865638732910e+00 1.009736776351928711e+00 -1.327795505523681641e+00 1.691203474998474121e+00 -1.011552572250366211e+00 -9.543597698211669922e-01 -1.593775987625122070e+00 1.507110118865966797e+00 -2.499547004699707031e-01 -6.512747406959533691e-01 -8.350538015365600586e-01 -3.527613878250122070e-01 5.794612169265747070e-01 1.444751739501953125e+00 9.645394086837768555e-01 1.889668583869934082e+00 -3.753367066383361816e-01 -9.494420289993286133e-01 -4.101189076900482178e-01
-9.143105149269104004e-01 1.407250642776489258e+00 1.069533944129943848e+00 -1.363969445228576660e+00 1.836527705192565918e+00 -1.213146328926086426e+00 -9.705932736396789551e-01 -1.761386036872863770e+00 1.663658499717712402e+00 -3.553532361984252930e-01 -6.437094211578369141e-01 -7.810537815093994141e-01 -2.346206605434417725e-01 7.517342567443847656e-01 1.520861983299255371e+00 9.669828414916992188e-01 1.952844858169555664e+00 -5.059179067611694336e-01 -8.793653845787048340e-01 -4.063838124275207520e-01
-9.822323918342590332e-01 1.535051941871643066e+00 1.141110301017761230e+00 -1.403283834457397461e+00 1.932360053062438965e+00 -1.366335630416870117e+00 -9.638768434524536133e-01 -1.895352125167846680e+00 1.781658530235290527e+00 -4.260212182998657227e-01 -6.621997356414794922e-01 -7.512887716293334961e-01 -1.577607393264770508e-01 8.570954799652099609e-01 1.580080270767211914e+00 9.591039419174194336e-01 1.984810471534729004e+00 -5.972706079483032227e-01 -8.514547348022460938e-01 -4.131539762020111084e-01
-1.044293403625488281e+00 1.643774867057800293e+00 1.201550960540771484e+00 -1.464129209518432617e+00 1.973880052566528320e+00 -1.470651984214782715e+00 -9.457925558090209961e-01 -2.000510931015014648e+00 1.855237960815429688e+00 -4.870744049549102783e-01 -6.768821477890014648e-01 -7.227792739868164062e-01 -1.152993366122245789e-01 9.216659665107727051e-01 1.637763738632202148e+00 9.567046165466308594e-01 1.994880676269531250e+00 -6.656510233879089355e-01 -8.423563838005065918e-01 -4.332507252693176270e-01
-1.092571854591369629e+00 1.708521604537963867e+00 1.239391565322875977e+00 -1.518766283988952637e+00 1.972795605659484863e+00 -1.535816788673400879e+00 -9.102485179901123047e-01 -2.062367439270019531e+00 1.879425168037414551e+00 -5.380566716194152832e-01 -6.875872015953063965e-01 -6.813552379608154297e-01 -8.753011375665664673e-02 9.733644127845764160e-01 1.674571871757507324e+00 9.549776911735534668e-01 1.979177713394165039e+00 -7.126228809356689453e-01 -8.279885649681091309e-01 -4.511135816574096680e-01
-1.137965321540832520e+00 1.738113880157470703e+00 1.270492672920227051e+00 -1.559613347053527832e+00 1.948483228683471680e+00 -1.578429460525512695e+00 -8.694717884063720703e-01 -2.093775510787963867e+00 1.866892457008361816e+00 -5.845452547073364258e-01 -6.944125890731811523e-01 -6.309437751770019531e-01 -7.509116083383560181e-02 1.021350145339965820e+00 1.696496248245239258e+00 9.670323133468627930e-01 1.948662519454956055e+00 -7.389515042304992676e-01 -8.167747259140014648e-01 -4.690708816051483154e-01
-1.191038250923156738e+00 1.747845530509948730e+00 1.315903902053833008e+00 -1.583309054374694824e+00 1.922851920127868652e+00 -1.603060722351074219e+00 -8.497914671897888184e-01 -2.097425460815429688e+00 1.840894818305969238e+00 -6.398769021034240723e-01 -7.067573666572570801e-01 -5.721224546432495117e-01 -8.285216987133026123e-02 1.058447718620300293e+00 1.720802664756774902e+00 1.007904171943664551e+00 1.910940885543823242e+00 -7.396477460861206055e-01 -8.148449063301086426e-01 -4.939202964305877686e-01
-1.231256246566772461e+00 1.732115626335144043e+00 1.346164345741271973e+00 -1.598265528678894043e+00 1.886749982833862305e+00 -1.602186560630798340e+00 -8.257576823234558105e-01 -2.073854446411132812e+00 1.798052906990051270e+00 -6.907590031623840332e-01 -7.152769565582275391e-01 -5.107214450836181641e-01 -9.225087612867355347e-02 1.082014679908752441e+00 1.736744403839111328e+00 1.050201058387756348e+00 1.862792968750000000e+00 -7.268182039260864258e-01 -8.066928982734680176e-01 -5.155909061431884766e-01
-1.260132074356079102e+00 1.700140237808227539e+00 1.363322019577026367e+00 -1.603861451148986816e+00 1.849097728729248047e+00 -1.582535624504089355e+00 -7.995053529739379883e-01 -2.032505750656127930e+00 1.749667644500732422e+00 -7.381215095520019531e-01 -7.220375537872314453e-01 -4.529390931129455566e-01 -9.941562265157699585e-02 1.090301156044006348e+00 1.749656677246093750e+00 1.091229796409606934e+00 1.809576392173767090e+00 -7.055615782737731934e-01 -7.936058044433593750e-01 -5.329336524009704590e-01
-1.274750232696533203e+00 1.653409242630004883e+00 1.368654370307922363e+00 -1.600398898124694824e+00 1.816098809242248535e+00 -1.553001642227172852e+00 -7.702016234397888184e-01 -1.982039928436279297e+00 1.704167127609252930e+00 -7.770565748214721680e-01 -7.270593643188476562e-01 -4.029518961906433105e-01 -9.988968819379806519e-02 1.088198423385620117e+00 1.758100748062133789e+00 1.124832868576049805e+00 1.756589055061340332e+00 -6.817852854728698730e-01 -7.749962210655212402e-01 -5.424485802650451660e-01
-1.275560379028320312e+00 1.596949219703674316e+00 1.364378571510314941e+00 -1.588683485984802246e+00 1.793365955352783203e+00 -1.519906759262084961e+00 -7.382600903511047363e-01 -1.932027935981750488e+00 1.671348929405212402e+00 -8.053921461105346680e-01 -7.335247397422790527e-01 -3.659301102161407471e-01 -9.062048047780990601e-02 1.076453089714050293e+00 1.764558911323547363e+00 1.147065639495849609e+00 1.709327220916748047e+00 -6.589614152908325195e-01 -7.529237270355224609e-01 -5.440476536750793457e-01
-1.263743996620178223e+00 1.534881234169006348e+00 1.354642748832702637e+00 -1.569514036178588867e+00 1.785767793655395508e+00 -1.490089535713195801e+00 -7.032588124275207520e-01 -1.891626000404357910e+00 1.662515521049499512e+00 -8.189003467559814453e-01 -7.472447752952575684e-01 -3.470809459686279297e-01 -7.027782499790191650e-02 1.055674314498901367e+00 1.773629903793334961e+00 1.155540704727172852e+00 1.674631714820861816e+00 -6.402688026428222656e-01 -7.321404218673706055e-01 -5.396181941032409668e-01
-1.225890874862670898e+00 1.458176016807556152e+00 1.327834010124206543e+00 -1.531347155570983887e+00 1.803783416748046875e+00 -1.468960404396057129e+00 -6.606599688529968262e-01 -1.868836641311645508e+00 1.681136608123779297e+00 -8.103584647178649902e-01 -7.572801113128662109e-01 -3.603609502315521240e-01 -1.634532958269119263e-02 1.021345734596252441e+00 1.779795289039611816e+00 1.134814023971557617e+00 1.651220679283142090e+00 -6.327361464500427246e-01 -6.973187327384948730e-01 -5.101154446601867676e-01
