-8.189616799354553223e-01 1.440579891204833984e+00 1.299640297889709473e+00 -1.545895218849182129e+00 2.049000740051269531e+00 -1.067574024200439453e+00 -1.551694869995117188e+00 -1.348459362983703613e+00 1.885578870773315430e+00 -5.740565657615661621e-01 -2.590847611427307129e-01 -6.384119987487792969e-01 -3.682068884372711182e-01 6.439100503921508789e-01 1.867990255355834961e+00 1.378396987915039062e+00 1.963915467262268066e+00 -3.101802170276641846e-01 -1.015110969543457031e+00 -9.835809469223022461e-02
-8.046419620513916016e-01 1.450201511383056641e+00 1.317016839981079102e+00 -1.564734220504760742e+00 2.029993772506713867e+00 -1.031022310256958008e+00 -1.565151453018188477e+00 -1.334141135215759277e+00 1.889864444732666016e+00 -5.567258596420288086e-01 -2.807486057281494141e-01 -6.678773164749145508e-01 -4.428548812866210938e-01 5.917376279830932617e-01 1.849227190017700195e+00 1.361249446868896484e+00 1.972247958183288574e+00 -2.963460683822631836e-01 -1.086377024650573730e+00 -1.066746711730957031e-01
-7.990663647651672363e-01 1.451306581497192383e+00 1.328071832656860352e+00 -1.566783666610717773e+00 2.009945154190063477e+00 -1.000592708587646484e+00 -1.564146757125854492e+00 -1.311197638511657715e+00 1.885409593582153320e+00 -5.571527481079101562e-01 -3.034943342208862305e-01 -6.730308532714843750e-01 -4.906340241432189941e-01 5.552169680595397949e-01 1.830686569213867188e+00 1.345167636871337891e+00 1.957681417465209961e+00 -2.844364941120147705e-01 -1.127141714096069336e+00 -1.158191412687301636e-01
-7.992812395095825195e-01 1.444857120513916016e+00 1.336348652839660645e+00 -1.554100513458251953e+00 1.986887097358703613e+00 -9.734044075012207031e-01 -1.552963256835937500e+00 -1.278039216995239258e+00 1.872278690338134766e+00 -5.700996518135070801e-01 -3.273471891880035400e-01 -6.593965291976928711e-01 -5.208419561386108398e-01 5.276379585266113281e-01 1.812433362007141113e+00 1.328642487525939941e+00 1.922514319419860840e+00 -2.728550434112548828e-01 -1.146558284759521484e+00 -1.248071938753128052e-01
-8.019494414329528809e-01 1.436792731285095215e+00 1.355019927024841309e+00 -1.524862885475158691e+00 1.961527824401855469e+00 -9.524049162864685059e-01 -1.537198066711425781e+00 -1.226095557212829590e+00 1.847338438034057617e+00 -5.975091457366943359e-01 -3.569356203079223633e-01 -6.165890693664550781e-01 -5.402848720550537109e-01 5.032312870025634766e-01 1.795097351074218750e+00 1.310250997543334961e+00 1.854162454605102539e+00 -2.585269808769226074e-01 -1.146216034889221191e+00 -1.426973938941955566e-01
-8.143131732940673828e-01 1.450250506401062012e+00 1.398615241050720215e+00 -1.466193437576293945e+00 1.944442987442016602e+00 -9.529763460159301758e-01 -1.515965104103088379e+00 -1.169359207153320312e+00 1.817454338073730469e+00 -6.403620839118957520e-01 -4.123508036136627197e-01 -5.504162311553955078e-01 -5.501861572265625000e-01 4.686963558197021484e-01 1.791569471359252930e+00 1.280538320541381836e+00 1.741690397262573242e+00 -2.554361224174499512e-01 -1.134556174278259277e+00 -1.748603582382202148e-01
-8.637777566909790039e-01 1.502041935920715332e+00 1.510972023010253906e+00 -1.316305994987487793e+00 1.933738112449645996e+00 -1.006777048110961914e+00 -1.475130796432495117e+00 -1.104374051094055176e+00 1.768494129180908203e+00 -7.260663509368896484e-01 -5.294091105461120605e-01 -4.445642828941345215e-01 -5.570836663246154785e-01 4.022071957588195801e-01 1.815048336982727051e+00 1.243665099143981934e+00 1.533423542976379395e+00 -2.592225372791290283e-01 -1.119829773902893066e+00 -2.407447993755340576e-01
-9.796574115753173828e-01 1.578540086746215820e+00 1.715093374252319336e+00 -1.007632613182067871e+00 1.866456151008605957e+00 -1.133102893829345703e+00 -1.347244024276733398e+00 -1.034724116325378418e+00 1.625477790832519531e+00 -8.534374833106994629e-01 -7.339354157447814941e-01 -2.856148481369018555e-01 -5.426269173622131348e-01 2.763245403766632080e-01 1.846806645393371582e+00 1.158712863922119141e+00 1.135543704032897949e+00 -2.828877568244934082e-01 -1.075601220130920410e+00 -3.647161424160003662e-01
-1.029867410659790039e+00 1.657503366470336914e+00 1.977685928344726562e+00 -6.964625716209411621e-01 1.819857239723205566e+00 -1.322029709815979004e+00 -1.069931268692016602e+00 -1.066365122795104980e+00 1.555603742599487305e+00 -9.154071211814880371e-01 -1.020288944244384766e+00 -3.236110806465148926e-01 -4.860092401504516602e-01 4.087301716208457947e-02 1.946154832839965820e+00 1.113244771957397461e+00 8.765883445739746094e-01 -2.707754373550415039e-01 -1.052566528320312500e+00 -6.294420957565307617e-01
-1.057265520095825195e+00 1.646726608276367188e+00 2.147837877273559570e+00 -5.485587716102600098e-01 1.877292871475219727e+00 -1.448097705841064453e+00 -8.504081964492797852e-01 -1.245947122573852539e+00 1.629371404647827148e+00 -8.921054005622863770e-01 -1.191857218742370605e+00 -5.149991512298583984e-01 -3.805772364139556885e-01 -1.125709488987922668e-01 2.054600477218627930e+00 1.053063273429870605e+00 8.507683277130126953e-01 -2.721933126449584961e-01 -1.054832816123962402e+00 -7.017001509666442871e-01
-1.054174304008483887e+00 1.593180894851684570e+00 2.186329841613769531e+00 -5.113664269447326660e-01 1.885425209999084473e+00 -1.498526692390441895e+00 -7.468243241310119629e-01 -1.343060970306396484e+00 1.662376403808593750e+00 -8.470687270164489746e-01 -1.239681839942932129e+00 -6.444738507270812988e-01 -3.543350398540496826e-01 -1.632329225540161133e-01 2.067764043807983398e+00 9.936338663101196289e-01 8.837670087814331055e-01 -2.813611030578613281e-01 -1.065915465354919434e+00 -6.462399959564208984e-01
-1.053851842880249023e+00 1.571707963943481445e+00 2.215338945388793945e+00 -5.242748856544494629e-01 1.892150998115539551e+00 -1.534855246543884277e+00 -7.155213356018066406e-01 -1.427011370658874512e+00 1.695948362350463867e+00 -7.929799556732177734e-01 -1.276714682579040527e+00 -7.602849006652832031e-01 -3.420210480690002441e-01 -1.983068883419036865e-01 2.079333782196044922e+00 9.505407810211181641e-01 9.475191235542297363e-01 -2.886680364608764648e-01 -1.112942337989807129e+00 -5.860813260078430176e-01
-1.042601585388183594e+00 1.551457643508911133e+00 2.227153062820434570e+00 -5.344191193580627441e-01 1.907366394996643066e+00 -1.549661874771118164e+00 -7.082409262657165527e-01 -1.473105788230895996e+00 1.727516889572143555e+00 -7.496081590652465820e-01 -1.301558494567871094e+00 -8.497452139854431152e-01 -3.313410580158233643e-01 -2.272930741310119629e-01 2.086677789688110352e+00 9.215167760848999023e-01 9.999120235443115234e-01 -2.909944653511047363e-01 -1.146317839622497559e+00 -5.332007408142089844e-01
-1.027257442474365234e+00 1.530596733093261719e+00 2.232186794281005859e+00 -5.372956991195678711e-01 1.931089282035827637e+00 -1.552118897438049316e+00 -7.114880681037902832e-01 -1.503928303718566895e+00 1.759300708770751953e+00 -7.121855616569519043e-01 -1.324897527694702148e+00 -9.305718541145324707e-01 -3.277678191661834717e-01 -2.591976225376129150e-01 2.092743635177612305e+00 8.907976150512695312e-01 1.044700384140014648e+00 -2.941484749317169189e-01 -1.178079843521118164e+00 -4.791393876075744629e-01
-1.012630462646484375e+00 1.513134479522705078e+00 2.236993789672851562e+00 -5.383387804031372070e-01 1.968183279037475586e+00 -1.545250654220581055e+00 -7.238619923591613770e-01 -1.532890319824218750e+00 1.795250654220581055e+00 -6.802994012832641602e-01 -1.352015852928161621e+00 -1.013060569763183594e+00 -3.328284919261932373e-01 -2.961607277393341064e-01 2.103655099868774414e+00 8.545104861259460449e-01 1.088896512985229492e+00 -3.011084496974945068e-01 -1.216650485992431641e+00 -4.203356206417083740e-01
-9.948543906211853027e-01 1.490266203880310059e+00 2.228888511657714844e+00 -5.323085784912109375e-01 2.013309717178344727e+00 -1.515793323516845703e+00 -7.452054023742675781e-01 -1.556416273117065430e+00 1.832063198089599609e+00 -6.497591137886047363e-01 -1.382381916046142578e+00 -1.105732917785644531e+00 -3.487812578678131104e-01 -3.445687890052795410e-01 2.110794782638549805e+00 8.035888671875000000e-01 1.134192347526550293e+00 -3.104405999183654785e-01 -1.263658404350280762e+00 -3.464507162570953369e-01
-9.542085528373718262e-01 1.427676677703857422e+00 2.171708822250366211e+00 -5.313167572021484375e-01 2.043983459472656250e+00 -1.425115466117858887e+00 -7.695890069007873535e-01 -1.558729410171508789e+00 1.850413799285888672e+00 -6.027245521545410156e-01 -1.423182487487792969e+00 -1.217015981674194336e+00 -3.992106318473815918e-01 -3.964319825172424316e-01 2.096160650253295898e+00 7.142493128776550293e-01 1.198806166648864746e+00 -3.063516318798065186e-01 -1.323775887489318848e+00 -2.374429404735565186e-01
-9.124653339385986328e-01 1.346545219421386719e+00 1.996289849281311035e+00 -5.938121676445007324e-01 2.032615661621093750e+00 -1.188592314720153809e+00 -8.462968468666076660e-01 -1.478810429573059082e+00 1.826847553253173828e+00 -5.535186529159545898e-01 -1.388602733612060547e+00 -1.293720006942749023e+00 -5.479963421821594238e-01 -4.004747569561004639e-01 2.028493404388427734e+00 6.685138940811157227e-01 1.351050257682800293e+00 -2.766649127006530762e-01 -1.417884111404418945e+00 -1.398750990629196167e-01
-8.558817505836486816e-01 1.312607884407043457e+00 1.629142522811889648e+00 -8.563434481620788574e-01 2.009971380233764648e+00 -8.162376284599304199e-01 -1.076386690139770508e+00 -1.302869319915771484e+00 1.818958520889282227e+00 -6.194224953651428223e-01 -1.135481595993041992e+00 -1.142387151718139648e+00 -7.246433496475219727e-01 -1.899439692497253418e-01 1.778433084487915039e+00 7.859826683998107910e-01 1.624007940292358398e+00 -1.376552879810333252e-01 -1.405805110931396484e+00 -1.376463919878005981e-01
-8.982009887695312500e-01 1.256427884101867676e+00 1.302315950393676758e+00 -1.158877372741699219e+00 1.843755841255187988e+00 -6.251517534255981445e-01 -1.211461424827575684e+00 -1.238337993621826172e+00 1.732768058776855469e+00 -6.491617560386657715e-01 -8.070840239524841309e-01 -9.035648703575134277e-01 -6.954111456871032715e-01 1.051501333713531494e-01 1.609884858131408691e+00 1.059840559959411621e+00 1.768514871597290039e+00 -1.029734015464782715e-01 -1.307218909263610840e+00 -1.911435723304748535e-01
-9.106790423393249512e-01 1.291889429092407227e+00 1.185146570205688477e+00 -1.344592809677124023e+00 1.782122611999511719e+00 -6.392855644226074219e-01 -1.229587316513061523e+00 -1.288872838020324707e+00 1.711764335632324219e+00 -6.368600130081176758e-01 -6.251459717750549316e-01 -8.159608244895935059e-01 -5.975212454795837402e-01 2.591896653175354004e-01 1.578183054924011230e+00 1.239073872566223145e+00 1.866409778594970703e+00 -1.566627323627471924e-01 -1.253085851669311523e+00 -2.769495248794555664e-01
-9.327597022056579590e-01 1.324338674545288086e+00 1.110297083854675293e+00 -1.474915385246276855e+00 1.737084031105041504e+00 -6.599118113517761230e-01 -1.224085688591003418e+00 -1.342709183692932129e+00 1.678481101989746094e+00 -6.060676574707031250e-01 -5.029954910278320312e-01 -7.875001430511474609e-01 -5.033054947853088379e-01 3.384557068347930908e-01 1.599170923233032227e+00 1.350325226783752441e+00 1.916120886802673340e+00 -2.257318794727325439e-01 -1.205080866813659668e+00 -3.375840485095977783e-01
-9.691780209541320801e-01 1.323976159095764160e+00 1.097268819808959961e+00 -1.553286910057067871e+00 1.689208745956420898e+00 -6.788300275802612305e-01 -1.215454578399658203e+00 -1.363286495208740234e+00 1.630649089813232422e+00 -5.670272111892700195e-01 -4.168573617935180664e-01 -7.704674005508422852e-01 -4.392431080341339111e-01 3.813290297985076904e-01 1.654041171073913574e+00 1.445939421653747559e+00 1.927577376365661621e+00 -2.745771110057830811e-01 -1.185505867004394531e+00 -3.770061135292053223e-01
-9.585976004600524902e-01 1.306746482849121094e+00 1.115480184555053711e+00 -1.594337940216064453e+00 1.659963607788085938e+00 -6.855024099349975586e-01 -1.183624148368835449e+00 -1.342002749443054199e+00 1.593703508377075195e+00 -5.231447219848632812e-01 -3.648227751255035400e-01 -7.706313729286193848e-01 -3.855174481868743896e-01 3.544648587703704834e-01 1.728368401527404785e+00 1.510312438011169434e+00 1.908206582069396973e+00 -3.133895993232727051e-01 -1.176113843917846680e+00 -4.098784029483795166e-01
-8.996886014938354492e-01 1.275126934051513672e+00 1.153379321098327637e+00 -1.598316907882690430e+00 1.644414067268371582e+00 -7.027769684791564941e-01 -1.137923479080200195e+00 -1.309014081954956055e+00 1.574958562850952148e+00 -4.557909369468688965e-01 -3.271504938602447510e-01 -8.043941259384155273e-01 -3.291693627834320068e-01 2.661491036415100098e-01 1.800853610038757324e+00 1.552373051643371582e+00 1.877925634384155273e+00 -3.349243104457855225e-01 -1.173434495925903320e+00 -4.376242160797119141e-01
-8.107190728187561035e-01 1.237070679664611816e+00 1.218784332275390625e+00 -1.564287185668945312e+00 1.655905127525329590e+00 -7.365437150001525879e-01 -1.102539658546447754e+00 -1.263863801956176758e+00 1.543890476226806641e+00 -3.845786452293395996e-01 -3.251562118530273438e-01 -8.148983120918273926e-01 -2.980770170688629150e-01 1.629679203033447266e-01 1.864129543304443359e+00 1.563639044761657715e+00 1.816569089889526367e+00 -3.343877196311950684e-01 -1.163897991180419922e+00 -4.851618409156799316e-01
-7.049818038940429688e-01 1.197377920150756836e+00 1.325921893119812012e+00 -1.513742446899414062e+00 1.691289424896240234e+00 -8.059903383255004883e-01 -1.055831432342529297e+00 -1.240224957466125488e+00 1.564263343811035156e+00 -3.141303658485412598e-01 -3.705980479717254639e-01 -8.765658736228942871e-01 -2.870724201202392578e-01 5.854935571551322937e-02 1.905547857284545898e+00 1.517097592353820801e+00 1.797827720642089844e+00 -3.014701306819915771e-01 -1.181885600090026855e+00 -4.907724857330322266e-01
-5.715078115463256836e-01 1.135210156440734863e+00 1.463263630867004395e+00 -1.425458073616027832e+00 1.739616155624389648e+00 -8.947362303733825684e-01 -9.854151606559753418e-01 -1.229813694953918457e+00 1.627279520034790039e+00 -2.285287231206893921e-01 -4.525644779205322266e-01 -9.977705478668212891e-01 -2.886545956134796143e-01 -7.425377517938613892e-02 1.932911038398742676e+00 1.424868106842041016e+00 1.806925535202026367e+00 -2.429587244987487793e-01 -1.222550272941589355e+00 -4.662516415119171143e-01
-4.853378534317016602e-01 1.058331489562988281e+00 1.625514507293701172e+00 -1.347255587577819824e+00 1.788831472396850586e+00 -1.004062414169311523e+00 -9.189882874488830566e-01 -1.282700181007385254e+00 1.732322454452514648e+00 -1.408109962940216064e-01 -5.759657025337219238e-01 -1.169595241546630859e+00 -2.961744070053100586e-01 -2.140128612518310547e-01 1.978592634201049805e+00 1.329196572303771973e+00 1.847123861312866211e+00 -1.853953152894973755e-01 -1.299411654472351074e+00 -3.970159888267517090e-01
-4.298277795314788818e-01 1.017789125442504883e+00 1.810411572456359863e+00 -1.287981271743774414e+00 1.860273599624633789e+00 -1.113212227821350098e+00 -8.786941170692443848e-01 -1.353554129600524902e+00 1.869314432144165039e+00 -9.126300364732742310e-02 -7.370935082435607910e-01 -1.339051127433776855e+00 -3.055766820907592773e-01 -3.666071295738220215e-01 2.051353931427001953e+00 1.223375558853149414e+00 1.862345457077026367e+00 -1.364234089851379395e-01 -1.391082406044006348e+00 -3.083527982234954834e-01
-3.769139349460601807e-01 9.679660797119140625e-01 1.943440079689025879e+00 -1.198372602462768555e+00 1.892749190330505371e+00 -1.170959353446960449e+00 -8.246526122093200684e-01 -1.386562347412109375e+00 1.971946001052856445e+00 -6.839801371097564697e-02 -8.878390789031982422e-01 -1.476114869117736816e+00 -3.250388503074645996e-01 -5.102296471595764160e-01 2.068098783493041992e+00 1.071587681770324707e+00 1.830259084701538086e+00 -8.209136128425598145e-02 -1.460201144218444824e+00 -2.009275555610656738e-01
-3.762114942073822021e-01 9.595689773559570312e-01 1.979188561439514160e+00 -1.121793627738952637e+00 1.887448310852050781e+00 -1.187576889991760254e+00 -7.740668058395385742e-01 -1.422074437141418457e+00 2.028210401535034180e+00 -7.184589654207229614e-02 -1.003697156906127930e+00 -1.570670485496520996e+00 -3.311242759227752686e-01 -5.922753214836120605e-01 2.059486627578735352e+00 9.358428120613098145e-01 1.791777849197387695e+00 -6.098634377121925354e-02 -1.485265016555786133e+00 -1.160175800323486328e-01
-4.321639537811279297e-01 1.011290669441223145e+00 1.947546124458312988e+00 -1.059921622276306152e+00 1.849424958229064941e+00 -1.186263322830200195e+00 -7.321727275848388672e-01 -1.455867886543273926e+00 2.028184890747070312e+00 -1.004754677414894104e-01 -1.072013497352600098e+00 -1.587943792343139648e+00 -3.355421721935272217e-01 -6.027438044548034668e-01 2.033485412597656250e+00 8.401523828506469727e-01 1.734258294105529785e+00 -8.519845455884933472e-02 -1.476537346839904785e+00 -8.325108885765075684e-02
-4.859533905982971191e-01 1.067731380462646484e+00 1.846576094627380371e+00 -9.967792034149169922e-01 1.763599872589111328e+00 -1.157985210418701172e+00 -6.859622001647949219e-01 -1.456220507621765137e+00 1.960359811782836914e+00 -1.371338069438934326e-01 -1.069056034088134766e+00 -1.518053889274597168e+00 -3.247138261795043945e-01 -5.606492757797241211e-01 1.942693710327148438e+00 7.563934326171875000e-01 1.631102919578552246e+00 -1.230599656701087952e-01 -1.412542581558227539e+00 -8.759316802024841309e-02
-5.651379823684692383e-01 1.148958444595336914e+00 1.683227181434631348e+00 -9.786213040351867676e-01 1.624399185180664062e+00 -1.112540006637573242e+00 -6.318241953849792480e-01 -1.477922797203063965e+00 1.863687753677368164e+00 -1.954327523708343506e-01 -9.967116713523864746e-01 -1.401908874511718750e+00 -3.152083158493041992e-01 -4.916046559810638428e-01 1.809572577476501465e+00 7.062285542488098145e-01 1.532277345657348633e+00 -1.751368343830108643e-01 -1.318433165550231934e+00 -1.272576302289962769e-01
-6.763412356376647949e-01 1.220809221267700195e+00 1.510886907577514648e+00 -1.000037431716918945e+00 1.499996185302734375e+00 -1.080809116363525391e+00 -5.683245062828063965e-01 -1.501411676406860352e+00 1.790781736373901367e+00 -3.237713575363159180e-01 -8.883363604545593262e-01 -1.215127110481262207e+00 -2.780851721763610840e-01 -3.196370303630828857e-01 1.665741801261901855e+00 6.915048956871032715e-01 1.453414440155029297e+00 -2.304936349391937256e-01 -1.175380468368530273e+00 -1.624953150749206543e-01
-7.815158963203430176e-01 1.278835773468017578e+00 1.323120117187500000e+00 -1.046585083007812500e+00 1.357843041419982910e+00 -1.039307832717895508e+00 -5.143321156501770020e-01 -1.497517585754394531e+00 1.699193716049194336e+00 -4.591114521026611328e-01 -7.457084655761718750e-01 -9.899113178253173828e-01 -2.461447864770889282e-01 -9.732300788164138794e-02 1.510119557380676270e+00 6.953318715095520020e-01 1.384522318840026855e+00 -2.782695889472961426e-01 -1.017035007476806641e+00 -2.036183327436447144e-01
-9.279896020889282227e-01 1.410660386085510254e+00 1.268093109130859375e+00 -1.226243019104003906e+00 1.272506952285766602e+00 -1.041493177413940430e+00 -5.784996747970581055e-01 -1.489601612091064453e+00 1.666043519973754883e+00 -5.935123562812805176e-01 -6.269364953041076660e-01 -7.710878849029541016e-01 -2.515535652637481689e-01 1.570634394884109497e-01 1.492767572402954102e+00 8.225859999656677246e-01 1.403593778610229492e+00 -3.321619629859924316e-01 -9.627557992935180664e-01 -2.834002971649169922e-01
-1.050839662551879883e+00 1.589617490768432617e+00 1.254528999328613281e+00 -1.449514269828796387e+00 1.260578393936157227e+00 -1.072654843330383301e+00 -6.664950251579284668e-01 -1.517716765403747559e+00 1.687221288681030273e+00 -6.886735558509826660e-01 -5.420035719871520996e-01 -6.436743736267089844e-01 -2.751076817512512207e-01 3.666755557060241699e-01 1.550240874290466309e+00 9.809995293617248535e-01 1.511029124259948730e+00 -4.055470824241638184e-01 -9.575255513191223145e-01 -4.008592665195465088e-01
-1.130152225494384766e+00 1.741634249687194824e+00 1.271551370620727539e+00 -1.632467508316040039e+00 1.282691001892089844e+00 -1.089824914932250977e+00 -7.413285374641418457e-01 -1.528107166290283203e+00 1.713642120361328125e+00 -7.702194452285766602e-01 -4.986837804317474365e-01 -5.487387180328369141e-01 -3.223628103733062744e-01 5.142534375190734863e-01 1.601543545722961426e+00 1.108340859413146973e+00 1.607541203498840332e+00 -4.480268955230712891e-01 -9.718921184539794922e-01 -5.221933722496032715e-01
-1.194496512413024902e+00 1.841893553733825684e+00 1.287300705909729004e+00 -1.778044223785400391e+00 1.324247598648071289e+00 -1.102486610412597656e+00 -8.045706748962402344e-01 -1.559848070144653320e+00 1.739935636520385742e+00 -8.186171650886535645e-01 -4.955224394798278809e-01 -4.949240684509277344e-01 -3.695295155048370361e-01 6.350483298301696777e-01 1.637942671775817871e+00 1.190384387969970703e+00 1.694854617118835449e+00 -4.663742482662200928e-01 -9.926051497459411621e-01 -6.024851202964782715e-01
-1.266645789146423340e+00 1.924253106117248535e+00 1.305513024330139160e+00 -1.884281873703002930e+00 1.379430770874023438e+00 -1.125504016876220703e+00 -8.700721263885498047e-01 -1.628451943397521973e+00 1.773062467575073242e+00 -8.460831642150878906e-01 -5.306006669998168945e-01 -4.808707833290100098e-01 -4.171134233474731445e-01 7.349249720573425293e-01 1.670117139816284180e+00 1.245426654815673828e+00 1.782785892486572266e+00 -4.836792945861816406e-01 -1.030850172042846680e+00 -6.548454165458679199e-01
-1.327932000160217285e+00 1.988538026809692383e+00 1.319432854652404785e+00 -1.965660333633422852e+00 1.417546510696411133e+00 -1.154552817344665527e+00 -9.191945791244506836e-01 -1.706168174743652344e+00 1.792207956314086914e+00 -8.533480167388916016e-01 -5.886650085449218750e-01 -4.808286428451538086e-01 -4.679696559906005859e-01 8.103532195091247559e-01 1.690474748611450195e+00 1.269532561302185059e+00 1.855977773666381836e+00 -4.984567463397979736e-01 -1.076690793037414551e+00 -6.968108415603637695e-01
-1.372829675674438477e+00 2.013610124588012695e+00 1.317284107208251953e+00 -2.009263038635253906e+00 1.426188230514526367e+00 -1.177874207496643066e+00 -9.418350458145141602e-01 -1.779514193534851074e+00 1.777580976486206055e+00 -8.361268043518066406e-01 -6.579984426498413086e-01 -4.872167110443115234e-01 -5.091594457626342773e-01 8.690873980522155762e-01 1.677661657333374023e+00 1.255949735641479492e+00 1.900685310363769531e+00 -5.062019824981689453e-01 -1.114134669303894043e+00 -7.254380583763122559e-01
-1.396186709403991699e+00 1.991873621940612793e+00 1.304257154464721680e+00 -2.004930496215820312e+00 1.395496726036071777e+00 -1.190656542778015137e+00 -9.400183558464050293e-01 -1.836998343467712402e+00 1.716542005538940430e+00 -7.892275452613830566e-01 -7.293804287910461426e-01 -5.067542791366577148e-01 -5.379597544670104980e-01 8.970851302146911621e-01 1.637545108795166016e+00 1.204466819763183594e+00 1.911912322044372559e+00 -5.031186342239379883e-01 -1.145160555839538574e+00 -7.291026711463928223e-01
-1.416197896003723145e+00 1.909402608871459961e+00 1.296556949615478516e+00 -1.923465609550476074e+00 1.354140758514404297e+00 -1.199907422065734863e+00 -8.961241841316223145e-01 -1.886467695236206055e+00 1.613341808319091797e+00 -7.330230474472045898e-01 -8.306456804275512695e-01 -5.469595193862915039e-01 -5.613108873367309570e-01 8.921441435813903809e-01 1.586822271347045898e+00 1.127644538879394531e+00 1.888263463973999023e+00 -4.785570800304412842e-01 -1.169692397117614746e+00 -7.126271128654479980e-01
-1.402607321739196777e+00 1.790712237358093262e+00 1.293526291847229004e+00 -1.807571291923522949e+00 1.331263422966003418e+00 -1.215629577636718750e+00 -8.443650603294372559e-01 -1.922293901443481445e+00 1.508614301681518555e+00 -6.586017012596130371e-01 -9.201454520225524902e-01 -6.039538383483886719e-01 -5.831920504570007324e-01 8.462440967559814453e-01 1.559905409812927246e+00 1.047888278961181641e+00 1.845315098762512207e+00 -4.749890565872192383e-01 -1.191362023353576660e+00 -6.637844443321228027e-01
-1.395712494850158691e+00 1.611798286437988281e+00 1.287790060043334961e+00 -1.635803937911987305e+00 1.316401720046997070e+00 -1.240838408470153809e+00 -7.630768418312072754e-01 -1.988711118698120117e+00 1.417532444000244141e+00 -5.530591607093811035e-01 -1.030413389205932617e+00 -7.126186490058898926e-01 -5.574468374252319336e-01 7.672694325447082520e-01 1.558027863502502441e+00 9.581222534179687500e-01 1.787523627281188965e+00 -4.845229983329772949e-01 -1.188729286193847656e+00 -5.616220235824584961e-01
-1.347216725349426270e+00 1.433188199996948242e+00 1.298166275024414062e+00 -1.453283667564392090e+00 1.322282075881958008e+00 -1.278421282768249512e+00 -6.654782891273498535e-01 -2.030029535293579102e+00 1.380101680755615234e+00 -4.396988153457641602e-01 -1.116087198257446289e+00 -8.400582671165466309e-01 -4.962730407714843750e-01 6.688771247863769531e-01 1.569535255432128906e+00 8.729172945022583008e-01 1.746611356735229492e+00 -4.967223703861236572e-01 -1.168169975280761719e+00 -4.662542045116424561e-01
-1.288193941116333008e+00 1.227460265159606934e+00 1.352291107177734375e+00 -1.274066329002380371e+00 1.381689548492431641e+00 -1.324937820434570312e+00 -6.238856911659240723e-01 -2.026335000991821289e+00 1.397212743759155273e+00 -3.187515735626220703e-01 -1.158615946769714355e+00 -9.650723934173583984e-01 -3.816586732864379883e-01 5.918958783149719238e-01 1.623625040054321289e+00 8.263477087020874023e-01 1.720002651214599609e+00 -4.859103262424468994e-01 -1.134940624237060547e+00 -3.406405150890350342e-01
-1.188070058822631836e+00 1.021234989166259766e+00 1.391409873962402344e+00 -1.075197696685791016e+00 1.452980637550354004e+00 -1.382326960563659668e+00 -6.212388873100280762e-01 -1.994531869888305664e+00 1.394820213317871094e+00 -1.811365187168121338e-01 -1.139398455619812012e+00 -1.054336667060852051e+00 -2.047284841537475586e-01 4.985044896602630615e-01 1.675447821617126465e+00 8.168221116065979004e-01 1.649598002433776855e+00 -4.724857509136199951e-01 -1.058038711547851562e+00 -2.347384691238403320e-01
-1.086662292480468750e+00 8.782921433448791504e-01 1.474618673324584961e+00 -9.494863748550415039e-01 1.574711799621582031e+00 -1.419671297073364258e+00 -6.708713173866271973e-01 -1.934492588043212891e+00 1.451575279235839844e+00 -9.158636629581451416e-02 -1.129466414451599121e+00 -1.139231085777282715e+00 -4.453479126095771790e-02 3.795614838600158691e-01 1.767966389656066895e+00 8.800264596939086914e-01 1.620133161544799805e+00 -4.232053160667419434e-01 -1.034904837608337402e+00 -1.648255586624145508e-01
-9.611725807189941406e-01 7.714778780937194824e-01 1.568257331848144531e+00 -8.719934821128845215e-01 1.687838196754455566e+00 -1.436998844146728516e+00 -7.281973958015441895e-01 -1.849202394485473633e+00 1.514550447463989258e+00 -4.525110125541687012e-03 -1.084488630294799805e+00 -1.215143442153930664e+00 8.685327321290969849e-02 2.359950840473175049e-01 1.866368055343627930e+00 9.672409892082214355e-01 1.599415540695190430e+00 -3.765022158622741699e-01 -1.038928866386413574e+00 -1.306263804435729980e-01
-8.610531091690063477e-01 7.234265804290771484e-01 1.681139945983886719e+00 -8.445824980735778809e-01 1.770138263702392578e+00 -1.439828038215637207e+00 -7.897345423698425293e-01 -1.745353102684020996e+00 1.576286315917968750e+00 3.129028528928756714e-02 -1.027895689010620117e+00 -1.251638293266296387e+00 1.587326377630233765e-01 1.353500783443450928e-01 1.924015402793884277e+00 1.025788545608520508e+00 1.577544689178466797e+00 -3.232429623603820801e-01 -1.060058593750000000e+00 -1.006497740745544434e-01
-7.867054939270019531e-01 7.230041027069091797e-01 1.816530108451843262e+00 -8.302829861640930176e-01 1.822135925292968750e+00 -1.428735852241516113e+00 -8.589924573898315430e-01 -1.632639050483703613e+00 1.603591203689575195e+00 3.885415941476821899e-02 -9.756197929382324219e-01 -1.285116553306579590e+00 1.574029773473739624e-01 1.973133534193038940e-02 1.977453470230102539e+00 1.064310073852539062e+00 1.550411939620971680e+00 -2.694163322448730469e-01 -1.126122713088989258e+00 -7.630990445613861084e-02
-7.675725817680358887e-01 7.467642426490783691e-01 1.942912220954895020e+00 -8.192830085754394531e-01 1.849531292915344238e+00 -1.413545250892639160e+00 -9.028716683387756348e-01 -1.555832386016845703e+00 1.599576711654663086e+00 1.732045412063598633e-02 -9.593970179557800293e-01 -1.304728388786315918e+00 8.787044882774353027e-02 -7.449344545602798462e-02 2.010621786117553711e+00 1.097421169281005859e+00 1.533248543739318848e+00 -2.287567704916000366e-01 -1.218583703041076660e+00 -7.801733911037445068e-02
-7.591248750686645508e-01 7.808017134666442871e-01 2.071832895278930664e+00 -7.838010191917419434e-01 1.843847155570983887e+00 -1.386321783065795898e+00 -9.091563224792480469e-01 -1.458682656288146973e+00 1.573413610458374023e+00 -4.056925699114799500e-02 -9.645496606826782227e-01 -1.305093884468078613e+00 -1.865525171160697937e-02 -1.706651747226715088e-01 2.009790658950805664e+00 1.116253733634948730e+00 1.493889451026916504e+00 -1.742048561573028564e-01 -1.314939856529235840e+00 -1.067949086427688599e-01
-7.735764980316162109e-01 8.487913608551025391e-01 2.215120792388916016e+00 -7.201240658760070801e-01 1.808383822441101074e+00 -1.349628448486328125e+00 -8.824108839035034180e-01 -1.347139358520507812e+00 1.537818431854248047e+00 -1.579670011997222900e-01 -9.992609620094299316e-01 -1.282055139541625977e+00 -1.632654368877410889e-01 -2.820954620838165283e-01 1.997743129730224609e+00 1.121300935745239258e+00 1.419535517692565918e+00 -1.042996644973754883e-01 -1.409676313400268555e+00 -1.644171625375747681e-01
-7.939679026603698730e-01 9.354096055030822754e-01 2.348529100418090820e+00 -6.177319288253784180e-01 1.756315946578979492e+00 -1.310384392738342285e+00 -8.107849955558776855e-01 -1.212273955345153809e+00 1.512685298919677734e+00 -3.358535766601562500e-01 -1.059616804122924805e+00 -1.210339784622192383e+00 -3.275271952152252197e-01 -3.904993832111358643e-01 1.960849881172180176e+00 1.103439450263977051e+00 1.294294595718383789e+00 -2.382335811853408813e-02 -1.464897394180297852e+00 -2.478886246681213379e-01
-8.841008543968200684e-01 1.110611796379089355e+00 2.447280168533325195e+00 -5.808387994766235352e-01 1.713973402976989746e+00 -1.280855417251586914e+00 -8.027906417846679688e-01 -1.166260957717895508e+00 1.545135259628295898e+00 -5.129777193069458008e-01 -1.124255180358886719e+00 -1.162442326545715332e+00 -4.999892115592956543e-01 -4.634022414684295654e-01 1.989895939826965332e+00 1.106678605079650879e+00 1.236238956451416016e+00 1.950982213020324707e-02 -1.532098770141601562e+00 -3.545993268489837646e-01
-9.765433073043823242e-01 1.264126539230346680e+00 2.485557556152343750e+00 -5.899872183799743652e-01 1.753068208694458008e+00 -1.266622185707092285e+00 -7.877027392387390137e-01 -1.189528942108154297e+00 1.621418237686157227e+00 -6.752379536628723145e-01 -1.187779664993286133e+00 -1.104174017906188965e+00 -5.921517610549926758e-01 -4.889649450778961182e-01 2.065457105636596680e+00 1.140068411827087402e+00 1.213010072708129883e+00 1.497203484177589417e-02 -1.556411027908325195e+00 -4.532166421413421631e-01
-1.022936105728149414e+00 1.346165537834167480e+00 2.459259510040283203e+00 -5.850595831871032715e-01 1.790908694267272949e+00 -1.247762918472290039e+00 -7.597663402557373047e-01 -1.205926418304443359e+00 1.674163818359375000e+00 -7.833498120307922363e-01 -1.232153773307800293e+00 -1.038522958755493164e+00 -6.260570883750915527e-01 -4.857999980449676514e-01 2.104573488235473633e+00 1.143468976020812988e+00 1.181998252868652344e+00 1.499406993389129639e-03 -1.521779179573059082e+00 -5.164915919303894043e-01
-1.032109737396240234e+00 1.373240590095520020e+00 2.402992725372314453e+00 -5.673584342002868652e-01 1.829980015754699707e+00 -1.230753660202026367e+00 -7.311626672744750977e-01 -1.211562275886535645e+00 1.710135459899902344e+00 -8.435799479484558105e-01 -1.253166556358337402e+00 -9.794623851776123047e-01 -6.176735162734985352e-01 -4.711007177829742432e-01 2.119468450546264648e+00 1.131802558898925781e+00 1.148526906967163086e+00 -1.849649846553802490e-02 -1.455429077148437500e+00 -5.471484065055847168e-01
-1.022831201553344727e+00 1.374337434768676758e+00 2.340681552886962891e+00 -5.510796308517456055e-01 1.883601427078247070e+00 -1.229812026023864746e+00 -7.161037921905517578e-01 -1.229153037071228027e+00 1.744902849197387695e+00 -8.655887842178344727e-01 -1.271134495735168457e+00 -9.426571726799011230e-01 -5.883692502975463867e-01 -4.472680985927581787e-01 2.127190828323364258e+00 1.109742283821105957e+00 1.137382745742797852e+00 -4.394576698541641235e-02 -1.389014840126037598e+00 -5.512596368789672852e-01
-9.741497635841369629e-01 1.353002548217773438e+00 2.266537189483642578e+00 -5.528478622436523438e-01 1.959399819374084473e+00 -1.235256552696228027e+00 -7.065140008926391602e-01 -1.249525308609008789e+00 1.790051460266113281e+00 -8.508591651916503906e-01 -1.275523781776428223e+00 -9.190919995307922363e-01 -5.470095276832580566e-01 -4.183780550956726074e-01 2.122071027755737305e+00 1.086295127868652344e+00 1.157247662544250488e+00 -7.367602735757827759e-02 -1.321365594863891602e+00 -5.586091279983520508e-01
-8.846766352653503418e-01 1.297323703765869141e+00 2.174301147460937500e+00 -5.621559619903564453e-01 2.027408123016357422e+00 -1.233708620071411133e+00 -6.960254311561584473e-01 -1.252775788307189941e+00 1.828670263290405273e+00 -7.957317829132080078e-01 -1.261863350868225098e+00 -9.044483900070190430e-01 -4.929527044296264648e-01 -3.918824791908264160e-01 2.093762636184692383e+00 1.046428203582763672e+00 1.180892586708068848e+00 -1.037463396787643433e-01 -1.246245741844177246e+00 -5.489235520362854004e-01
-7.606032490730285645e-01 1.227823257446289062e+00 2.057267427444458008e+00 -5.929069519042968750e-01 2.082163810729980469e+00 -1.234673738479614258e+00 -7.121391892433166504e-01 -1.240942239761352539e+00 1.872765302658081055e+00 -7.057771682739257812e-01 -1.213708519935607910e+00 -9.017005562782287598e-01 -4.524542391300201416e-01 -3.611879348754882812e-01 2.043749570846557617e+00 1.002509951591491699e+00 1.222463369369506836e+00 -1.443862617015838623e-01 -1.175083398818969727e+00 -5.063269138336181641e-01
-6.088082790374755859e-01 1.143179178237915039e+00 1.915253520011901855e+00 -6.397930979728698730e-01 2.104400873184204102e+00 -1.211615443229675293e+00 -7.438470125198364258e-01 -1.206634998321533203e+00 1.897284030914306641e+00 -5.797630548477172852e-01 -1.135109424591064453e+00 -9.117091894149780273e-01 -4.174655377864837646e-01 -3.241088986396789551e-01 1.951020836830139160e+00 9.431148767471313477e-01 1.272561073303222656e+00 -1.788225919008255005e-01 -1.113628268241882324e+00 -4.418269693851470947e-01
-4.726837575435638428e-01 1.137119174003601074e+00 1.801552891731262207e+00 -7.525486350059509277e-01 2.124923467636108398e+00 -1.186118006706237793e+00 -8.705140352249145508e-01 -1.201562047004699707e+00 1.933534860610961914e+00 -4.281222820281982422e-01 -1.013166785240173340e+00 -9.665433168411254883e-01 -4.085936546325683594e-01 -2.789970338344573975e-01 1.866645693778991699e+00 9.161748886108398438e-01 1.390301585197448730e+00 -2.019318193197250366e-01 -1.126729369163513184e+00 -3.743600547313690186e-01
-3.789688348770141602e-01 1.206734657287597656e+00 1.725048184394836426e+00 -9.151493906974792480e-01 2.075547695159912109e+00 -1.237359642982482910e+00 -1.018068790435791016e+00 -1.302423238754272461e+00 1.938684225082397461e+00 -1.977176070213317871e-01 -9.126103520393371582e-01 -1.086936354637145996e+00 -3.967574536800384521e-01 -2.427082359790802002e-01 1.804751396179199219e+00 8.746132254600524902e-01 1.538162946701049805e+00 -2.665811777114868164e-01 -1.219034671783447266e+00 -3.223984241485595703e-01
-4.287226796150207520e-01 1.223618388175964355e+00 1.675722360610961914e+00 -1.032465100288391113e+00 1.882180213928222656e+00 -1.306162834167480469e+00 -1.072460651397705078e+00 -1.428902745246887207e+00 1.860666275024414062e+00 1.454362273216247559e-02 -8.826796412467956543e-01 -1.220996141433715820e+00 -3.816728889942169189e-01 -1.609469652175903320e-01 1.767699837684631348e+00 8.447031974792480469e-01 1.650095462799072266e+00 -3.484825789928436279e-01 -1.337185502052307129e+00 -2.546725571155548096e-01
-5.823217630386352539e-01 1.218071222305297852e+00 1.710776686668395996e+00 -1.053655743598937988e+00 1.588166594505310059e+00 -1.334944248199462891e+00 -1.041057825088500977e+00 -1.522754430770874023e+00 1.675438880920410156e+00 1.330525428056716919e-01 -9.294772744178771973e-01 -1.325986266136169434e+00 -4.123257398605346680e-01 -1.355718970298767090e-01 1.743839979171752930e+00 8.117902278900146484e-01 1.646126270294189453e+00 -3.626301884651184082e-01 -1.471448898315429688e+00 -2.025761753320693970e-01
-7.634953856468200684e-01 1.206954240798950195e+00 1.795003533363342285e+00 -1.006681680679321289e+00 1.338555574417114258e+00 -1.316171050071716309e+00 -9.621899724006652832e-01 -1.570005774497985840e+00 1.484541893005371094e+00 1.418870389461517334e-01 -1.016098380088806152e+00 -1.382937669754028320e+00 -4.642438888549804688e-01 -1.577866971492767334e-01 1.730480551719665527e+00 7.995613813400268555e-01 1.581920623779296875e+00 -3.158862590789794922e-01 -1.583154916763305664e+00 -2.023975551128387451e-01
-9.037704467773437500e-01 1.226404428482055664e+00 1.890928149223327637e+00 -9.507371783256530762e-01 1.232197046279907227e+00 -1.293202280998229980e+00 -9.069699645042419434e-01 -1.576317787170410156e+00 1.406247138977050781e+00 6.435196101665496826e-02 -1.090886712074279785e+00 -1.402086138725280762e+00 -5.226357579231262207e-01 -1.829721033573150635e-01 1.720903515815734863e+00 8.282015919685363770e-01 1.545636177062988281e+00 -2.428333759307861328e-01 -1.659269928932189941e+00 -2.496695816516876221e-01
-1.009559631347656250e+00 1.227998852729797363e+00 1.988519668579101562e+00 -8.879450559616088867e-01 1.211267590522766113e+00 -1.279928326606750488e+00 -8.686640858650207520e-01 -1.559728145599365234e+00 1.385674476623535156e+00 -3.697906062006950378e-02 -1.155453801155090332e+00 -1.402088403701782227e+00 -5.695306062698364258e-01 -2.050529420375823975e-01 1.729977011680603027e+00 8.779374957084655762e-01 1.513307571411132812e+00 -1.643163263797760010e-01 -1.699170351028442383e+00 -2.839180529117584229e-01
-1.084509611129760742e+00 1.207553744316101074e+00 2.071328639984130859e+00 -8.284682035446166992e-01 1.220854640007019043e+00 -1.260922789573669434e+00 -8.319637179374694824e-01 -1.537405014038085938e+00 1.381809949874877930e+00 -1.239731460809707642e-01 -1.212030768394470215e+00 -1.405401706695556641e+00 -6.034001708030700684e-01 -2.330998778343200684e-01 1.744714140892028809e+00 9.228875637054443359e-01 1.488661527633666992e+00 -9.478025138378143311e-02 -1.723689079284667969e+00 -3.031685650348663330e-01
-1.133059859275817871e+00 1.182018041610717773e+00 2.148671388626098633e+00 -7.778980135917663574e-01 1.250345110893249512e+00 -1.250282883644104004e+00 -8.234797716140747070e-01 -1.517396688461303711e+00 1.397617578506469727e+00 -1.853976547718048096e-01 -1.251801967620849609e+00 -1.419555425643920898e+00 -6.269275546073913574e-01 -2.625972628593444824e-01 1.772834062576293945e+00 9.666479229927062988e-01 1.481259584426879883e+00 -3.501097112894058228e-02 -1.746171236038208008e+00 -3.017249703407287598e-01
-1.156465411186218262e+00 1.140973448753356934e+00 2.216830730438232422e+00 -7.423866987228393555e-01 1.303792953491210938e+00 -1.235470414161682129e+00 -8.169165253639221191e-01 -1.496730566024780273e+00 1.424298524856567383e+00 -2.259301245212554932e-01 -1.290472984313964844e+00 -1.444784402847290039e+00 -6.389016509056091309e-01 -2.934054434299468994e-01 1.812577247619628906e+00 1.006391167640686035e+00 1.488478779792785645e+00 1.655784249305725098e-02 -1.762624263763427734e+00 -2.919610440731048584e-01
-1.161804318428039551e+00 1.090311527252197266e+00 2.292498826980590820e+00 -7.303695678710937500e-01 1.405182480812072754e+00 -1.223896503448486328e+00 -8.248842358589172363e-01 -1.492199063301086426e+00 1.476096868515014648e+00 -2.486474066972732544e-01 -1.331551909446716309e+00 -1.487512230873107910e+00 -6.420134902000427246e-01 -3.327614068984985352e-01 1.893720507621765137e+00 1.055456876754760742e+00 1.523724317550659180e+00 6.039255112409591675e-02 -1.781910300254821777e+00 -2.707028090953826904e-01
-1.142081975936889648e+00 1.011008381843566895e+00 2.345409631729125977e+00 -7.326286435127258301e-01 1.517091274261474609e+00 -1.200004696846008301e+00 -8.261997699737548828e-01 -1.483905673027038574e+00 1.526698827743530273e+00 -2.510276138782501221e-01 -1.365930318832397461e+00 -1.531330823898315430e+00 -6.360071301460266113e-01 -3.677835166454315186e-01 1.971116781234741211e+00 1.095029592514038086e+00 1.567720413208007812e+00 9.925086796283721924e-02 -1.789463639259338379e+00 -2.361676990985870361e-01
-1.086434364318847656e+00 8.949547410011291504e-01 2.352157831192016602e+00 -7.482028007507324219e-01 1.626654028892517090e+00 -1.153522133827209473e+00 -8.156245350837707520e-01 -1.459772229194641113e+00 1.558620214462280273e+00 -2.287527471780776978e-01 -1.382958769798278809e+00 -1.558670759201049805e+00 -6.141545772552490234e-01 -3.883071839809417725e-01 2.028293132781982422e+00 1.112673044204711914e+00 1.605738401412963867e+00 1.306700408458709717e-01 -1.767279386520385742e+00 -1.870458573102951050e-01
-9.986656308174133301e-01 7.746787071228027344e-01 2.276306390762329102e+00 -7.976326346397399902e-01 1.704341650009155273e+00 -1.077939033508300781e+00 -7.921453118324279785e-01 -1.429337978363037109e+00 1.556363344192504883e+00 -1.918606162071228027e-01 -1.363902807235717773e+00 -1.544337272644042969e+00 -5.677483081817626953e-01 -3.864614963531494141e-01 2.052569627761840820e+00 1.092801451683044434e+00 1.619005322456359863e+00 1.384146362543106079e-01 -1.692020058631896973e+00 -1.347330808639526367e-01
-9.035317897796630859e-01 6.633759140968322754e-01 2.038047075271606445e+00 -8.937385678291320801e-01 1.703315258026123047e+00 -9.455574154853820801e-01 -7.587008476257324219e-01 -1.373461246490478516e+00 1.464012145996093750e+00 -1.621746569871902466e-01 -1.273554682731628418e+00 -1.429922580718994141e+00 -5.050407648086547852e-01 -2.936152517795562744e-01 1.992377400398254395e+00 1.029113411903381348e+00 1.586450338363647461e+00 1.047113835811614990e-01 -1.520857214927673340e+00 -6.879985332489013672e-02
-8.312056660652160645e-01 7.049832940101623535e-01 1.572905182838439941e+00 -1.094161272048950195e+00 1.663122534751892090e+00 -8.442242145538330078e-01 -8.203482627868652344e-01 -1.384630680084228516e+00 1.367832422256469727e+00 -1.462184637784957886e-01 -1.005255222320556641e+00 -1.198971390724182129e+00 -4.324068129062652588e-01 -3.408338874578475952e-02 1.843290448188781738e+00 9.893935322761535645e-01 1.625002384185791016e+00 -5.187128856778144836e-02 -1.261998891830444336e+00 -4.151114448904991150e-02
-9.428871870040893555e-01 1.077151179313659668e+00 1.253800868988037109e+00 -1.353461623191833496e+00 1.765719175338745117e+00 -9.799823164939880371e-01 -9.631580114364624023e-01 -1.501356482505798340e+00 1.529597997665405273e+00 -4.046776294708251953e-01 -7.402323484420776367e-01 -8.020663857460021973e-01 -3.244449198246002197e-01 5.060298442840576172e-01 1.739276409149169922e+00 1.049833893775939941e+00 1.754938483238220215e+00 -2.911380529403686523e-01 -9.868414998054504395e-01 -1.477875411510467529e-01
-1.061712026596069336e+00 1.449775457382202148e+00 1.224662661552429199e+00 -1.534810423851013184e+00 1.892047047615051270e+00 -1.228295564651489258e+00 -1.054787516593933105e+00 -1.606160402297973633e+00 1.783593416213989258e+00 -6.710759401321411133e-01 -6.148434877395629883e-01 -5.139207839965820312e-01 -1.895450949668884277e-01 9.187598228454589844e-01 1.737142562866210938e+00 1.164579868316650391e+00 1.864393830299377441e+00 -4.898464679718017578e-01 -8.260136246681213379e-01 -3.107548654079437256e-01
-1.201698780059814453e+00 1.724039793014526367e+00 1.272584438323974609e+00 -1.620759725570678711e+00 1.889803409576416016e+00 -1.386442899703979492e+00 -1.087098240852355957e+00 -1.697759985923767090e+00 1.899424552917480469e+00 -8.706081509590148926e-01 -5.699794292449951172e-01 -3.497636914253234863e-01 -1.184750050306320190e-01 1.091076254844665527e+00 1.772922396659851074e+00 1.217348337173461914e+00 1.849328279495239258e+00 -6.128273010253906250e-01 -7.491189837455749512e-01 -4.159312844276428223e-01
-1.300465941429138184e+00 1.843082904815673828e+00 1.330207705497741699e+00 -1.645843505859375000e+00 1.881544589996337891e+00 -1.461218476295471191e+00 -1.062970995903015137e+00 -1.767845511436462402e+00 1.938233852386474609e+00 -9.727174639701843262e-01 -5.753959417343139648e-01 -2.869929075241088867e-01 -7.959625124931335449e-02 1.129200339317321777e+00 1.828478217124938965e+00 1.249655961990356445e+00 1.801548957824707031e+00 -6.786506175994873047e-01 -7.167314291000366211e-01 -4.770388007164001465e-01
-1.351832032203674316e+00 1.878494024276733398e+00 1.370642423629760742e+00 -1.617781996726989746e+00 1.847104310989379883e+00 -1.491254448890686035e+00 -1.015337944030761719e+00 -1.783014059066772461e+00 1.925759792327880859e+00 -1.028995156288146973e+00 -5.852315425872802734e-01 -2.450211048126220703e-01 -4.845238104462623596e-02 1.115838408470153809e+00 1.854204297065734863e+00 1.258812189102172852e+00 1.721035242080688477e+00 -7.104567289352416992e-01 -6.905978918075561523e-01 -5.099633336067199707e-01
-1.389672279357910156e+00 1.883735775947570801e+00 1.411330103874206543e+00 -1.556731820106506348e+00 1.818618416786193848e+00 -1.518412232398986816e+00 -9.677544236183166504e-01 -1.784701228141784668e+00 1.901830673217773438e+00 -1.071297764778137207e+00 -6.002049446105957031e-01 -2.169305682182312012e-01 -2.349398657679557800e-02 1.086698412895202637e+00 1.871632814407348633e+00 1.272790193557739258e+00 1.638994693756103516e+00 -7.223078012466430664e-01 -6.762312650680541992e-01 -5.314983129501342773e-01
-1.390783190727233887e+00 1.851099014282226562e+00 1.434839963912963867e+00 -1.506239295005798340e+00 1.795739173889160156e+00 -1.528199195861816406e+00 -9.151805639266967773e-01 -1.771429419517517090e+00 1.878920078277587891e+00 -1.088231801986694336e+00 -6.231606602668762207e-01 -2.021234631538391113e-01 -3.986787050962448120e-03 1.057556629180908203e+00 1.880955815315246582e+00 1.269941329956054688e+00 1.576770424842834473e+00 -7.144992351531982422e-01 -6.599048376083374023e-01 -5.369903445243835449e-01
-1.368669271469116211e+00 1.800751805305480957e+00 1.442481637001037598e+00 -1.456938862800598145e+00 1.783471703529357910e+00 -1.525550246238708496e+00 -8.642585277557373047e-01 -1.746025323867797852e+00 1.866258144378662109e+00 -1.093943357467651367e+00 -6.343141794204711914e-01 -1.931841075420379639e-01 2.761739492416381836e-02 1.020399689674377441e+00 1.881175398826599121e+00 1.262606263160705566e+00 1.520247697830200195e+00 -7.024084329605102539e-01 -6.352504491806030273e-01 -5.339280962944030762e-01
-1.321306109428405762e+00 1.736604213714599609e+00 1.433601975440979004e+00 -1.411091327667236328e+00 1.782844066619873047e+00 -1.511993765830993652e+00 -8.136128187179565430e-01 -1.710529327392578125e+00 1.868885040283203125e+00 -1.089363098144531250e+00 -6.329116225242614746e-01 -1.909170895814895630e-01 7.373036444187164307e-02 9.728943109512329102e-01 1.872799754142761230e+00 1.249879956245422363e+00 1.469822049140930176e+00 -6.878399848937988281e-01 -6.014856100082397461e-01 -5.242850780487060547e-01
-1.241089820861816406e+00 1.655291199684143066e+00 1.403220772743225098e+00 -1.366819381713867188e+00 1.792402029037475586e+00 -1.483617067337036133e+00 -7.589606642723083496e-01 -1.662213325500488281e+00 1.888602256774902344e+00 -1.071344852447509766e+00 -6.173329949378967285e-01 -1.989513337612152100e-01 1.378565877676010132e-01 9.063208103179931641e-01 1.852048277854919434e+00 1.227761983871459961e+00 1.423250198364257812e+00 -6.690754890441894531e-01 -5.565547347068786621e-01 -5.080640912055969238e-01
-1.113075613975524902e+00 1.543738007545471191e+00 1.339289665222167969e+00 -1.319633841514587402e+00 1.801229715347290039e+00 -1.431073427200317383e+00 -6.931918263435363770e-01 -1.591954469680786133e+00 1.919890880584716797e+00 -1.025692343711853027e+00 -5.856734514236450195e-01 -2.282516509294509888e-01 2.202077060937881470e-01 8.036662340164184570e-01 1.808035492897033691e+00 1.186739921569824219e+00 1.378047585487365723e+00 -6.400290727615356445e-01 -5.002914667129516602e-01 -4.821704626083374023e-01
-9.317678809165954590e-01 1.396654367446899414e+00 1.233644843101501465e+00 -1.244643926620483398e+00 1.778854370117187500e+00 -1.345489501953125000e+00 -6.215180158615112305e-01 -1.482983946800231934e+00 1.935471534729003906e+00 -9.225204586982727051e-01 -5.289080142974853516e-01 -2.940019965171813965e-01 2.968426644802093506e-01 6.513311266899108887e-01 1.720322966575622559e+00 1.125064373016357422e+00 1.333710312843322754e+00 -5.929602384567260742e-01 -4.564286768436431885e-01 -4.443692266941070557e-01
-6.725794076919555664e-01 1.275032639503479004e+00 1.246858000755310059e+00 -1.187646865844726562e+00 1.890498399734497070e+00 -1.276696443557739258e+00 -6.198863387107849121e-01 -1.395308732986450195e+00 2.034273386001586914e+00 -7.316511869430541992e-01 -5.213139057159423828e-01 -5.192416906356811523e-01 2.917527258396148682e-01 3.505281209945678711e-01 1.736876487731933594e+00 1.130625724792480469e+00 1.412101149559020996e+00 -5.090636014938354492e-01 -5.709630846977233887e-01 -4.449998140335083008e-01
-3.686535954475402832e-01 1.197640895843505859e+00 1.340314507484436035e+00 -1.164368629455566406e+00 2.021689176559448242e+00 -1.188478112220764160e+00 -6.693444252014160156e-01 -1.371801972389221191e+00 2.107987165451049805e+00 -4.295452833175659180e-01 -5.942967534065246582e-01 -8.983960747718811035e-01 1.480247974395751953e-01 -6.974113732576370239e-02 1.781660795211791992e+00 1.087068080902099609e+00 1.583670854568481445e+00 -3.759750723838806152e-01 -8.381026983261108398e-01 -4.572685658931732178e-01
-2.341861575841903687e-01 1.168772339820861816e+00 1.517985343933105469e+00 -1.148373007774353027e+00 2.069118022918701172e+00 -1.081553816795349121e+00 -7.343119382858276367e-01 -1.395314693450927734e+00 2.170891284942626953e+00 -2.291366904973983765e-01 -7.421311736106872559e-01 -1.243955492973327637e+00 -8.386901021003723145e-02 -3.759408295154571533e-01 1.807569503784179688e+00 1.013217687606811523e+00 1.760588288307189941e+00 -2.134710401296615601e-01 -1.154015302658081055e+00 -4.717742204666137695e-01
-2.608336508274078369e-01 1.220498800277709961e+00 1.659105896949768066e+00 -1.196148753166198730e+00 2.029727935791015625e+00 -1.017338037490844727e+00 -8.030844926834106445e-01 -1.430688023567199707e+00 2.180407285690307617e+00 -1.680772900581359863e-01 -8.512219786643981934e-01 -1.422788739204406738e+00 -2.771513164043426514e-01 -4.772621095180511475e-01 1.835199117660522461e+00 9.797377586364746094e-01 1.887176394462585449e+00 -1.155498847365379333e-01 -1.374647021293640137e+00 -4.795985221862792969e-01
-3.451881408691406250e-01 1.270305871963500977e+00 1.729064583778381348e+00 -1.242647647857666016e+00 1.931183815002441406e+00 -9.560096263885498047e-01 -8.457320928573608398e-01 -1.461158156394958496e+00 2.122292757034301758e+00 -1.342877447605133057e-01 -9.223170280456542969e-01 -1.518598079681396484e+00 -4.419486224651336670e-01 -5.076422095298767090e-01 1.848019838333129883e+00 9.613509178161621094e-01 1.963714241981506348e+00 -6.457904726266860962e-02 -1.531309008598327637e+00 -4.832149147987365723e-01
-4.340455234050750732e-01 1.305619955062866211e+00 1.755704283714294434e+00 -1.273382902145385742e+00 1.804813146591186523e+00 -8.897208571434020996e-01 -8.706325888633728027e-01 -1.459461808204650879e+00 2.024204730987548828e+00 -1.245350688695907593e-01 -9.569267630577087402e-01 -1.529865145683288574e+00 -5.726136565208435059e-01 -5.137138962745666504e-01 1.831999182701110840e+00 9.585625529289245605e-01 1.975407719612121582e+00 -3.054098598659038544e-02 -1.623574733734130859e+00 -5.088130235671997070e-01
-5.305240154266357422e-01 1.341766953468322754e+00 1.731623291969299316e+00 -1.294446945190429688e+00 1.668781518936157227e+00 -8.151237368583679199e-01 -8.936479687690734863e-01 -1.444336056709289551e+00 1.906742572784423828e+00 -1.385862678289413452e-01 -9.537819027900695801e-01 -1.491823792457580566e+00 -6.848424077033996582e-01 -4.919869601726531982e-01 1.787923932075500488e+00 9.661109447479248047e-01 1.960330605506896973e+00 -8.198454976081848145e-03 -1.668858051300048828e+00 -5.361000895500183105e-01
-6.283728480339050293e-01 1.374956607818603516e+00 1.655249476432800293e+00 -1.302972197532653809e+00 1.521478772163391113e+00 -7.240481376647949219e-01 -9.143007993698120117e-01 -1.403854489326477051e+00 1.762838840484619141e+00 -1.767331659793853760e-01 -9.133911728858947754e-01 -1.396695017814636230e+00 -7.798935174942016602e-01 -4.417667090892791748e-01 1.710756778717041016e+00 9.787818789482116699e-01 1.910130739212036133e+00 5.477122962474822998e-03 -1.665000081062316895e+00 -5.676452517509460449e-01
-7.415032386779785156e-01 1.387236595153808594e+00 1.557547688484191895e+00 -1.297213912010192871e+00 1.357315778732299805e+00 -6.198326349258422852e-01 -9.453379511833190918e-01 -1.327793121337890625e+00 1.584679126739501953e+00 -2.323394119739532471e-01 -8.484271764755249023e-01 -1.242032647132873535e+00 -8.492025136947631836e-01 -3.539879024028778076e-01 1.618889570236206055e+00 9.888917803764343262e-01 1.806005358695983887e+00 7.878772914409637451e-03 -1.622115612030029297e+00 -5.849246382713317871e-01
-8.760104775428771973e-01 1.434360384941101074e+00 1.413429737091064453e+00 -1.288648843765258789e+00 1.247943639755249023e+00 -5.460595488548278809e-01 -1.004494667053222656e+00 -1.278905510902404785e+00 1.380752563476562500e+00 -3.160897195339202881e-01 -7.858223319053649902e-01 -9.928786754608154297e-01 -9.019390344619750977e-01 -1.844413578510284424e-01 1.517633676528930664e+00 9.856041073799133301e-01 1.661889195442199707e+00 -4.557968303561210632e-02 -1.524982929229736328e+00 -6.234298944473266602e-01
-1.056671261787414551e+00 1.577235937118530273e+00 1.343042492866516113e+00 -1.358204841613769531e+00 1.273498058319091797e+00 -5.860878229141235352e-01 -1.103653669357299805e+00 -1.290752410888671875e+00 1.301799535751342773e+00 -4.927371740341186523e-01 -7.538836002349853516e-01 -6.979622244834899902e-01 -9.139973521232604980e-01 9.911631047725677490e-02 1.469317913055419922e+00 1.047995090484619141e+00 1.569130063056945801e+00 -1.299494802951812744e-01 -1.396653532981872559e+00 -6.698546409606933594e-01
-1.221057534217834473e+00 1.741095066070556641e+00 1.353766798973083496e+00 -1.440493345260620117e+00 1.410528779029846191e+00 -7.355927824974060059e-01 -1.171285986900329590e+00 -1.342851281166076660e+00 1.364322185516357422e+00 -7.269358634948730469e-01 -7.659699320793151855e-01 -4.607670903205871582e-01 -8.502196669578552246e-01 4.037340581417083740e-01 1.513950347900390625e+00 1.147604703903198242e+00 1.559277653694152832e+00 -2.184695005416870117e-01 -1.257206916809082031e+00 -6.988530158996582031e-01
-1.348429679870605469e+00 1.884992957115173340e+00 1.389211893081665039e+00 -1.511129856109619141e+00 1.552373051643371582e+00 -9.218249320983886719e-01 -1.202785134315490723e+00 -1.419042706489562988e+00 1.496911287307739258e+00 -9.288069605827331543e-01 -7.939081788063049316e-01 -2.964457869529724121e-01 -7.549885511398315430e-01 6.896185874938964844e-01 1.591598629951477051e+00 1.226686239242553711e+00 1.597155332565307617e+00 -3.121662437915802002e-01 -1.129276752471923828e+00 -7.093622684478759766e-01
-1.403359889984130859e+00 1.956295609474182129e+00 1.416801929473876953e+00 -1.547968506813049316e+00 1.726588010787963867e+00 -1.098554372787475586e+00 -1.217342376708984375e+00 -1.501404285430908203e+00 1.632550001144409180e+00 -1.050621628761291504e+00 -8.019577860832214355e-01 -1.903748512268066406e-01 -6.002646684646606445e-01 8.914903402328491211e-01 1.681087255477905273e+00 1.293775796890258789e+00 1.623238205909729004e+00 -3.966647386550903320e-01 -9.995786547660827637e-01 -6.996441483497619629e-01
-1.417565703392028809e+00 1.946377873420715332e+00 1.449365735054016113e+00 -1.564105510711669922e+00 1.876480579376220703e+00 -1.228921294212341309e+00 -1.215504527091979980e+00 -1.560000300407409668e+00 1.736032962799072266e+00 -1.120786905288696289e+00 -7.944135665893554688e-01 -1.336207240819931030e-01 -4.419751167297363281e-01 1.004427433013916016e+00 1.775441646575927734e+00 1.358829259872436523e+00 1.635974764823913574e+00 -4.585188031196594238e-01 -8.996226787567138672e-01 -6.649034619331359863e-01
-1.410347104072570801e+00 1.909592747688293457e+00 1.470645427703857422e+00 -1.553542375564575195e+00 1.991587162017822266e+00 -1.327300786972045898e+00 -1.204956769943237305e+00 -1.595657706260681152e+00 1.806194305419921875e+00 -1.159193515777587891e+00 -7.813577651977539062e-01 -9.910712391138076782e-02 -3.027824163436889648e-01 1.077732086181640625e+00 1.839630603790283203e+00 1.396799921989440918e+00 1.630866646766662598e+00 -5.029045939445495605e-01 -8.134584426879882812e-01 -6.230651140213012695e-01
-1.397163391113281250e+00 1.857226133346557617e+00 1.503872632980346680e+00 -1.525959849357604980e+00 2.090643882751464844e+00 -1.403559923171997070e+00 -1.203518390655517578e+00 -1.624120831489562988e+00 1.858177900314331055e+00 -1.173597097396850586e+00 -7.700103521347045898e-01 -8.846382796764373779e-02 -1.887725889682769775e-01 1.121853709220886230e+00 1.894556641578674316e+00 1.426831245422363281e+00 1.623755335807800293e+00 -5.314726829528808594e-01 -7.548624873161315918e-01 -5.762286186218261719e-01
-1.370284438133239746e+00 1.775884628295898438e+00 1.520093202590942383e+00 -1.472002983093261719e+00 2.155504226684570312e+00 -1.462949991226196289e+00 -1.199097514152526855e+00 -1.628786206245422363e+00 1.878030300140380859e+00 -1.163314223289489746e+00 -7.455970644950866699e-01 -8.621280640363693237e-02 -8.137311041355133057e-02 1.154953956604003906e+00 1.922620177268981934e+00 1.441308259963989258e+00 1.603586196899414062e+00 -5.478993654251098633e-01 -6.943210959434509277e-01 -5.138730406761169434e-01
-1.327022075653076172e+00 1.651986002922058105e+00 1.524602651596069336e+00 -1.380207538604736328e+00 2.192485094070434570e+00 -1.499560356140136719e+00 -1.196386218070983887e+00 -1.602123022079467773e+00 1.868097066879272461e+00 -1.128366112709045410e+00 -7.094440460205078125e-01 -9.446536749601364136e-02 2.156748808920383453e-02 1.172145843505859375e+00 1.924739956855773926e+00 1.438090443611145020e+00 1.565383791923522949e+00 -5.442644357681274414e-01 -6.325845718383789062e-01 -4.272514879703521729e-01
-1.279086112976074219e+00 1.453757047653198242e+00 1.566368699073791504e+00 -1.238387703895568848e+00 2.202848196029663086e+00 -1.506590366363525391e+00 -1.223844528198242188e+00 -1.526476383209228516e+00 1.832678079605102539e+00 -1.051348686218261719e+00 -6.812893748283386230e-01 -1.369095295667648315e-01 1.065480560064315796e-01 1.154374361038208008e+00 1.927965879440307617e+00 1.409051895141601562e+00 1.501123189926147461e+00 -5.011085271835327148e-01 -6.064766049385070801e-01 -2.879872024059295654e-01
-1.170936465263366699e+00 1.173839807510375977e+00 1.591460704803466797e+00 -1.021012544631958008e+00 2.187677383422851562e+00 -1.442232489585876465e+00 -1.239591717720031738e+00 -1.370416164398193359e+00 1.763196468353271484e+00 -9.217137098312377930e-01 -6.332412958145141602e-01 -2.309053093194961548e-01 1.668233722448348999e-01 1.049093723297119141e+00 1.898270726203918457e+00 1.345034480094909668e+00 1.406457304954528809e+00 -4.356009662151336670e-01 -6.073582172393798828e-01 -1.007695496082305908e-01
-1.001622319221496582e+00 8.682937622070312500e-01 1.615221023559570312e+00 -7.611883878707885742e-01 2.091855287551879883e+00 -1.302710771560668945e+00 -1.247776269912719727e+00 -1.160257816314697266e+00 1.635583639144897461e+00 -7.447616457939147949e-01 -5.842823386192321777e-01 -3.909914493560791016e-01 1.340186297893524170e-01 7.717534899711608887e-01 1.854007720947265625e+00 1.206453561782836914e+00 1.264117598533630371e+00 -3.260749876499176025e-01 -6.629871129989624023e-01 1.209520995616912842e-01
-8.491505384445190430e-01 7.614163756370544434e-01 1.773099184036254883e+00 -6.586561799049377441e-01 2.036514520645141602e+00 -1.267854690551757812e+00 -1.223907589912414551e+00 -1.141496658325195312e+00 1.645387649536132812e+00 -5.012654066085815430e-01 -5.985676050186157227e-01 -7.818270921707153320e-01 -4.208048060536384583e-02 2.849355936050415039e-01 1.964972019195556641e+00 1.115707039833068848e+00 1.337027788162231445e+00 -2.235867530107498169e-01 -9.056392908096313477e-01 2.399805486202239990e-01
-7.301965355873107910e-01 8.729405999183654785e-01 1.901529550552368164e+00 -7.418397665023803711e-01 2.073053836822509766e+00 -1.251911163330078125e+00 -1.250409007072448730e+00 -1.221784830093383789e+00 1.740538597106933594e+00 -3.363366127014160156e-01 -6.639907360076904297e-01 -1.110866904258728027e+00 -2.014766633510589600e-01 -1.268642842769622803e-01 2.136417627334594727e+00 1.118143558502197266e+00 1.500304698944091797e+00 -2.136345505714416504e-01 -1.174943447113037109e+00 2.063118666410446167e-01
-6.641731858253479004e-01 9.780460596084594727e-01 2.008161783218383789e+00 -8.435527086257934570e-01 2.091534376144409180e+00 -1.208180785179138184e+00 -1.268527865409851074e+00 -1.265995860099792480e+00 1.839161872863769531e+00 -2.646963000297546387e-01 -7.294148802757263184e-01 -1.318498969078063965e+00 -3.677425086498260498e-01 -3.580671548843383789e-01 2.190369129180908203e+00 1.099597454071044922e+00 1.621839284896850586e+00 -1.818996816873550415e-01 -1.390858769416809082e+00 1.771198511123657227e-01
-6.392266750335693359e-01 1.057612776756286621e+00 2.103253841400146484e+00 -9.081465005874633789e-01 2.105924129486083984e+00 -1.167214393615722656e+00 -1.263461112976074219e+00 -1.262890219688415527e+00 1.938561677932739258e+00 -2.743448019027709961e-01 -8.044303059577941895e-01 -1.428572058677673340e+00 -5.061367750167846680e-01 -4.843643009662628174e-01 2.240641593933105469e+00 1.104707717895507812e+00 1.705384135246276855e+00 -1.446236371994018555e-01 -1.544973969459533691e+00 1.282266229391098022e-01
-6.197959184646606445e-01 1.115324378013610840e+00 2.162433624267578125e+00 -9.487190842628479004e-01 2.095694541931152344e+00 -1.126459121704101562e+00 -1.232477188110351562e+00 -1.236946940422058105e+00 2.000473260879516602e+00 -3.031086027622222900e-01 -8.676462173461914062e-01 -1.477563500404357910e+00 -6.119613051414489746e-01 -5.681939721107482910e-01 2.262148141860961914e+00 1.098711252212524414e+00 1.739158868789672852e+00 -1.135230585932731628e-01 -1.640702128410339355e+00 7.268820703029632568e-02
-6.111316084861755371e-01 1.167660713195800781e+00 2.197498083114624023e+00 -9.827063679695129395e-01 2.063863039016723633e+00 -1.087168455123901367e+00 -1.176660060882568359e+00 -1.208901524543762207e+00 2.026896476745605469e+00 -3.383600711822509766e-01 -9.346542358398437500e-01 -1.486604809761047363e+00 -7.012977600097656250e-01 -6.322454214096069336e-01 2.265251159667968750e+00 1.079693078994750977e+00 1.739399313926696777e+00 -8.553160727024078369e-02 -1.701147913932800293e+00 4.540868103504180908e-04
-6.018856763839721680e-01 1.216942191123962402e+00 2.225899219512939453e+00 -1.007990002632141113e+00 2.022270679473876953e+00 -1.057741999626159668e+00 -1.113385200500488281e+00 -1.184351921081542969e+00 2.029019832611083984e+00 -3.761746883392333984e-01 -9.916986227035522461e-01 -1.472501039505004883e+00 -7.745180130004882812e-01 -6.692640781402587891e-01 2.247591495513916016e+00 1.064916014671325684e+00 1.728297352790832520e+00 -5.836103111505508423e-02 -1.747230291366577148e+00 -8.309949934482574463e-02
-5.886605978012084961e-01 1.264756083488464355e+00 2.252376317977905273e+00 -1.024247288703918457e+00 1.977352976799011230e+00 -1.049895524978637695e+00 -1.030311822891235352e+00 -1.171433568000793457e+00 2.017541408538818359e+00 -4.054223299026489258e-01 -1.054643273353576660e+00 -1.439624428749084473e+00 -8.238838315010070801e-01 -6.964303255081176758e-01 2.222108840942382812e+00 1.042982101440429688e+00 1.694957494735717773e+00 -4.136696457862854004e-02 -1.776567935943603516e+00 -1.845136135816574097e-01
-6.027349233627319336e-01 1.335582494735717773e+00 2.289860010147094727e+00 -1.043145895004272461e+00 1.903412342071533203e+00 -1.067216396331787109e+00 -9.617177248001098633e-01 -1.176892638206481934e+00 1.996948242187500000e+00 -4.288266301155090332e-01 -1.111681818962097168e+00 -1.399701952934265137e+00 -8.670158386230468750e-01 -7.130329012870788574e-01 2.204890727996826172e+00 1.027117729187011719e+00 1.650287985801696777e+00 -2.536426298320293427e-02 -1.803359985351562500e+00 -2.933861613273620605e-01
-6.407244801521301270e-01 1.395268678665161133e+00 2.330115318298339844e+00 -1.053875088691711426e+00 1.802789330482482910e+00 -1.098153471946716309e+00 -8.900309801101684570e-01 -1.190785765647888184e+00 1.950390577316284180e+00 -4.464236497879028320e-01 -1.163023352622985840e+00 -1.342955827713012695e+00 -8.848122358322143555e-01 -7.154722213745117188e-01 2.186538696289062500e+00 1.022081971168518066e+00 1.580159664154052734e+00 -3.977328538894653320e-03 -1.810634493827819824e+00 -4.088655114173889160e-01
-6.862505674362182617e-01 1.414327263832092285e+00 2.342520475387573242e+00 -1.050219655036926270e+00 1.646494507789611816e+00 -1.126407623291015625e+00 -7.878734469413757324e-01 -1.198136210441589355e+00 1.846775531768798828e+00 -4.407247304916381836e-01 -1.202807307243347168e+00 -1.259612560272216797e+00 -8.807694911956787109e-01 -6.941612958908081055e-01 2.131939888000488281e+00 1.006103634834289551e+00 1.471666455268859863e+00 1.157815381884574890e-02 -1.786912202835083008e+00 -5.222238302230834961e-01
-7.386522293090820312e-01 1.446933150291442871e+00 2.321882724761962891e+00 -1.066131234169006348e+00 1.475955963134765625e+00 -1.148262619972229004e+00 -7.132149934768676758e-01 -1.204526901245117188e+00 1.717723131179809570e+00 -4.282517433166503906e-01 -1.195057511329650879e+00 -1.148417711257934570e+00 -8.447406291961669922e-01 -6.192919611930847168e-01 2.050472736358642578e+00 1.009110331535339355e+00 1.370950460433959961e+00 1.208831742405891418e-02 -1.739941239356994629e+00 -6.381019949913024902e-01
