-7.526236772537231445e-01 1.144917130470275879e+00 1.458918333053588867e+00 -1.330644607543945312e+00 1.953430533409118652e+00 -1.326066732406616211e+00 -6.948848366737365723e-01 -1.974631786346435547e+00 1.742158770561218262e+00 -1.854599714279174805e-01 -1.129404664039611816e+00 -1.041463971138000488e+00 -2.329229414463043213e-01 2.273053526878356934e-01 1.844609141349792480e+00 6.577780842781066895e-01 1.715737462043762207e+00 -3.720465302467346191e-01 -1.123576402664184570e+00 -2.645649015903472900e-01
-8.553490042686462402e-01 1.230979681015014648e+00 1.421651005744934082e+00 -1.258134365081787109e+00 1.941958785057067871e+00 -1.368896007537841797e+00 -6.734973788261413574e-01 -1.981276154518127441e+00 1.721279144287109375e+00 -2.992386817932128906e-01 -1.159900665283203125e+00 -9.259088039398193359e-01 -2.348330914974212646e-01 3.600063621997833252e-01 1.785384774208068848e+00 5.968273282051086426e-01 1.644226670265197754e+00 -4.381468892097473145e-01 -1.037708997726440430e+00 -2.665277123451232910e-01
-9.362165927886962891e-01 1.299463510513305664e+00 1.405859708786010742e+00 -1.233960628509521484e+00 1.942687153816223145e+00 -1.393973708152770996e+00 -6.739366650581359863e-01 -1.994026780128479004e+00 1.706685423851013184e+00 -3.754907846450805664e-01 -1.161440491676330566e+00 -8.451426625251770020e-01 -2.669140696525573730e-01 4.793694913387298584e-01 1.736038923263549805e+00 5.838481187820434570e-01 1.627419114112854004e+00 -4.865519404411315918e-01 -1.006515264511108398e+00 -2.877013385295867920e-01
-9.889978170394897461e-01 1.363568544387817383e+00 1.396685004234313965e+00 -1.221414685249328613e+00 1.957395792007446289e+00 -1.423688411712646484e+00 -6.947637796401977539e-01 -2.003767967224121094e+00 1.698646783828735352e+00 -4.299100935459136963e-01 -1.152232170104980469e+00 -7.798990011215209961e-01 -2.961264848709106445e-01 5.783160924911499023e-01 1.688480854034423828e+00 5.938887000083923340e-01 1.631353139877319336e+00 -5.184774398803710938e-01 -9.893388748168945312e-01 -3.211237490177154541e-01
-1.029631853103637695e+00 1.411506414413452148e+00 1.368936181068420410e+00 -1.225671529769897461e+00 1.965201854705810547e+00 -1.425499796867370605e+00 -7.260678410530090332e-01 -1.995969414710998535e+00 1.679312229156494141e+00 -4.741729795932769775e-01 -1.139622926712036133e+00 -7.164714932441711426e-01 -3.339512944221496582e-01 6.770958304405212402e-01 1.631191253662109375e+00 6.085959076881408691e-01 1.649360299110412598e+00 -5.312162637710571289e-01 -9.762298464775085449e-01 -3.475241959095001221e-01
-1.055741310119628906e+00 1.441274046897888184e+00 1.338104367256164551e+00 -1.241615056991577148e+00 1.960716247558593750e+00 -1.402528285980224609e+00 -7.787468433380126953e-01 -1.971837759017944336e+00 1.651477694511413574e+00 -4.925715029239654541e-01 -1.123225688934326172e+00 -6.662202477455139160e-01 -3.827697336673736572e-01 7.648598551750183105e-01 1.566471338272094727e+00 6.217408776283264160e-01 1.677538037300109863e+00 -5.283570885658264160e-01 -9.792674183845520020e-01 -3.668448328971862793e-01
-1.063649773597717285e+00 1.458913326263427734e+00 1.303518414497375488e+00 -1.272161722183227539e+00 1.947951555252075195e+00 -1.353523850440979004e+00 -8.587132096290588379e-01 -1.934068560600280762e+00 1.620624184608459473e+00 -4.800921976566314697e-01 -1.101427793502807617e+00 -6.380925774574279785e-01 -4.433842003345489502e-01 8.295149207115173340e-01 1.503508090972900391e+00 6.339461803436279297e-01 1.720436930656433105e+00 -5.127094984054565430e-01 -1.001307129859924316e+00 -3.777154386043548584e-01
-1.045346498489379883e+00 1.476383805274963379e+00 1.251322984695434570e+00 -1.332803726196289062e+00 1.918796658515930176e+00 -1.279413223266601562e+00 -9.571103453636169434e-01 -1.889426231384277344e+00 1.592770576477050781e+00 -4.262844324111938477e-01 -1.064068794250488281e+00 -6.442181468009948730e-01 -5.130655169486999512e-01 8.617958426475524902e-01 1.444512128829956055e+00 6.455264687538146973e-01 1.786361813545227051e+00 -4.948378503322601318e-01 -1.041626572608947754e+00 -3.887864053249359131e-01
-9.953050613403320312e-01 1.483562588691711426e+00 1.213704109191894531e+00 -1.408433318138122559e+00 1.872826218605041504e+00 -1.206075668334960938e+00 -1.063188791275024414e+00 -1.847653508186340332e+00 1.570964932441711426e+00 -3.275982737541198730e-01 -9.881483316421508789e-01 -6.873285770416259766e-01 -5.974204540252685547e-01 8.465890884399414062e-01 1.386491894721984863e+00 6.825295090675354004e-01 1.860064268112182617e+00 -4.649275541305541992e-01 -1.123560428619384766e+00 -4.103823304176330566e-01
-9.166271090507507324e-01 1.461402535438537598e+00 1.193310022354125977e+00 -1.479389667510986328e+00 1.839198112487792969e+00 -1.101601481437683105e+00 -1.178091168403625488e+00 -1.795309782028198242e+00 1.573268294334411621e+00 -2.026337385177612305e-01 -8.913750648498535156e-01 -7.906783223152160645e-01 -6.939221620559692383e-01 7.486504316329956055e-01 1.368763327598571777e+00 7.466839551925659180e-01 1.948041677474975586e+00 -4.164772629737854004e-01 -1.243826150894165039e+00 -4.159132540225982666e-01
-8.196152448654174805e-01 1.424313902854919434e+00 1.224920392036437988e+00 -1.477411031723022461e+00 1.847667574882507324e+00 -1.026004314422607422e+00 -1.254315257072448730e+00 -1.717365860939025879e+00 1.659346461296081543e+00 -1.374222934246063232e-01 -8.238960504531860352e-01 -9.335204958915710449e-01 -7.503086328506469727e-01 5.749295353889465332e-01 1.439095377922058105e+00 8.223187327384948730e-01 2.030529022216796875e+00 -3.589494228363037109e-01 -1.348386883735656738e+00 -3.945845067501068115e-01
-6.661865711212158203e-01 1.433466076850891113e+00 1.347160220146179199e+00 -1.442573070526123047e+00 1.896888017654418945e+00 -1.001287460327148438e+00 -1.358429431915283203e+00 -1.613844633102416992e+00 1.813789248466491699e+00 -8.315669745206832886e-02 -7.235128283500671387e-01 -1.149021148681640625e+00 -7.652461528778076172e-01 2.652568221092224121e-01 1.562602162361145020e+00 9.196329116821289062e-01 2.116221904754638672e+00 -2.878757417201995850e-01 -1.491932272911071777e+00 -3.385196626186370850e-01
-5.273953080177307129e-01 1.457005620002746582e+00 1.460680007934570312e+00 -1.373867273330688477e+00 1.911211490631103516e+00 -9.991821646690368652e-01 -1.434528827667236328e+00 -1.505204558372497559e+00 1.950087189674377441e+00 -5.471616983413696289e-02 -6.163790822029113770e-01 -1.325603008270263672e+00 -7.364884018898010254e-01 -3.624352067708969116e-02 1.651547551155090332e+00 9.639636874198913574e-01 2.129534482955932617e+00 -2.387762218713760376e-01 -1.585038661956787109e+00 -2.591652274131774902e-01
-4.640911221504211426e-01 1.524410486221313477e+00 1.539463758468627930e+00 -1.315513849258422852e+00 1.922308564186096191e+00 -1.036495566368103027e+00 -1.464316368103027344e+00 -1.453768134117126465e+00 2.052667379379272461e+00 -7.746520638465881348e-02 -5.533360838890075684e-01 -1.412758708000183105e+00 -6.769084930419921875e-01 -2.555272877216339111e-01 1.713127374649047852e+00 9.560979604721069336e-01 2.090028047561645508e+00 -2.360104173421859741e-01 -1.606897950172424316e+00 -2.007862329483032227e-01
-4.962713122367858887e-01 1.679027318954467773e+00 1.588240504264831543e+00 -1.273099422454833984e+00 1.968592762947082520e+00 -1.122586965560913086e+00 -1.491002559661865234e+00 -1.466777801513671875e+00 2.138713598251342773e+00 -1.807681024074554443e-01 -5.208579301834106445e-01 -1.398315906524658203e+00 -6.164826154708862305e-01 -3.295356035232543945e-01 1.745062708854675293e+00 9.350221753120422363e-01 2.032989740371704102e+00 -2.903700470924377441e-01 -1.579264283180236816e+00 -1.786817014217376709e-01
-5.323883891105651855e-01 1.834267020225524902e+00 1.553040146827697754e+00 -1.162535309791564941e+00 1.953077673912048340e+00 -1.209129810333251953e+00 -1.457486152648925781e+00 -1.424969196319580078e+00 2.167374134063720703e+00 -3.316620290279388428e-01 -4.695564806461334229e-01 -1.263162970542907715e+00 -4.901054203510284424e-01 -3.172684311866760254e-01 1.675683617591857910e+00 8.544643521308898926e-01 1.847193598747253418e+00 -3.809686601161956787e-01 -1.428046226501464844e+00 -1.636005938053131104e-01
-5.743466019630432129e-01 1.914958357810974121e+00 1.493959307670593262e+00 -1.039207220077514648e+00 1.858522534370422363e+00 -1.296846151351928711e+00 -1.330624103546142578e+00 -1.361336588859558105e+00 2.120282173156738281e+00 -4.914598166942596436e-01 -4.273864328861236572e-01 -1.024929523468017578e+00 -3.628847599029541016e-01 -1.948406994342803955e-01 1.524313211441040039e+00 7.502687573432922363e-01 1.582868218421936035e+00 -4.691392779350280762e-01 -1.214260458946228027e+00 -1.807032078504562378e-01
-7.069357633590698242e-01 1.965892076492309570e+00 1.548123359680175781e+00 -1.002194523811340332e+00 1.848490834236145020e+00 -1.432567119598388672e+00 -1.194680571556091309e+00 -1.411834239959716797e+00 2.092572212219238281e+00 -6.660195589065551758e-01 -4.775360226631164551e-01 -7.821318507194519043e-01 -2.875877320766448975e-01 3.193895891308784485e-02 1.540293931961059570e+00 7.676346302032470703e-01 1.427579760551452637e+00 -5.499550104141235352e-01 -1.064829707145690918e+00 -2.802527248859405518e-01
-8.138747215270996094e-01 1.969110488891601562e+00 1.575408697128295898e+00 -9.896116256713867188e-01 1.838450193405151367e+00 -1.492372393608093262e+00 -1.105744600296020508e+00 -1.426598787307739258e+00 2.037123918533325195e+00 -7.871485352516174316e-01 -5.260304808616638184e-01 -5.797104239463806152e-01 -2.167699038982391357e-01 2.063836455345153809e-01 1.565286874771118164e+00 8.158378005027770996e-01 1.300648331642150879e+00 -5.918628573417663574e-01 -9.469251036643981934e-01 -3.769103586673736572e-01
-8.999302983283996582e-01 1.918594121932983398e+00 1.596000313758850098e+00 -9.567043781280517578e-01 1.876511335372924805e+00 -1.506876111030578613e+00 -1.053128242492675781e+00 -1.435903191566467285e+00 1.974141478538513184e+00 -8.662078380584716797e-01 -6.004369854927062988e-01 -4.571989476680755615e-01 -1.689894497394561768e-01 3.254150450229644775e-01 1.600477695465087891e+00 8.646696805953979492e-01 1.225509643554687500e+00 -5.860317349433898926e-01 -8.684299588203430176e-01 -4.338353574275970459e-01
-9.231314063072204590e-01 1.835555791854858398e+00 1.624000191688537598e+00 -9.023824930191040039e-01 1.932397484779357910e+00 -1.507286548614501953e+00 -1.019496440887451172e+00 -1.423538446426391602e+00 1.935203671455383301e+00 -8.876780271530151367e-01 -6.607694029808044434e-01 -4.129551053047180176e-01 -1.130118742585182190e-01 3.615405559539794922e-01 1.635398149490356445e+00 8.972159624099731445e-01 1.177585363388061523e+00 -5.593627095222473145e-01 -8.225566744804382324e-01 -4.557918906211853027e-01
-8.865336775779724121e-01 1.702133893966674805e+00 1.666327357292175293e+00 -8.074486255645751953e-01 1.990346670150756836e+00 -1.492371439933776855e+00 -9.689703583717346191e-01 -1.385814428329467773e+00 1.911359190940856934e+00 -8.550934791564941406e-01 -7.180488705635070801e-01 -4.480710327625274658e-01 -4.351922124624252319e-02 3.216457068920135498e-01 1.672327399253845215e+00 9.058272242546081543e-01 1.151637911796569824e+00 -5.058745741844177246e-01 -7.984882593154907227e-01 -4.497449994087219238e-01
-7.656725645065307617e-01 1.481340050697326660e+00 1.746243000030517578e+00 -6.580755710601806641e-01 2.080704450607299805e+00 -1.469413995742797852e+00 -9.037232995033264160e-01 -1.322196483612060547e+00 1.912385582923889160e+00 -7.457885146141052246e-01 -7.874335050582885742e-01 -5.954769849777221680e-01 5.510428920388221741e-02 1.595559865236282349e-01 1.734099864959716797e+00 9.009423851966857910e-01 1.151312112808227539e+00 -4.148105978965759277e-01 -8.143895864486694336e-01 -4.039820432662963867e-01
-5.750931501388549805e-01 1.121292829513549805e+00 1.845055460929870605e+00 -4.659929275512695312e-01 2.183034181594848633e+00 -1.416629314422607422e+00 -8.326296806335449219e-01 -1.229131817817687988e+00 1.894801616668701172e+00 -5.362975001335144043e-01 -8.887042999267578125e-01 -8.812332749366760254e-01 1.412194967269897461e-01 -1.226894482970237732e-01 1.830955743789672852e+00 9.030344486236572266e-01 1.206497311592102051e+00 -2.678919732570648193e-01 -9.005193710327148438e-01 -2.822228670120239258e-01
-4.912003278732299805e-01 7.972319126129150391e-01 1.963385820388793945e+00 -4.830898344516754150e-01 2.211658239364624023e+00 -1.316341400146484375e+00 -7.659984230995178223e-01 -1.262344121932983398e+00 1.909027338027954102e+00 -3.187951147556304932e-01 -1.000365853309631348e+00 -1.289822220802307129e+00 1.352744400501251221e-01 -4.067537486553192139e-01 1.971444606781005859e+00 9.385917186737060547e-01 1.411956310272216797e+00 -1.026929840445518494e-01 -1.092729806900024414e+00 -9.682862460613250732e-02
-5.144865512847900391e-01 6.304078102111816406e-01 2.124330282211303711e+00 -7.290499210357666016e-01 2.193650484085083008e+00 -1.195700526237487793e+00 -7.723858356475830078e-01 -1.376510024070739746e+00 1.911499977111816406e+00 -1.417333483695983887e-01 -1.112228989601135254e+00 -1.592668056488037109e+00 -3.001067787408828735e-02 -5.678558349609375000e-01 2.202141046524047852e+00 1.060678005218505859e+00 1.674327373504638672e+00 1.469139382243156433e-02 -1.371398329734802246e+00 -1.010484993457794189e-03
-5.987932682037353516e-01 6.054702401161193848e-01 2.241157531738281250e+00 -9.131559133529663086e-01 2.111890316009521484e+00 -1.123174071311950684e+00 -7.723062038421630859e-01 -1.459342360496520996e+00 1.889535427093505859e+00 -7.213817536830902100e-02 -1.192971110343933105e+00 -1.707791686058044434e+00 -2.014992237091064453e-01 -5.918471813201904297e-01 2.334547758102416992e+00 1.133766531944274902e+00 1.814324975013732910e+00 5.603166297078132629e-02 -1.571197032928466797e+00 -6.294984370470046997e-03
-6.599017977714538574e-01 6.315906643867492676e-01 2.287844419479370117e+00 -1.021116852760314941e+00 2.015933990478515625e+00 -1.067042708396911621e+00 -7.694475054740905762e-01 -1.476598739624023438e+00 1.858548164367675781e+00 -6.136597692966461182e-02 -1.211075544357299805e+00 -1.720977425575256348e+00 -3.234212994575500488e-01 -5.863158702850341797e-01 2.375372648239135742e+00 1.175302386283874512e+00 1.861081719398498535e+00 7.543179392814636230e-02 -1.675763010978698730e+00 -3.889073058962821960e-02
-7.058137655258178711e-01 6.743701696395874023e-01 2.310876369476318359e+00 -1.091569781303405762e+00 1.908491015434265137e+00 -1.037414669990539551e+00 -7.680946588516235352e-01 -1.456111311912536621e+00 1.819561958312988281e+00 -7.125785201787948608e-02 -1.193798661231994629e+00 -1.682293295860290527e+00 -4.295241832733154297e-01 -5.577509999275207520e-01 2.366990804672241211e+00 1.205945253372192383e+00 1.863126873970031738e+00 8.396369218826293945e-02 -1.733424544334411621e+00 -8.129109442234039307e-02
-7.516301870346069336e-01 7.168828248977661133e-01 2.318008184432983398e+00 -1.125971198081970215e+00 1.778733253479003906e+00 -1.008390426635742188e+00 -7.569499015808105469e-01 -1.402152180671691895e+00 1.744528412818908691e+00 -1.000588014721870422e-01 -1.151014328002929688e+00 -1.598667979240417480e+00 -5.251101255416870117e-01 -5.132691860198974609e-01 2.322056055068969727e+00 1.234097480773925781e+00 1.820983409881591797e+00 9.086497128009796143e-02 -1.757881045341491699e+00 -1.365634799003601074e-01
-8.393734097480773926e-01 8.418672680854797363e-01 2.317874670028686523e+00 -1.158268570899963379e+00 1.627431631088256836e+00 -9.975311756134033203e-01 -7.505276203155517578e-01 -1.354425787925720215e+00 1.655537843704223633e+00 -1.832541823387145996e-01 -1.092585802078247070e+00 -1.468369126319885254e+00 -6.104125380516052246e-01 -4.629794061183929443e-01 2.286517858505249023e+00 1.283540368080139160e+00 1.739948391914367676e+00 7.227616012096405029e-02 -1.757956981658935547e+00 -2.362535744905471802e-01
-9.678365588188171387e-01 1.015458345413208008e+00 2.276882171630859375e+00 -1.149780154228210449e+00 1.453154802322387695e+00 -9.927804470062255859e-01 -7.311049699783325195e-01 -1.271151900291442871e+00 1.519929289817810059e+00 -3.501618802547454834e-01 -1.008744835853576660e+00 -1.231804490089416504e+00 -6.685408949851989746e-01 -3.612499535083770752e-01 2.218685388565063477e+00 1.353355526924133301e+00 1.581597685813903809e+00 3.617529198527336121e-02 -1.690364837646484375e+00 -3.697737157344818115e-01
-1.174996733665466309e+00 1.308945059776306152e+00 2.206949949264526367e+00 -1.128973960876464844e+00 1.271646261215209961e+00 -1.044358372688293457e+00 -7.660166621208190918e-01 -1.165201187133789062e+00 1.391384124755859375e+00 -6.437431573867797852e-01 -8.884684443473815918e-01 -8.465290665626525879e-01 -6.477299332618713379e-01 -1.460203826427459717e-01 2.184859275817871094e+00 1.514174818992614746e+00 1.367769479751586914e+00 -5.833446234464645386e-02 -1.521930813789367676e+00 -5.680810213088989258e-01
-1.341079354286193848e+00 1.557157397270202637e+00 2.069076538085937500e+00 -1.102588772773742676e+00 1.150321722030639648e+00 -1.102390289306640625e+00 -8.302100300788879395e-01 -1.072434425354003906e+00 1.276655077934265137e+00 -9.127241373062133789e-01 -8.148492574691772461e-01 -4.887292087078094482e-01 -5.991888642311096191e-01 1.229655072093009949e-01 2.135747194290161133e+00 1.636855840682983398e+00 1.215341091156005859e+00 -1.243439167737960815e-01 -1.316758155822753906e+00 -7.161350846290588379e-01
-1.472395181655883789e+00 1.796678543090820312e+00 2.015076398849487305e+00 -1.154872775077819824e+00 1.241067767143249512e+00 -1.239900469779968262e+00 -8.876867294311523438e-01 -1.174912095069885254e+00 1.336521267890930176e+00 -1.112173438072204590e+00 -8.209371566772460938e-01 -3.109488189220428467e-01 -5.600804090499877930e-01 3.176837265491485596e-01 2.149980068206787109e+00 1.696615576744079590e+00 1.206273913383483887e+00 -2.311293780803680420e-01 -1.210655927658081055e+00 -7.973868250846862793e-01
-1.531350135803222656e+00 1.927181959152221680e+00 1.963256955146789551e+00 -1.158133745193481445e+00 1.331526756286621094e+00 -1.332783102989196777e+00 -8.998667597770690918e-01 -1.253981113433837891e+00 1.405231595039367676e+00 -1.230624556541442871e+00 -8.385888934135437012e-01 -2.163089513778686523e-01 -5.034244656562805176e-01 4.335811734199523926e-01 2.129813194274902344e+00 1.671579837799072266e+00 1.180958628654479980e+00 -3.017393052577972412e-01 -1.108746409416198730e+00 -8.163403272628784180e-01
-1.542039394378662109e+00 1.952745318412780762e+00 1.928451895713806152e+00 -1.116377949714660645e+00 1.400720834732055664e+00 -1.374153733253479004e+00 -8.868600130081176758e-01 -1.277723908424377441e+00 1.451804161071777344e+00 -1.295286774635314941e+00 -8.554863333702087402e-01 -1.777120232582092285e-01 -4.382486939430236816e-01 4.790217280387878418e-01 2.111054420471191406e+00 1.643881559371948242e+00 1.151292443275451660e+00 -3.228734433650970459e-01 -1.028416991233825684e+00 -8.097150921821594238e-01
-1.526996135711669922e+00 1.918650031089782715e+00 1.936027050018310547e+00 -1.054222941398620605e+00 1.468573212623596191e+00 -1.388467431068420410e+00 -8.564340472221374512e-01 -1.277003049850463867e+00 1.495160102844238281e+00 -1.332333922386169434e+00 -8.846187591552734375e-01 -1.823483258485794067e-01 -3.795504570007324219e-01 4.620325863361358643e-01 2.125414848327636719e+00 1.626582503318786621e+00 1.126477718353271484e+00 -3.125236630439758301e-01 -9.814827442169189453e-01 -7.937712073326110840e-01
-1.482285499572753906e+00 1.821427464485168457e+00 1.965998768806457520e+00 -9.637203216552734375e-01 1.510334849357604980e+00 -1.380267262458801270e+00 -8.034926056861877441e-01 -1.245784997940063477e+00 1.521597623825073242e+00 -1.329006195068359375e+00 -9.188765287399291992e-01 -2.299057245254516602e-01 -3.288406133651733398e-01 3.964071273803710938e-01 2.141782283782958984e+00 1.606802225112915039e+00 1.101576209068298340e+00 -2.792221009731292725e-01 -9.622672200202941895e-01 -7.659676074981689453e-01
-1.385444760322570801e+00 1.649604201316833496e+00 1.988574266433715820e+00 -8.361508846282958984e-01 1.522571325302124023e+00 -1.352512001991271973e+00 -7.201547622680664062e-01 -1.174787640571594238e+00 1.529247641563415527e+00 -1.276487588882446289e+00 -9.457081556320190430e-01 -3.187243640422821045e-01 -2.820912003517150879e-01 2.784935235977172852e-01 2.144487619400024414e+00 1.565967917442321777e+00 1.070660471916198730e+00 -2.310611009597778320e-01 -9.501416087150573730e-01 -7.101612687110900879e-01
-1.214691162109375000e+00 1.403330922126770020e+00 2.011622190475463867e+00 -6.718294620513916016e-01 1.555827617645263672e+00 -1.307243585586547852e+00 -6.064944267272949219e-01 -1.091561198234558105e+00 1.537587285041809082e+00 -1.155398607254028320e+00 -9.971706867218017578e-01 -4.595719575881958008e-01 -2.317806482315063477e-01 9.178104996681213379e-02 2.125881433486938477e+00 1.485983610153198242e+00 1.044765830039978027e+00 -1.714467555284500122e-01 -9.592941999435424805e-01 -6.526169776916503906e-01
-1.033246040344238281e+00 1.194648504257202148e+00 2.087308645248413086e+00 -5.580635070800781250e-01 1.669644594192504883e+00 -1.290755867958068848e+00 -5.077086687088012695e-01 -1.122620344161987305e+00 1.643238663673400879e+00 -9.627599716186523438e-01 -1.101001739501953125e+00 -7.236126065254211426e-01 -2.064270973205566406e-01 -1.363425254821777344e-01 2.111647367477416992e+00 1.337879061698913574e+00 1.101328492164611816e+00 -1.125816404819488525e-01 -1.040276169776916504e+00 -5.722004771232604980e-01
-8.770133256912231445e-01 1.020458221435546875e+00 2.122109174728393555e+00 -4.864299893379211426e-01 1.737742066383361816e+00 -1.258190989494323730e+00 -4.280284643173217773e-01 -1.193083405494689941e+00 1.731714010238647461e+00 -7.232161760330200195e-01 -1.203317403793334961e+00 -1.006786346435546875e+00 -2.117553949356079102e-01 -3.383993208408355713e-01 2.065614461898803711e+00 1.168749094009399414e+00 1.186322927474975586e+00 -7.109580188989639282e-02 -1.138143539428710938e+00 -4.900981485843658447e-01
-7.884420156478881836e-01 9.234929084777832031e-01 2.141109943389892578e+00 -4.990229904651641846e-01 1.768065929412841797e+00 -1.233522891998291016e+00 -3.845510482788085938e-01 -1.269123911857604980e+00 1.794145941734313965e+00 -5.474183559417724609e-01 -1.304132223129272461e+00 -1.213434457778930664e+00 -2.571852505207061768e-01 -4.404903948307037354e-01 2.029180526733398438e+00 1.045002579689025879e+00 1.295029878616333008e+00 -3.384019061923027039e-02 -1.235544204711914062e+00 -4.322068393230438232e-01
-7.730820775032043457e-01 9.440657496452331543e-01 2.165103912353515625e+00 -5.670170783996582031e-01 1.766836047172546387e+00 -1.220812320709228516e+00 -3.974381089210510254e-01 -1.291170239448547363e+00 1.816106319427490234e+00 -4.962794184684753418e-01 -1.345530390739440918e+00 -1.236577153205871582e+00 -3.065592944622039795e-01 -4.368036687374114990e-01 2.024664163589477539e+00 1.030207157135009766e+00 1.333878517150878906e+00 -2.847739495337009430e-02 -1.277744770050048828e+00 -4.646673202514648438e-01
-8.371906280517578125e-01 1.036348462104797363e+00 2.172738790512084961e+00 -6.067278385162353516e-01 1.733662009239196777e+00 -1.198572397232055664e+00 -4.378715157508850098e-01 -1.239970564842224121e+00 1.769690394401550293e+00 -5.852304697036743164e-01 -1.326341390609741211e+00 -1.083807945251464844e+00 -3.775392472743988037e-01 -3.458214700222015381e-01 2.007193803787231445e+00 1.073597192764282227e+00 1.275287270545959473e+00 -2.889479696750640869e-02 -1.245655417442321777e+00 -5.369449257850646973e-01
-9.779582619667053223e-01 1.210889101028442383e+00 2.117606401443481445e+00 -6.577214002609252930e-01 1.657203674316406250e+00 -1.183474421501159668e+00 -5.433223843574523926e-01 -1.155703902244567871e+00 1.642404794692993164e+00 -7.548634409904479980e-01 -1.247943878173828125e+00 -7.906075119972229004e-01 -4.591063857078552246e-01 -1.523096561431884766e-01 1.971735119819641113e+00 1.164308905601501465e+00 1.169905066490173340e+00 -6.497102975845336914e-02 -1.169255137443542480e+00 -6.352699995040893555e-01
-1.112440824508666992e+00 1.434031128883361816e+00 2.044795274734497070e+00 -7.783595323562622070e-01 1.593343257904052734e+00 -1.183141231536865234e+00 -6.991499662399291992e-01 -1.074775457382202148e+00 1.527315735816955566e+00 -9.360991716384887695e-01 -1.125477313995361328e+00 -4.711855351924896240e-01 -4.924127161502838135e-01 4.683461040258407593e-02 1.981268286705017090e+00 1.310635328292846680e+00 1.079755306243896484e+00 -1.267117261886596680e-01 -1.089611053466796875e+00 -7.451003789901733398e-01
-1.203029632568359375e+00 1.641319751739501953e+00 2.012454748153686523e+00 -9.195950031280517578e-01 1.557840347290039062e+00 -1.195143938064575195e+00 -8.794556856155395508e-01 -1.015048027038574219e+00 1.491482377052307129e+00 -1.066044330596923828e+00 -1.010652661323547363e+00 -2.686972618103027344e-01 -5.630707740783691406e-01 1.823331713676452637e-01 2.009741783142089844e+00 1.452775001525878906e+00 1.074713587760925293e+00 -1.572064161300659180e-01 -1.076688289642333984e+00 -8.031957149505615234e-01
-1.268734097480773926e+00 1.770070314407348633e+00 2.028429985046386719e+00 -1.034728646278381348e+00 1.548640370368957520e+00 -1.203451395034790039e+00 -1.010874986648559570e+00 -9.841944575309753418e-01 1.507917761802673340e+00 -1.150918126106262207e+00 -9.465755224227905273e-01 -1.739159822463989258e-01 -6.022025942802429199e-01 2.383603751659393311e-01 2.052722692489624023e+00 1.566046476364135742e+00 1.082272887229919434e+00 -1.473009884357452393e-01 -1.087247848510742188e+00 -8.128213882446289062e-01
-1.297692656517028809e+00 1.851301550865173340e+00 2.049635887145996094e+00 -1.127496957778930664e+00 1.513207435607910156e+00 -1.179216623306274414e+00 -1.101249575614929199e+00 -9.457120895385742188e-01 1.510390996932983398e+00 -1.186156749725341797e+00 -8.830531239509582520e-01 -1.403072476387023926e-01 -6.339655518531799316e-01 2.230502068996429443e-01 2.096454858779907227e+00 1.644637227058410645e+00 1.083794713020324707e+00 -1.201164126396179199e-01 -1.121954560279846191e+00 -8.165799379348754883e-01
-1.303865790367126465e+00 1.877062797546386719e+00 2.064493179321289062e+00 -1.203956961631774902e+00 1.448496341705322266e+00 -1.120400786399841309e+00 -1.155836343765258789e+00 -8.958351016044616699e-01 1.496576070785522461e+00 -1.185358285903930664e+00 -8.215467333793640137e-01 -1.484734117984771729e-01 -6.689661145210266113e-01 1.686006486415863037e-01 2.117232799530029297e+00 1.698255538940429688e+00 1.087695240974426270e+00 -7.880676537752151489e-02 -1.175014734268188477e+00 -8.080936670303344727e-01
-1.297385931015014648e+00 1.901288866996765137e+00 2.083151102066040039e+00 -1.287200450897216797e+00 1.426295638084411621e+00 -1.056659936904907227e+00 -1.215097546577453613e+00 -8.773123621940612793e-01 1.499502182006835938e+00 -1.154023766517639160e+00 -7.634769082069396973e-01 -1.935814619064331055e-01 -7.062020897865295410e-01 1.108790338039398193e-01 2.133514165878295898e+00 1.735325813293457031e+00 1.122526526451110840e+00 -6.693493574857711792e-02 -1.257145524024963379e+00 -8.012380599975585938e-01
-1.271290183067321777e+00 1.920701384544372559e+00 2.096168279647827148e+00 -1.354206204414367676e+00 1.422545313835144043e+00 -1.006286382675170898e+00 -1.271221280097961426e+00 -8.947847485542297363e-01 1.508046865463256836e+00 -1.084182381629943848e+00 -7.204602360725402832e-01 -2.833509147167205811e-01 -7.462053894996643066e-01 2.875620126724243164e-02 2.147842884063720703e+00 1.740736722946166992e+00 1.177639245986938477e+00 -6.707149744033813477e-02 -1.356736660003662109e+00 -7.907238602638244629e-01
-1.237357258796691895e+00 1.907422542572021484e+00 2.083850622177124023e+00 -1.385413289070129395e+00 1.412689089775085449e+00 -9.504492282867431641e-01 -1.301787376403808594e+00 -9.142216444015502930e-01 1.499186396598815918e+00 -1.005004405975341797e+00 -6.832001209259033203e-01 -3.820524811744689941e-01 -7.651672959327697754e-01 -5.406046658754348755e-02 2.139544010162353516e+00 1.713308334350585938e+00 1.215655684471130371e+00 -6.227849051356315613e-02 -1.428557753562927246e+00 -7.565718293190002441e-01
-1.203241467475891113e+00 1.877555012702941895e+00 2.056057929992675781e+00 -1.389698743820190430e+00 1.399235725402832031e+00 -8.991702795028686523e-01 -1.319111943244934082e+00 -9.232742190361022949e-01 1.486518979072570801e+00 -9.395405650138854980e-01 -6.497089266777038574e-01 -4.614365398883819580e-01 -7.649008035659790039e-01 -1.165210232138633728e-01 2.113476991653442383e+00 1.673701882362365723e+00 1.236301898956298828e+00 -5.513006821274757385e-02 -1.470772981643676758e+00 -7.134457826614379883e-01
-1.180667757987976074e+00 1.847165584564208984e+00 2.020640134811401367e+00 -1.376271843910217285e+00 1.383113384246826172e+00 -8.633765578269958496e-01 -1.323807001113891602e+00 -9.276290535926818848e-01 1.479356288909912109e+00 -9.045342803001403809e-01 -6.256609559059143066e-01 -5.127679705619812012e-01 -7.474657297134399414e-01 -1.508589088916778564e-01 2.084716796875000000e+00 1.631442546844482422e+00 1.242563605308532715e+00 -5.384156480431556702e-02 -1.483176350593566895e+00 -6.667396426200866699e-01
-1.173354268074035645e+00 1.830046653747558594e+00 1.973818063735961914e+00 -1.353578925132751465e+00 1.362645030021667480e+00 -8.406566381454467773e-01 -1.327762007713317871e+00 -9.286197423934936523e-01 1.475522041320800781e+00 -9.004327058792114258e-01 -6.051771044731140137e-01 -5.368145704269409180e-01 -7.181177735328674316e-01 -1.563819944858551025e-01 2.051259756088256836e+00 1.589613080024719238e+00 1.238389611244201660e+00 -5.683337152004241943e-02 -1.470338344573974609e+00 -6.148504614830017090e-01
-1.176531314849853516e+00 1.825015425682067871e+00 1.902684092521667480e+00 -1.324559807777404785e+00 1.334522366523742676e+00 -8.235549330711364746e-01 -1.333898186683654785e+00 -9.254820346832275391e-01 1.468193888664245605e+00 -9.204039573669433594e-01 -5.787548422813415527e-01 -5.354824662208557129e-01 -6.747634410858154297e-01 -1.365982592105865479e-01 2.003783941268920898e+00 1.546596050262451172e+00 1.222819566726684570e+00 -6.430800259113311768e-02 -1.429885864257812500e+00 -5.531523823738098145e-01
-1.187376976013183594e+00 1.826615571975708008e+00 1.810648798942565918e+00 -1.278442859649658203e+00 1.320556521415710449e+00 -8.308854699134826660e-01 -1.314020276069641113e+00 -9.326269626617431641e-01 1.485316514968872070e+00 -9.771729111671447754e-01 -5.521676540374755859e-01 -5.206878185272216797e-01 -5.991072654724121094e-01 -7.939637452363967896e-02 1.962691426277160645e+00 1.510747432708740234e+00 1.219901561737060547e+00 -8.618808537721633911e-02 -1.342744946479797363e+00 -4.867234528064727783e-01
-1.219373106956481934e+00 1.797801375389099121e+00 1.663275003433227539e+00 -1.223565459251403809e+00 1.316112160682678223e+00 -8.592556715011596680e-01 -1.252718806266784668e+00 -9.788497090339660645e-01 1.515205144882202148e+00 -1.054880023002624512e+00 -5.195881724357604980e-01 -5.029560327529907227e-01 -4.750883281230926514e-01 2.612392976880073547e-02 1.923235177993774414e+00 1.475434660911560059e+00 1.239208459854125977e+00 -1.369169801473617554e-01 -1.194792270660400391e+00 -3.852708041667938232e-01
-1.246647834777832031e+00 1.665478944778442383e+00 1.496701598167419434e+00 -1.156766414642333984e+00 1.359728097915649414e+00 -8.864997625350952148e-01 -1.180094957351684570e+00 -1.051879048347473145e+00 1.559831380844116211e+00 -1.097429752349853516e+00 -4.687265753746032715e-01 -4.961329996585845947e-01 -2.855632901191711426e-01 1.791873872280120850e-01 1.883623480796813965e+00 1.475685596466064453e+00 1.286222457885742188e+00 -1.989986151456832886e-01 -1.016063690185546875e+00 -2.623968422412872314e-01
-1.221659302711486816e+00 1.469857215881347656e+00 1.319124102592468262e+00 -1.118644952774047852e+00 1.456396341323852539e+00 -9.024438858032226562e-01 -1.083721518516540527e+00 -1.160938262939453125e+00 1.629392623901367188e+00 -1.055894970893859863e+00 -4.235160052776336670e-01 -5.184255838394165039e-01 -7.744988054037094116e-02 2.941648960113525391e-01 1.853532910346984863e+00 1.445440769195556641e+00 1.349848270416259766e+00 -2.785672247409820557e-01 -8.520516753196716309e-01 -1.704440265893936157e-01
-1.146465897560119629e+00 1.286549210548400879e+00 1.199031352996826172e+00 -1.205035567283630371e+00 1.602825999259948730e+00 -9.329279661178588867e-01 -9.824915528297424316e-01 -1.300747632980346680e+00 1.695301175117492676e+00 -9.282686710357666016e-01 -3.517047762870788574e-01 -5.558707118034362793e-01 9.235092252492904663e-02 3.959350585937500000e-01 1.876392602920532227e+00 1.459884285926818848e+00 1.477818727493286133e+00 -3.752680718898773193e-01 -7.457547187805175781e-01 -1.807307600975036621e-01
-1.019451498985290527e+00 1.123714208602905273e+00 1.163031935691833496e+00 -1.366241574287414551e+00 1.705953001976013184e+00 -9.800698757171630859e-01 -8.976635932922363281e-01 -1.435878753662109375e+00 1.713121891021728516e+00 -7.211371064186096191e-01 -3.240944743156433105e-01 -6.353619098663330078e-01 1.612755209207534790e-01 4.568303823471069336e-01 1.907089471817016602e+00 1.437611699104309082e+00 1.628097176551818848e+00 -4.255575537681579590e-01 -7.398283481597900391e-01 -2.173509895801544189e-01
-9.220714569091796875e-01 1.072610735893249512e+00 1.177611947059631348e+00 -1.518614768981933594e+00 1.728982090950012207e+00 -1.039063453674316406e+00 -8.273130059242248535e-01 -1.552612662315368652e+00 1.696744561195373535e+00 -5.237655043601989746e-01 -3.621273636817932129e-01 -7.368487715721130371e-01 1.023373901844024658e-01 4.524901509284973145e-01 1.953276991844177246e+00 1.408753991127014160e+00 1.765539884567260742e+00 -4.542913138866424561e-01 -8.353545069694519043e-01 -2.816107571125030518e-01
-8.638043403625488281e-01 1.071227073669433594e+00 1.207682251930236816e+00 -1.655390739440917969e+00 1.674687743186950684e+00 -1.059489011764526367e+00 -7.974508404731750488e-01 -1.626719951629638672e+00 1.637140631675720215e+00 -3.405944108963012695e-01 -4.121838212013244629e-01 -8.261654973030090332e-01 -2.898131310939788818e-02 4.422955811023712158e-01 1.949429631233215332e+00 1.367120742797851562e+00 1.869452595710754395e+00 -4.672348201274871826e-01 -9.761715531349182129e-01 -3.500321507453918457e-01
-8.440749645233154297e-01 1.100589990615844727e+00 1.241251587867736816e+00 -1.768293976783752441e+00 1.589898705482482910e+00 -1.044893264770507812e+00 -7.959510684013366699e-01 -1.671404004096984863e+00 1.569863438606262207e+00 -2.027575969696044922e-01 -4.686104953289031982e-01 -8.915309906005859375e-01 -1.823866367340087891e-01 4.313462972640991211e-01 1.916877269744873047e+00 1.321517705917358398e+00 1.939400434494018555e+00 -4.641713201999664307e-01 -1.124076008796691895e+00 -4.180118441581726074e-01
-8.498259186744689941e-01 1.147719264030456543e+00 1.261110544204711914e+00 -1.864589095115661621e+00 1.492272973060607910e+00 -1.015078067779541016e+00 -8.051308393478393555e-01 -1.700468540191650391e+00 1.503169775009155273e+00 -1.042429208755493164e-01 -5.206698179244995117e-01 -9.320560097694396973e-01 -3.294341266155242920e-01 4.268788099288940430e-01 1.874252557754516602e+00 1.273945450782775879e+00 1.985584497451782227e+00 -4.580942094326019287e-01 -1.252649307250976562e+00 -4.792005717754364014e-01
-8.873367905616760254e-01 1.203723669052124023e+00 1.276220202445983887e+00 -1.940945506095886230e+00 1.402239084243774414e+00 -9.977924227714538574e-01 -8.177924156188964844e-01 -1.731270670890808105e+00 1.450390100479125977e+00 -4.862853884696960449e-02 -5.704345107078552246e-01 -9.522519111633300781e-01 -4.549382030963897705e-01 4.539058804512023926e-01 1.844760656356811523e+00 1.241077184677124023e+00 2.027519941329956055e+00 -4.627312719821929932e-01 -1.351339578628540039e+00 -5.275509357452392578e-01
-9.399759173393249512e-01 1.289634704589843750e+00 1.316505670547485352e+00 -2.009073019027709961e+00 1.344658374786376953e+00 -1.014471888542175293e+00 -8.579979538917541504e-01 -1.769401073455810547e+00 1.421453475952148438e+00 -2.353773266077041626e-02 -6.208155751228332520e-01 -9.527113437652587891e-01 -5.624873042106628418e-01 4.897714257240295410e-01 1.838051438331604004e+00 1.243217110633850098e+00 2.066216230392456055e+00 -4.723309576511383057e-01 -1.435408592224121094e+00 -5.924887061119079590e-01
-1.008144021034240723e+00 1.386660099029541016e+00 1.347628235816955566e+00 -2.074544668197631836e+00 1.278288245201110840e+00 -1.032842516899108887e+00 -9.061394929885864258e-01 -1.804692387580871582e+00 1.381254673004150391e+00 -1.128089427947998047e-02 -6.647662520408630371e-01 -9.347444772720336914e-01 -6.693578362464904785e-01 5.437014698982238770e-01 1.819467902183532715e+00 1.250500440597534180e+00 2.095876455307006836e+00 -4.870871007442474365e-01 -1.506721615791320801e+00 -6.564446091651916504e-01
-1.098618507385253906e+00 1.484731912612915039e+00 1.374884605407714844e+00 -2.120633125305175781e+00 1.211347818374633789e+00 -1.048380613327026367e+00 -9.570965170860290527e-01 -1.834926247596740723e+00 1.325764536857604980e+00 -2.092493698000907898e-02 -7.160934805870056152e-01 -9.041265249252319336e-01 -7.800490856170654297e-01 6.105725169181823730e-01 1.790993571281433105e+00 1.264764070510864258e+00 2.115399122238159180e+00 -4.946378171443939209e-01 -1.562565684318542480e+00 -7.173347473144531250e-01
-1.200337171554565430e+00 1.550050258636474609e+00 1.403188467025756836e+00 -2.104482173919677734e+00 1.169028639793395996e+00 -1.044264554977416992e+00 -1.014959931373596191e+00 -1.821743726730346680e+00 1.255035758018493652e+00 -6.856320798397064209e-02 -7.737575173377990723e-01 -8.521816134452819824e-01 -8.777561187744140625e-01 6.809818148612976074e-01 1.751312494277954102e+00 1.283196806907653809e+00 2.100610733032226562e+00 -4.703609049320220947e-01 -1.580592155456542969e+00 -7.485098242759704590e-01
-1.286460518836975098e+00 1.606842041015625000e+00 1.408847212791442871e+00 -1.981914520263671875e+00 1.140069603919982910e+00 -1.016710281372070312e+00 -1.071752309799194336e+00 -1.748427152633666992e+00 1.179298281669616699e+00 -1.601308286190032959e-01 -8.018973469734191895e-01 -7.748898267745971680e-01 -9.435165524482727051e-01 7.333659529685974121e-01 1.655379533767700195e+00 1.261988997459411621e+00 2.017744541168212891e+00 -4.420088827610015869e-01 -1.547270059585571289e+00 -7.333832979202270508e-01
-1.358667254447937012e+00 1.626591086387634277e+00 1.422855496406555176e+00 -1.702631235122680664e+00 1.154667258262634277e+00 -1.014328598976135254e+00 -1.115893602371215820e+00 -1.655837774276733398e+00 1.121551275253295898e+00 -2.869617640972137451e-01 -8.052804470062255859e-01 -7.031657099723815918e-01 -9.461870789527893066e-01 7.488796114921569824e-01 1.539608240127563477e+00 1.215139150619506836e+00 1.860721111297607422e+00 -4.208911061286926270e-01 -1.468010902404785156e+00 -6.510117053985595703e-01
-1.354066491127014160e+00 1.577628493309020996e+00 1.413257241249084473e+00 -1.381887078285217285e+00 1.219197630882263184e+00 -1.006268024444580078e+00 -1.113097786903381348e+00 -1.561800837516784668e+00 1.130019545555114746e+00 -4.034489691257476807e-01 -7.938874959945678711e-01 -6.663703322410583496e-01 -8.429009318351745605e-01 6.833063960075378418e-01 1.482407927513122559e+00 1.182507157325744629e+00 1.688413262367248535e+00 -4.074441790580749512e-01 -1.343516349792480469e+00 -5.491700172424316406e-01
-1.343424558639526367e+00 1.506233334541320801e+00 1.416142344474792480e+00 -1.131235361099243164e+00 1.301520347595214844e+00 -9.976952672004699707e-01 -1.124749422073364258e+00 -1.486611962318420410e+00 1.158756256103515625e+00 -4.865520596504211426e-01 -7.839028239250183105e-01 -6.573805809020996094e-01 -7.482299804687500000e-01 5.970984697341918945e-01 1.492440938949584961e+00 1.177570581436157227e+00 1.561480164527893066e+00 -3.757907450199127197e-01 -1.256123065948486328e+00 -4.453735351562500000e-01
-1.326807141304016113e+00 1.409515976905822754e+00 1.417741656303405762e+00 -1.003864526748657227e+00 1.343072891235351562e+00 -9.647631049156188965e-01 -1.155002117156982422e+00 -1.432595729827880859e+00 1.163165926933288574e+00 -4.957359135150909424e-01 -7.618445158004760742e-01 -6.774429082870483398e-01 -7.124491930007934570e-01 5.342683792114257812e-01 1.510339140892028809e+00 1.173631787300109863e+00 1.506585001945495605e+00 -3.284072577953338623e-01 -1.229621410369873047e+00 -3.483164608478546143e-01
-1.301519870758056641e+00 1.312554717063903809e+00 1.417291283607482910e+00 -1.007279157638549805e+00 1.343840241432189941e+00 -9.113261103630065918e-01 -1.215693593025207520e+00 -1.390198349952697754e+00 1.149644017219543457e+00 -4.444090127944946289e-01 -7.258511185646057129e-01 -6.939755082130432129e-01 -7.377957701683044434e-01 5.068805217742919922e-01 1.528083682060241699e+00 1.180518984794616699e+00 1.507907032966613770e+00 -2.674965262413024902e-01 -1.251929879188537598e+00 -2.838773131370544434e-01
-1.248737692832946777e+00 1.235165357589721680e+00 1.408105134963989258e+00 -1.132790684700012207e+00 1.316663503646850586e+00 -8.379727005958557129e-01 -1.293045401573181152e+00 -1.358736038208007812e+00 1.139491677284240723e+00 -3.440605401992797852e-01 -6.847873330116271973e-01 -7.134729623794555664e-01 -8.144467473030090332e-01 4.995198845863342285e-01 1.536426424980163574e+00 1.182095050811767578e+00 1.564604401588439941e+00 -2.024255841970443726e-01 -1.318796992301940918e+00 -2.582670748233795166e-01
-1.151150226593017578e+00 1.218467593193054199e+00 1.417975187301635742e+00 -1.321215987205505371e+00 1.316922426223754883e+00 -7.826001048088073730e-01 -1.339718818664550781e+00 -1.359001159667968750e+00 1.192571163177490234e+00 -2.340735495090484619e-01 -6.791585087776184082e-01 -7.840490341186523438e-01 -9.119011163711547852e-01 4.640606641769409180e-01 1.561228632926940918e+00 1.171790122985839844e+00 1.695774197578430176e+00 -1.500625163316726685e-01 -1.427436351776123047e+00 -2.842530012130737305e-01
-1.069590449333190918e+00 1.252053499221801758e+00 1.447775125503540039e+00 -1.476359605789184570e+00 1.345631480216979980e+00 -7.910287380218505859e-01 -1.360079288482666016e+00 -1.383676528930664062e+00 1.266193032264709473e+00 -1.770166903734207153e-01 -7.138230800628662109e-01 -8.221610784530639648e-01 -9.958458542823791504e-01 4.653092324733734131e-01 1.598637223243713379e+00 1.130753040313720703e+00 1.806835651397705078e+00 -1.342791169881820679e-01 -1.510101318359375000e+00 -3.253527879714965820e-01
-9.951648116111755371e-01 1.330520153045654297e+00 1.483690142631530762e+00 -1.571767568588256836e+00 1.423939466476440430e+00 -8.570235967636108398e-01 -1.386900901794433594e+00 -1.433805465698242188e+00 1.343670248985290527e+00 -1.496144533157348633e-01 -7.543236613273620605e-01 -8.286026120185852051e-01 -1.043227314949035645e+00 4.858638048171997070e-01 1.618360400199890137e+00 1.061425447463989258e+00 1.874978542327880859e+00 -1.584720909595489502e-01 -1.557897686958312988e+00 -3.692695200443267822e-01
-9.099203944206237793e-01 1.441349625587463379e+00 1.509746789932250977e+00 -1.602380156517028809e+00 1.566612482070922852e+00 -9.446883201599121094e-01 -1.436571121215820312e+00 -1.472253441810607910e+00 1.453451514244079590e+00 -1.604192405939102173e-01 -7.844065427780151367e-01 -8.107123970985412598e-01 -1.044598102569580078e+00 5.004165172576904297e-01 1.612122893333435059e+00 9.671025872230529785e-01 1.898825168609619141e+00 -1.985611766576766968e-01 -1.552145004272460938e+00 -3.972719907760620117e-01
-7.879000306129455566e-01 1.530387639999389648e+00 1.512997388839721680e+00 -1.539583086967468262e+00 1.719797134399414062e+00 -1.038144707679748535e+00 -1.465213179588317871e+00 -1.462641119956970215e+00 1.572787880897521973e+00 -1.966899186372756958e-01 -7.995738387107849121e-01 -7.640085220336914062e-01 -9.949824213981628418e-01 4.822226762771606445e-01 1.556564331054687500e+00 8.293201923370361328e-01 1.841419577598571777e+00 -2.526479065418243408e-01 -1.482270717620849609e+00 -3.888087570667266846e-01
-6.557986140251159668e-01 1.593434691429138184e+00 1.507717370986938477e+00 -1.381475448608398438e+00 1.878110051155090332e+00 -1.145232081413269043e+00 -1.436942219734191895e+00 -1.431983113288879395e+00 1.699944615364074707e+00 -2.645975053310394287e-01 -8.039124011993408203e-01 -7.273692488670349121e-01 -8.583170175552368164e-01 3.852868974208831787e-01 1.519731283187866211e+00 6.923762559890747070e-01 1.697735548019409180e+00 -3.185913264751434326e-01 -1.352039575576782227e+00 -3.383992910385131836e-01
-6.144264936447143555e-01 1.633481740951538086e+00 1.579739570617675781e+00 -1.204462170600891113e+00 2.029485225677490234e+00 -1.268462061882019043e+00 -1.417249202728271484e+00 -1.404683828353881836e+00 1.828927755355834961e+00 -3.260342478752136230e-01 -8.048502206802368164e-01 -7.465618252754211426e-01 -6.732318401336669922e-01 2.334465086460113525e-01 1.627040147781372070e+00 6.800112724304199219e-01 1.561465740203857422e+00 -4.047508239746093750e-01 -1.258703827857971191e+00 -2.721187174320220947e-01
-5.689378380775451660e-01 1.557472229003906250e+00 1.631836056709289551e+00 -1.001962065696716309e+00 2.131218910217285156e+00 -1.333669781684875488e+00 -1.357379436492919922e+00 -1.357877373695373535e+00 1.913163661956787109e+00 -3.553629517555236816e-01 -7.867378592491149902e-01 -8.118806481361389160e-01 -4.501343667507171631e-01 3.421625494956970215e-02 1.739309310913085938e+00 7.075207233428955078e-01 1.422138214111328125e+00 -4.471936821937561035e-01 -1.159370183944702148e+00 -1.691541969776153564e-01
-5.577352643013000488e-01 1.414129257202148438e+00 1.735459327697753906e+00 -8.292082548141479492e-01 2.242962837219238281e+00 -1.368115544319152832e+00 -1.283138394355773926e+00 -1.351580381393432617e+00 2.007669448852539062e+00 -3.723365068435668945e-01 -8.137260675430297852e-01 -9.539513587951660156e-01 -2.543399035930633545e-01 -1.700679063796997070e-01 1.901193380355834961e+00 7.980384826660156250e-01 1.373947501182556152e+00 -4.310821890830993652e-01 -1.119602203369140625e+00 -8.098416030406951904e-02
-5.541085004806518555e-01 1.263337492942810059e+00 1.870126128196716309e+00 -7.268919944763183594e-01 2.379919290542602539e+00 -1.397733449935913086e+00 -1.213786482810974121e+00 -1.393695950508117676e+00 2.125420570373535156e+00 -3.683390319347381592e-01 -8.612436652183532715e-01 -1.151777029037475586e+00 -1.029389277100563049e-01 -3.534291684627532959e-01 2.097023248672485352e+00 9.293454885482788086e-01 1.439582943916320801e+00 -3.808274269104003906e-01 -1.136618137359619141e+00 -1.292478293180465698e-02
-5.716034770011901855e-01 1.105727553367614746e+00 2.019865036010742188e+00 -7.422533035278320312e-01 2.501806974411010742e+00 -1.402674078941345215e+00 -1.216313838958740234e+00 -1.466182827949523926e+00 2.238770961761474609e+00 -3.165831565856933594e-01 -9.135302305221557617e-01 -1.379983425140380859e+00 -5.289025604724884033e-02 -4.613526165485382080e-01 2.272931098937988281e+00 1.073217988014221191e+00 1.619436383247375488e+00 -2.891007363796234131e-01 -1.249737501144409180e+00 6.176174804568290710e-02
-5.433660745620727539e-01 8.778779506683349609e-01 2.086193799972534180e+00 -8.156273365020751953e-01 2.523108482360839844e+00 -1.321682333946228027e+00 -1.188739418983459473e+00 -1.500789046287536621e+00 2.260122060775756836e+00 -2.107338905334472656e-01 -9.099885225296020508e-01 -1.593744397163391113e+00 -2.759125083684921265e-02 -5.496461987495422363e-01 2.372717618942260742e+00 1.207667946815490723e+00 1.813537001609802246e+00 -1.549965888261795044e-01 -1.357770085334777832e+00 1.321335285902023315e-01
-5.204940438270568848e-01 6.961646080017089844e-01 2.039009571075439453e+00 -9.185794591903686523e-01 2.412892580032348633e+00 -1.201169371604919434e+00 -1.094155907630920410e+00 -1.500392317771911621e+00 2.157033443450927734e+00 -1.248585060238838196e-01 -8.846683502197265625e-01 -1.674152851104736328e+00 -3.220747411251068115e-02 -5.484161972999572754e-01 2.384912252426147461e+00 1.290198445320129395e+00 1.938863754272460938e+00 -5.376762524247169495e-02 -1.399475693702697754e+00 1.327877789735794067e-01
-5.664625763893127441e-01 7.135090231895446777e-01 1.979907751083374023e+00 -1.096815109252929688e+00 2.230540990829467773e+00 -1.124920725822448730e+00 -9.839891791343688965e-01 -1.542040824890136719e+00 2.012192249298095703e+00 -6.841799616813659668e-02 -8.713244199752807617e-01 -1.636370658874511719e+00 -1.170323714613914490e-01 -4.445740878582000732e-01 2.354085683822631836e+00 1.345314979553222656e+00 2.006564378738403320e+00 -6.414126604795455933e-02 -1.464104652404785156e+00 -6.247539073228836060e-03
-6.004554629325866699e-01 7.738924026489257812e-01 1.872433423995971680e+00 -1.253376245498657227e+00 2.027559995651245117e+00 -1.035279989242553711e+00 -8.924522399902343750e-01 -1.554709553718566895e+00 1.865737557411193848e+00 -2.454784512519836426e-02 -8.542908430099487305e-01 -1.556691884994506836e+00 -2.101799845695495605e-01 -3.402024209499359131e-01 2.266138553619384766e+00 1.332398533821105957e+00 2.020126819610595703e+00 -8.760777860879898071e-02 -1.490796685218811035e+00 -1.590158641338348389e-01
-6.210619211196899414e-01 8.301689624786376953e-01 1.774423599243164062e+00 -1.361578226089477539e+00 1.869929313659667969e+00 -9.713160991668701172e-01 -8.154868483543395996e-01 -1.560667037963867188e+00 1.755309462547302246e+00 6.074756383895874023e-04 -8.420274257659912109e-01 -1.479192733764648438e+00 -2.891994416713714600e-01 -2.586400806903839111e-01 2.166677474975585938e+00 1.290404796600341797e+00 2.010196208953857422e+00 -1.147799789905548096e-01 -1.497133731842041016e+00 -2.754881381988525391e-01
-6.423201560974121094e-01 8.803426027297973633e-01 1.696361541748046875e+00 -1.453238368034362793e+00 1.744913697242736816e+00 -9.446879029273986816e-01 -7.506784796714782715e-01 -1.584784746170043945e+00 1.679233670234680176e+00 3.128415346145629883e-02 -8.452879786491394043e-01 -1.433740019798278809e+00 -3.625413775444030762e-01 -1.920499801635742188e-01 2.080316066741943359e+00 1.240655183792114258e+00 2.017070531845092773e+00 -1.503823846578598022e-01 -1.511889696121215820e+00 -3.583843410015106201e-01
-6.547931432723999023e-01 9.114316105842590332e-01 1.632080554962158203e+00 -1.515706539154052734e+00 1.654679536819458008e+00 -9.289745092391967773e-01 -6.851765513420104980e-01 -1.617398023605346680e+00 1.626926183700561523e+00 6.085654348134994507e-02 -8.693944215774536133e-01 -1.412926077842712402e+00 -4.092759788036346436e-01 -1.419564187526702881e-01 2.004504442214965820e+00 1.187322616577148438e+00 2.028568267822265625e+00 -1.745355129241943359e-01 -1.521102666854858398e+00 -4.191153645515441895e-01
-6.527801752090454102e-01 9.246916770935058594e-01 1.577447652816772461e+00 -1.551946997642517090e+00 1.592187762260437012e+00 -9.341130256652832031e-01 -6.039524078369140625e-01 -1.675118327140808105e+00 1.601999878883361816e+00 1.027394160628318787e-01 -9.221416711807250977e-01 -1.428663849830627441e+00 -4.302665293216705322e-01 -1.126082912087440491e-01 1.932945847511291504e+00 1.117369532585144043e+00 2.050205469131469727e+00 -1.949146538972854614e-01 -1.526112914085388184e+00 -4.642913341522216797e-01
-6.441758275032043457e-01 9.324865341186523438e-01 1.534854173660278320e+00 -1.551941514015197754e+00 1.579979300498962402e+00 -9.886671304702758789e-01 -5.048580169677734375e-01 -1.798060059547424316e+00 1.609146475791931152e+00 1.609220206737518311e-01 -1.047985434532165527e+00 -1.485010147094726562e+00 -4.366057515144348145e-01 -9.208720177412033081e-02 1.859363079071044922e+00 1.011294245719909668e+00 2.089767694473266602e+00 -2.167550027370452881e-01 -1.525519728660583496e+00 -5.069122314453125000e-01
-6.161947846412658691e-01 9.645621776580810547e-01 1.536303400993347168e+00 -1.424336791038513184e+00 1.690376877784729004e+00 -1.162101268768310547e+00 -4.091638326644897461e-01 -2.012794494628906250e+00 1.711341738700866699e+00 2.113053500652313232e-01 -1.272489666938781738e+00 -1.587521553039550781e+00 -3.676414787769317627e-01 -1.092617437243461609e-01 1.776117444038391113e+00 8.131603598594665527e-01 2.099981784820556641e+00 -2.510603368282318115e-01 -1.477643489837646484e+00 -5.013895034790039062e-01
-7.144679427146911621e-01 1.214599132537841797e+00 1.633562564849853516e+00 -9.713068008422851562e-01 2.020699262619018555e+00 -1.520943760871887207e+00 -4.217665195465087891e-01 -2.168298006057739258e+00 1.877128005027770996e+00 -1.477717980742454529e-02 -1.484102725982666016e+00 -1.506267189979553223e+00 -1.545211374759674072e-01 -1.081089004874229431e-01 1.810052275657653809e+00 5.638042688369750977e-01 1.811804652214050293e+00 -4.674141108989715576e-01 -1.241041779518127441e+00 -3.975780904293060303e-01
-8.767133355140686035e-01 1.366011261940002441e+00 1.717683672904968262e+00 -6.418457031250000000e-01 2.146390438079833984e+00 -1.682178139686584473e+00 -4.847686290740966797e-01 -2.081842422485351562e+00 1.909975647926330566e+00 -3.008048534393310547e-01 -1.405022501945495605e+00 -1.286814689636230469e+00 -4.135438799858093262e-02 -5.055186152458190918e-02 1.939356088638305664e+00 6.521921157836914062e-01 1.517776966094970703e+00 -6.056054234504699707e-01 -1.070387125015258789e+00 -3.573687076568603516e-01
-9.545459747314453125e-01 1.376961112022399902e+00 1.761747717857360840e+00 -5.046269893646240234e-01 2.149355173110961914e+00 -1.681141018867492676e+00 -5.383436679840087891e-01 -1.967857480049133301e+00 1.884419560432434082e+00 -4.415309429168701172e-01 -1.329315423965454102e+00 -1.165672659873962402e+00 -6.841037422418594360e-03 -9.522803127765655518e-03 1.953106045722961426e+00 7.142912745475769043e-01 1.369584202766418457e+00 -6.140406131744384766e-01 -1.002464056015014648e+00 -3.185805976390838623e-01
-9.850758314132690430e-01 1.369040489196777344e+00 1.794753670692443848e+00 -4.585635662078857422e-01 2.142554998397827148e+00 -1.673274278640747070e+00 -5.605601668357849121e-01 -1.907806277275085449e+00 1.873455762863159180e+00 -5.029968619346618652e-01 -1.293455719947814941e+00 -1.109547257423400879e+00 8.110331371426582336e-03 1.856837421655654907e-03 1.967380285263061523e+00 7.526891827583312988e-01 1.304369091987609863e+00 -5.980088710784912109e-01 -9.776256680488586426e-01 -3.113190829753875732e-01
-1.002446293830871582e+00 1.351013898849487305e+00 1.812094330787658691e+00 -4.475888609886169434e-01 2.138356208801269531e+00 -1.675865411758422852e+00 -5.567184686660766602e-01 -1.893311858177185059e+00 1.872176527976989746e+00 -5.280469655990600586e-01 -1.279216051101684570e+00 -1.090463161468505859e+00 2.604661136865615845e-02 1.372520253062248230e-02 1.985309839248657227e+00 7.788229584693908691e-01 1.284964680671691895e+00 -5.883681774139404297e-01 -9.647206068038940430e-01 -3.061106503009796143e-01
-1.017557501792907715e+00 1.332258343696594238e+00 1.818499803543090820e+00 -4.689658284187316895e-01 2.134991168975830078e+00 -1.690711140632629395e+00 -5.335069894790649414e-01 -1.918368220329284668e+00 1.876534700393676758e+00 -5.316548347473144531e-01 -1.280031323432922363e+00 -1.090342283248901367e+00 4.444156214594841003e-02 3.736922889947891235e-02 2.007317543029785156e+00 7.968196272850036621e-01 1.298953652381896973e+00 -5.874438881874084473e-01 -9.590356349945068359e-01 -3.060710132122039795e-01
-1.036416411399841309e+00 1.317520380020141602e+00 1.808983564376831055e+00 -5.367425084114074707e-01 2.124928951263427734e+00 -1.721085548400878906e+00 -4.893915951251983643e-01 -1.990679740905761719e+00 1.881902694702148438e+00 -5.158967375755310059e-01 -1.291456699371337891e+00 -1.098824501037597656e+00 6.082052737474441528e-02 8.882923424243927002e-02 2.031410217285156250e+00 8.062983751296997070e-01 1.349071741104125977e+00 -5.989425778388977051e-01 -9.579829573631286621e-01 -3.144667446613311768e-01
-1.060964822769165039e+00 1.306467652320861816e+00 1.758138537406921387e+00 -6.942046880722045898e-01 2.082559823989868164e+00 -1.766670584678649902e+00 -4.081423282623291016e-01 -2.129829406738281250e+00 1.872222542762756348e+00 -4.723633527755737305e-01 -1.305962443351745605e+00 -1.098665714263916016e+00 6.856597214937210083e-02 2.027162015438079834e-01 2.042628765106201172e+00 7.976832985877990723e-01 1.449952006340026855e+00 -6.288461685180664062e-01 -9.551690220832824707e-01 -3.390853106975555420e-01
-1.064835786819458008e+00 1.293484687805175781e+00 1.596283674240112305e+00 -1.052377343177795410e+00 1.927215456962585449e+00 -1.782194375991821289e+00 -2.646688222885131836e-01 -2.317955970764160156e+00 1.786990165710449219e+00 -3.886182606220245361e-01 -1.275021195411682129e+00 -1.028421878814697266e+00 3.376496955752372742e-02 4.268196225166320801e-01 1.972374320030212402e+00 7.478204369544982910e-01 1.611674785614013672e+00 -6.619038581848144531e-01 -9.300641417503356934e-01 -4.107203483581542969e-01
-1.047712206840515137e+00 1.280730485916137695e+00 1.332270383834838867e+00 -1.593530535697937012e+00 1.648266673088073730e+00 -1.646081328392028809e+00 -3.201762139797210693e-01 -2.381473779678344727e+00 1.610907077789306641e+00 -2.279610633850097656e-01 -1.072776794433593750e+00 -9.482209086418151855e-01 -1.023248061537742615e-01 6.696048974990844727e-01 1.830350399017333984e+00 7.642683386802673340e-01 1.843697190284729004e+00 -6.758800745010375977e-01 -9.700855016708374023e-01 -4.707826673984527588e-01
-1.055338263511657715e+00 1.466850399971008301e+00 1.327056527137756348e+00 -1.964470386505126953e+00 1.486225843429565430e+00 -1.348080277442932129e+00 -6.448991894721984863e-01 -2.078211784362792969e+00 1.531150698661804199e+00 -2.734775245189666748e-01 -8.530994057655334473e-01 -7.548599839210510254e-01 -3.606562316417694092e-01 6.777723431587219238e-01 1.826241970062255859e+00 1.036396384239196777e+00 1.913367152214050293e+00 -5.792492032051086426e-01 -1.167483806610107422e+00 -6.896815896034240723e-01
-1.075049996376037598e+00 1.627297759056091309e+00 1.381123185157775879e+00 -2.076054573059082031e+00 1.512482404708862305e+00 -1.197642207145690918e+00 -8.537037968635559082e-01 -1.913597702980041504e+00 1.578081965446472168e+00 -3.589389324188232422e-01 -7.803226709365844727e-01 -6.818784475326538086e-01 -5.033560395240783691e-01 6.468062400817871094e-01 1.842338085174560547e+00 1.151880383491516113e+00 1.933517456054687500e+00 -5.192780494689941406e-01 -1.271053791046142578e+00 -7.509303689002990723e-01
-1.060256719589233398e+00 1.723689079284667969e+00 1.397444128990173340e+00 -2.086102724075317383e+00 1.550212144851684570e+00 -1.123354315757751465e+00 -9.847040176391601562e-01 -1.795946955680847168e+00 1.641452670097351074e+00 -4.363804757595062256e-01 -7.303698658943176270e-01 -6.333536505699157715e-01 -5.722287893295288086e-01 6.118624806404113770e-01 1.826913237571716309e+00 1.190525293350219727e+00 1.919183492660522461e+00 -4.744676649570465088e-01 -1.292078733444213867e+00 -7.499238252639770508e-01
-1.023515462875366211e+00 1.782333850860595703e+00 1.401236534118652344e+00 -2.036041736602783203e+00 1.584581136703491211e+00 -1.068690538406372070e+00 -1.072664141654968262e+00 -1.672986149787902832e+00 1.699329495429992676e+00 -5.273814201354980469e-01 -6.807577610015869141e-01 -5.832818150520324707e-01 -5.900201797485351562e-01 5.673751235008239746e-01 1.792814612388610840e+00 1.185172796249389648e+00 1.868982076644897461e+00 -4.241126477718353271e-01 -1.265226602554321289e+00 -7.135009169578552246e-01
-9.514446258544921875e-01 1.799596309661865234e+00 1.373994588851928711e+00 -1.912279129028320312e+00 1.604522705078125000e+00 -1.009333610534667969e+00 -1.118432402610778809e+00 -1.510545611381530762e+00 1.745219469070434570e+00 -6.357187032699584961e-01 -6.234438419342041016e-01 -5.099730491638183594e-01 -5.637453198432922363e-01 5.059083104133605957e-01 1.712793111801147461e+00 1.130552649497985840e+00 1.754339218139648438e+00 -3.631851971149444580e-01 -1.176413655281066895e+00 -6.496298313140869141e-01
-8.590931296348571777e-01 1.793755888938903809e+00 1.348542809486389160e+00 -1.672857284545898438e+00 1.637386322021484375e+00 -9.614355564117431641e-01 -1.121256351470947266e+00 -1.294989466667175293e+00 1.787768959999084473e+00 -7.956742048263549805e-01 -5.771092176437377930e-01 -4.175143837928771973e-01 -5.123142600059509277e-01 3.927056789398193359e-01 1.611178040504455566e+00 1.017575502395629883e+00 1.546551346778869629e+00 -3.002502024173736572e-01 -1.039347529411315918e+00 -5.449490547180175781e-01
-8.754585385322570801e-01 1.782625794410705566e+00 1.490626931190490723e+00 -1.299070358276367188e+00 1.765740990638732910e+00 -1.006507158279418945e+00 -1.187717914581298828e+00 -1.123938202857971191e+00 1.853032827377319336e+00 -9.816663861274719238e-01 -5.899313688278198242e-01 -3.641054928302764893e-01 -4.492012560367584229e-01 2.534341812133789062e-01 1.629387259483337402e+00 9.886800646781921387e-01 1.296389460563659668e+00 -2.619880437850952148e-01 -9.804095029830932617e-01 -4.147504866123199463e-01
-9.402443766593933105e-01 1.737010955810546875e+00 1.688180685043334961e+00 -9.849852323532104492e-01 1.907298803329467773e+00 -1.085054755210876465e+00 -1.256025433540344238e+00 -1.045321345329284668e+00 1.912846326828002930e+00 -1.090396523475646973e+00 -6.620835661888122559e-01 -4.182732105255126953e-01 -4.053986966609954834e-01 1.348596513271331787e-01 1.751666903495788574e+00 1.014573335647583008e+00 1.154259085655212402e+00 -2.375170588493347168e-01 -1.002290606498718262e+00 -2.823585867881774902e-01
-1.017254829406738281e+00 1.704722762107849121e+00 1.862026929855346680e+00 -8.002222776412963867e-01 2.006626129150390625e+00 -1.199506640434265137e+00 -1.282141208648681641e+00 -1.066300034523010254e+00 1.962017536163330078e+00 -1.126420497894287109e+00 -7.481955289840698242e-01 -5.326864719390869141e-01 -3.789878487586975098e-01 5.647708848118782043e-02 1.892391085624694824e+00 1.068176269531250000e+00 1.130107760429382324e+00 -2.384713441133499146e-01 -1.061432838439941406e+00 -1.942867636680603027e-01
-1.078309297561645508e+00 1.678343057632446289e+00 1.962291598320007324e+00 -6.744238138198852539e-01 2.046634912490844727e+00 -1.272528052330017090e+00 -1.294108271598815918e+00 -1.100495696067810059e+00 1.952153801918029785e+00 -1.124916195869445801e+00 -8.159157037734985352e-01 -6.079972982406616211e-01 -3.795817792415618896e-01 2.112059295177459717e-02 1.962402701377868652e+00 1.109125852584838867e+00 1.125580787658691406e+00 -2.326474338769912720e-01 -1.108080387115478516e+00 -1.662336736917495728e-01
-1.121110916137695312e+00 1.657319426536560059e+00 2.028096199035644531e+00 -5.829826593399047852e-01 2.036642789840698242e+00 -1.316317915916442871e+00 -1.275952696800231934e+00 -1.110636830329895020e+00 1.918625950813293457e+00 -1.129277110099792480e+00 -8.646276593208312988e-01 -6.457114219665527344e-01 -3.847274482250213623e-01 1.074171438813209534e-02 1.991619467735290527e+00 1.149194836616516113e+00 1.120100140571594238e+00 -2.143000960350036621e-01 -1.130271792411804199e+00 -1.741601824760437012e-01
-1.162094831466674805e+00 1.637419581413269043e+00 2.043886184692382812e+00 -5.239287614822387695e-01 1.964546680450439453e+00 -1.317496061325073242e+00 -1.257299304008483887e+00 -1.084749817848205566e+00 1.838027954101562500e+00 -1.143424630165100098e+00 -8.825570344924926758e-01 -6.213211417198181152e-01 -3.969580233097076416e-01 3.285158798098564148e-02 1.968604564666748047e+00 1.182431459426879883e+00 1.081054091453552246e+00 -1.866185069084167480e-01 -1.124278426170349121e+00 -1.940822452306747437e-01
-1.217772364616394043e+00 1.648061513900756836e+00 2.020661354064941406e+00 -5.226279497146606445e-01 1.833793520927429199e+00 -1.310442686080932617e+00 -1.248485803604125977e+00 -1.050215721130371094e+00 1.709455609321594238e+00 -1.145750641822814941e+00 -8.842677474021911621e-01 -5.289047956466674805e-01 -4.311025738716125488e-01 1.052499338984489441e-01 1.917315006256103516e+00 1.219690561294555664e+00 1.026409983634948730e+00 -1.781499087810516357e-01 -1.110475420951843262e+00 -2.500419914722442627e-01
-1.314289093017578125e+00 1.695507645606994629e+00 1.966413855552673340e+00 -5.871647596359252930e-01 1.649962067604064941e+00 -1.271544218063354492e+00 -1.268949389457702637e+00 -1.026583552360534668e+00 1.517754673957824707e+00 -1.126060366630554199e+00 -8.875792622566223145e-01 -3.744828999042510986e-01 -5.235857963562011719e-01 2.451074421405792236e-01 1.828843712806701660e+00 1.263977527618408203e+00 9.732983112335205078e-01 -1.844691336154937744e-01 -1.120547056198120117e+00 -3.598400652408599854e-01
-1.411685705184936523e+00 1.840524077415466309e+00 1.885003447532653809e+00 -7.694966793060302734e-01 1.521009206771850586e+00 -1.231366634368896484e+00 -1.339139223098754883e+00 -1.091044783592224121e+00 1.395632863044738770e+00 -1.060951352119445801e+00 -8.762786984443664551e-01 -2.859790325164794922e-01 -6.238004565238952637e-01 3.809403777122497559e-01 1.778360009193420410e+00 1.324188232421875000e+00 1.032963275909423828e+00 -2.430591136217117310e-01 -1.173171281814575195e+00 -5.126814246177673340e-01
-1.485492825508117676e+00 1.944039106369018555e+00 1.751338481903076172e+00 -9.685949087142944336e-01 1.427639484405517578e+00 -1.163379192352294922e+00 -1.367482662200927734e+00 -1.188492178916931152e+00 1.312019348144531250e+00 -9.861651659011840820e-01 -8.688060045242309570e-01 -2.463322877883911133e-01 -7.137333750724792480e-01 4.957152009010314941e-01 1.703922271728515625e+00 1.354288935661315918e+00 1.138248443603515625e+00 -3.128080964088439941e-01 -1.211635589599609375e+00 -6.328352689743041992e-01
-1.514145493507385254e+00 1.960743427276611328e+00 1.623321413993835449e+00 -1.087289571762084961e+00 1.383516907691955566e+00 -1.092317938804626465e+00 -1.348233103752136230e+00 -1.262890219688415527e+00 1.252217173576354980e+00 -9.296125769615173340e-01 -8.818557858467102051e-01 -2.352755069732666016e-01 -7.650244832038879395e-01 5.665388107299804688e-01 1.625043630599975586e+00 1.319708585739135742e+00 1.202654480934143066e+00 -3.581308722496032715e-01 -1.212339997291564941e+00 -6.801815032958984375e-01
-1.498702406883239746e+00 1.938523769378662109e+00 1.539702415466308594e+00 -1.141207337379455566e+00 1.404777050018310547e+00 -1.065642118453979492e+00 -1.300954341888427734e+00 -1.330142259597778320e+00 1.246686577796936035e+00 -9.056907296180725098e-01 -9.204589724540710449e-01 -2.429803311824798584e-01 -7.926126122474670410e-01 6.134242415428161621e-01 1.570014119148254395e+00 1.237523555755615234e+00 1.247914314270019531e+00 -3.862794935703277588e-01 -1.193824291229248047e+00 -6.695185303688049316e-01
