-1.300213813781738281e+00 1.499565124511718750e+00 1.590234875679016113e+00 -1.018649935722351074e+00 1.009928822517395020e+00 -6.578354239463806152e-01 -9.746593236923217773e-01 -1.270229220390319824e+00 1.310768485069274902e+00 -7.368376851081848145e-01 -7.273967266082763672e-01 -1.111394524574279785e+00 -6.709431409835815430e-01 -2.773544192314147949e-01 1.698086619377136230e+00 1.217191100120544434e+00 1.443011164665222168e+00 -2.098982222378253937e-02 -1.523348450660705566e+00 -1.802276372909545898e-01
-1.313101887702941895e+00 1.553621292114257812e+00 1.568727970123291016e+00 -1.033997774124145508e+00 1.025581836700439453e+00 -6.451755762100219727e-01 -1.015593528747558594e+00 -1.240319848060607910e+00 1.316546201705932617e+00 -7.885401844978332520e-01 -7.102820873260498047e-01 -1.047012329101562500e+00 -6.616929769515991211e-01 -2.480764687061309814e-01 1.702550649642944336e+00 1.249343395233154297e+00 1.420776724815368652e+00 -3.434025496244430542e-02 -1.493162870407104492e+00 -2.169650793075561523e-01
-1.318844914436340332e+00 1.598647475242614746e+00 1.561494469642639160e+00 -1.056129813194274902e+00 1.039953589439392090e+00 -6.452377438545227051e-01 -1.043098330497741699e+00 -1.229627609252929688e+00 1.326878428459167480e+00 -8.200407624244689941e-01 -6.981048583984375000e-01 -1.006487011909484863e+00 -6.558996438980102539e-01 -2.338371276855468750e-01 1.718097329139709473e+00 1.275016188621520996e+00 1.409836292266845703e+00 -4.841633886098861694e-02 -1.477014064788818359e+00 -2.453963458538055420e-01
-1.311853051185607910e+00 1.635012745857238770e+00 1.554205179214477539e+00 -1.078757882118225098e+00 1.041121482849121094e+00 -6.499560475349426270e-01 -1.055830717086791992e+00 -1.216257810592651367e+00 1.330305695533752441e+00 -8.393758535385131836e-01 -6.811109781265258789e-01 -9.694703817367553711e-01 -6.506776213645935059e-01 -2.225096821784973145e-01 1.722914814949035645e+00 1.289956092834472656e+00 1.397616982460021973e+00 -6.268641352653503418e-02 -1.462980151176452637e+00 -2.724153399467468262e-01
-1.295786142349243164e+00 1.666347861289978027e+00 1.543713212013244629e+00 -1.099869012832641602e+00 1.031375765800476074e+00 -6.599447727203369141e-01 -1.054569244384765625e+00 -1.195591926574707031e+00 1.327507138252258301e+00 -8.576984405517578125e-01 -6.598519682884216309e-01 -9.215646386146545410e-01 -6.438201069831848145e-01 -2.029240727424621582e-01 1.713184595108032227e+00 1.291169404983520508e+00 1.377085328102111816e+00 -7.861703634262084961e-02 -1.440503954887390137e+00 -2.978706359863281250e-01
-1.274917483329772949e+00 1.707151532173156738e+00 1.526648521423339844e+00 -1.112394571304321289e+00 1.022081732749938965e+00 -6.864900588989257812e-01 -1.041977763175964355e+00 -1.169595360755920410e+00 1.318322062492370605e+00 -8.874258399009704590e-01 -6.364163160324096680e-01 -8.424299955368041992e-01 -6.293794512748718262e-01 -1.580732762813568115e-01 1.686624884605407715e+00 1.270038127899169922e+00 1.336423158645629883e+00 -1.109040603041648865e-01 -1.394521832466125488e+00 -3.243691325187683105e-01
-1.237725734710693359e+00 1.781284809112548828e+00 1.505016803741455078e+00 -1.115006089210510254e+00 1.060857057571411133e+00 -7.595360279083251953e-01 -1.020519614219665527e+00 -1.143705248832702637e+00 1.337461113929748535e+00 -9.487307667732238770e-01 -6.266680359840393066e-01 -6.873493194580078125e-01 -6.095058321952819824e-01 -6.089035421609878540e-02 1.639121413230895996e+00 1.218914747238159180e+00 1.259475946426391602e+00 -1.734445244073867798e-01 -1.296257138252258301e+00 -3.842582106590270996e-01
-1.127551913261413574e+00 1.882224321365356445e+00 1.494475722312927246e+00 -1.118196129798889160e+00 1.249218344688415527e+00 -9.244433045387268066e-01 -9.690254330635070801e-01 -1.147230386734008789e+00 1.444027900695800781e+00 -1.025076031684875488e+00 -6.664616465568542480e-01 -4.301914274692535400e-01 -5.196519494056701660e-01 9.681831300258636475e-02 1.584613442420959473e+00 1.103743195533752441e+00 1.115656018257141113e+00 -2.993763685226440430e-01 -1.103536128997802734e+00 -4.929005801677703857e-01
-9.581166505813598633e-01 1.919245719909667969e+00 1.454295039176940918e+00 -1.057427167892456055e+00 1.576849341392517090e+00 -1.170551180839538574e+00 -8.915784955024719238e-01 -1.165363073348999023e+00 1.614641308784484863e+00 -1.087111115455627441e+00 -7.976928353309631348e-01 -1.348034441471099854e-01 -3.578129112720489502e-01 3.451659381389617920e-01 1.522841691970825195e+00 9.116163849830627441e-01 9.699398279190063477e-01 -4.392841458320617676e-01 -8.022546768188476562e-01 -5.895862579345703125e-01
-8.931180834770202637e-01 1.847895622253417969e+00 1.593235015869140625e+00 -1.041084766387939453e+00 2.043214797973632812e+00 -1.420317173004150391e+00 -9.208120703697204590e-01 -1.294941902160644531e+00 1.812931776046752930e+00 -1.086602210998535156e+00 -9.401084184646606445e-01 -8.965827524662017822e-03 -1.839747130870819092e-01 6.135104298591613770e-01 1.640048861503601074e+00 8.674006462097167969e-01 1.007701277732849121e+00 -5.213247537612915039e-01 -6.574136018753051758e-01 -6.285588741302490234e-01
-8.795298933982849121e-01 1.692676067352294922e+00 1.686898350715637207e+00 -9.782171249389648438e-01 2.306557655334472656e+00 -1.508845806121826172e+00 -9.478076696395874023e-01 -1.360768079757690430e+00 1.872951865196228027e+00 -1.056142687797546387e+00 -1.016224622726440430e+00 -7.984556257724761963e-03 -8.210232108831405640e-02 7.082481384277343750e-01 1.750307321548461914e+00 8.702113032341003418e-01 1.051565766334533691e+00 -5.271943807601928711e-01 -6.078308820724487305e-01 -5.837829113006591797e-01
-9.141708016395568848e-01 1.557557225227355957e+00 1.723007559776306152e+00 -9.155773520469665527e-01 2.403998374938964844e+00 -1.520424842834472656e+00 -9.470790028572082520e-01 -1.398000240325927734e+00 1.883298158645629883e+00 -1.035795331001281738e+00 -1.066092491149902344e+00 -5.909280851483345032e-02 -2.933780103921890259e-02 7.350317835807800293e-01 1.821907281875610352e+00 8.968393802642822266e-01 1.085072755813598633e+00 -4.996172785758972168e-01 -5.954138040542602539e-01 -5.258572697639465332e-01
-9.720391631126403809e-01 1.465444207191467285e+00 1.727494597434997559e+00 -8.581609725952148438e-01 2.423549890518188477e+00 -1.492695927619934082e+00 -9.444360136985778809e-01 -1.419838666915893555e+00 1.865221500396728516e+00 -1.035775542259216309e+00 -1.101364016532897949e+00 -1.173719763755798340e-01 -5.308359861373901367e-03 7.302561402320861816e-01 1.867831230163574219e+00 9.316965937614440918e-01 1.108043432235717773e+00 -4.640405178070068359e-01 -5.981274247169494629e-01 -4.776710569858551025e-01
-1.036690235137939453e+00 1.389967679977416992e+00 1.713652253150939941e+00 -8.007870316505432129e-01 2.400139093399047852e+00 -1.446118354797363281e+00 -9.346270561218261719e-01 -1.425280332565307617e+00 1.821778416633605957e+00 -1.046471714973449707e+00 -1.126234889030456543e+00 -1.656484603881835938e-01 2.299249172210693359e-03 7.187835574150085449e-01 1.891591906547546387e+00 9.689978957176208496e-01 1.120900869369506836e+00 -4.260563254356384277e-01 -6.050786375999450684e-01 -4.398811757564544678e-01
-1.103853821754455566e+00 1.315259456634521484e+00 1.686534047126770020e+00 -7.430573105812072754e-01 2.346365690231323242e+00 -1.388190388679504395e+00 -9.119972586631774902e-01 -1.422572731971740723e+00 1.755548834800720215e+00 -1.057489991188049316e+00 -1.146452069282531738e+00 -2.067731916904449463e-01 6.490945816040039062e-05 7.065459489822387695e-01 1.898851394653320312e+00 1.007794857025146484e+00 1.128424525260925293e+00 -3.866432309150695801e-01 -6.139975190162658691e-01 -4.108313918113708496e-01
-1.187725067138671875e+00 1.266637086868286133e+00 1.650615811347961426e+00 -7.077878713607788086e-01 2.272607088088989258e+00 -1.330559015274047852e+00 -8.826956152915954590e-01 -1.440317392349243164e+00 1.685044288635253906e+00 -1.072908401489257812e+00 -1.165557146072387695e+00 -2.548952400684356689e-01 -1.293901726603507996e-02 6.890491247177124023e-01 1.919839501380920410e+00 1.060657858848571777e+00 1.149269700050354004e+00 -3.630942106246948242e-01 -6.303517222404479980e-01 -3.968610465526580811e-01
-1.274235248565673828e+00 1.223061561584472656e+00 1.593764305114746094e+00 -6.884351968765258789e-01 2.154319286346435547e+00 -1.271961212158203125e+00 -8.330910205841064453e-01 -1.469253301620483398e+00 1.588310837745666504e+00 -1.070977210998535156e+00 -1.175137758255004883e+00 -3.063057959079742432e-01 -3.721118718385696411e-02 6.684572100639343262e-01 1.931605935096740723e+00 1.112074971199035645e+00 1.173291087150573730e+00 -3.519619703292846680e-01 -6.511336565017700195e-01 -3.967624604701995850e-01
-1.350565314292907715e+00 1.186047792434692383e+00 1.521189332008361816e+00 -7.063860893249511719e-01 1.981635212898254395e+00 -1.230355024337768555e+00 -7.242450714111328125e-01 -1.523214459419250488e+00 1.470052123069763184e+00 -1.041239023208618164e+00 -1.167071104049682617e+00 -3.587176203727722168e-01 -7.613367587327957153e-02 6.400396227836608887e-01 1.930512070655822754e+00 1.145688176155090332e+00 1.191694617271423340e+00 -3.706439733505249023e-01 -6.806582808494567871e-01 -4.242084622383117676e-01
-1.409169912338256836e+00 1.164426445960998535e+00 1.486653447151184082e+00 -7.961964011192321777e-01 1.770964741706848145e+00 -1.214713931083679199e+00 -6.136018633842468262e-01 -1.595897674560546875e+00 1.346279382705688477e+00 -9.539451003074645996e-01 -1.130968451499938965e+00 -4.229371845722198486e-01 -1.673053503036499023e-01 6.234697103500366211e-01 1.903897523880004883e+00 1.171244144439697266e+00 1.237006068229675293e+00 -4.120622873306274414e-01 -7.756150960922241211e-01 -4.864698350429534912e-01
-1.384527921676635742e+00 1.165576815605163574e+00 1.493507981300354004e+00 -9.474551677703857422e-01 1.566933751106262207e+00 -1.237678289413452148e+00 -5.232377052307128906e-01 -1.653204560279846191e+00 1.279863953590393066e+00 -7.953892946243286133e-01 -1.066628932952880859e+00 -4.764686524868011475e-01 -2.809028029441833496e-01 6.228438615798950195e-01 1.823136687278747559e+00 1.173919916152954102e+00 1.306472778320312500e+00 -4.531124234199523926e-01 -9.024352431297302246e-01 -6.064834594726562500e-01
-1.306031823158264160e+00 1.148271679878234863e+00 1.524154186248779297e+00 -1.101825952529907227e+00 1.417697787284851074e+00 -1.310885906219482422e+00 -4.840123057365417480e-01 -1.705182075500488281e+00 1.242492318153381348e+00 -5.801588892936706543e-01 -1.015590190887451172e+00 -5.414163470268249512e-01 -3.482156693935394287e-01 6.512932181358337402e-01 1.731286883354187012e+00 1.125734210014343262e+00 1.400764107704162598e+00 -4.784424304962158203e-01 -1.029287457466125488e+00 -6.698723435401916504e-01
-1.198638677597045898e+00 1.136018037796020508e+00 1.532178640365600586e+00 -1.212597131729125977e+00 1.355813622474670410e+00 -1.365082383155822754e+00 -4.775886833667755127e-01 -1.726254105567932129e+00 1.211326241493225098e+00 -3.905944228172302246e-01 -9.965279102325439453e-01 -5.666212439537048340e-01 -3.761003911495208740e-01 6.877344846725463867e-01 1.651789665222167969e+00 1.022333979606628418e+00 1.444601416587829590e+00 -5.100280642509460449e-01 -1.105329513549804688e+00 -6.738688945770263672e-01
-1.056198954582214355e+00 1.191791653633117676e+00 1.560395717620849609e+00 -1.256042838096618652e+00 1.408040046691894531e+00 -1.442329287528991699e+00 -5.295252203941345215e-01 -1.719901919364929199e+00 1.289404153823852539e+00 -2.789672613143920898e-01 -1.012210845947265625e+00 -5.660752058029174805e-01 -3.567104935646057129e-01 6.730878949165344238e-01 1.618883252143859863e+00 8.901687264442443848e-01 1.432560205459594727e+00 -5.419217944145202637e-01 -1.108385682106018066e+00 -6.539154648780822754e-01
-8.775428533554077148e-01 1.294549942016601562e+00 1.630814313888549805e+00 -1.215899705886840820e+00 1.633787393569946289e+00 -1.551262974739074707e+00 -6.982818841934204102e-01 -1.666934013366699219e+00 1.481640219688415527e+00 -2.570810914039611816e-01 -9.982281327247619629e-01 -5.269256830215454102e-01 -2.735773622989654541e-01 6.164737343788146973e-01 1.667178153991699219e+00 7.954592704772949219e-01 1.385258078575134277e+00 -5.566297769546508789e-01 -1.042390942573547363e+00 -5.910809636116027832e-01
-7.373703122138977051e-01 1.392810225486755371e+00 1.701456189155578613e+00 -1.110419154167175293e+00 1.937121272087097168e+00 -1.602576136589050293e+00 -8.987731933593750000e-01 -1.567797660827636719e+00 1.693480610847473145e+00 -3.224610388278961182e-01 -9.851230978965759277e-01 -5.047563910484313965e-01 -1.857969462871551514e-01 5.128276944160461426e-01 1.753792881965637207e+00 7.260884046554565430e-01 1.320866823196411133e+00 -5.596873164176940918e-01 -9.644802212715148926e-01 -4.898464381694793701e-01
-6.861801743507385254e-01 1.441173315048217773e+00 1.767757773399353027e+00 -1.000976562500000000e+00 2.159206151962280273e+00 -1.603580355644226074e+00 -1.054217338562011719e+00 -1.499273538589477539e+00 1.857508301734924316e+00 -4.026479125022888184e-01 -9.847797751426696777e-01 -5.239920020103454590e-01 -1.416038572788238525e-01 4.075021445751190186e-01 1.824358582496643066e+00 7.044282555580139160e-01 1.275984644889831543e+00 -5.475223064422607422e-01 -9.369954466819763184e-01 -3.878090083599090576e-01
-6.728032827377319336e-01 1.471229195594787598e+00 1.802291274070739746e+00 -9.396627545356750488e-01 2.278927326202392578e+00 -1.593744635581970215e+00 -1.134521126747131348e+00 -1.471698760986328125e+00 1.974221467971801758e+00 -4.542222619056701660e-01 -9.752433896064758301e-01 -5.738575458526611328e-01 -1.092356070876121521e-01 3.157304823398590088e-01 1.888212680816650391e+00 7.027732729911804199e-01 1.255409955978393555e+00 -5.521859526634216309e-01 -9.305011034011840820e-01 -3.093784153461456299e-01
-6.750526428222656250e-01 1.465746998786926270e+00 1.823007583618164062e+00 -8.668045997619628906e-01 2.347478628158569336e+00 -1.571104764938354492e+00 -1.184773921966552734e+00 -1.448623061180114746e+00 2.042695999145507812e+00 -4.880692958831787109e-01 -9.672409892082214355e-01 -6.420520544052124023e-01 -8.079592883586883545e-02 2.252865731716156006e-01 1.935491323471069336e+00 7.129816412925720215e-01 1.241368532180786133e+00 -5.442364215850830078e-01 -9.365427494049072266e-01 -2.305982410907745361e-01
-6.825938224792480469e-01 1.424633860588073730e+00 1.838540315628051758e+00 -7.875562310218811035e-01 2.377813339233398438e+00 -1.540225744247436523e+00 -1.212819814682006836e+00 -1.426172494888305664e+00 2.078069448471069336e+00 -5.023155212402343750e-01 -9.634416699409484863e-01 -7.308319807052612305e-01 -5.307652056217193604e-02 1.249287948012351990e-01 1.974692940711975098e+00 7.274528145790100098e-01 1.231712818145751953e+00 -5.215797424316406250e-01 -9.543388485908508301e-01 -1.424813568592071533e-01
-6.930481791496276855e-01 1.354097247123718262e+00 1.856172561645507812e+00 -7.170948982238769531e-01 2.368655681610107422e+00 -1.497787356376647949e+00 -1.225301504135131836e+00 -1.396730899810791016e+00 2.090687513351440430e+00 -4.873265624046325684e-01 -9.600942730903625488e-01 -8.478879332542419434e-01 -3.034113347530364990e-02 8.115395903587341309e-04 2.022785902023315430e+00 7.577928304672241211e-01 1.238036155700683594e+00 -4.876168370246887207e-01 -9.963370561599731445e-01 -4.812970012426376343e-02
-6.930216550827026367e-01 1.247555732727050781e+00 1.887978553771972656e+00 -6.523358225822448730e-01 2.323286771774291992e+00 -1.441516160964965820e+00 -1.216348528861999512e+00 -1.376412749290466309e+00 2.083574533462524414e+00 -4.329856038093566895e-01 -9.684053063392639160e-01 -1.046668052673339844e+00 -1.594118773937225342e-02 -1.846900284290313721e-01 2.092935323715209961e+00 8.031164407730102539e-01 1.298559308052062988e+00 -4.221669435501098633e-01 -1.084394216537475586e+00 6.277696043252944946e-02
-7.213590145111083984e-01 1.101868748664855957e+00 1.958108067512512207e+00 -6.808353662490844727e-01 2.247079133987426758e+00 -1.326384902000427246e+00 -1.238958120346069336e+00 -1.390251755714416504e+00 2.029225349426269531e+00 -3.341217637062072754e-01 -9.556767940521240234e-01 -1.345207810401916504e+00 -7.789798080921173096e-02 -3.961899280548095703e-01 2.207710504531860352e+00 9.087983965873718262e-01 1.482915401458740234e+00 -3.037311434745788574e-01 -1.285565257072448730e+00 2.134033143520355225e-01
-7.602530121803283691e-01 8.865506649017333984e-01 2.017119646072387695e+00 -7.965866327285766602e-01 2.001632452011108398e+00 -1.098853349685668945e+00 -1.199607968330383301e+00 -1.374870896339416504e+00 1.886154651641845703e+00 -2.111201286315917969e-01 -9.250610470771789551e-01 -1.653024554252624512e+00 -2.136965692043304443e-01 -5.772283673286437988e-01 2.244433403015136719e+00 1.036117196083068848e+00 1.713017463684082031e+00 -1.014362573623657227e-01 -1.541795134544372559e+00 3.116226494312286377e-01
-7.992888092994689941e-01 8.716067075729370117e-01 2.057872533798217773e+00 -1.011476635932922363e+00 1.733565330505371094e+00 -1.011026263236999512e+00 -1.040795207023620605e+00 -1.421957612037658691e+00 1.753986120223999023e+00 -1.625838577747344971e-01 -8.910539150238037109e-01 -1.721629142761230469e+00 -3.539366424083709717e-01 -5.710605382919311523e-01 2.210735082626342773e+00 1.127160668373107910e+00 1.824349880218505859e+00 -3.805739060044288635e-02 -1.695205569267272949e+00 2.011538743972778320e-01
-8.106650710105895996e-01 8.717175722122192383e-01 2.038594722747802734e+00 -1.126448154449462891e+00 1.536267518997192383e+00 -9.853563308715820312e-01 -8.985569477081298828e-01 -1.422696828842163086e+00 1.629080414772033691e+00 -1.402344107627868652e-01 -8.354173898696899414e-01 -1.653360366821289062e+00 -4.491722881793975830e-01 -4.874762892723083496e-01 2.113141536712646484e+00 1.185184359550476074e+00 1.828727602958679199e+00 -1.841259188950061798e-02 -1.731957197189331055e+00 6.903886795043945312e-02
-8.218945860862731934e-01 8.968920111656188965e-01 2.011821269989013672e+00 -1.192758679389953613e+00 1.450016260147094727e+00 -9.925861358642578125e-01 -8.292883038520812988e-01 -1.432522058486938477e+00 1.562189698219299316e+00 -1.236739829182624817e-01 -8.014715313911437988e-01 -1.593622565269470215e+00 -4.937928020954132080e-01 -4.189797341823577881e-01 2.073668956756591797e+00 1.234029293060302734e+00 1.829564809799194336e+00 -3.444224968552589417e-02 -1.729436039924621582e+00 -3.324413299560546875e-02
-8.178926706314086914e-01 9.150331020355224609e-01 2.004218578338623047e+00 -1.225533843040466309e+00 1.439551472663879395e+00 -1.006745576858520508e+00 -8.046266436576843262e-01 -1.436422824859619141e+00 1.543590426445007324e+00 -1.117075011134147644e-01 -7.914081811904907227e-01 -1.551095366477966309e+00 -5.201092958450317383e-01 -3.801264166831970215e-01 2.063145875930786133e+00 1.268499493598937988e+00 1.833908200263977051e+00 -4.251443967223167419e-02 -1.725046992301940918e+00 -1.096302941441535950e-01
-8.070940971374511719e-01 9.200081825256347656e-01 2.009911775588989258e+00 -1.236280322074890137e+00 1.474222660064697266e+00 -1.021952271461486816e+00 -8.086827993392944336e-01 -1.437164187431335449e+00 1.553864002227783203e+00 -9.753519296646118164e-02 -7.954137325286865234e-01 -1.527072191238403320e+00 -5.365656018257141113e-01 -3.604220747947692871e-01 2.070377111434936523e+00 1.291773319244384766e+00 1.842381834983825684e+00 -4.422010853886604309e-02 -1.722036004066467285e+00 -1.594104468822479248e-01
-7.877016067504882812e-01 9.116312861442565918e-01 2.017255306243896484e+00 -1.223863244056701660e+00 1.538215279579162598e+00 -1.035185098648071289e+00 -8.319676518440246582e-01 -1.429537177085876465e+00 1.579498648643493652e+00 -8.099938929080963135e-02 -8.072125911712646484e-01 -1.512746214866638184e+00 -5.441536903381347656e-01 -3.528880476951599121e-01 2.082843303680419922e+00 1.302727818489074707e+00 1.847829103469848633e+00 -4.169737920165061951e-02 -1.712544322013854980e+00 -1.871024072170257568e-01
-7.597634792327880859e-01 8.940447568893432617e-01 2.016344308853149414e+00 -1.191889882087707520e+00 1.620183467864990234e+00 -1.043244719505310059e+00 -8.679779767990112305e-01 -1.412704586982727051e+00 1.612907648086547852e+00 -6.320704519748687744e-02 -8.243425488471984863e-01 -1.500510692596435547e+00 -5.445411205291748047e-01 -3.510805666446685791e-01 2.090384960174560547e+00 1.297277927398681641e+00 1.846184134483337402e+00 -3.648297488689422607e-02 -1.691678881645202637e+00 -1.997179687023162842e-01
-7.328743934631347656e-01 8.863179087638854980e-01 1.999391794204711914e+00 -1.154075145721435547e+00 1.703737139701843262e+00 -1.043239474296569824e+00 -9.133911132812500000e-01 -1.393002986907958984e+00 1.649654984474182129e+00 -5.438409000635147095e-02 -8.450932502746582031e-01 -1.484232187271118164e+00 -5.414290428161621094e-01 -3.495920002460479736e-01 2.088610410690307617e+00 1.274868369102478027e+00 1.836386084556579590e+00 -3.004468604922294617e-02 -1.658101081848144531e+00 -2.064568400382995605e-01
-7.241443991661071777e-01 9.127312898635864258e-01 1.961882233619689941e+00 -1.125681757926940918e+00 1.780152916908264160e+00 -1.036572694778442383e+00 -9.611602425575256348e-01 -1.380272507667541504e+00 1.689839363098144531e+00 -7.477614283561706543e-02 -8.772042989730834961e-01 -1.455496191978454590e+00 -5.383296608924865723e-01 -3.393794000148773193e-01 2.083353042602539062e+00 1.245096087455749512e+00 1.820997953414916992e+00 -2.472496218979358673e-02 -1.614312410354614258e+00 -2.182250618934631348e-01
-7.000970244407653809e-01 9.434807896614074707e-01 1.877762198448181152e+00 -1.104916930198669434e+00 1.817268133163452148e+00 -1.023854136466979980e+00 -9.826976060867309570e-01 -1.360898494720458984e+00 1.706523656845092773e+00 -8.935756981372833252e-02 -8.965441584587097168e-01 -1.395827054977416992e+00 -5.279427170753479004e-01 -3.043452799320220947e-01 2.031157970428466797e+00 1.183697819709777832e+00 1.783225655555725098e+00 -3.089939616620540619e-02 -1.539587616920471191e+00 -2.465672791004180908e-01
-6.497321128845214844e-01 9.814598560333251953e-01 1.733639717102050781e+00 -1.115508437156677246e+00 1.790925979614257812e+00 -1.013676643371582031e+00 -9.564716815948486328e-01 -1.337543725967407227e+00 1.691464066505432129e+00 -8.905633538961410522e-02 -8.871480226516723633e-01 -1.284689188003540039e+00 -5.083590149879455566e-01 -2.210726439952850342e-01 1.908413529396057129e+00 1.085417389869689941e+00 1.718894243240356445e+00 -5.613589286804199219e-02 -1.421446681022644043e+00 -3.133310973644256592e-01
-5.835769176483154297e-01 1.031152367591857910e+00 1.512064814567565918e+00 -1.187807202339172363e+00 1.663841962814331055e+00 -1.004518508911132812e+00 -8.661608695983886719e-01 -1.317585229873657227e+00 1.606493473052978516e+00 -7.196389883756637573e-02 -8.265923261642456055e-01 -1.092872977256774902e+00 -4.789191186428070068e-01 -4.498415440320968628e-02 1.691953420639038086e+00 9.439780116081237793e-01 1.624501109123229980e+00 -1.125992387533187866e-01 -1.249761104583740234e+00 -4.271423816680908203e-01
-6.200911402702331543e-01 1.217058658599853516e+00 1.333037972450256348e+00 -1.373429894447326660e+00 1.523295044898986816e+00 -1.069463968276977539e+00 -7.852562069892883301e-01 -1.384728789329528809e+00 1.508607625961303711e+00 -1.415921896696090698e-01 -7.570676803588867188e-01 -8.031350970268249512e-01 -4.957191050052642822e-01 3.325707316398620605e-01 1.450934886932373047e+00 7.850407958030700684e-01 1.580408334732055664e+00 -2.210808843374252319e-01 -1.085431575775146484e+00 -5.651859045028686523e-01
-8.728919029235839844e-01 1.475227117538452148e+00 1.339543461799621582e+00 -1.628340005874633789e+00 1.474685788154602051e+00 -1.241143107414245605e+00 -7.476040124893188477e-01 -1.610063314437866211e+00 1.582820892333984375e+00 -3.584747910499572754e-01 -7.573015093803405762e-01 -6.032104492187500000e-01 -4.952059090137481689e-01 6.962687969207763672e-01 1.467286348342895508e+00 8.631331324577331543e-01 1.685452818870544434e+00 -3.731670379638671875e-01 -1.038222193717956543e+00 -6.833867430686950684e-01
-1.057772636413574219e+00 1.684818387031555176e+00 1.422168254852294922e+00 -1.812202334403991699e+00 1.506147742271423340e+00 -1.401013493537902832e+00 -7.414385676383972168e-01 -1.781434178352355957e+00 1.680915951728820801e+00 -5.416775941848754883e-01 -7.516124844551086426e-01 -4.946366548538208008e-01 -4.721395075321197510e-01 8.709228038787841797e-01 1.555750131607055664e+00 1.001201152801513672e+00 1.763658761978149414e+00 -4.885869026184082031e-01 -1.045562386512756348e+00 -7.716181278228759766e-01
-1.170038938522338867e+00 1.768126249313354492e+00 1.470716834068298340e+00 -1.897580862045288086e+00 1.518098115921020508e+00 -1.478591442108154297e+00 -7.227792739868164062e-01 -1.874586939811706543e+00 1.716801524162292480e+00 -6.351044774055480957e-01 -7.467221021652221680e-01 -4.424439668655395508e-01 -4.470308423042297363e-01 9.440330862998962402e-01 1.615698099136352539e+00 1.091812372207641602e+00 1.785988807678222656e+00 -5.476216077804565430e-01 -1.046095013618469238e+00 -8.044831156730651855e-01
-1.223930716514587402e+00 1.780049562454223633e+00 1.500584840774536133e+00 -1.929122924804687500e+00 1.532109856605529785e+00 -1.506202459335327148e+00 -6.987780332565307617e-01 -1.904493808746337891e+00 1.722131013870239258e+00 -6.855145692825317383e-01 -7.468650341033935547e-01 -4.076830148696899414e-01 -4.226107001304626465e-01 9.670495986938476562e-01 1.659363627433776855e+00 1.145724058151245117e+00 1.773646116256713867e+00 -5.713292956352233887e-01 -1.036057233810424805e+00 -8.115810751914978027e-01
-1.237376570701599121e+00 1.754250764846801758e+00 1.520578742027282715e+00 -1.928643822669982910e+00 1.559538841247558594e+00 -1.521630883216857910e+00 -6.765394806861877441e-01 -1.905602335929870605e+00 1.715637922286987305e+00 -7.073596119880676270e-01 -7.465484738349914551e-01 -3.755700886249542236e-01 -3.890735208988189697e-01 9.703260660171508789e-01 1.695313930511474609e+00 1.186879992485046387e+00 1.744482040405273438e+00 -5.788835883140563965e-01 -1.014271140098571777e+00 -8.142134547233581543e-01
-1.222554564476013184e+00 1.699243187904357910e+00 1.537968635559082031e+00 -1.907084226608276367e+00 1.605142712593078613e+00 -1.529353737831115723e+00 -6.534886360168457031e-01 -1.890647292137145996e+00 1.704713106155395508e+00 -7.100095748901367188e-01 -7.505550980567932129e-01 -3.487764298915863037e-01 -3.506537079811096191e-01 9.563576579093933105e-01 1.734907269477844238e+00 1.216917753219604492e+00 1.707347512245178223e+00 -5.734480619430541992e-01 -9.848028421401977539e-01 -8.093628287315368652e-01
-1.171472191810607910e+00 1.595098376274108887e+00 1.543611645698547363e+00 -1.851444721221923828e+00 1.663597464561462402e+00 -1.522342801094055176e+00 -6.190210580825805664e-01 -1.848294615745544434e+00 1.678597092628479004e+00 -6.891764402389526367e-01 -7.586820721626281738e-01 -3.246453106403350830e-01 -2.991692721843719482e-01 9.228411316871643066e-01 1.767150759696960449e+00 1.230400800704956055e+00 1.650755047798156738e+00 -5.501238703727722168e-01 -9.383422732353210449e-01 -7.915593385696411133e-01
-1.062307834625244141e+00 1.396808505058288574e+00 1.531924962997436523e+00 -1.728883504867553711e+00 1.730227231979370117e+00 -1.475333809852600098e+00 -5.640308856964111328e-01 -1.753686666488647461e+00 1.616455316543579102e+00 -6.252631545066833496e-01 -7.755707502365112305e-01 -3.114925324916839600e-01 -2.295008897781372070e-01 8.469824790954589844e-01 1.776756525039672852e+00 1.215852022171020508e+00 1.554929018020629883e+00 -4.906706809997558594e-01 -8.729449510574340820e-01 -7.485498189926147461e-01
-8.495832681655883789e-01 1.077192902565002441e+00 1.522911429405212402e+00 -1.485697627067565918e+00 1.827105283737182617e+00 -1.365563154220581055e+00 -4.780734777450561523e-01 -1.593513488769531250e+00 1.554823875427246094e+00 -4.952811002731323242e-01 -8.245238661766052246e-01 -3.867522776126861572e-01 -1.253305673599243164e-01 6.419315338134765625e-01 1.772308468818664551e+00 1.165145874023437500e+00 1.434142470359802246e+00 -3.595242500305175781e-01 -8.062561750411987305e-01 -6.714130640029907227e-01
-5.411702394485473633e-01 7.549231052398681641e-01 1.677325010299682617e+00 -1.123966217041015625e+00 2.052663326263427734e+00 -1.244402050971984863e+00 -4.966818392276763916e-01 -1.397513270378112793e+00 1.658033728599548340e+00 -3.248948454856872559e-01 -9.288314580917358398e-01 -7.538169026374816895e-01 -1.184218004345893860e-02 9.958739578723907471e-02 1.922101736068725586e+00 1.136599421501159668e+00 1.388924002647399902e+00 -1.377378106117248535e-01 -8.755742311477661133e-01 -4.923513233661651611e-01
-5.048273801803588867e-01 6.389209628105163574e-01 1.956652522087097168e+00 -8.894447088241577148e-01 2.284808397293090820e+00 -1.169270515441894531e+00 -6.992152929306030273e-01 -1.325052618980407715e+00 1.880837321281433105e+00 -3.098020553588867188e-01 -1.049411535263061523e+00 -1.185849189758300781e+00 -6.073805689811706543e-02 -3.336166143417358398e-01 2.182718038558959961e+00 1.176180124282836914e+00 1.539154410362243652e+00 7.977519184350967407e-03 -1.116773843765258789e+00 -1.977597773075103760e-01
-5.415751338005065918e-01 7.097579240798950195e-01 2.080129623413085938e+00 -8.183683156967163086e-01 2.345316648483276367e+00 -1.126726150512695312e+00 -8.455654978752136230e-01 -1.343529105186462402e+00 2.002156734466552734e+00 -2.895860671997070312e-01 -1.129888296127319336e+00 -1.476478815078735352e+00 -1.873351633548736572e-01 -5.670482516288757324e-01 2.329001903533935547e+00 1.173134207725524902e+00 1.695876002311706543e+00 4.277271777391433716e-02 -1.324505686759948730e+00 -5.046579986810684204e-02
-5.736245512962341309e-01 7.581263184547424316e-01 2.126294374465942383e+00 -8.049424886703491211e-01 2.305562973022460938e+00 -1.065966248512268066e+00 -9.242828488349914551e-01 -1.337166190147399902e+00 2.023685693740844727e+00 -2.739800214767456055e-01 -1.141250610351562500e+00 -1.620607495307922363e+00 -3.061848282814025879e-01 -6.557704210281372070e-01 2.342279911041259766e+00 1.176111578941345215e+00 1.792305231094360352e+00 7.146191596984863281e-02 -1.469475626945495605e+00 1.299879699945449829e-02
-5.772689580917358398e-01 7.776305079460144043e-01 2.108393192291259766e+00 -8.166984915733337402e-01 2.213301658630371094e+00 -9.944418668746948242e-01 -9.634563326835632324e-01 -1.302793025970458984e+00 1.981774687767028809e+00 -2.509406507015228271e-01 -1.091504335403442383e+00 -1.667641639709472656e+00 -3.978023231029510498e-01 -6.689644455909729004e-01 2.281339645385742188e+00 1.173030614852905273e+00 1.842368125915527344e+00 9.156793355941772461e-02 -1.545144915580749512e+00 3.297794610261917114e-02
-5.554379820823669434e-01 7.725719809532165527e-01 2.021251201629638672e+00 -8.586766123771667480e-01 2.063949584960937500e+00 -9.023569822311401367e-01 -9.731900095939636230e-01 -1.231230854988098145e+00 1.877250909805297852e+00 -2.229652404785156250e-01 -9.787624478340148926e-01 -1.623112797737121582e+00 -4.703061878681182861e-01 -6.125013232231140137e-01 2.153543710708618164e+00 1.164908289909362793e+00 1.851467013359069824e+00 1.021170914173126221e-01 -1.556681632995605469e+00 2.177354879677295685e-02
-5.291889905929565430e-01 8.096983432769775391e-01 1.831718921661376953e+00 -9.586473107337951660e-01 1.866298913955688477e+00 -8.112428784370422363e-01 -9.765086770057678223e-01 -1.150405049324035645e+00 1.716461777687072754e+00 -1.933386325836181641e-01 -7.952679395675659180e-01 -1.471151828765869141e+00 -5.165959596633911133e-01 -4.580368995666503906e-01 1.971119880676269531e+00 1.159513473510742188e+00 1.828031063079833984e+00 5.207607150077819824e-02 -1.495011210441589355e+00 -4.015762358903884888e-02
-5.771176218986511230e-01 9.776905179023742676e-01 1.559809207916259766e+00 -1.186131119728088379e+00 1.598601937294006348e+00 -7.767584919929504395e-01 -9.489718079566955566e-01 -1.164162039756774902e+00 1.569826245307922363e+00 -2.213623821735382080e-01 -5.410507917404174805e-01 -1.218622922897338867e+00 -5.469980239868164062e-01 -2.244068086147308350e-01 1.798566460609436035e+00 1.197376132011413574e+00 1.800523757934570312e+00 -9.141562879085540771e-02 -1.387421011924743652e+00 -1.819600462913513184e-01
-8.252688646316528320e-01 1.238023996353149414e+00 1.387725114822387695e+00 -1.529737472534179688e+00 1.432531237602233887e+00 -8.154122829437255859e-01 -1.021173357963562012e+00 -1.283851742744445801e+00 1.472862839698791504e+00 -3.835666775703430176e-01 -3.911477625370025635e-01 -8.528841137886047363e-01 -5.722064971923828125e-01 1.907164454460144043e-01 1.736108779907226562e+00 1.311814069747924805e+00 1.776992201805114746e+00 -2.433663159608840942e-01 -1.262542128562927246e+00 -3.432935774326324463e-01
-1.033515214920043945e+00 1.487620592117309570e+00 1.367677330970764160e+00 -1.810674548149108887e+00 1.427748799324035645e+00 -9.558625221252441406e-01 -1.108122706413269043e+00 -1.446079254150390625e+00 1.532937526702880859e+00 -5.249317288398742676e-01 -3.518923521041870117e-01 -6.295632123947143555e-01 -5.548990964889526367e-01 4.972905516624450684e-01 1.779847741127014160e+00 1.426409244537353516e+00 1.812159895896911621e+00 -3.646796941757202148e-01 -1.196845889091491699e+00 -4.610494375228881836e-01
-1.157043576240539551e+00 1.659123778343200684e+00 1.410998702049255371e+00 -1.966133952140808105e+00 1.489885687828063965e+00 -1.085770130157470703e+00 -1.153929233551025391e+00 -1.558470368385314941e+00 1.634668946266174316e+00 -6.355632543563842773e-01 -3.752131164073944092e-01 -5.254410505294799805e-01 -5.367951393127441406e-01 6.623933315277099609e-01 1.852598190307617188e+00 1.498963475227355957e+00 1.860616087913513184e+00 -4.389714598655700684e-01 -1.174305319786071777e+00 -5.318181514739990234e-01
-1.216870665550231934e+00 1.756023049354553223e+00 1.458204150199890137e+00 -2.032742023468017578e+00 1.553209543228149414e+00 -1.190965890884399414e+00 -1.166975736618041992e+00 -1.632124185562133789e+00 1.705123543739318848e+00 -6.978764533996582031e-01 -4.023533165454864502e-01 -4.640536010265350342e-01 -5.110967159271240234e-01 7.511312365531921387e-01 1.908387064933776855e+00 1.543637394905090332e+00 1.879806995391845703e+00 -4.845917820930480957e-01 -1.159069418907165527e+00 -5.832496285438537598e-01
-1.230624198913574219e+00 1.789077997207641602e+00 1.487223982810974121e+00 -2.052446603775024414e+00 1.592283725738525391e+00 -1.251018404960632324e+00 -1.160621404647827148e+00 -1.663928627967834473e+00 1.730621337890625000e+00 -7.188386917114257812e-01 -4.227547347545623779e-01 -4.235580265522003174e-01 -4.888590276241302490e-01 7.831480503082275391e-01 1.940564990043640137e+00 1.558251857757568359e+00 1.864428043365478516e+00 -5.079553127288818359e-01 -1.146396279335021973e+00 -6.095818877220153809e-01
-1.201483368873596191e+00 1.753834962844848633e+00 1.499911189079284668e+00 -2.034497022628784180e+00 1.598769068717956543e+00 -1.261727452278137207e+00 -1.126515507698059082e+00 -1.654256343841552734e+00 1.711533904075622559e+00 -7.009890079498291016e-01 -4.398309290409088135e-01 -4.034973084926605225e-01 -4.766732752323150635e-01 7.562634348869323730e-01 1.951057910919189453e+00 1.547063231468200684e+00 1.817271351814270020e+00 -5.039028525352478027e-01 -1.140306115150451660e+00 -6.161606907844543457e-01
-1.114431738853454590e+00 1.625735759735107422e+00 1.492811083793640137e+00 -1.960014581680297852e+00 1.556876420974731445e+00 -1.209456443786621094e+00 -1.042847871780395508e+00 -1.591683149337768555e+00 1.628022789955139160e+00 -6.310399770736694336e-01 -4.606854617595672607e-01 -4.065034687519073486e-01 -4.793952405452728271e-01 6.493187546730041504e-01 1.925433039665222168e+00 1.492323637008666992e+00 1.717590689659118652e+00 -4.646996259689331055e-01 -1.141466736793518066e+00 -6.034955382347106934e-01
-9.522315859794616699e-01 1.329168558120727539e+00 1.467275142669677734e+00 -1.745918989181518555e+00 1.472402215003967285e+00 -1.065011143684387207e+00 -8.556356430053710938e-01 -1.456753730773925781e+00 1.443653702735900879e+00 -5.055770277976989746e-01 -5.360262989997863770e-01 -4.538185298442840576e-01 -4.962517321109771729e-01 4.178264737129211426e-01 1.849960088729858398e+00 1.351300716400146484e+00 1.524265170097351074e+00 -3.557850718498229980e-01 -1.132531404495239258e+00 -5.618749856948852539e-01
-6.784731149673461914e-01 9.544821381568908691e-01 1.667875051498413086e+00 -1.364797592163085938e+00 1.519098401069641113e+00 -9.856570363044738770e-01 -5.950116515159606934e-01 -1.298545241355895996e+00 1.444771528244018555e+00 -3.560574054718017578e-01 -8.036785721778869629e-01 -7.814030647277832031e-01 -4.904739558696746826e-01 -3.338491171598434448e-02 1.861933946609497070e+00 1.141049146652221680e+00 1.452326536178588867e+00 -1.384548246860504150e-01 -1.254819750785827637e+00 -4.658175110816955566e-01
-6.102363467216491699e-01 9.200572967529296875e-01 1.981034636497497559e+00 -1.174626708030700684e+00 1.716207265853881836e+00 -1.063115358352661133e+00 -6.095662713050842285e-01 -1.372517466545104980e+00 1.708037495613098145e+00 -2.640205919742584229e-01 -1.073230504989624023e+00 -1.191807866096496582e+00 -4.571704864501953125e-01 -3.371464014053344727e-01 2.014490604400634766e+00 1.071634769439697266e+00 1.609344124794006348e+00 -1.920979470014572144e-02 -1.450001239776611328e+00 -3.891302049160003662e-01
-6.072570085525512695e-01 9.987447261810302734e-01 2.121261358261108398e+00 -1.049141287803649902e+00 1.828765153884887695e+00 -1.135583639144897461e+00 -6.374517679214477539e-01 -1.482188940048217773e+00 1.873251318931579590e+00 -2.011449337005615234e-01 -1.241046071052551270e+00 -1.441254019737243652e+00 -4.595407545566558838e-01 -5.051656961441040039e-01 2.061686038970947266e+00 9.890820384025573730e-01 1.704790949821472168e+00 -7.618911564350128174e-03 -1.561584830284118652e+00 -3.700675666332244873e-01
-6.124807000160217285e-01 1.075030326843261719e+00 2.133912324905395508e+00 -9.759315848350524902e-01 1.862107276916503906e+00 -1.164116144180297852e+00 -6.581988930702209473e-01 -1.526465654373168945e+00 1.927649617195129395e+00 -1.812089979648590088e-01 -1.315236210823059082e+00 -1.512008905410766602e+00 -4.673593938350677490e-01 -5.396225452423095703e-01 2.023303508758544922e+00 9.202147126197814941e-01 1.724193811416625977e+00 -1.961060613393783569e-02 -1.579068541526794434e+00 -3.811854422092437744e-01
-6.254385709762573242e-01 1.152852296829223633e+00 2.087049484252929688e+00 -9.239436388015747070e-01 1.873408794403076172e+00 -1.198100447654724121e+00 -6.608593463897705078e-01 -1.555345416069030762e+00 1.951545834541320801e+00 -1.998884826898574829e-01 -1.346162676811218262e+00 -1.477900624275207520e+00 -4.596546292304992676e-01 -4.864591360092163086e-01 1.965593814849853516e+00 8.548698425292968750e-01 1.707190155982971191e+00 -6.553635001182556152e-02 -1.523339629173278809e+00 -4.159419536590576172e-01
-6.412750482559204102e-01 1.240126371383666992e+00 1.977850556373596191e+00 -8.823651671409606934e-01 1.868074893951416016e+00 -1.232269287109375000e+00 -6.541823744773864746e-01 -1.578042984008789062e+00 1.947932839393615723e+00 -2.416394948959350586e-01 -1.340850710868835449e+00 -1.361800551414489746e+00 -4.399144351482391357e-01 -3.757925927639007568e-01 1.879031896591186523e+00 7.777242660522460938e-01 1.651587247848510742e+00 -1.471146196126937866e-01 -1.405451893806457520e+00 -4.674356281757354736e-01
-6.547796130180358887e-01 1.336507320404052734e+00 1.790897727012634277e+00 -8.366221189498901367e-01 1.835206508636474609e+00 -1.263591647148132324e+00 -6.420869231224060059e-01 -1.579839587211608887e+00 1.897446036338806152e+00 -3.070012032985687256e-01 -1.285673141479492188e+00 -1.147150754928588867e+00 -4.044750630855560303e-01 -2.034428715705871582e-01 1.745787620544433594e+00 6.780626773834228516e-01 1.531460404396057129e+00 -2.662370204925537109e-01 -1.213229775428771973e+00 -5.283405184745788574e-01
-7.394089698791503906e-01 1.458483695983886719e+00 1.610753059387207031e+00 -8.570428490638732910e-01 1.851801633834838867e+00 -1.296319365501403809e+00 -6.685624122619628906e-01 -1.596107006072998047e+00 1.839144229888916016e+00 -4.641313552856445312e-01 -1.182923197746276855e+00 -8.486331105232238770e-01 -3.999879658222198486e-01 8.418038487434387207e-02 1.617217659950256348e+00 6.023505926132202148e-01 1.411938309669494629e+00 -3.866801261901855469e-01 -9.976856112480163574e-01 -5.550303459167480469e-01
-8.178181052207946777e-01 1.634465098381042480e+00 1.477071642875671387e+00 -9.264900684356689453e-01 1.907747507095336914e+00 -1.353990674018859863e+00 -8.395944833755493164e-01 -1.594918251037597656e+00 1.843851447105407715e+00 -6.273275017738342285e-01 -9.867066740989685059e-01 -5.957005620002746582e-01 -3.814813792705535889e-01 3.352994322776794434e-01 1.555663824081420898e+00 6.153558492660522461e-01 1.362509727478027344e+00 -4.976893663406372070e-01 -8.475317358970642090e-01 -5.113953351974487305e-01
-9.465292096138000488e-01 1.832101106643676758e+00 1.443148016929626465e+00 -1.078733086585998535e+00 1.971799254417419434e+00 -1.393959879875183105e+00 -1.115561008453369141e+00 -1.589980721473693848e+00 1.897330880165100098e+00 -7.732987999916076660e-01 -8.111563324928283691e-01 -4.244050681591033936e-01 -3.493379950523376465e-01 5.463712811470031738e-01 1.595582246780395508e+00 7.647767066955566406e-01 1.396295070648193359e+00 -5.750657916069030762e-01 -8.258906006813049316e-01 -4.591328799724578857e-01
-1.030368566513061523e+00 1.950230002403259277e+00 1.444364786148071289e+00 -1.181563615798950195e+00 2.007591962814331055e+00 -1.434106111526489258e+00 -1.248761415481567383e+00 -1.617895483970642090e+00 1.967174768447875977e+00 -8.443656563758850098e-01 -7.292581200599670410e-01 -4.072685539722442627e-01 -3.106650114059448242e-01 6.402110457420349121e-01 1.670868515968322754e+00 8.869558572769165039e-01 1.482029676437377930e+00 -6.139702796936035156e-01 -8.362298607826232910e-01 -4.141728281974792480e-01
-1.060080289840698242e+00 1.986974716186523438e+00 1.410242080688476562e+00 -1.228870034217834473e+00 1.980019927024841309e+00 -1.419927358627319336e+00 -1.307275891304016113e+00 -1.603224396705627441e+00 1.974230170249938965e+00 -8.699281215667724609e-01 -6.580843329429626465e-01 -4.064124822616577148e-01 -2.833812534809112549e-01 6.625375747680664062e-01 1.690605640411376953e+00 9.487807154655456543e-01 1.510041356086730957e+00 -6.266751885414123535e-01 -8.366466164588928223e-01 -3.624122440814971924e-01
-1.059408664703369141e+00 1.984641551971435547e+00 1.358045578002929688e+00 -1.248486518859863281e+00 1.913720250129699707e+00 -1.379180788993835449e+00 -1.313321590423583984e+00 -1.573156356811523438e+00 1.950407266616821289e+00 -8.712049126625061035e-01 -5.962788462638854980e-01 -4.168764352798461914e-01 -2.693821489810943604e-01 6.413658857345581055e-01 1.674917697906494141e+00 9.705493450164794922e-01 1.506335616111755371e+00 -6.268031597137451172e-01 -8.342272043228149414e-01 -3.131412863731384277e-01
-1.046337008476257324e+00 1.968219041824340820e+00 1.297316074371337891e+00 -1.260451555252075195e+00 1.811201930046081543e+00 -1.319075226783752441e+00 -1.283888816833496094e+00 -1.544091224670410156e+00 1.915030479431152344e+00 -8.566963672637939453e-01 -5.538361668586730957e-01 -4.487466216087341309e-01 -2.780028283596038818e-01 5.810418725013732910e-01 1.631282567977905273e+00 9.568054080009460449e-01 1.493730425834655762e+00 -6.103535890579223633e-01 -8.485188484191894531e-01 -2.685686945915222168e-01
-1.036390781402587891e+00 1.949871420860290527e+00 1.252051472663879395e+00 -1.276079177856445312e+00 1.656201958656311035e+00 -1.241048693656921387e+00 -1.249435663223266602e+00 -1.515701532363891602e+00 1.859407663345336914e+00 -8.266503214836120605e-01 -5.204987525939941406e-01 -5.378833413124084473e-01 -3.193552494049072266e-01 4.665561914443969727e-01 1.578587055206298828e+00 9.204707145690917969e-01 1.504827260971069336e+00 -5.615630149841308594e-01 -9.142001867294311523e-01 -1.899079680442810059e-01
-1.012266159057617188e+00 1.866756319999694824e+00 1.200759768486022949e+00 -1.263898849487304688e+00 1.472647786140441895e+00 -1.130983114242553711e+00 -1.188051939010620117e+00 -1.464555859565734863e+00 1.768743276596069336e+00 -7.751012444496154785e-01 -4.812847077846527100e-01 -6.495106816291809082e-01 -3.516640067100524902e-01 3.060963451862335205e-01 1.508266210556030273e+00 8.870398402214050293e-01 1.502666711807250977e+00 -4.748443961143493652e-01 -9.823460578918457031e-01 -9.656216949224472046e-02
-9.757672548294067383e-01 1.723581552505493164e+00 1.181108236312866211e+00 -1.234446883201599121e+00 1.288920164108276367e+00 -9.897072911262512207e-01 -1.120022773742675781e+00 -1.405095696449279785e+00 1.633197069168090820e+00 -6.851514577865600586e-01 -4.385713338851928711e-01 -7.758552432060241699e-01 -3.858146071434020996e-01 1.023059189319610596e-01 1.438756346702575684e+00 9.047344923019409180e-01 1.482514619827270508e+00 -3.555504083633422852e-01 -1.077075839042663574e+00 -5.237044394016265869e-02
-9.300959110260009766e-01 1.590961217880249023e+00 1.266579389572143555e+00 -1.212020277976989746e+00 1.180009841918945312e+00 -8.923094868659973145e-01 -9.888518452644348145e-01 -1.385738253593444824e+00 1.567226171493530273e+00 -5.841559171676635742e-01 -4.727742671966552734e-01 -9.841671586036682129e-01 -4.367960691452026367e-01 -9.751073271036148071e-02 1.431863903999328613e+00 9.710942506790161133e-01 1.561385154724121094e+00 -2.381307333707809448e-01 -1.224340200424194336e+00 -1.069837138056755066e-01
-8.812700510025024414e-01 1.470089077949523926e+00 1.385015606880187988e+00 -1.173918247222900391e+00 1.152861118316650391e+00 -8.175587654113769531e-01 -8.592686653137207031e-01 -1.358250498771667480e+00 1.536613464355468750e+00 -5.241963863372802734e-01 -5.610443353652954102e-01 -1.130452632904052734e+00 -5.000030398368835449e-01 -2.345423996448516846e-01 1.455740928649902344e+00 1.035511612892150879e+00 1.630179762840270996e+00 -1.298239529132843018e-01 -1.344149589538574219e+00 -1.980929970741271973e-01
-8.677532076835632324e-01 1.398682236671447754e+00 1.489335894584655762e+00 -1.144518494606018066e+00 1.151160836219787598e+00 -7.504624128341674805e-01 -7.932372689247131348e-01 -1.319820046424865723e+00 1.517364382743835449e+00 -4.898198246955871582e-01 -6.423027515411376953e-01 -1.203982710838317871e+00 -5.766535401344299316e-01 -3.063262403011322021e-01 1.474491477012634277e+00 1.085497379302978516e+00 1.667006969451904297e+00 -5.224763602018356323e-02 -1.443462967872619629e+00 -2.856528460979461670e-01
-8.985705971717834473e-01 1.388928890228271484e+00 1.585986018180847168e+00 -1.126317858695983887e+00 1.189487457275390625e+00 -7.265725135803222656e-01 -8.266284465789794922e-01 -1.296039938926696777e+00 1.524925112724304199e+00 -4.808117151260375977e-01 -6.953973174095153809e-01 -1.240282893180847168e+00 -6.460467576980590820e-01 -3.148530721664428711e-01 1.497277140617370605e+00 1.138535261154174805e+00 1.705240368843078613e+00 -7.110744714736938477e-03 -1.522562861442565918e+00 -3.393450081348419189e-01
-9.361394047737121582e-01 1.378600239753723145e+00 1.650469899177551270e+00 -1.093847036361694336e+00 1.244571924209594727e+00 -7.012285590171813965e-01 -8.963925838470458984e-01 -1.271288990974426270e+00 1.528510212898254395e+00 -4.736710786819458008e-01 -7.351068854331970215e-01 -1.265320301055908203e+00 -6.849784851074218750e-01 -3.236427605152130127e-01 1.535511016845703125e+00 1.191551446914672852e+00 1.721346378326416016e+00 1.969667524099349976e-02 -1.575435757637023926e+00 -3.622239232063293457e-01
-9.685743451118469238e-01 1.360994577407836914e+00 1.696059346199035645e+00 -1.044761419296264648e+00 1.336174368858337402e+00 -6.799184679985046387e-01 -9.989222884178161621e-01 -1.244683265686035156e+00 1.538499236106872559e+00 -4.673873186111450195e-01 -7.577276229858398438e-01 -1.284566640853881836e+00 -6.858273148536682129e-01 -3.336439728736877441e-01 1.599901676177978516e+00 1.241347312927246094e+00 1.726502776145935059e+00 2.974659949541091919e-02 -1.609668254852294922e+00 -3.482185006141662598e-01
-1.002915024757385254e+00 1.336586356163024902e+00 1.731346249580383301e+00 -9.892780780792236328e-01 1.427691817283630371e+00 -6.734353899955749512e-01 -1.142877340316772461e+00 -1.219941973686218262e+00 1.552892208099365234e+00 -4.519637823104858398e-01 -7.444790005683898926e-01 -1.306732892990112305e+00 -6.656172275543212891e-01 -3.356801271438598633e-01 1.686591506004333496e+00 1.286849617958068848e+00 1.728587985038757324e+00 3.217953443527221680e-02 -1.636720061302185059e+00 -2.775908112525939941e-01
-1.017161488533020020e+00 1.301954030990600586e+00 1.748982071876525879e+00 -9.317056536674499512e-01 1.497106671333312988e+00 -6.826646924018859863e-01 -1.269909858703613281e+00 -1.186066985130310059e+00 1.570850133895874023e+00 -4.314408898353576660e-01 -7.164012789726257324e-01 -1.323757410049438477e+00 -6.378391981124877930e-01 -3.401862978935241699e-01 1.762053132057189941e+00 1.300293087959289551e+00 1.714147686958312988e+00 2.673752605915069580e-02 -1.643509149551391602e+00 -1.808877289295196533e-01
-1.011841297149658203e+00 1.255158185958862305e+00 1.755075573921203613e+00 -8.771981000900268555e-01 1.540609359741210938e+00 -7.011398673057556152e-01 -1.364460706710815430e+00 -1.156695246696472168e+00 1.581049203872680664e+00 -4.026669859886169434e-01 -6.915829181671142578e-01 -1.344858646392822266e+00 -6.151825785636901855e-01 -3.459346294403076172e-01 1.822262883186340332e+00 1.280776858329772949e+00 1.697254538536071777e+00 2.143169194459915161e-02 -1.641301393508911133e+00 -6.881256401538848877e-02
-1.009377241134643555e+00 1.203572154045104980e+00 1.759053468704223633e+00 -8.500066995620727539e-01 1.558903574943542480e+00 -7.261098623275756836e-01 -1.421217083930969238e+00 -1.161039233207702637e+00 1.589425325393676758e+00 -3.627364039421081543e-01 -6.850553750991821289e-01 -1.392827868461608887e+00 -6.109667420387268066e-01 -3.543334901332855225e-01 1.876265048980712891e+00 1.243622303009033203e+00 1.709867000579833984e+00 1.289350166916847229e-02 -1.653915643692016602e+00 4.862900078296661377e-02
-1.000926971435546875e+00 1.153625845909118652e+00 1.774282455444335938e+00 -8.381458520889282227e-01 1.565523386001586914e+00 -7.558999061584472656e-01 -1.450411796569824219e+00 -1.182489633560180664e+00 1.600288987159729004e+00 -3.143747448921203613e-01 -6.917958259582519531e-01 -1.456500887870788574e+00 -6.113901138305664062e-01 -3.720286488533020020e-01 1.920874595642089844e+00 1.192301750183105469e+00 1.727898716926574707e+00 4.832312464714050293e-03 -1.676257848739624023e+00 1.619253754615783691e-01
-9.812824726104736328e-01 1.109824895858764648e+00 1.811869382858276367e+00 -8.349568843841552734e-01 1.566647291183471680e+00 -7.939902544021606445e-01 -1.463458061218261719e+00 -1.208566427230834961e+00 1.612992763519287109e+00 -2.601605057716369629e-01 -7.101973295211791992e-01 -1.525179266929626465e+00 -6.152592301368713379e-01 -4.006733596324920654e-01 1.960065841674804688e+00 1.129666090011596680e+00 1.739301323890686035e+00 7.318630814552307129e-04 -1.705847620964050293e+00 2.651235461235046387e-01
-9.567813277244567871e-01 1.070048809051513672e+00 1.875507354736328125e+00 -8.437777161598205566e-01 1.568550825119018555e+00 -8.505465388298034668e-01 -1.466063380241394043e+00 -1.240044355392456055e+00 1.628503799438476562e+00 -2.084468305110931396e-01 -7.321158647537231445e-01 -1.584287047386169434e+00 -6.053792834281921387e-01 -4.415802359580993652e-01 2.014147758483886719e+00 1.081486701965332031e+00 1.738893270492553711e+00 -1.509986072778701782e-02 -1.738433361053466797e+00 3.497979938983917236e-01
-9.109052419662475586e-01 1.028469085693359375e+00 1.951238512992858887e+00 -8.633391857147216797e-01 1.575935363769531250e+00 -9.225577712059020996e-01 -1.448275327682495117e+00 -1.279305219650268555e+00 1.644050359725952148e+00 -1.531939059495925903e-01 -7.566035389900207520e-01 -1.627112984657287598e+00 -5.730265378952026367e-01 -4.901624321937561035e-01 2.064261674880981445e+00 1.043369412422180176e+00 1.734422922134399414e+00 -3.901830688118934631e-02 -1.764938712120056152e+00 3.903329670429229736e-01
-8.567383289337158203e-01 9.919958114624023438e-01 2.011017084121704102e+00 -8.695622086524963379e-01 1.550702691078186035e+00 -9.955202341079711914e-01 -1.376159310340881348e+00 -1.295353412628173828e+00 1.614588379859924316e+00 -1.216209530830383301e-01 -7.823656201362609863e-01 -1.598421573638916016e+00 -5.128318071365356445e-01 -5.103403925895690918e-01 2.073182106018066406e+00 9.901873469352722168e-01 1.660258293151855469e+00 -7.706358283758163452e-02 -1.745819926261901855e+00 3.903983831405639648e-01
-7.871578335762023926e-01 9.703825116157531738e-01 2.032362937927246094e+00 -8.796671032905578613e-01 1.450246453285217285e+00 -1.048327922821044922e+00 -1.193340063095092773e+00 -1.233356714248657227e+00 1.525658607482910156e+00 -1.618703901767730713e-01 -7.889075279235839844e-01 -1.410625338554382324e+00 -4.355114996433258057e-01 -4.378088712692260742e-01 1.998837351799011230e+00 9.127958416938781738e-01 1.476098299026489258e+00 -1.259688138961791992e-01 -1.627171039581298828e+00 2.893855571746826172e-01
-7.637954354286193848e-01 1.031315803527832031e+00 2.015803337097167969e+00 -8.878556489944458008e-01 1.441850066184997559e+00 -1.171154856681823730e+00 -9.008000493049621582e-01 -1.194783926010131836e+00 1.511216521263122559e+00 -3.636699914932250977e-01 -8.198951482772827148e-01 -1.067252278327941895e+00 -3.342494368553161621e-01 -2.325074672698974609e-01 1.923076152801513672e+00 8.554520606994628906e-01 1.260727524757385254e+00 -2.132301628589630127e-01 -1.364079475402832031e+00 4.904428124427795410e-02
-7.934968471527099609e-01 1.177053689956665039e+00 1.947656393051147461e+00 -9.073989391326904297e-01 1.478054165840148926e+00 -1.282934546470642090e+00 -7.155888676643371582e-01 -1.171007037162780762e+00 1.561282396316528320e+00 -5.934476852416992188e-01 -8.522197604179382324e-01 -7.205779552459716797e-01 -2.883880734443664551e-01 2.307514473795890808e-02 1.815126657485961914e+00 8.639885187149047852e-01 1.122458577156066895e+00 -2.731252312660217285e-01 -1.107132911682128906e+00 -2.317976355552673340e-01
-8.638796210289001465e-01 1.364150166511535645e+00 1.907291412353515625e+00 -9.679551720619201660e-01 1.519797325134277344e+00 -1.361060500144958496e+00 -6.417847275733947754e-01 -1.190212368965148926e+00 1.625015258789062500e+00 -7.718006968498229980e-01 -8.680354356765747070e-01 -4.702358543872833252e-01 -2.808518111705780029e-01 2.002160251140594482e-01 1.782559633255004883e+00 9.454917311668395996e-01 1.049133539199829102e+00 -3.361955881118774414e-01 -9.562469720840454102e-01 -4.854713380336761475e-01
-9.469885230064392090e-01 1.577521204948425293e+00 1.905841588973999023e+00 -1.069546580314636230e+00 1.560405969619750977e+00 -1.429352045059204102e+00 -6.394858360290527344e-01 -1.241328239440917969e+00 1.698715686798095703e+00 -9.034689068794250488e-01 -8.726857900619506836e-01 -3.090041279792785645e-01 -3.182446360588073730e-01 3.109809458255767822e-01 1.801151275634765625e+00 1.059836149215698242e+00 1.037758588790893555e+00 -3.888905644416809082e-01 -9.045366644859313965e-01 -7.007888555526733398e-01
-1.067172050476074219e+00 1.803363919258117676e+00 1.916401743888854980e+00 -1.216457843780517578e+00 1.536673784255981445e+00 -1.475502133369445801e+00 -6.806405782699584961e-01 -1.307664632797241211e+00 1.739213943481445312e+00 -1.014010787010192871e+00 -9.001129865646362305e-01 -2.058154046535491943e-01 -4.203787446022033691e-01 4.069437086582183838e-01 1.819025516510009766e+00 1.161941647529602051e+00 1.082275032997131348e+00 -4.006187319755554199e-01 -9.445749521255493164e-01 -8.598680496215820312e-01
-1.211798191070556641e+00 2.004690885543823242e+00 1.902274966239929199e+00 -1.381123661994934082e+00 1.439400315284729004e+00 -1.444437146186828613e+00 -7.489300370216369629e-01 -1.342512130737304688e+00 1.710653543472290039e+00 -1.098257064819335938e+00 -9.084253311157226562e-01 -1.304949522018432617e-01 -5.722523927688598633e-01 4.776892960071563721e-01 1.813784480094909668e+00 1.275064468383789062e+00 1.135920286178588867e+00 -3.713257312774658203e-01 -1.031873106956481934e+00 -9.930171370506286621e-01
-1.393787860870361328e+00 2.111466646194458008e+00 1.882991194725036621e+00 -1.542163252830505371e+00 1.359081029891967773e+00 -1.317722678184509277e+00 -8.731324076652526855e-01 -1.385402798652648926e+00 1.600821018218994141e+00 -1.120509028434753418e+00 -8.988234400749206543e-01 -1.460712850093841553e-01 -7.326954603195190430e-01 5.036939382553100586e-01 1.834160685539245605e+00 1.399364233016967773e+00 1.229346990585327148e+00 -2.746637165546417236e-01 -1.172696232795715332e+00 -1.048925399780273438e+00
-1.483149170875549316e+00 2.080044269561767578e+00 1.779802083969116211e+00 -1.639894127845764160e+00 1.263434529304504395e+00 -1.117403268814086914e+00 -9.569797515869140625e-01 -1.394458174705505371e+00 1.432564616203308105e+00 -1.039880275726318359e+00 -8.454856276512145996e-01 -2.287261486053466797e-01 -8.397206664085388184e-01 4.601173996925354004e-01 1.790114045143127441e+00 1.447037696838378906e+00 1.313427209854125977e+00 -1.941091567277908325e-01 -1.296061515808105469e+00 -1.027251005172729492e+00
-1.465983271598815918e+00 1.935591220855712891e+00 1.665881156921386719e+00 -1.683966159820556641e+00 1.216453194618225098e+00 -9.383422136306762695e-01 -9.763048291206359863e-01 -1.387612819671630859e+00 1.286343693733215332e+00 -8.999342918395996094e-01 -8.081354498863220215e-01 -3.455446660518646240e-01 -8.907638788223266602e-01 4.227147102355957031e-01 1.722597002983093262e+00 1.434543251991271973e+00 1.410902261734008789e+00 -1.522857695817947388e-01 -1.376314401626586914e+00 -9.563651084899902344e-01
-1.431771636009216309e+00 1.776273250579833984e+00 1.566406130790710449e+00 -1.695350170135498047e+00 1.194516539573669434e+00 -8.199918270111083984e-01 -9.855476021766662598e-01 -1.371099591255187988e+00 1.217722296714782715e+00 -7.901197671890258789e-01 -7.708419561386108398e-01 -4.475218653678894043e-01 -8.940479755401611328e-01 4.395907819271087646e-01 1.689180135726928711e+00 1.432871580123901367e+00 1.525704741477966309e+00 -1.266766786575317383e-01 -1.399315595626831055e+00 -8.691930174827575684e-01
-1.408208250999450684e+00 1.655801296234130859e+00 1.485217809677124023e+00 -1.694515943527221680e+00 1.186244130134582520e+00 -7.413769364356994629e-01 -9.920331835746765137e-01 -1.370521783828735352e+00 1.178341746330261230e+00 -7.053728699684143066e-01 -7.439752817153930664e-01 -5.247302651405334473e-01 -8.872405886650085449e-01 4.666607975959777832e-01 1.661425471305847168e+00 1.420379877090454102e+00 1.617496848106384277e+00 -1.189035400748252869e-01 -1.404932379722595215e+00 -7.996963858604431152e-01
-1.394699692726135254e+00 1.575128674507141113e+00 1.423988938331604004e+00 -1.697575449943542480e+00 1.202558279037475586e+00 -6.968842148780822754e-01 -9.881148338317871094e-01 -1.384185314178466797e+00 1.155590295791625977e+00 -6.469951272010803223e-01 -7.456445693969726562e-01 -5.767646431922912598e-01 -8.725482821464538574e-01 5.012842416763305664e-01 1.643871307373046875e+00 1.396416306495666504e+00 1.686039566993713379e+00 -1.198568120598793030e-01 -1.395640730857849121e+00 -7.517371773719787598e-01
-1.403671026229858398e+00 1.528662800788879395e+00 1.369925618171691895e+00 -1.692019104957580566e+00 1.243474125862121582e+00 -6.913127899169921875e-01 -9.739323258399963379e-01 -1.420306444168090820e+00 1.154855489730834961e+00 -6.202563047409057617e-01 -7.822679281234741211e-01 -6.028850674629211426e-01 -8.437539339065551758e-01 5.511758923530578613e-01 1.637426972389221191e+00 1.373236179351806641e+00 1.731653928756713867e+00 -1.309383511543273926e-01 -1.360996246337890625e+00 -7.225533723831176758e-01
-1.414056062698364258e+00 1.463991641998291016e+00 1.314049243927001953e+00 -1.649477362632751465e+00 1.333617448806762695e+00 -7.244989871978759766e-01 -9.570779204368591309e-01 -1.452942609786987305e+00 1.174293041229248047e+00 -6.158994436264038086e-01 -8.223241567611694336e-01 -5.842488408088684082e-01 -7.689488530158996582e-01 6.493522524833679199e-01 1.631248950958251953e+00 1.357833981513977051e+00 1.745869636535644531e+00 -1.435536444187164307e-01 -1.260087251663208008e+00 -6.972240805625915527e-01
-1.418155074119567871e+00 1.360328316688537598e+00 1.290634751319885254e+00 -1.524060964584350586e+00 1.499757289886474609e+00 -8.353984355926513672e-01 -9.180498719215393066e-01 -1.478777050971984863e+00 1.243174433708190918e+00 -6.618751883506774902e-01 -8.807910680770874023e-01 -5.220066308975219727e-01 -6.076776981353759766e-01 7.997097373008728027e-01 1.670189023017883301e+00 1.339663624763488770e+00 1.727675676345825195e+00 -1.656793951988220215e-01 -1.070727109909057617e+00 -6.515811085700988770e-01
-1.362236857414245605e+00 1.250026106834411621e+00 1.355967998504638672e+00 -1.321024775505065918e+00 1.771788954734802246e+00 -1.046267747879028320e+00 -8.835803866386413574e-01 -1.531989097595214844e+00 1.361491322517395020e+00 -6.991346478462219238e-01 -9.588319063186645508e-01 -4.672527611255645752e-01 -3.569057583808898926e-01 9.029065370559692383e-01 1.765261650085449219e+00 1.273908853530883789e+00 1.649458050727844238e+00 -2.480749338865280151e-01 -8.682721257209777832e-01 -5.620335936546325684e-01
-1.244853258132934570e+00 1.183061957359313965e+00 1.467695951461791992e+00 -1.086928725242614746e+00 2.045418262481689453e+00 -1.259379267692565918e+00 -8.328486084938049316e-01 -1.589906215667724609e+00 1.526233196258544922e+00 -7.405815720558166504e-01 -1.029262065887451172e+00 -4.393779039382934570e-01 -8.844140917062759399e-02 8.589984774589538574e-01 1.898388862609863281e+00 1.192244768142700195e+00 1.496186733245849609e+00 -3.592352867126464844e-01 -7.041850686073303223e-01 -5.025807619094848633e-01
-1.087902426719665527e+00 1.087054729461669922e+00 1.558467507362365723e+00 -8.256047368049621582e-01 2.200780153274536133e+00 -1.405158042907714844e+00 -7.536047697067260742e-01 -1.562596678733825684e+00 1.624114274978637695e+00 -7.545003890991210938e-01 -1.072899460792541504e+00 -4.231907427310943604e-01 1.278645992279052734e-01 7.153337001800537109e-01 1.974372029304504395e+00 1.061364173889160156e+00 1.271005749702453613e+00 -4.426762461662292480e-01 -5.802929997444152832e-01 -4.184329211711883545e-01
-9.630182981491088867e-01 1.005248069763183594e+00 1.677867293357849121e+00 -6.407578587532043457e-01 2.302113056182861328e+00 -1.500580072402954102e+00 -7.089937329292297363e-01 -1.528778314590454102e+00 1.713986277580261230e+00 -7.341833114624023438e-01 -1.124827027320861816e+00 -4.839347004890441895e-01 2.524725496768951416e-01 5.384982228279113770e-01 2.047657966613769531e+00 9.741117954254150391e-01 1.128382802009582520e+00 -4.701099991798400879e-01 -5.690925717353820801e-01 -3.246502280235290527e-01
-8.801507353782653809e-01 9.570153951644897461e-01 1.779317140579223633e+00 -5.363669395446777344e-01 2.362384557723999023e+00 -1.560436725616455078e+00 -6.517313718795776367e-01 -1.525018572807312012e+00 1.800199389457702637e+00 -7.128340601921081543e-01 -1.178272962570190430e+00 -5.832522511482238770e-01 2.996001839637756348e-01 3.696029186248779297e-01 2.107504844665527344e+00 9.370175600051879883e-01 1.083771109580993652e+00 -4.722068905830383301e-01 -6.160855889320373535e-01 -2.710467576980590820e-01
-8.169996142387390137e-01 9.229671955108642578e-01 1.851813554763793945e+00 -4.765250980854034424e-01 2.368595600128173828e+00 -1.582766413688659668e+00 -6.077376604080200195e-01 -1.511449098587036133e+00 1.841718912124633789e+00 -6.733770370483398438e-01 -1.212854862213134766e+00 -6.692200899124145508e-01 2.999357879161834717e-01 2.281672358512878418e-01 2.141647815704345703e+00 9.109631180763244629e-01 1.062082409858703613e+00 -4.580503106117248535e-01 -6.787487268447875977e-01 -2.451299726963043213e-01
-7.779519557952880859e-01 9.296862483024597168e-01 1.895710706710815430e+00 -4.657562971115112305e-01 2.371815204620361328e+00 -1.607049107551574707e+00 -5.839589238166809082e-01 -1.521394610404968262e+00 1.882817506790161133e+00 -6.457462906837463379e-01 -1.237529516220092773e+00 -7.371660470962524414e-01 2.908355891704559326e-01 1.291507780551910400e-01 2.169718503952026367e+00 9.103606343269348145e-01 1.071316480636596680e+00 -4.593299031257629395e-01 -7.337603569030761719e-01 -2.458964884281158447e-01
-7.547401785850524902e-01 9.430053830146789551e-01 1.921315312385559082e+00 -4.712606668472290039e-01 2.354411602020263672e+00 -1.626129746437072754e+00 -5.681391358375549316e-01 -1.541405797004699707e+00 1.907105684280395508e+00 -6.134153008460998535e-01 -1.262408018112182617e+00 -8.041926026344299316e-01 2.736684679985046387e-01 5.784806981682777405e-02 2.179009914398193359e+00 8.997761011123657227e-01 1.095721244812011719e+00 -4.547159671783447266e-01 -7.873163819313049316e-01 -2.408513724803924561e-01
-7.384868264198303223e-01 9.546927213668823242e-01 1.929267644882202148e+00 -4.767428040504455566e-01 2.323941946029663086e+00 -1.632637262344360352e+00 -5.589462518692016602e-01 -1.553991198539733887e+00 1.910280227661132812e+00 -5.842555165290832520e-01 -1.278101682662963867e+00 -8.476936817169189453e-01 2.511111199855804443e-01 1.358296349644660950e-02 2.165035963058471680e+00 8.814870119094848633e-01 1.110756516456604004e+00 -4.447864890098571777e-01 -8.245579004287719727e-01 -2.365227341651916504e-01
-7.315438985824584961e-01 9.709925055503845215e-01 1.922295331954956055e+00 -4.805875420570373535e-01 2.289402961730957031e+00 -1.629264116287231445e+00 -5.648086667060852051e-01 -1.558797359466552734e+00 1.896183371543884277e+00 -5.630393624305725098e-01 -1.283910155296325684e+00 -8.610759377479553223e-01 2.237501144409179688e-01 1.726649701595306396e-03 2.130548477172851562e+00 8.573571443557739258e-01 1.114711165428161621e+00 -4.318886995315551758e-01 -8.423191905021667480e-01 -2.347303330898284912e-01
-7.384892702102661133e-01 9.999650716781616211e-01 1.899512171745300293e+00 -4.824262261390686035e-01 2.257276773452758789e+00 -1.615853428840637207e+00 -5.989406108856201172e-01 -1.552486181259155273e+00 1.864592313766479492e+00 -5.552258491516113281e-01 -1.275203108787536621e+00 -8.331405520439147949e-01 1.893734931945800781e-01 3.246897831559181213e-02 2.074726104736328125e+00 8.286961317062377930e-01 1.104570746421813965e+00 -4.182621836662292480e-01 -8.352100849151611328e-01 -2.372462749481201172e-01
