-1.189240694046020508e+00 1.347987771034240723e+00 1.690848469734191895e+00 -1.083749413490295410e+00 1.162979722023010254e+00 -1.185386657714843750e+00 -1.276803255081176758e+00 -1.029159069061279297e+00 1.401681542396545410e+00 -6.247491836547851562e-01 -4.508693218231201172e-01 -5.273615121841430664e-01 -4.692638516426086426e-01 5.877203941345214844e-01 1.697479128837585449e+00 1.351930260658264160e+00 1.429415583610534668e+00 -2.316865175962448120e-01 -1.172115445137023926e+00 -1.768518388271331787e-01
-1.271976947784423828e+00 1.421026587486267090e+00 1.638247728347778320e+00 -1.081949830055236816e+00 1.204004287719726562e+00 -1.230566859245300293e+00 -1.353800892829895020e+00 -1.112978935241699219e+00 1.416170716285705566e+00 -6.700381636619567871e-01 -4.184567332267761230e-01 -5.168627500534057617e-01 -4.182955324649810791e-01 6.779224872589111328e-01 1.716265082359313965e+00 1.369814038276672363e+00 1.462065339088439941e+00 -2.878955006599426270e-01 -1.134802818298339844e+00 -1.322872340679168701e-01
-1.353286743164062500e+00 1.454075217247009277e+00 1.597455382347106934e+00 -1.067159295082092285e+00 1.236999154090881348e+00 -1.261112570762634277e+00 -1.359912157058715820e+00 -1.207674026489257812e+00 1.406601905822753906e+00 -7.100709080696105957e-01 -4.367954730987548828e-01 -5.196644067764282227e-01 -3.900204002857208252e-01 7.483503818511962891e-01 1.730148434638977051e+00 1.382962703704833984e+00 1.490017056465148926e+00 -3.362972140312194824e-01 -1.113470196723937988e+00 -1.197984069585800171e-01
-1.435559272766113281e+00 1.450674414634704590e+00 1.561537265777587891e+00 -1.050548434257507324e+00 1.255245685577392578e+00 -1.275037765502929688e+00 -1.308958172798156738e+00 -1.303969860076904297e+00 1.371032118797302246e+00 -7.484622597694396973e-01 -4.965819120407104492e-01 -5.169211626052856445e-01 -3.857688009738922119e-01 8.093382120132446289e-01 1.728900432586669922e+00 1.389201641082763672e+00 1.501516222953796387e+00 -3.736560046672821045e-01 -1.102472066879272461e+00 -1.341441571712493896e-01
-1.515495181083679199e+00 1.436712503433227539e+00 1.555444478988647461e+00 -1.051464438438415527e+00 1.283967494964599609e+00 -1.296112775802612305e+00 -1.208451867103576660e+00 -1.420542240142822266e+00 1.342998266220092773e+00 -7.877736091613769531e-01 -6.005868315696716309e-01 -5.130008459091186523e-01 -4.129074215888977051e-01 8.499515056610107422e-01 1.740310430526733398e+00 1.392208814620971680e+00 1.507890939712524414e+00 -4.003704488277435303e-01 -1.109391927719116211e+00 -1.861624419689178467e-01
-1.588314652442932129e+00 1.382996916770935059e+00 1.543744683265686035e+00 -1.051375746726989746e+00 1.283610582351684570e+00 -1.282671809196472168e+00 -1.054194450378417969e+00 -1.530668497085571289e+00 1.277835130691528320e+00 -8.106949329376220703e-01 -7.291470766067504883e-01 -5.199396014213562012e-01 -4.656973481178283691e-01 8.627579212188720703e-01 1.737313270568847656e+00 1.381194949150085449e+00 1.501155853271484375e+00 -4.104745090007781982e-01 -1.131361126899719238e+00 -2.545836269855499268e-01
-1.633976817131042480e+00 1.288152575492858887e+00 1.534358978271484375e+00 -1.045124292373657227e+00 1.266009569168090820e+00 -1.238871455192565918e+00 -8.568921685218811035e-01 -1.616751909255981445e+00 1.195984005928039551e+00 -8.138771653175354004e-01 -8.707029223442077637e-01 -5.427550673484802246e-01 -5.324214100837707520e-01 8.419513702392578125e-01 1.719538211822509766e+00 1.360225081443786621e+00 1.490813016891479492e+00 -3.990584909915924072e-01 -1.164955139160156250e+00 -3.353906869888305664e-01
-1.661748170852661133e+00 1.176549673080444336e+00 1.558043599128723145e+00 -1.040058374404907227e+00 1.284354686737060547e+00 -1.180203914642333984e+00 -6.705546975135803223e-01 -1.689330816268920898e+00 1.175253748893737793e+00 -8.028920292854309082e-01 -1.021034002304077148e+00 -6.153082251548767090e-01 -5.928499698638916016e-01 7.921407222747802734e-01 1.715849161148071289e+00 1.348338484764099121e+00 1.523542642593383789e+00 -3.510045111179351807e-01 -1.218893408775329590e+00 -4.129152297973632812e-01
-1.670025467872619629e+00 1.054752349853515625e+00 1.606991648674011230e+00 -1.015418291091918945e+00 1.300122261047363281e+00 -1.129876732826232910e+00 -5.750680565834045410e-01 -1.727137327194213867e+00 1.184421181678771973e+00 -7.574891448020935059e-01 -1.128735780715942383e+00 -7.124156951904296875e-01 -6.504691243171691895e-01 7.155753374099731445e-01 1.729140877723693848e+00 1.350961089134216309e+00 1.564952850341796875e+00 -2.753435373306274414e-01 -1.291466116905212402e+00 -4.379235506057739258e-01
-1.644192814826965332e+00 9.380599260330200195e-01 1.644076466560363770e+00 -9.683005809783935547e-01 1.274067044258117676e+00 -1.091176748275756836e+00 -5.173448324203491211e-01 -1.729702949523925781e+00 1.188768506050109863e+00 -6.822277903556823730e-01 -1.187932252883911133e+00 -8.229870796203613281e-01 -6.895008683204650879e-01 6.207715272903442383e-01 1.721606969833374023e+00 1.335576176643371582e+00 1.596850872039794922e+00 -2.084420919418334961e-01 -1.359282374382019043e+00 -4.145019352436065674e-01
-1.598314762115478516e+00 8.258374929428100586e-01 1.682788729667663574e+00 -9.003674983978271484e-01 1.216870546340942383e+00 -1.073651432991027832e+00 -4.870594441890716553e-01 -1.710740566253662109e+00 1.186537504196166992e+00 -5.809682011604309082e-01 -1.220092773437500000e+00 -9.510520696640014648e-01 -7.008793950080871582e-01 5.161241292953491211e-01 1.704088330268859863e+00 1.294401764869689941e+00 1.615591287612915039e+00 -1.567752212285995483e-01 -1.425735116004943848e+00 -3.427478373050689697e-01
-1.532050013542175293e+00 7.414939403533935547e-01 1.712242722511291504e+00 -8.205492496490478516e-01 1.144143700599670410e+00 -1.080859661102294922e+00 -4.848854243755340576e-01 -1.686951398849487305e+00 1.174907684326171875e+00 -4.507091045379638672e-01 -1.213093400001525879e+00 -1.086884379386901855e+00 -6.776803731918334961e-01 4.005370140075683594e-01 1.693010568618774414e+00 1.226510286331176758e+00 1.609730362892150879e+00 -1.433154940605163574e-01 -1.475528001785278320e+00 -2.438713908195495605e-01
-1.459036469459533691e+00 7.392474412918090820e-01 1.768432021141052246e+00 -7.599982619285583496e-01 1.101168155670166016e+00 -1.137840986251831055e+00 -5.416281819343566895e-01 -1.664278745651245117e+00 1.170578718185424805e+00 -3.276228904724121094e-01 -1.178648710250854492e+00 -1.196100711822509766e+00 -6.299257874488830566e-01 2.749312222003936768e-01 1.720680475234985352e+00 1.136456012725830078e+00 1.564102888107299805e+00 -1.843307465314865112e-01 -1.515469312667846680e+00 -1.339417248964309692e-01
-1.374234676361083984e+00 8.143936395645141602e-01 1.873822689056396484e+00 -7.397620081901550293e-01 1.138340950012207031e+00 -1.226720571517944336e+00 -6.556642651557922363e-01 -1.638303518295288086e+00 1.223152995109558105e+00 -2.444311082363128662e-01 -1.152674913406372070e+00 -1.285101532936096191e+00 -5.933515429496765137e-01 1.394430994987487793e-01 1.779967784881591797e+00 1.039072751998901367e+00 1.519197344779968262e+00 -2.304451465606689453e-01 -1.570681333541870117e+00 -2.910530194640159607e-02
-1.301400899887084961e+00 9.275830984115600586e-01 1.969944357872009277e+00 -7.307747602462768555e-01 1.237362146377563477e+00 -1.326340675354003906e+00 -8.546072840690612793e-01 -1.611758232116699219e+00 1.304829001426696777e+00 -1.935764700174331665e-01 -1.096101284027099609e+00 -1.336748719215393066e+00 -5.373395681381225586e-01 4.763390123844146729e-02 1.862022876739501953e+00 9.856680035591125488e-01 1.493085026741027832e+00 -2.611513435840606689e-01 -1.606029033660888672e+00 8.822542428970336914e-02
-1.205010414123535156e+00 1.036104559898376465e+00 2.016528367996215820e+00 -7.268863320350646973e-01 1.335789561271667480e+00 -1.410175442695617676e+00 -1.011763811111450195e+00 -1.581633090972900391e+00 1.360610127449035645e+00 -1.501626670360565186e-01 -1.035701513290405273e+00 -1.334595918655395508e+00 -4.615677595138549805e-01 -2.026230841875076294e-02 1.911367177963256836e+00 9.145793914794921875e-01 1.436890244483947754e+00 -3.039226830005645752e-01 -1.590682744979858398e+00 1.615683883428573608e-01
-1.093647718429565430e+00 1.140782952308654785e+00 2.026016473770141602e+00 -7.374096512794494629e-01 1.446875095367431641e+00 -1.494284152984619141e+00 -1.115013003349304199e+00 -1.576156139373779297e+00 1.405585646629333496e+00 -1.085824370384216309e-01 -9.879003763198852539e-01 -1.294470071792602539e+00 -3.652101457118988037e-01 -6.839756667613983154e-02 1.942780494689941406e+00 8.332885503768920898e-01 1.368589520454406738e+00 -3.667778968811035156e-01 -1.538042306900024414e+00 1.831532716751098633e-01
-9.858059883117675781e-01 1.231098532676696777e+00 1.996436238288879395e+00 -7.637605071067810059e-01 1.550080180168151855e+00 -1.555677294731140137e+00 -1.169379711151123047e+00 -1.582562685012817383e+00 1.432137489318847656e+00 -7.552106678485870361e-02 -9.472364783287048340e-01 -1.229268789291381836e+00 -2.714178562164306641e-01 -9.565886855125427246e-02 1.948368787765502930e+00 7.522772550582885742e-01 1.301876425743103027e+00 -4.360213875770568848e-01 -1.460068225860595703e+00 1.691636741161346436e-01
-8.508912920951843262e-01 1.298553347587585449e+00 1.917444348335266113e+00 -7.865579724311828613e-01 1.645350217819213867e+00 -1.578671216964721680e+00 -1.179786801338195801e+00 -1.559756040573120117e+00 1.427582502365112305e+00 -5.018214508891105652e-02 -9.025480747222900391e-01 -1.117720484733581543e+00 -1.645873785018920898e-01 -1.046224534511566162e-01 1.915830492973327637e+00 6.581560373306274414e-01 1.207407474517822266e+00 -4.997069835662841797e-01 -1.331864237785339355e+00 1.191313266754150391e-01
-7.009170651435852051e-01 1.348073124885559082e+00 1.800026297569274902e+00 -8.082443475723266602e-01 1.746078133583068848e+00 -1.535360932350158691e+00 -1.149904251098632812e+00 -1.501489877700805664e+00 1.434797048568725586e+00 -5.368809029459953308e-02 -8.579779267311096191e-01 -9.660909771919250488e-01 -6.935375928878784180e-02 -9.335412085056304932e-02 1.838310360908508301e+00 5.907322168350219727e-01 1.110338926315307617e+00 -5.460827946662902832e-01 -1.175323843955993652e+00 9.953975677490234375e-04
-4.837873876094818115e-01 1.475884914398193359e+00 1.647155284881591797e+00 -9.410473108291625977e-01 1.925586462020874023e+00 -1.467111945152282715e+00 -1.054827809333801270e+00 -1.421514272689819336e+00 1.602658390998840332e+00 -1.637321561574935913e-01 -8.235323429107666016e-01 -7.145364880561828613e-01 -2.569406107068061829e-02 -2.636204659938812256e-02 1.689502120018005371e+00 5.790143013000488281e-01 1.089985370635986328e+00 -5.367344021797180176e-01 -9.662141799926757812e-01 -3.448344171047210693e-01
-3.849438130855560303e-01 1.618250727653503418e+00 1.520132064819335938e+00 -1.083139061927795410e+00 2.073750734329223633e+00 -1.337340593338012695e+00 -1.005131125450134277e+00 -1.323732137680053711e+00 1.766519427299499512e+00 -3.699937164783477783e-01 -7.609651088714599609e-01 -4.729053378105163574e-01 -6.550522148609161377e-02 8.891457319259643555e-02 1.536151885986328125e+00 6.962935328483581543e-01 1.149461269378662109e+00 -4.363636970520019531e-01 -8.281831145286560059e-01 -6.868533492088317871e-01
-4.267243444919586182e-01 1.674951195716857910e+00 1.378217101097106934e+00 -1.206661701202392578e+00 2.115056514739990234e+00 -1.189484715461730957e+00 -9.626441597938537598e-01 -1.250286817550659180e+00 1.874405741691589355e+00 -5.591830015182495117e-01 -7.334449887275695801e-01 -3.368593752384185791e-01 -1.578983813524246216e-01 2.369612157344818115e-01 1.445179581642150879e+00 8.590788245201110840e-01 1.289092421531677246e+00 -3.369538784027099609e-01 -7.619764208793640137e-01 -8.703198432922363281e-01
-5.549196600914001465e-01 1.650663852691650391e+00 1.355209708213806152e+00 -1.259961247444152832e+00 2.132242202758789062e+00 -1.092280745506286621e+00 -9.839988350868225098e-01 -1.218858957290649414e+00 1.975853919982910156e+00 -7.102494239807128906e-01 -7.334632873535156250e-01 -3.255966603755950928e-01 -2.186465114355087280e-01 3.285691738128662109e-01 1.458363294601440430e+00 1.015319347381591797e+00 1.424600720405578613e+00 -2.445929646492004395e-01 -7.760282158851623535e-01 -8.895725607872009277e-01
-6.681346893310546875e-01 1.616651535034179688e+00 1.328917741775512695e+00 -1.244269847869873047e+00 2.124336719512939453e+00 -1.018920302391052246e+00 -1.011210203170776367e+00 -1.186048746109008789e+00 2.040004014968872070e+00 -8.295900225639343262e-01 -7.150714397430419922e-01 -3.370658755302429199e-01 -2.547800242900848389e-01 3.777310252189636230e-01 1.470944881439208984e+00 1.127562880516052246e+00 1.507849335670471191e+00 -1.859581321477890015e-01 -7.799149155616760254e-01 -8.513805270195007324e-01
-7.722991704940795898e-01 1.593252301216125488e+00 1.305268287658691406e+00 -1.178515076637268066e+00 2.108662843704223633e+00 -9.755932688713073730e-01 -1.062069773674011230e+00 -1.159512758255004883e+00 2.090192079544067383e+00 -9.232633709907531738e-01 -6.855160593986511230e-01 -3.729426562786102295e-01 -2.754964232444763184e-01 3.970271646976470947e-01 1.495422124862670898e+00 1.210841417312622070e+00 1.564921975135803223e+00 -1.592675000429153442e-01 -7.858715653419494629e-01 -7.653844952583312988e-01
-8.690335750579833984e-01 1.559602141380310059e+00 1.267475605010986328e+00 -1.063296794891357422e+00 2.069944143295288086e+00 -9.381895661354064941e-01 -1.110722184181213379e+00 -1.125585794448852539e+00 2.102120637893676758e+00 -1.001389026641845703e+00 -6.446135640144348145e-01 -4.100531935691833496e-01 -2.788332104682922363e-01 3.943530023097991943e-01 1.509280562400817871e+00 1.252866983413696289e+00 1.570094704627990723e+00 -1.594657450914382935e-01 -7.754092812538146973e-01 -6.389936804771423340e-01
-9.544303417205810547e-01 1.518488883972167969e+00 1.218275070190429688e+00 -9.111740589141845703e-01 1.995006799697875977e+00 -9.167975187301635742e-01 -1.170711278915405273e+00 -1.097153425216674805e+00 2.066704511642456055e+00 -1.044872164726257324e+00 -5.941015481948852539e-01 -4.573954045772552490e-01 -2.758668661117553711e-01 3.747261762619018555e-01 1.523062944412231445e+00 1.243168115615844727e+00 1.533250689506530762e+00 -1.880582422018051147e-01 -7.590208053588867188e-01 -4.572848975658416748e-01
-1.015578746795654297e+00 1.498969435691833496e+00 1.231426954269409180e+00 -7.823756933212280273e-01 1.910992264747619629e+00 -9.369882345199584961e-01 -1.227286934852600098e+00 -1.112072229385375977e+00 2.004724502563476562e+00 -1.035101056098937988e+00 -5.607545375823974609e-01 -5.615639686584472656e-01 -2.706938683986663818e-01 3.222693800926208496e-01 1.588971376419067383e+00 1.183361291885375977e+00 1.495225906372070312e+00 -2.377686351537704468e-01 -7.812163829803466797e-01 -2.314147949218750000e-01
-1.039151191711425781e+00 1.421723723411560059e+00 1.274479150772094727e+00 -6.657956242561340332e-01 1.767243385314941406e+00 -9.706543684005737305e-01 -1.273783087730407715e+00 -1.129184484481811523e+00 1.840507745742797852e+00 -9.143819212913513184e-01 -5.248463153839111328e-01 -6.697892546653747559e-01 -2.487867623567581177e-01 2.274212837219238281e-01 1.673261046409606934e+00 1.068465471267700195e+00 1.378437399864196777e+00 -3.269463479518890381e-01 -8.242176175117492676e-01 2.023255638778209686e-02
-1.075171113014221191e+00 1.338778257369995117e+00 1.371391534805297852e+00 -5.868436098098754883e-01 1.563929319381713867e+00 -1.047896504402160645e+00 -1.308800101280212402e+00 -1.171069860458374023e+00 1.598822355270385742e+00 -7.123927474021911621e-01 -5.066272020339965820e-01 -7.640767097473144531e-01 -2.726701796054840088e-01 1.204570084810256958e-01 1.766214728355407715e+00 9.580281376838684082e-01 1.244625806808471680e+00 -4.269819557666778564e-01 -9.380933046340942383e-01 1.894624084234237671e-01
-1.031466841697692871e+00 1.372176170349121094e+00 1.570781946182250977e+00 -6.904043555259704590e-01 1.530589461326599121e+00 -1.237934350967407227e+00 -1.318733930587768555e+00 -1.294008493423461914e+00 1.559363126754760742e+00 -5.372235178947448730e-01 -5.724172592163085938e-01 -8.475562334060668945e-01 -3.182567656040191650e-01 6.465868651866912842e-02 1.803564310073852539e+00 8.996989727020263672e-01 1.244987249374389648e+00 -4.661374688148498535e-01 -1.119677424430847168e+00 1.728475689888000488e-01
-9.390476346015930176e-01 1.400469899177551270e+00 1.705372095108032227e+00 -8.859377503395080566e-01 1.510694384574890137e+00 -1.384276509284973145e+00 -1.266098499298095703e+00 -1.413712024688720703e+00 1.509787559509277344e+00 -3.632798194885253906e-01 -6.238653063774108887e-01 -8.742448687553405762e-01 -3.234273493289947510e-01 5.579157918691635132e-02 1.806492209434509277e+00 8.361388444900512695e-01 1.252043604850769043e+00 -5.029344558715820312e-01 -1.235347747802734375e+00 9.028976410627365112e-02
-7.996345758438110352e-01 1.396733999252319336e+00 1.748862385749816895e+00 -1.136819362640380859e+00 1.503855586051940918e+00 -1.449909210205078125e+00 -1.165445566177368164e+00 -1.504468679428100586e+00 1.449735283851623535e+00 -2.004873156547546387e-01 -6.411378383636474609e-01 -8.550832867622375488e-01 -3.071574568748474121e-01 7.749056816101074219e-02 1.783453702926635742e+00 7.890906333923339844e-01 1.277331352233886719e+00 -5.282056331634521484e-01 -1.281538009643554688e+00 -4.078431800007820129e-02
-7.161626219749450684e-01 1.348474264144897461e+00 1.739603877067565918e+00 -1.320647239685058594e+00 1.559994220733642578e+00 -1.446234226226806641e+00 -1.057338595390319824e+00 -1.575715541839599609e+00 1.460195064544677734e+00 -1.401812732219696045e-01 -6.525276899337768555e-01 -8.380658626556396484e-01 -2.455350011587142944e-01 1.361753642559051514e-01 1.812075495719909668e+00 8.211341500282287598e-01 1.353896617889404297e+00 -5.372005105018615723e-01 -1.256894826889038086e+00 -1.614835113286972046e-01
-6.274916529655456543e-01 1.325337171554565430e+00 1.660281300544738770e+00 -1.482583522796630859e+00 1.664874911308288574e+00 -1.358377695083618164e+00 -9.308475255966186523e-01 -1.617529869079589844e+00 1.519559025764465332e+00 -1.554881930351257324e-01 -6.911744475364685059e-01 -8.050031065940856934e-01 -1.883459091186523438e-01 1.600218415260314941e-01 1.824254989624023438e+00 8.774430155754089355e-01 1.452252030372619629e+00 -4.927873611450195312e-01 -1.197300076484680176e+00 -3.580540418624877930e-01
-5.663214921951293945e-01 1.332294225692749023e+00 1.580360651016235352e+00 -1.599917054176330566e+00 1.781045794486999512e+00 -1.257310390472412109e+00 -8.114477992057800293e-01 -1.588504076004028320e+00 1.636124372482299805e+00 -2.430934906005859375e-01 -7.262151837348937988e-01 -7.372419834136962891e-01 -1.725907921791076660e-01 1.728621870279312134e-01 1.819436311721801758e+00 9.821988344192504883e-01 1.538735270500183105e+00 -4.124702513217926025e-01 -1.123786926269531250e+00 -5.660297870635986328e-01
-5.005970001220703125e-01 1.320451259613037109e+00 1.540168642997741699e+00 -1.641030073165893555e+00 1.855804085731506348e+00 -1.185105919837951660e+00 -6.965594887733459473e-01 -1.523127079010009766e+00 1.754146456718444824e+00 -3.056681156158447266e-01 -7.479385733604431152e-01 -7.304468750953674316e-01 -1.691080629825592041e-01 1.461418867111206055e-01 1.815464496612548828e+00 1.072732806205749512e+00 1.626365542411804199e+00 -3.291845321655273438e-01 -1.070239186286926270e+00 -7.197149395942687988e-01
-4.491642713546752930e-01 1.281797051429748535e+00 1.528784036636352539e+00 -1.599656820297241211e+00 1.890917181968688965e+00 -1.131682515144348145e+00 -6.219525933265686035e-01 -1.438482761383056641e+00 1.826014995574951172e+00 -3.399219214916229248e-01 -7.436623573303222656e-01 -7.589292526245117188e-01 -1.715552359819412231e-01 8.756417036056518555e-02 1.805831789970397949e+00 1.138260483741760254e+00 1.671375513076782227e+00 -2.513140738010406494e-01 -1.041465520858764648e+00 -7.891410589218139648e-01
-4.093075990676879883e-01 1.236384630203247070e+00 1.516485333442687988e+00 -1.496116638183593750e+00 1.901198029518127441e+00 -1.087558031082153320e+00 -5.770614743232727051e-01 -1.362940073013305664e+00 1.839485764503479004e+00 -3.383047282695770264e-01 -7.469269633293151855e-01 -8.128222227096557617e-01 -1.908961385488510132e-01 1.028200611472129822e-02 1.794182300567626953e+00 1.160353899002075195e+00 1.689635634422302246e+00 -1.926744431257247925e-01 -1.034231066703796387e+00 -8.051096796989440918e-01
-3.492210805416107178e-01 1.170013546943664551e+00 1.511516571044921875e+00 -1.347231864929199219e+00 1.880953788757324219e+00 -1.050938487052917480e+00 -5.362079739570617676e-01 -1.279396533966064453e+00 1.818068623542785645e+00 -3.025975823402404785e-01 -7.399582862854003906e-01 -8.925187587738037109e-01 -1.983135789632797241e-01 -1.135797649621963501e-01 1.774446249008178711e+00 1.138300776481628418e+00 1.666771888732910156e+00 -1.462773680686950684e-01 -1.034815073013305664e+00 -7.718519568443298340e-01
-3.224648833274841309e-01 1.098048090934753418e+00 1.573320865631103516e+00 -1.200368046760559082e+00 1.861820936203002930e+00 -1.054380297660827637e+00 -5.350048542022705078e-01 -1.233973503112792969e+00 1.806110143661499023e+00 -2.447930574417114258e-01 -7.566760778427124023e-01 -1.007284164428710938e+00 -1.954246312379837036e-01 -2.415197491645812988e-01 1.791137099266052246e+00 1.089206457138061523e+00 1.630560517311096191e+00 -1.122475713491439819e-01 -1.068736791610717773e+00 -6.677047014236450195e-01
-3.670586943626403809e-01 1.068890213966369629e+00 1.699421644210815430e+00 -1.088555812835693359e+00 1.872780084609985352e+00 -1.098458647727966309e+00 -6.073382496833801270e-01 -1.251748561859130859e+00 1.841994524002075195e+00 -2.060912251472473145e-01 -7.939504384994506836e-01 -1.152657270431518555e+00 -2.059492617845535278e-01 -3.596700429916381836e-01 1.871010065078735352e+00 1.074005126953125000e+00 1.633684635162353516e+00 -1.065287366509437561e-01 -1.161651372909545898e+00 -5.209491848945617676e-01
-4.144965112209320068e-01 1.069891452789306641e+00 1.841737985610961914e+00 -9.959946870803833008e-01 1.903402924537658691e+00 -1.160100102424621582e+00 -6.801159381866455078e-01 -1.283349514007568359e+00 1.888705372810363770e+00 -1.897599101066589355e-01 -8.609057664871215820e-01 -1.283741474151611328e+00 -2.180995792150497437e-01 -4.868462383747100830e-01 1.974341511726379395e+00 1.053829073905944824e+00 1.622105240821838379e+00 -1.129308938980102539e-01 -1.265809178352355957e+00 -3.799427151679992676e-01
-4.560922384262084961e-01 1.080642700195312500e+00 1.986152887344360352e+00 -9.456041455268859863e-01 1.956364512443542480e+00 -1.226539373397827148e+00 -7.527391910552978516e-01 -1.321305513381958008e+00 1.932119250297546387e+00 -1.868515312671661377e-01 -9.320678710937500000e-01 -1.382673263549804688e+00 -2.348826080560684204e-01 -5.785053968429565430e-01 2.066890954971313477e+00 1.038943409919738770e+00 1.615039825439453125e+00 -1.152488440275192261e-01 -1.370462179183959961e+00 -2.591871917247772217e-01
-4.684282541275024414e-01 1.124492287635803223e+00 2.102037906646728516e+00 -9.512484669685363770e-01 2.015496492385864258e+00 -1.301239848136901855e+00 -8.368118405342102051e-01 -1.373231887817382812e+00 1.980809450149536133e+00 -1.678558886051177979e-01 -9.809795022010803223e-01 -1.451818704605102539e+00 -2.550093829631805420e-01 -6.364156007766723633e-01 2.145107507705688477e+00 1.018199443817138672e+00 1.629115104675292969e+00 -1.342242360115051270e-01 -1.462612628936767578e+00 -1.839134395122528076e-01
-4.412689208984375000e-01 1.192338347434997559e+00 2.163487434387207031e+00 -1.011789083480834961e+00 2.075953960418701172e+00 -1.360840678215026855e+00 -9.137804508209228516e-01 -1.421124935150146484e+00 2.027870178222656250e+00 -1.392720043659210205e-01 -1.007380247116088867e+00 -1.478059053421020508e+00 -2.788912951946258545e-01 -6.561901569366455078e-01 2.192349910736083984e+00 9.872233867645263672e-01 1.660528302192687988e+00 -1.640601754188537598e-01 -1.524521350860595703e+00 -1.686375439167022705e-01
-3.767032027244567871e-01 1.257194876670837402e+00 2.157347202301025391e+00 -1.095323085784912109e+00 2.100335597991943359e+00 -1.380370140075683594e+00 -9.655259847640991211e-01 -1.430723190307617188e+00 2.050414800643920898e+00 -1.191082745790481567e-01 -9.973397254943847656e-01 -1.435521841049194336e+00 -2.988297343254089355e-01 -6.486040353775024414e-01 2.181914806365966797e+00 9.336729049682617188e-01 1.656959056854248047e+00 -1.890259385108947754e-01 -1.531051516532897949e+00 -1.949987858533859253e-01
-3.006337285041809082e-01 1.314164996147155762e+00 2.077089071273803711e+00 -1.178013801574707031e+00 2.104034662246704102e+00 -1.350333929061889648e+00 -1.003114461898803711e+00 -1.411571979522705078e+00 2.057943344116210938e+00 -1.233239173889160156e-01 -9.527322649955749512e-01 -1.336478590965270996e+00 -3.255797624588012695e-01 -6.035959720611572266e-01 2.109055757522583008e+00 8.841817378997802734e-01 1.645315885543823242e+00 -2.001149654388427734e-01 -1.490762352943420410e+00 -2.686081826686859131e-01
-2.177708148956298828e-01 1.356967926025390625e+00 1.916840672492980957e+00 -1.250230908393859863e+00 2.081472635269165039e+00 -1.274769783020019531e+00 -1.012553334236145020e+00 -1.362868547439575195e+00 2.031476736068725586e+00 -1.480220854282379150e-01 -8.712301254272460938e-01 -1.177372336387634277e+00 -3.566170036792755127e-01 -5.082535743713378906e-01 1.962465167045593262e+00 8.431570529937744141e-01 1.623430252075195312e+00 -1.986399292945861816e-01 -1.397395849227905273e+00 -3.981934487819671631e-01
-1.697304397821426392e-01 1.376592874526977539e+00 1.685367107391357422e+00 -1.315604805946350098e+00 2.025106906890869141e+00 -1.153352260589599609e+00 -9.823923110961914062e-01 -1.307171344757080078e+00 1.969271063804626465e+00 -1.939369440078735352e-01 -7.865648269653320312e-01 -9.907920956611633301e-01 -3.761366605758666992e-01 -3.705587089061737061e-01 1.782303810119628906e+00 8.154386281967163086e-01 1.587657928466796875e+00 -1.888645738363265991e-01 -1.251742124557495117e+00 -5.428065657615661621e-01
-2.472234964370727539e-01 1.445859551429748535e+00 1.515565633773803711e+00 -1.431116700172424316e+00 1.989649653434753418e+00 -1.027688384056091309e+00 -9.893047809600830078e-01 -1.257000923156738281e+00 1.935006856918334961e+00 -3.522078394889831543e-01 -7.460560202598571777e-01 -7.608591318130493164e-01 -4.093400835990905762e-01 -1.353081017732620239e-01 1.636943936347961426e+00 8.471286296844482422e-01 1.567913532257080078e+00 -1.503538936376571655e-01 -1.118650555610656738e+00 -6.621167063713073730e-01
-4.250980317592620850e-01 1.515763640403747559e+00 1.429111123085021973e+00 -1.540189862251281738e+00 1.959043979644775391e+00 -9.167176485061645508e-01 -1.032110452651977539e+00 -1.256568908691406250e+00 1.876697182655334473e+00 -5.164027810096740723e-01 -7.615072131156921387e-01 -5.844227671623229980e-01 -4.988055825233459473e-01 1.170294135808944702e-01 1.560808897018432617e+00 9.010668396949768066e-01 1.598183393478393555e+00 -1.048188805580139160e-01 -1.064115524291992188e+00 -7.449696063995361328e-01
-6.341391801834106445e-01 1.537382364273071289e+00 1.327573180198669434e+00 -1.618043303489685059e+00 1.879254579544067383e+00 -7.961579561233520508e-01 -1.018479108810424805e+00 -1.288022279739379883e+00 1.785115242004394531e+00 -6.585045456886291504e-01 -7.853130102157592773e-01 -4.667889177799224854e-01 -5.987511277198791504e-01 3.219595849514007568e-01 1.477578878402709961e+00 9.432348012924194336e-01 1.631753325462341309e+00 -6.884372234344482422e-02 -1.028210878372192383e+00 -7.824557423591613770e-01
-8.432220816612243652e-01 1.568737387657165527e+00 1.305768609046936035e+00 -1.648671984672546387e+00 1.841653585433959961e+00 -7.598767280578613281e-01 -9.698156118392944336e-01 -1.364259958267211914e+00 1.762589931488037109e+00 -7.954566478729248047e-01 -8.718745708465576172e-01 -4.408685564994812012e-01 -6.862357854843139648e-01 4.650579988956451416e-01 1.465478301048278809e+00 9.684213995933532715e-01 1.696198344230651855e+00 -6.160020083189010620e-02 -1.040508508682250977e+00 -7.865648865699768066e-01
-1.026364088058471680e+00 1.561276555061340332e+00 1.314486265182495117e+00 -1.594713091850280762e+00 1.810848593711853027e+00 -7.563338279724121094e-01 -8.880229592323303223e-01 -1.428129434585571289e+00 1.750960469245910645e+00 -9.253106117248535156e-01 -9.750714302062988281e-01 -4.464613795280456543e-01 -7.347693443298339844e-01 5.351855754852294922e-01 1.490092992782592773e+00 1.004099845886230469e+00 1.717779159545898438e+00 -6.643116474151611328e-02 -1.051589727401733398e+00 -7.758150696754455566e-01
-1.176569581031799316e+00 1.488231539726257324e+00 1.334477663040161133e+00 -1.468776226043701172e+00 1.787671327590942383e+00 -7.659682035446166992e-01 -7.499397993087768555e-01 -1.491964578628540039e+00 1.742141723632812500e+00 -1.019710302352905273e+00 -1.093153715133666992e+00 -5.002332925796508789e-01 -7.387323379516601562e-01 5.462373495101928711e-01 1.543449163436889648e+00 1.028335690498352051e+00 1.717831611633300781e+00 -7.905264198780059814e-02 -1.055299282073974609e+00 -7.333626151084899902e-01
-1.301857709884643555e+00 1.377330183982849121e+00 1.387629151344299316e+00 -1.297966361045837402e+00 1.739524245262145996e+00 -8.219694495201110840e-01 -6.251213550567626953e-01 -1.556040287017822266e+00 1.720791101455688477e+00 -1.056696534156799316e+00 -1.188782930374145508e+00 -5.796521306037902832e-01 -7.199289202690124512e-01 5.309034585952758789e-01 1.608196377754211426e+00 1.050819396972656250e+00 1.691886782646179199e+00 -8.411867916584014893e-02 -1.070279598236083984e+00 -6.446112990379333496e-01
-1.370016694068908691e+00 1.222458004951477051e+00 1.459212303161621094e+00 -1.121103048324584961e+00 1.649908423423767090e+00 -8.884634375572204590e-01 -4.877457022666931152e-01 -1.574234724044799805e+00 1.668046712875366211e+00 -1.040322542190551758e+00 -1.274955630302429199e+00 -6.592285633087158203e-01 -6.906291842460632324e-01 4.896777570247650146e-01 1.646800756454467773e+00 1.044661045074462891e+00 1.623595476150512695e+00 -6.429520249366760254e-02 -1.082503199577331543e+00 -5.336232781410217285e-01
-1.356941580772399902e+00 1.062821984291076660e+00 1.508666515350341797e+00 -9.923088550567626953e-01 1.515039443969726562e+00 -9.465271234512329102e-01 -3.780247569084167480e-01 -1.534959077835083008e+00 1.591509699821472168e+00 -9.499329328536987305e-01 -1.297830939292907715e+00 -7.447857856750488281e-01 -6.521471738815307617e-01 4.287504255771636963e-01 1.658560514450073242e+00 1.016667485237121582e+00 1.553310155868530273e+00 -4.744259640574455261e-02 -1.100364208221435547e+00 -4.101330935955047607e-01
-1.294158220291137695e+00 9.447981119155883789e-01 1.588199973106384277e+00 -9.494817852973937988e-01 1.427113771438598633e+00 -9.873898029327392578e-01 -3.566157817840576172e-01 -1.463543415069580078e+00 1.551202297210693359e+00 -8.394038081169128418e-01 -1.274443149566650391e+00 -8.305882215499877930e-01 -6.089650988578796387e-01 3.664363920688629150e-01 1.697804570198059082e+00 1.007186174392700195e+00 1.530060291290283203e+00 -2.101065590977668762e-02 -1.146539688110351562e+00 -3.030954897403717041e-01
-1.178872466087341309e+00 8.821694850921630859e-01 1.602362394332885742e+00 -9.465232491493225098e-01 1.391218066215515137e+00 -1.007507562637329102e+00 -3.362803161144256592e-01 -1.389439582824707031e+00 1.543831348419189453e+00 -7.491019964218139648e-01 -1.219203948974609375e+00 -8.708375096321105957e-01 -5.394398570060729980e-01 3.083495795726776123e-01 1.706626534461975098e+00 9.717454314231872559e-01 1.503516077995300293e+00 -1.963980868458747864e-02 -1.139553189277648926e+00 -2.473287880420684814e-01
-1.035877227783203125e+00 8.680896759033203125e-01 1.595860600471496582e+00 -9.509442448616027832e-01 1.417431116104125977e+00 -1.023942470550537109e+00 -3.119996190071105957e-01 -1.316722631454467773e+00 1.590501546859741211e+00 -7.048377990722656250e-01 -1.165351629257202148e+00 -8.835858702659606934e-01 -4.554094970226287842e-01 2.345189154148101807e-01 1.706647038459777832e+00 9.262586832046508789e-01 1.471702814102172852e+00 -2.674026787281036377e-02 -1.100319266319274902e+00 -2.272828519344329834e-01
-9.046138525009155273e-01 9.018732309341430664e-01 1.581890821456909180e+00 -9.425199627876281738e-01 1.490297675132751465e+00 -1.040732145309448242e+00 -2.889991700649261475e-01 -1.255550861358642578e+00 1.664915561676025391e+00 -7.128812670707702637e-01 -1.128397703170776367e+00 -8.685247898101806641e-01 -3.744354844093322754e-01 1.582455933094024658e-01 1.704685568809509277e+00 8.700622320175170898e-01 1.421607136726379395e+00 -4.434739053249359131e-02 -1.037082433700561523e+00 -2.359962463378906250e-01
-7.991906404495239258e-01 9.653990268707275391e-01 1.568389892578125000e+00 -9.077585339546203613e-01 1.580787539482116699e+00 -1.046017646789550781e+00 -2.651628553867340088e-01 -1.201149225234985352e+00 1.753175735473632812e+00 -7.675952911376953125e-01 -1.120988726615905762e+00 -8.315569162368774414e-01 -2.997792363166809082e-01 7.643225789070129395e-02 1.700833439826965332e+00 8.151761293411254883e-01 1.348857879638671875e+00 -5.632563680410385132e-02 -9.598301649093627930e-01 -2.779613733291625977e-01
-7.159528732299804688e-01 1.058308720588684082e+00 1.574198126792907715e+00 -8.373750448226928711e-01 1.698368430137634277e+00 -1.041558980941772461e+00 -2.349426895380020142e-01 -1.166729450225830078e+00 1.864436626434326172e+00 -8.570413589477539062e-01 -1.164479374885559082e+00 -8.020733594894409180e-01 -2.496781498193740845e-01 -2.791669964790344238e-02 1.691789388656616211e+00 7.546243071556091309e-01 1.273977875709533691e+00 -5.527324602007865906e-02 -8.952009677886962891e-01 -3.685525953769683838e-01
-6.533729434013366699e-01 1.202795863151550293e+00 1.608826518058776855e+00 -7.596143484115600586e-01 1.823575615882873535e+00 -1.069690704345703125e+00 -2.264180481433868408e-01 -1.169485807418823242e+00 1.988094806671142578e+00 -9.335809946060180664e-01 -1.249817728996276855e+00 -7.989766597747802734e-01 -2.436963170766830444e-01 -1.661376655101776123e-01 1.713541150093078613e+00 7.057963013648986816e-01 1.219053030014038086e+00 -6.593424826860427856e-02 -8.662228584289550781e-01 -5.122154355049133301e-01
-6.474274396896362305e-01 1.358095765113830566e+00 1.707370281219482422e+00 -6.735230684280395508e-01 1.959105610847473145e+00 -1.118858098983764648e+00 -3.115859329700469971e-01 -1.187389850616455078e+00 2.087814331054687500e+00 -9.946522116661071777e-01 -1.325530409812927246e+00 -8.109129071235656738e-01 -2.736651599407196045e-01 -3.366901278495788574e-01 1.819433212280273438e+00 7.381278872489929199e-01 1.173257946968078613e+00 -7.427547872066497803e-02 -8.897291421890258789e-01 -6.472316384315490723e-01
-6.897385120391845703e-01 1.430108666419982910e+00 1.790526747703552246e+00 -6.160075068473815918e-01 2.001486063003540039e+00 -1.156519174575805664e+00 -4.005647599697113037e-01 -1.225659370422363281e+00 2.084499597549438477e+00 -9.818107485771179199e-01 -1.385345578193664551e+00 -8.378044962882995605e-01 -3.256826996803283691e-01 -4.585941731929779053e-01 1.936712026596069336e+00 7.928709387779235840e-01 1.143335938453674316e+00 -9.423258900642395020e-02 -9.479390382766723633e-01 -7.202988862991333008e-01
-7.642118930816650391e-01 1.460499525070190430e+00 1.856248855590820312e+00 -5.919776558876037598e-01 1.989351153373718262e+00 -1.177223086357116699e+00 -4.875199198722839355e-01 -1.266829252243041992e+00 2.024132013320922852e+00 -9.392796158790588379e-01 -1.409882426261901855e+00 -8.574299812316894531e-01 -3.878267705440521240e-01 -4.899003803730010986e-01 1.990237832069396973e+00 8.400266170501708984e-01 1.137149930000305176e+00 -1.055557727813720703e-01 -1.015017628669738770e+00 -7.336572408676147461e-01
-8.384969234466552734e-01 1.480230093002319336e+00 1.931926369667053223e+00 -5.916618108749389648e-01 1.991770982742309570e+00 -1.172464370727539062e+00 -5.883767008781433105e-01 -1.299070119857788086e+00 1.983647704124450684e+00 -8.928359150886535645e-01 -1.420839667320251465e+00 -8.918662667274475098e-01 -4.493668377399444580e-01 -4.766975939273834229e-01 2.006098031997680664e+00 8.992348313331604004e-01 1.174599409103393555e+00 -9.508405625820159912e-02 -1.110016584396362305e+00 -7.386875748634338379e-01
-8.950267434120178223e-01 1.474110484123229980e+00 1.991962671279907227e+00 -5.904854536056518555e-01 1.968840479850769043e+00 -1.158943414688110352e+00 -6.616682410240173340e-01 -1.316981554031372070e+00 1.936487793922424316e+00 -8.355936408042907715e-01 -1.423568606376647949e+00 -9.221812486648559570e-01 -5.055026412010192871e-01 -4.532506167888641357e-01 1.991043448448181152e+00 9.454500675201416016e-01 1.205993175506591797e+00 -8.060155063867568970e-02 -1.195365428924560547e+00 -7.425694465637207031e-01
-9.363806843757629395e-01 1.455435514450073242e+00 2.026324987411499023e+00 -5.901281833648681641e-01 1.930834293365478516e+00 -1.141394853591918945e+00 -7.083048224449157715e-01 -1.327256917953491211e+00 1.887907624244689941e+00 -7.778521180152893066e-01 -1.416000723838806152e+00 -9.420803189277648926e-01 -5.535029768943786621e-01 -4.225787818431854248e-01 1.954879879951477051e+00 9.811990261077880859e-01 1.233862996101379395e+00 -6.776966899633407593e-02 -1.259674668312072754e+00 -7.499539256095886230e-01
-9.596413373947143555e-01 1.425383090972900391e+00 2.038983821868896484e+00 -6.035475730895996094e-01 1.866873264312744141e+00 -1.114905476570129395e+00 -7.438890337944030762e-01 -1.325103998184204102e+00 1.824967503547668457e+00 -7.113382220268249512e-01 -1.398755669593811035e+00 -9.583041071891784668e-01 -6.125627160072326660e-01 -3.774035871028900146e-01 1.901713371276855469e+00 1.004165768623352051e+00 1.275481700897216797e+00 -4.452117905020713806e-02 -1.316513419151306152e+00 -7.512319087982177734e-01
-9.894170761108398438e-01 1.380171656608581543e+00 2.005038261413574219e+00 -6.280369162559509277e-01 1.767730951309204102e+00 -1.065285086631774902e+00 -7.745653986930847168e-01 -1.295496940612792969e+00 1.723444938659667969e+00 -6.537206768989562988e-01 -1.365876913070678711e+00 -9.461004137992858887e-01 -6.842972636222839355e-01 -2.816217243671417236e-01 1.805551767349243164e+00 1.031626105308532715e+00 1.325878143310546875e+00 -4.313308745622634888e-03 -1.353240013122558594e+00 -7.420465350151062012e-01
-1.032288551330566406e+00 1.294809579849243164e+00 1.880523085594177246e+00 -6.539191603660583496e-01 1.610389947891235352e+00 -9.684616327285766602e-01 -7.884047627449035645e-01 -1.232538461685180664e+00 1.568431854248046875e+00 -6.094202995300292969e-01 -1.285213470458984375e+00 -8.872469663619995117e-01 -7.453745007514953613e-01 -1.287676990032196045e-01 1.652574777603149414e+00 1.062926411628723145e+00 1.366130709648132324e+00 3.769267722964286804e-02 -1.341980934143066406e+00 -7.083986997604370117e-01
-1.116113781929016113e+00 1.184975624084472656e+00 1.652761340141296387e+00 -7.482888102531433105e-01 1.389055848121643066e+00 -8.288962841033935547e-01 -8.048847317695617676e-01 -1.165769815444946289e+00 1.369631409645080566e+00 -5.888775587081909180e-01 -1.122680544853210449e+00 -7.812077999114990234e-01 -7.740011215209960938e-01 1.059596166014671326e-01 1.501850128173828125e+00 1.149621486663818359e+00 1.426648974418640137e+00 4.360194876790046692e-02 -1.293620944023132324e+00 -6.308089494705200195e-01
-1.207829952239990234e+00 1.149533629417419434e+00 1.407135009765625000e+00 -9.356802701950073242e-01 1.277430534362792969e+00 -7.315852046012878418e-01 -8.811652064323425293e-01 -1.146646976470947266e+00 1.264076232910156250e+00 -6.151158809661865234e-01 -9.003927707672119141e-01 -6.985934972763061523e-01 -7.361704707145690918e-01 3.362694978713989258e-01 1.438477396965026855e+00 1.293975710868835449e+00 1.554042935371398926e+00 -1.950651407241821289e-02 -1.238532185554504395e+00 -5.222457051277160645e-01
-1.319533109664916992e+00 1.251765370368957520e+00 1.273435354232788086e+00 -1.229072928428649902e+00 1.353098511695861816e+00 -7.127732634544372559e-01 -1.059566855430603027e+00 -1.174359083175659180e+00 1.357263565063476562e+00 -7.352537512779235840e-01 -6.946558356285095215e-01 -6.562427878379821777e-01 -6.631232500076293945e-01 5.678681135177612305e-01 1.524908542633056641e+00 1.406384825706481934e+00 1.745630264282226562e+00 -1.615983098745346069e-01 -1.193369746208190918e+00 -3.315295577049255371e-01
-1.399069547653198242e+00 1.406879186630249023e+00 1.213513970375061035e+00 -1.429551243782043457e+00 1.450660228729248047e+00 -7.805132865905761719e-01 -1.216380834579467773e+00 -1.272319316864013672e+00 1.517951726913452148e+00 -8.355625867843627930e-01 -5.299837589263916016e-01 -6.688482165336608887e-01 -5.740170478820800781e-01 7.382433414459228516e-01 1.631126284599304199e+00 1.471861124038696289e+00 1.915644288063049316e+00 -2.875486612319946289e-01 -1.148543000221252441e+00 -1.658316254615783691e-01
-1.426259517669677734e+00 1.543485760688781738e+00 1.181446552276611328e+00 -1.511398077011108398e+00 1.496897578239440918e+00 -8.536381721496582031e-01 -1.332845568656921387e+00 -1.361941814422607422e+00 1.642071723937988281e+00 -8.844413757324218750e-01 -4.100242257118225098e-01 -6.949272155761718750e-01 -5.048776268959045410e-01 8.037644624710083008e-01 1.699491739273071289e+00 1.474574923515319824e+00 1.993672013282775879e+00 -3.674683570861816406e-01 -1.114477038383483887e+00 -5.365076288580894470e-02
-1.391134977340698242e+00 1.628859162330627441e+00 1.162047863006591797e+00 -1.501567244529724121e+00 1.488194227218627930e+00 -9.075123667716979980e-01 -1.391387701034545898e+00 -1.386211156845092773e+00 1.701170921325683594e+00 -9.001922011375427246e-01 -3.297284543514251709e-01 -6.799703240394592285e-01 -4.584863781929016113e-01 7.846529483795166016e-01 1.705296516418457031e+00 1.425026655197143555e+00 1.952541708946228027e+00 -3.989590406417846680e-01 -1.066722512245178223e+00 -1.074786484241485596e-02
-1.313949942588806152e+00 1.644761681556701660e+00 1.136159777641296387e+00 -1.430766105651855469e+00 1.436246156692504883e+00 -9.363386034965515137e-01 -1.395133137702941895e+00 -1.370193958282470703e+00 1.698037266731262207e+00 -8.743035197257995605e-01 -2.687316536903381348e-01 -6.571807861328125000e-01 -4.199093878269195557e-01 7.152769565582275391e-01 1.669772744178771973e+00 1.345677614212036133e+00 1.844324231147766113e+00 -4.048134982585906982e-01 -1.013523340225219727e+00 1.210840232670307159e-02
-1.223632216453552246e+00 1.623952507972717285e+00 1.147596478462219238e+00 -1.346375346183776855e+00 1.394472241401672363e+00 -9.644305109977722168e-01 -1.374532461166381836e+00 -1.346169710159301758e+00 1.660926103591918945e+00 -8.128265142440795898e-01 -2.303959727287292480e-01 -6.499492526054382324e-01 -4.033560752868652344e-01 5.978981256484985352e-01 1.657775282859802246e+00 1.259759426116943359e+00 1.717465519905090332e+00 -4.168379306793212891e-01 -9.928522706031799316e-01 2.388012595474720001e-02
-1.132062673568725586e+00 1.591503262519836426e+00 1.219338059425354004e+00 -1.269963622093200684e+00 1.351341366767883301e+00 -1.014310956001281738e+00 -1.374102950096130371e+00 -1.324791908264160156e+00 1.617774367332458496e+00 -7.067394256591796875e-01 -2.274716794490814209e-01 -6.978698372840881348e-01 -3.982373178005218506e-01 4.473388791084289551e-01 1.684532165527343750e+00 1.169979691505432129e+00 1.624165296554565430e+00 -4.249946475028991699e-01 -1.032227754592895508e+00 4.626761004328727722e-02
-1.007368445396423340e+00 1.539277791976928711e+00 1.311818480491638184e+00 -1.223726272583007812e+00 1.328515529632568359e+00 -1.060731410980224609e+00 -1.375831842422485352e+00 -1.298307895660400391e+00 1.574419617652893066e+00 -5.656366348266601562e-01 -2.422379553318023682e-01 -7.374504208564758301e-01 -3.837317228317260742e-01 3.013271689414978027e-01 1.700748443603515625e+00 1.074050188064575195e+00 1.517772316932678223e+00 -4.215396046638488770e-01 -1.075421452522277832e+00 5.547203868627548218e-02
-8.577727079391479492e-01 1.500310659408569336e+00 1.426073193550109863e+00 -1.214110255241394043e+00 1.351741552352905273e+00 -1.127226352691650391e+00 -1.387090325355529785e+00 -1.285393953323364258e+00 1.570098996162414551e+00 -4.072757959365844727e-01 -2.575606405735015869e-01 -8.015339970588684082e-01 -3.611115813255310059e-01 1.568008512258529663e-01 1.729627847671508789e+00 1.000666856765747070e+00 1.458910703659057617e+00 -4.227811098098754883e-01 -1.138436079025268555e+00 5.096332728862762451e-02
-7.494909763336181641e-01 1.472301244735717773e+00 1.536142706871032715e+00 -1.258226871490478516e+00 1.420135140419006348e+00 -1.203341484069824219e+00 -1.409565925598144531e+00 -1.313570022583007812e+00 1.597902059555053711e+00 -2.713820934295654297e-01 -2.747603058815002441e-01 -8.708234429359436035e-01 -3.372737169265747070e-01 6.409028172492980957e-02 1.779932498931884766e+00 9.918149709701538086e-01 1.473546743392944336e+00 -4.290349185466766357e-01 -1.212803006172180176e+00 4.282212629914283752e-02
-6.725780963897705078e-01 1.457282066345214844e+00 1.629807233810424805e+00 -1.306930184364318848e+00 1.517975330352783203e+00 -1.307843327522277832e+00 -1.443508863449096680e+00 -1.367164611816406250e+00 1.633058905601501465e+00 -1.568504869937896729e-01 -2.893779277801513672e-01 -8.990609049797058105e-01 -2.851244509220123291e-01 5.418149381875991821e-02 1.853396415710449219e+00 1.008671283721923828e+00 1.508837342262268066e+00 -4.616540074348449707e-01 -1.243575215339660645e+00 1.207802444696426392e-02
-6.323647499084472656e-01 1.474555134773254395e+00 1.678236722946166992e+00 -1.357494115829467773e+00 1.638559818267822266e+00 -1.401155948638916016e+00 -1.481700181961059570e+00 -1.435400009155273438e+00 1.660633087158203125e+00 -8.107947558164596558e-02 -3.102877736091613770e-01 -8.888048529624938965e-01 -2.185936421155929565e-01 8.455388247966766357e-02 1.929281949996948242e+00 1.053681254386901855e+00 1.550050020217895508e+00 -4.997293651103973389e-01 -1.234953522682189941e+00 -5.962988361716270447e-02
-6.118600964546203613e-01 1.506042838096618652e+00 1.664231896400451660e+00 -1.385630726814270020e+00 1.736625432968139648e+00 -1.457600951194763184e+00 -1.526982426643371582e+00 -1.472098588943481445e+00 1.681240797042846680e+00 -4.993639886379241943e-02 -2.883458137512207031e-01 -8.367634415626525879e-01 -1.357535421848297119e-01 1.609584689140319824e-01 1.952196598052978516e+00 1.119481325149536133e+00 1.574660658836364746e+00 -5.341696143150329590e-01 -1.176719188690185547e+00 -1.488352268934249878e-01
-6.044951081275939941e-01 1.535722136497497559e+00 1.574085831642150879e+00 -1.389477849006652832e+00 1.780106663703918457e+00 -1.465129971504211426e+00 -1.535963773727416992e+00 -1.456255197525024414e+00 1.668918490409851074e+00 -6.997945904731750488e-02 -2.352644354104995728e-01 -7.184332609176635742e-01 -4.716241732239723206e-02 2.809180021286010742e-01 1.888906002044677734e+00 1.170423865318298340e+00 1.548885822296142578e+00 -5.533885359764099121e-01 -1.050844788551330566e+00 -2.537475526332855225e-01
-6.757341623306274414e-01 1.539361596107482910e+00 1.442442774772644043e+00 -1.373402714729309082e+00 1.780955433845520020e+00 -1.419436573982238770e+00 -1.519870996475219727e+00 -1.433062791824340820e+00 1.622564077377319336e+00 -1.472197622060775757e-01 -2.106632292270660400e-01 -6.082946658134460449e-01 1.362859271466732025e-02 4.331656992435455322e-01 1.784815549850463867e+00 1.220932960510253906e+00 1.538902163505554199e+00 -5.432468056678771973e-01 -9.351184368133544922e-01 -3.030467331409454346e-01
-7.996923923492431641e-01 1.519704103469848633e+00 1.345552563667297363e+00 -1.323035836219787598e+00 1.777766942977905273e+00 -1.386058807373046875e+00 -1.463151931762695312e+00 -1.429837226867675781e+00 1.607769727706909180e+00 -2.770221829414367676e-01 -2.267059087753295898e-01 -5.286828875541687012e-01 5.971000343561172485e-02 5.910668373107910156e-01 1.715719580650329590e+00 1.272647619247436523e+00 1.551578521728515625e+00 -5.441750288009643555e-01 -8.369281888008117676e-01 -3.157028555870056152e-01
-9.481720328330993652e-01 1.546195387840270996e+00 1.305431008338928223e+00 -1.275877356529235840e+00 1.784057140350341797e+00 -1.371011734008789062e+00 -1.428111910820007324e+00 -1.464261531829833984e+00 1.605870246887207031e+00 -4.148489534854888916e-01 -2.667282819747924805e-01 -4.889650046825408936e-01 6.400160491466522217e-02 6.860836744308471680e-01 1.710429549217224121e+00 1.329397082328796387e+00 1.573240399360656738e+00 -5.526321530342102051e-01 -7.914747595787048340e-01 -3.285196721553802490e-01
-1.092674732208251953e+00 1.549017906188964844e+00 1.265707135200500488e+00 -1.207907915115356445e+00 1.744519591331481934e+00 -1.343460559844970703e+00 -1.385701537132263184e+00 -1.491950035095214844e+00 1.550108790397644043e+00 -5.220767855644226074e-01 -3.153070211410522461e-01 -4.566337764263153076e-01 3.806805610656738281e-02 7.582399845123291016e-01 1.695256114006042480e+00 1.347890853881835938e+00 1.562241196632385254e+00 -5.597550868988037109e-01 -7.623227238655090332e-01 -3.242706060409545898e-01
-1.212524294853210449e+00 1.526973485946655273e+00 1.237114191055297852e+00 -1.128267049789428711e+00 1.659382462501525879e+00 -1.309330224990844727e+00 -1.323012351989746094e+00 -1.507496118545532227e+00 1.456827521324157715e+00 -5.932508111000061035e-01 -3.910842835903167725e-01 -4.447160363197326660e-01 -2.088473364710807800e-02 7.855317592620849609e-01 1.691074490547180176e+00 1.326583147048950195e+00 1.523513197898864746e+00 -5.575774312019348145e-01 -7.593184709548950195e-01 -3.017268478870391846e-01
-1.306138277053833008e+00 1.477188229560852051e+00 1.234857797622680664e+00 -1.042437434196472168e+00 1.541608452796936035e+00 -1.258844852447509766e+00 -1.248967170715332031e+00 -1.510820865631103516e+00 1.332682132720947266e+00 -6.145533919334411621e-01 -4.684013128280639648e-01 -4.569639563560485840e-01 -9.888368844985961914e-02 7.497874498367309570e-01 1.693949580192565918e+00 1.283434271812438965e+00 1.442166447639465332e+00 -5.560337901115417480e-01 -7.937373518943786621e-01 -2.696931362152099609e-01
-1.362359404563903809e+00 1.426454901695251465e+00 1.283794999122619629e+00 -9.540315866470336914e-01 1.429518580436706543e+00 -1.206094622611999512e+00 -1.196853041648864746e+00 -1.495041608810424805e+00 1.252777338027954102e+00 -5.908948183059692383e-01 -5.304595828056335449e-01 -5.112295150756835938e-01 -1.939773112535476685e-01 6.578923463821411133e-01 1.687376976013183594e+00 1.225689053535461426e+00 1.360143780708312988e+00 -5.446026921272277832e-01 -8.812394738197326660e-01 -2.460390925407409668e-01
-1.382015347480773926e+00 1.321195960044860840e+00 1.368619441986083984e+00 -8.558134436607360840e-01 1.268233656883239746e+00 -1.150855898857116699e+00 -1.129677772521972656e+00 -1.474865674972534180e+00 1.160877346992492676e+00 -4.840189218521118164e-01 -6.145806312561035156e-01 -6.514978408813476562e-01 -3.004554808139801025e-01 4.849691092967987061e-01 1.674954652786254883e+00 1.116694569587707520e+00 1.273921608924865723e+00 -5.156946778297424316e-01 -1.033171653747558594e+00 -1.649420410394668579e-01
-1.355868577957153320e+00 1.191611528396606445e+00 1.558183789253234863e+00 -8.215412497520446777e-01 1.199662923812866211e+00 -1.105553627014160156e+00 -1.071859478950500488e+00 -1.467761039733886719e+00 1.127198815345764160e+00 -3.515602648258209229e-01 -7.721785902976989746e-01 -8.734202384948730469e-01 -4.504540264606475830e-01 2.528655230998992920e-01 1.719497799873352051e+00 1.014752388000488281e+00 1.270801782608032227e+00 -4.202813208103179932e-01 -1.282151818275451660e+00 -5.964854732155799866e-02
-1.219274044036865234e+00 1.077283024787902832e+00 1.823773026466369629e+00 -8.664854168891906738e-01 1.229204773902893066e+00 -1.110736846923828125e+00 -1.018492937088012695e+00 -1.467188358306884766e+00 1.205627799034118652e+00 -1.857378035783767700e-01 -9.461122751235961914e-01 -1.159021496772766113e+00 -5.934963822364807129e-01 -2.849473059177398682e-02 1.807149410247802734e+00 9.295188784599304199e-01 1.366959452629089355e+00 -2.955865561962127686e-01 -1.573055267333984375e+00 1.725219190120697021e-02
-1.087020397186279297e+00 1.009082674980163574e+00 2.077364683151245117e+00 -1.000263333320617676e+00 1.335422158241271973e+00 -1.173700571060180664e+00 -9.994612932205200195e-01 -1.513233900070190430e+00 1.361367464065551758e+00 -6.961198151111602783e-02 -1.081773877143859863e+00 -1.376288414001464844e+00 -6.737221479415893555e-01 -2.100725769996643066e-01 1.961094975471496582e+00 9.259374141693115234e-01 1.521198987960815430e+00 -2.112600803375244141e-01 -1.798041582107543945e+00 5.413610860705375671e-02
-9.592280387878417969e-01 9.141204357147216797e-01 2.221950769424438477e+00 -1.097291588783264160e+00 1.456186175346374512e+00 -1.225381135940551758e+00 -9.889137744903564453e-01 -1.535689353942871094e+00 1.493383526802062988e+00 2.130737155675888062e-02 -1.121869206428527832e+00 -1.519240379333496094e+00 -6.659401655197143555e-01 -3.054403960704803467e-01 2.088192462921142578e+00 9.552433490753173828e-01 1.653888463973999023e+00 -1.524283289909362793e-01 -1.896113991737365723e+00 1.025889068841934204e-01
-8.435695171356201172e-01 8.439497947692871094e-01 2.254580497741699219e+00 -1.160439848899841309e+00 1.505187034606933594e+00 -1.239460825920104980e+00 -9.687487483024597168e-01 -1.526833772659301758e+00 1.559424161911010742e+00 8.499885350465774536e-02 -1.096858143806457520e+00 -1.589413762092590332e+00 -6.300254464149475098e-01 -3.638232350349426270e-01 2.142398357391357422e+00 9.650500416755676270e-01 1.720092415809631348e+00 -1.242770105600357056e-01 -1.906046032905578613e+00 1.390883773565292358e-01
-7.727935910224914551e-01 8.220889568328857422e-01 2.217031717300415039e+00 -1.196295738220214844e+00 1.531752347946166992e+00 -1.231106758117675781e+00 -9.642606973648071289e-01 -1.524141073226928711e+00 1.581727743148803711e+00 1.083214208483695984e-01 -1.054416656494140625e+00 -1.602174520492553711e+00 -5.972914099693298340e-01 -3.801794350147247314e-01 2.158281087875366211e+00 9.672006964683532715e-01 1.751240015029907227e+00 -1.218288093805313110e-01 -1.871258020401000977e+00 1.505362093448638916e-01
-7.240317463874816895e-01 8.431642055511474609e-01 2.133545875549316406e+00 -1.218021750450134277e+00 1.575450897216796875e+00 -1.194266915321350098e+00 -9.670507907867431641e-01 -1.511682033538818359e+00 1.621581792831420898e+00 8.902323991060256958e-02 -9.925913810729980469e-01 -1.592566847801208496e+00 -5.534285902976989746e-01 -3.704748153686523438e-01 2.150745153427124023e+00 9.653382897377014160e-01 1.785475134849548340e+00 -1.402752995491027832e-01 -1.813242316246032715e+00 1.500494778156280518e-01
-6.944774389266967773e-01 8.535332679748535156e-01 2.010987758636474609e+00 -1.218890070915222168e+00 1.601829528808593750e+00 -1.115385651588439941e+00 -9.544036388397216797e-01 -1.477198839187622070e+00 1.639469742774963379e+00 4.449167847633361816e-02 -9.316980838775634766e-01 -1.559525728225708008e+00 -5.091902613639831543e-01 -3.512548208236694336e-01 2.108769893646240234e+00 9.651553034782409668e-01 1.797857165336608887e+00 -1.436990350484848022e-01 -1.733310699462890625e+00 1.379832327365875244e-01
-6.816775202751159668e-01 8.417930603027343750e-01 1.843361496925354004e+00 -1.194454073905944824e+00 1.624090790748596191e+00 -9.884636998176574707e-01 -9.060429334640502930e-01 -1.408213138580322266e+00 1.637992739677429199e+00 -4.659514129161834717e-02 -8.746247291564941406e-01 -1.491198301315307617e+00 -4.578107297420501709e-01 -3.082556426525115967e-01 2.024869203567504883e+00 9.786823987960815430e-01 1.788470149040222168e+00 -1.233757436275482178e-01 -1.614997148513793945e+00 1.166528910398483276e-01
-6.998386383056640625e-01 8.379132747650146484e-01 1.628757596015930176e+00 -1.113753318786621094e+00 1.663536548614501953e+00 -8.561255335807800293e-01 -7.801506519317626953e-01 -1.336660623550415039e+00 1.658289551734924316e+00 -2.296101450920104980e-01 -8.397639393806457520e-01 -1.368970274925231934e+00 -3.674891591072082520e-01 -2.482511401176452637e-01 1.933768630027770996e+00 1.026897907257080078e+00 1.746888041496276855e+00 -1.101697385311126709e-01 -1.418038010597229004e+00 3.891107812523841858e-02
-7.550047636032104492e-01 9.604347944259643555e-01 1.380175113677978516e+00 -1.010717868804931641e+00 1.691495537757873535e+00 -7.603829503059387207e-01 -6.423258781433105469e-01 -1.303044319152832031e+00 1.682843804359436035e+00 -4.902074933052062988e-01 -7.853998541831970215e-01 -1.178197503089904785e+00 -2.650382816791534424e-01 -1.802415847778320312e-01 1.816534996032714844e+00 1.135647177696228027e+00 1.678863048553466797e+00 -1.142433881759643555e-01 -1.170206308364868164e+00 -1.716356128454208374e-01
-8.076151013374328613e-01 1.171473026275634766e+00 1.215321660041809082e+00 -9.844630956649780273e-01 1.722574591636657715e+00 -7.263496518135070801e-01 -5.485734939575195312e-01 -1.274463415145874023e+00 1.708205223083496094e+00 -7.393538951873779297e-01 -7.484211325645446777e-01 -9.386368393898010254e-01 -2.210917025804519653e-01 -1.201063692569732666e-01 1.712278366088867188e+00 1.245867252349853516e+00 1.584123373031616211e+00 -1.455641388893127441e-01 -9.739680290222167969e-01 -4.824635982513427734e-01
-8.330495953559875488e-01 1.282430648803710938e+00 1.225095152854919434e+00 -1.012617230415344238e+00 1.718852996826171875e+00 -7.234804034233093262e-01 -5.364543795585632324e-01 -1.238864421844482422e+00 1.727414965629577637e+00 -8.509470224380493164e-01 -7.975579500198364258e-01 -7.812312245368957520e-01 -2.409031242132186890e-01 -1.104926019906997681e-01 1.654588937759399414e+00 1.274545431137084961e+00 1.493132591247558594e+00 -9.460617601871490479e-02 -9.099300503730773926e-01 -7.110687494277954102e-01
-8.115341663360595703e-01 1.365536808967590332e+00 1.302074909210205078e+00 -1.054571866989135742e+00 1.730880022048950195e+00 -7.630887627601623535e-01 -6.165850758552551270e-01 -1.197957277297973633e+00 1.704387545585632324e+00 -8.453707695007324219e-01 -8.441268801689147949e-01 -6.704753041267395020e-01 -3.091355562210083008e-01 -9.122820198535919189e-02 1.636035919189453125e+00 1.283097624778747559e+00 1.443947315216064453e+00 -5.244052037596702576e-02 -9.242921471595764160e-01 -8.512012958526611328e-01
-7.537446022033691406e-01 1.411531448364257812e+00 1.363744497299194336e+00 -1.098762273788452148e+00 1.736892938613891602e+00 -7.984479069709777832e-01 -6.750068068504333496e-01 -1.170012712478637695e+00 1.684328675270080566e+00 -7.766225934028625488e-01 -8.806107044219970703e-01 -6.226627230644226074e-01 -3.732378482818603516e-01 -7.647177577018737793e-02 1.612748622894287109e+00 1.256570100784301758e+00 1.430569767951965332e+00 -2.683221548795700073e-02 -9.571087360382080078e-01 -9.348648786544799805e-01
-6.777142286300659180e-01 1.424632906913757324e+00 1.416367769241333008e+00 -1.139403462409973145e+00 1.753321647644042969e+00 -8.279998302459716797e-01 -7.126382589340209961e-01 -1.140295267105102539e+00 1.672943830490112305e+00 -7.021033763885498047e-01 -9.007951617240905762e-01 -5.920717120170593262e-01 -4.192850887775421143e-01 -6.645862758159637451e-02 1.594123721122741699e+00 1.225571632385253906e+00 1.426635384559631348e+00 -3.626693040132522583e-03 -9.810022115707397461e-01 -9.875525236129760742e-01
-5.971674323081970215e-01 1.415423393249511719e+00 1.459170460700988770e+00 -1.169718861579895020e+00 1.779819369316101074e+00 -8.620566725730895996e-01 -7.320489883422851562e-01 -1.109167575836181641e+00 1.672993183135986328e+00 -6.368456482887268066e-01 -9.135258793830871582e-01 -5.653168559074401855e-01 -4.432186782360076904e-01 -4.195544868707656860e-02 1.578897476196289062e+00 1.193225383758544922e+00 1.430326700210571289e+00 1.569151505827903748e-02 -9.856206178665161133e-01 -1.019739508628845215e+00
-5.130272507667541504e-01 1.390195369720458984e+00 1.490451574325561523e+00 -1.189519524574279785e+00 1.814239859580993652e+00 -9.004206061363220215e-01 -7.386727929115295410e-01 -1.075825214385986328e+00 1.678887248039245605e+00 -5.797879099845886230e-01 -9.217904210090637207e-01 -5.363046526908874512e-01 -4.490839540958404541e-01 -2.862565219402313232e-03 1.562084555625915527e+00 1.155782222747802734e+00 1.436063408851623535e+00 3.189462050795555115e-02 -9.702941179275512695e-01 -1.035813927650451660e+00
-4.279235601425170898e-01 1.345893502235412598e+00 1.508210778236389160e+00 -1.191881775856018066e+00 1.854197502136230469e+00 -9.405921101570129395e-01 -7.389461994171142578e-01 -1.041094541549682617e+00 1.681495666503906250e+00 -5.253254175186157227e-01 -9.275773167610168457e-01 -5.045105218887329102e-01 -4.419855475425720215e-01 4.714120179414749146e-02 1.534845709800720215e+00 1.110173344612121582e+00 1.437375903129577637e+00 4.660066589713096619e-02 -9.388899803161621094e-01 -1.032667279243469238e+00
-3.746536374092102051e-01 1.287012457847595215e+00 1.521641850471496582e+00 -1.173430085182189941e+00 1.904955506324768066e+00 -9.975379705429077148e-01 -7.373064756393432617e-01 -1.027905464172363281e+00 1.696261048316955566e+00 -4.855376183986663818e-01 -9.470215439796447754e-01 -4.738516807556152344e-01 -4.263627231121063232e-01 1.287493407726287842e-01 1.502679824829101562e+00 1.052694082260131836e+00 1.440490484237670898e+00 5.207794532179832458e-02 -8.968567252159118652e-01 -9.882915019989013672e-01
-3.870414495468139648e-01 1.225136876106262207e+00 1.563186168670654297e+00 -1.098197340965270996e+00 1.964925885200500488e+00 -1.112572193145751953e+00 -7.042939662933349609e-01 -1.052410602569580078e+00 1.724265575408935547e+00 -5.107041001319885254e-01 -1.006577491760253906e+00 -4.212248325347900391e-01 -3.867329657077789307e-01 2.799705862998962402e-01 1.477822661399841309e+00 9.582335352897644043e-01 1.415910840034484863e+00 3.591326251626014709e-02 -8.173279166221618652e-01 -8.950910568237304688e-01
-5.447562932968139648e-01 1.147518157958984375e+00 1.705177187919616699e+00 -1.011271715164184570e+00 1.975114822387695312e+00 -1.259064555168151855e+00 -7.014277577400207520e-01 -1.166754484176635742e+00 1.695611476898193359e+00 -5.583672523498535156e-01 -1.038366079330444336e+00 -4.126998782157897949e-01 -3.478998243808746338e-01 4.617345929145812988e-01 1.515901923179626465e+00 8.450538516044616699e-01 1.340394139289855957e+00 -2.930621244013309479e-02 -7.852153182029724121e-01 -6.979425549507141113e-01
-8.065385818481445312e-01 1.057763695716857910e+00 1.785976171493530273e+00 -8.705853223800659180e-01 1.872211694717407227e+00 -1.371942996978759766e+00 -6.820670962333679199e-01 -1.305730819702148438e+00 1.605079650878906250e+00 -5.876615047454833984e-01 -1.085527062416076660e+00 -5.125120282173156738e-01 -3.194084763526916504e-01 5.656236410140991211e-01 1.629725337028503418e+00 7.311319708824157715e-01 1.260116100311279297e+00 -2.007249146699905396e-01 -8.511064052581787109e-01 -3.603700995445251465e-01
-9.938145875930786133e-01 1.017007350921630859e+00 1.805363416671752930e+00 -7.390232682228088379e-01 1.764117717742919922e+00 -1.398120522499084473e+00 -6.514983177185058594e-01 -1.395631790161132812e+00 1.547789931297302246e+00 -6.214486360549926758e-01 -1.119610548019409180e+00 -6.473351120948791504e-01 -3.010189831256866455e-01 5.120646953582763672e-01 1.733059763908386230e+00 7.103192210197448730e-01 1.219969987869262695e+00 -3.282077014446258545e-01 -9.486367106437683105e-01 -1.363063603639602661e-01
-1.106954216957092285e+00 1.042195916175842285e+00 1.800111889839172363e+00 -6.891819834709167480e-01 1.678142547607421875e+00 -1.409947156906127930e+00 -6.240562796592712402e-01 -1.464010715484619141e+00 1.502854585647583008e+00 -6.491947174072265625e-01 -1.144177079200744629e+00 -7.222669720649719238e-01 -3.226739168167114258e-01 4.543061554431915283e-01 1.783434033393859863e+00 7.102736830711364746e-01 1.212582588195800781e+00 -3.926193714141845703e-01 -1.018187403678894043e+00 -7.944764196872711182e-02
-1.192902684211730957e+00 1.090881586074829102e+00 1.809230804443359375e+00 -6.726372838020324707e-01 1.609810471534729004e+00 -1.394982695579528809e+00 -6.128594279289245605e-01 -1.500887870788574219e+00 1.473634481430053711e+00 -6.794116497039794922e-01 -1.170009374618530273e+00 -7.786998152732849121e-01 -3.669001758098602295e-01 3.865718841552734375e-01 1.815852165222167969e+00 7.252198457717895508e-01 1.209757447242736816e+00 -4.076265096664428711e-01 -1.084670305252075195e+00 -9.039597213268280029e-02
-1.253638625144958496e+00 1.138517618179321289e+00 1.828379273414611816e+00 -6.702720522880554199e-01 1.555925369262695312e+00 -1.372040271759033203e+00 -6.016094684600830078e-01 -1.514246940612792969e+00 1.456333756446838379e+00 -7.071630954742431641e-01 -1.206687331199645996e+00 -8.158853650093078613e-01 -4.230614900588989258e-01 3.271732628345489502e-01 1.831001162528991699e+00 7.497678399085998535e-01 1.209728002548217773e+00 -3.952547609806060791e-01 -1.148903250694274902e+00 -1.368513703346252441e-01
-1.291965603828430176e+00 1.183031558990478516e+00 1.855912327766418457e+00 -6.749111413955688477e-01 1.518878102302551270e+00 -1.349324584007263184e+00 -5.925578474998474121e-01 -1.511732339859008789e+00 1.442926645278930664e+00 -7.314544320106506348e-01 -1.240770220756530762e+00 -8.303344845771789551e-01 -4.796946644783020020e-01 2.714956104755401611e-01 1.837246060371398926e+00 7.777810692787170410e-01 1.201794028282165527e+00 -3.657902777194976807e-01 -1.204850792884826660e+00 -2.073230594396591187e-01
-1.301272153854370117e+00 1.224532365798950195e+00 1.887073516845703125e+00 -6.860683560371398926e-01 1.499123096466064453e+00 -1.321942925453186035e+00 -5.889836549758911133e-01 -1.491996526718139648e+00 1.435432195663452148e+00 -7.475810050964355469e-01 -1.263724803924560547e+00 -8.260660767555236816e-01 -5.307790637016296387e-01 2.117636650800704956e-01 1.834074378013610840e+00 8.107177615165710449e-01 1.186684012413024902e+00 -3.207086920738220215e-01 -1.252736926078796387e+00 -3.017752468585968018e-01
-1.264257669448852539e+00 1.274163126945495605e+00 1.906753778457641602e+00 -7.228691577911376953e-01 1.468572616577148438e+00 -1.271222352981567383e+00 -5.847249031066894531e-01 -1.452188253402709961e+00 1.431843996047973633e+00 -7.388639450073242188e-01 -1.275516390800476074e+00 -8.168310523033142090e-01 -5.978922247886657715e-01 1.338528692722320557e-01 1.804928183555603027e+00 8.356273770332336426e-01 1.177129030227661133e+00 -2.585917711257934570e-01 -1.305620431900024414e+00 -4.277104437351226807e-01
