-1.246649384498596191e+00 9.461929202079772949e-01 2.043857336044311523e+00 -7.202331423759460449e-01 1.306571125984191895e+00 -1.356532335281372070e+00 -7.046259641647338867e-01 -1.727133870124816895e+00 1.455221176147460938e+00 -1.259468048810958862e-01 -1.234022736549377441e+00 -1.604501485824584961e+00 -4.889019727706909180e-01 -8.899545669555664062e-02 1.842320322990417480e+00 9.208709001541137695e-01 1.628444910049438477e+00 -1.363381743431091309e-01 -1.643775343894958496e+00 5.038911849260330200e-02
-1.295397400856018066e+00 1.080832719802856445e+00 1.878610968589782715e+00 -8.072746992111206055e-01 1.218307256698608398e+00 -1.372154951095581055e+00 -7.058383226394653320e-01 -1.851782321929931641e+00 1.351167440414428711e+00 -8.999918401241302490e-02 -1.217861890792846680e+00 -1.493038654327392578e+00 -5.694152116775512695e-01 7.538945972919464111e-02 1.719554781913757324e+00 8.459519147872924805e-01 1.634801149368286133e+00 -2.479712069034576416e-01 -1.609619975090026855e+00 -6.202646344900131226e-02
-1.280092716217041016e+00 1.173703432083129883e+00 1.676618933677673340e+00 -8.624068498611450195e-01 1.179865479469299316e+00 -1.349270701408386230e+00 -6.845305562019348145e-01 -1.923319339752197266e+00 1.266206502914428711e+00 -8.304494619369506836e-02 -1.182878851890563965e+00 -1.357306241989135742e+00 -5.964280366897583008e-01 1.985936015844345093e-01 1.586970567703247070e+00 7.681889533996582031e-01 1.617229580879211426e+00 -3.418498337268829346e-01 -1.515094280242919922e+00 -1.840421855449676514e-01
-1.234874248504638672e+00 1.262762427330017090e+00 1.514385461807250977e+00 -9.091257452964782715e-01 1.229007005691528320e+00 -1.341719388961791992e+00 -6.730480194091796875e-01 -1.979805111885070801e+00 1.260528802871704102e+00 -1.048106551170349121e-01 -1.149273276329040527e+00 -1.244383454322814941e+00 -5.836098194122314453e-01 2.734664082527160645e-01 1.510887980461120605e+00 7.326950430870056152e-01 1.628255605697631836e+00 -4.238438904285430908e-01 -1.414259672164916992e+00 -3.060927987098693848e-01
-1.205159783363342285e+00 1.332117676734924316e+00 1.392276167869567871e+00 -9.539281129837036133e-01 1.320001840591430664e+00 -1.323853850364685059e+00 -6.654922962188720703e-01 -2.008873224258422852e+00 1.284238338470458984e+00 -1.702611446380615234e-01 -1.113792061805725098e+00 -1.134009718894958496e+00 -5.522826313972473145e-01 3.445326685905456543e-01 1.481030702590942383e+00 7.221880555152893066e-01 1.650387048721313477e+00 -4.880812764167785645e-01 -1.305995941162109375e+00 -3.868060708045959473e-01
-1.160414338111877441e+00 1.361126422882080078e+00 1.278826355934143066e+00 -9.720505475997924805e-01 1.477415084838867188e+00 -1.290749192237854004e+00 -6.449632048606872559e-01 -1.994929552078247070e+00 1.361671447753906250e+00 -2.924903631210327148e-01 -1.082959651947021484e+00 -1.006650209426879883e+00 -4.767130613327026367e-01 4.054368138313293457e-01 1.476135849952697754e+00 7.410317063331604004e-01 1.662392497062683105e+00 -5.213287472724914551e-01 -1.155771970748901367e+00 -4.449706971645355225e-01
-1.125082254409790039e+00 1.361527442932128906e+00 1.202208161354064941e+00 -9.786228537559509277e-01 1.774951100349426270e+00 -1.253897547721862793e+00 -6.760534644126892090e-01 -1.938622593879699707e+00 1.526713848114013672e+00 -4.949389994144439697e-01 -1.039018511772155762e+00 -8.433471918106079102e-01 -3.098729848861694336e-01 4.905080795288085938e-01 1.548000812530517578e+00 8.608460426330566406e-01 1.686482667922973633e+00 -5.128565430641174316e-01 -9.559286236763000488e-01 -4.904848039150238037e-01
-1.103870749473571777e+00 1.284731268882751465e+00 1.182548165321350098e+00 -9.573733210563659668e-01 2.094069004058837891e+00 -1.196789145469665527e+00 -7.146505117416381836e-01 -1.842075109481811523e+00 1.709661006927490234e+00 -7.163161039352416992e-01 -1.032180309295654297e+00 -7.006511688232421875e-01 -1.107129305601119995e-01 5.545871853828430176e-01 1.669897198677062988e+00 9.980537891387939453e-01 1.691876173019409180e+00 -4.605189561843872070e-01 -7.687994241714477539e-01 -4.779067337512969971e-01
-1.119053483009338379e+00 1.160323500633239746e+00 1.238177299499511719e+00 -9.134143590927124023e-01 2.367202043533325195e+00 -1.158901333808898926e+00 -7.442991733551025391e-01 -1.749680995941162109e+00 1.870608091354370117e+00 -9.186130166053771973e-01 -1.049183487892150879e+00 -6.070107817649841309e-01 5.794654414057731628e-02 6.155843138694763184e-01 1.791072845458984375e+00 1.151960730552673340e+00 1.695017218589782715e+00 -3.769700825214385986e-01 -6.548049449920654297e-01 -4.302574694156646729e-01
-1.139244079589843750e+00 1.002670168876647949e+00 1.283536672592163086e+00 -8.570502996444702148e-01 2.505069255828857422e+00 -1.135052680969238281e+00 -7.563273906707763672e-01 -1.636712193489074707e+00 1.939581155776977539e+00 -1.045899271965026855e+00 -1.051771283149719238e+00 -5.442681312561035156e-01 1.797878742218017578e-01 6.659623980522155762e-01 1.880168080329895020e+00 1.269873738288879395e+00 1.668718576431274414e+00 -3.041791915893554688e-01 -5.700203180313110352e-01 -3.418220281600952148e-01
-1.165129542350769043e+00 8.675703406333923340e-01 1.317968726158142090e+00 -8.059371113777160645e-01 2.543794631958007812e+00 -1.107869625091552734e+00 -7.546979188919067383e-01 -1.568096876144409180e+00 1.965655803680419922e+00 -1.091132760047912598e+00 -1.062044262886047363e+00 -5.522950291633605957e-01 2.517806887626647949e-01 6.690129637718200684e-01 1.950337290763854980e+00 1.345246315002441406e+00 1.652242660522460938e+00 -2.453154027462005615e-01 -5.311748981475830078e-01 -2.455303370952606201e-01
-1.197445988655090332e+00 7.496118545532226562e-01 1.328858137130737305e+00 -7.647804021835327148e-01 2.490941047668457031e+00 -1.072616815567016602e+00 -7.120627164840698242e-01 -1.525982975959777832e+00 1.936329841613769531e+00 -1.098987698554992676e+00 -1.068078398704528809e+00 -5.779925584793090820e-01 2.938549518585205078e-01 6.466121673583984375e-01 1.998249053955078125e+00 1.379531502723693848e+00 1.611255526542663574e+00 -2.083536088466644287e-01 -5.065181255340576172e-01 -1.574948132038116455e-01
-1.246135115623474121e+00 6.484676599502563477e-01 1.333011746406555176e+00 -7.394798398017883301e-01 2.363858222961425781e+00 -1.036533355712890625e+00 -6.384599208831787109e-01 -1.503274202346801758e+00 1.865099430084228516e+00 -1.090540647506713867e+00 -1.076884746551513672e+00 -6.065735220909118652e-01 3.069570660591125488e-01 6.177899241447448730e-01 2.030194520950317383e+00 1.387573719024658203e+00 1.550293922424316406e+00 -1.889795958995819092e-01 -4.967801272869110107e-01 -7.912568002939224243e-02
-1.321755290031433105e+00 5.946242809295654297e-01 1.349764585494995117e+00 -7.160548567771911621e-01 2.180333852767944336e+00 -1.027597308158874512e+00 -5.654370784759521484e-01 -1.507519841194152832e+00 1.763416290283203125e+00 -1.076456785202026367e+00 -1.089073896408081055e+00 -6.379510164260864258e-01 2.751910090446472168e-01 5.897682905197143555e-01 2.044358015060424805e+00 1.379512190818786621e+00 1.478460907936096191e+00 -1.837702095508575439e-01 -5.148569941520690918e-01 -1.442693173885345459e-02
-1.435823559761047363e+00 6.254370212554931641e-01 1.418056011199951172e+00 -7.022028565406799316e-01 1.951629281044006348e+00 -1.055140256881713867e+00 -5.121983885765075684e-01 -1.529395461082458496e+00 1.638299703598022461e+00 -1.069206237792968750e+00 -1.099513530731201172e+00 -6.627543568611145020e-01 1.755788028240203857e-01 5.565658211708068848e-01 2.055286407470703125e+00 1.384439706802368164e+00 1.406844258308410645e+00 -1.855606734752655029e-01 -5.887597799301147461e-01 6.872331723570823669e-03
-1.556493759155273438e+00 7.592985630035400391e-01 1.528140544891357422e+00 -7.257084250450134277e-01 1.736814022064208984e+00 -1.073554277420043945e+00 -5.174527764320373535e-01 -1.545086145401000977e+00 1.564810037612915039e+00 -1.081306934356689453e+00 -1.089666604995727539e+00 -7.057422995567321777e-01 2.925465628504753113e-02 5.095371007919311523e-01 2.057419061660766602e+00 1.406403064727783203e+00 1.386242985725402832e+00 -1.885278522968292236e-01 -7.323459386825561523e-01 -1.809030771255493164e-02
-1.621072411537170410e+00 9.331474304199218750e-01 1.629252672195434570e+00 -7.667027115821838379e-01 1.528963208198547363e+00 -1.079303026199340820e+00 -5.247126221656799316e-01 -1.550857543945312500e+00 1.501963853836059570e+00 -1.074405908584594727e+00 -1.069415688514709473e+00 -7.454966902732849121e-01 -1.434714347124099731e-01 4.326668977737426758e-01 2.011962890625000000e+00 1.407102346420288086e+00 1.369384646415710449e+00 -1.937624812126159668e-01 -8.943227529525756836e-01 -1.049087420105934143e-01
-1.616356134414672852e+00 1.124480962753295898e+00 1.708702802658081055e+00 -8.131167292594909668e-01 1.339833021163940430e+00 -1.098936200141906738e+00 -5.382983088493347168e-01 -1.547098875045776367e+00 1.465662240982055664e+00 -1.037951350212097168e+00 -1.054111361503601074e+00 -8.012890219688415527e-01 -2.957541346549987793e-01 3.183445930480957031e-01 1.942849278450012207e+00 1.359904885292053223e+00 1.363243937492370605e+00 -1.925050318241119385e-01 -1.053182601928710938e+00 -1.949428915977478027e-01
-1.550792813301086426e+00 1.283412337303161621e+00 1.774582147598266602e+00 -8.263136148452758789e-01 1.212172627449035645e+00 -1.117585301399230957e+00 -5.830749869346618652e-01 -1.502041935920715332e+00 1.462002277374267578e+00 -9.895248413085937500e-01 -1.018962502479553223e+00 -8.389619588851928711e-01 -3.968397974967956543e-01 1.787648200988769531e-01 1.887941002845764160e+00 1.308370947837829590e+00 1.334320068359375000e+00 -1.750366091728210449e-01 -1.167315840721130371e+00 -2.647906243801116943e-01
-1.446957349777221680e+00 1.394864559173583984e+00 1.858586192131042480e+00 -8.190363645553588867e-01 1.174928784370422363e+00 -1.124633908271789551e+00 -6.438553333282470703e-01 -1.414164781570434570e+00 1.494540691375732422e+00 -9.473353028297424316e-01 -9.933809638023376465e-01 -8.693875670433044434e-01 -4.693414568901062012e-01 1.511643826961517334e-02 1.869753241539001465e+00 1.251019358634948730e+00 1.288459897041320801e+00 -1.328999102115631104e-01 -1.257788419723510742e+00 -3.130969405174255371e-01
-1.296120405197143555e+00 1.479594588279724121e+00 1.962986469268798828e+00 -8.126933574676513672e-01 1.210368514060974121e+00 -1.137327075004577637e+00 -7.014949917793273926e-01 -1.302847266197204590e+00 1.561615705490112305e+00 -8.977933526039123535e-01 -9.869046211242675781e-01 -9.145513772964477539e-01 -5.242192745208740234e-01 -1.809547543525695801e-01 1.895615816116333008e+00 1.191381573677062988e+00 1.246545553207397461e+00 -9.181584417819976807e-02 -1.339360117912292480e+00 -3.509884178638458252e-01
-1.139351010322570801e+00 1.570580363273620605e+00 2.110490083694458008e+00 -8.320596814155578613e-01 1.343736171722412109e+00 -1.172059535980224609e+00 -7.883582115173339844e-01 -1.202443242073059082e+00 1.673150062561035156e+00 -8.573544621467590332e-01 -1.011830925941467285e+00 -9.609013199806213379e-01 -5.802994966506958008e-01 -3.539746999740600586e-01 1.961461424827575684e+00 1.141528248786926270e+00 1.238420963287353516e+00 -5.461067706346511841e-02 -1.429039120674133301e+00 -3.871256709098815918e-01
-9.625853300094604492e-01 1.602713942527770996e+00 2.240092039108276367e+00 -8.426314592361450195e-01 1.478533387184143066e+00 -1.183404207229614258e+00 -8.615797758102416992e-01 -1.079643368721008301e+00 1.751092195510864258e+00 -7.928945422172546387e-01 -1.026083230972290039e+00 -9.858911037445068359e-01 -6.194380521774291992e-01 -5.132901072502136230e-01 2.016988277435302734e+00 1.084814071655273438e+00 1.206524491310119629e+00 -1.874884776771068573e-02 -1.498858809471130371e+00 -4.118255972862243652e-01
-8.576204180717468262e-01 1.592929601669311523e+00 2.340010166168212891e+00 -8.881899118423461914e-01 1.601420879364013672e+00 -1.198779225349426270e+00 -8.939687609672546387e-01 -1.041044950485229492e+00 1.823736906051635742e+00 -7.251567840576171875e-01 -1.034761190414428711e+00 -1.025449752807617188e+00 -6.646723747253417969e-01 -6.173934340476989746e-01 2.103749990463256836e+00 1.074655294418334961e+00 1.236905336380004883e+00 -2.945327945053577423e-02 -1.575999498367309570e+00 -4.300459027290344238e-01
-7.719362378120422363e-01 1.574608087539672852e+00 2.411232471466064453e+00 -9.567742347717285156e-01 1.681799292564392090e+00 -1.218250393867492676e+00 -9.394453167915344238e-01 -1.042147159576416016e+00 1.857995033264160156e+00 -6.453489661216735840e-01 -1.006359696388244629e+00 -1.055249452590942383e+00 -7.236866354942321777e-01 -6.566801667213439941e-01 2.155176162719726562e+00 1.088224768638610840e+00 1.297077178955078125e+00 -4.471086710691452026e-02 -1.657376408576965332e+00 -4.412737488746643066e-01
-7.263065576553344727e-01 1.534211277961730957e+00 2.431721448898315430e+00 -1.029010772705078125e+00 1.681032657623291016e+00 -1.199700951576232910e+00 -9.823097586631774902e-01 -1.031567573547363281e+00 1.835510015487670898e+00 -5.527771115303039551e-01 -9.749433398246765137e-01 -1.081881046295166016e+00 -7.963146567344665527e-01 -6.388819813728332520e-01 2.158954381942749023e+00 1.110107660293579102e+00 1.368941903114318848e+00 -3.513573855161666870e-02 -1.737319111824035645e+00 -4.424115419387817383e-01
-7.332223057746887207e-01 1.493253469467163086e+00 2.433360576629638672e+00 -1.134072661399841309e+00 1.598980426788330078e+00 -1.178437113761901855e+00 -1.012833952903747559e+00 -1.033695816993713379e+00 1.767242908477783203e+00 -4.469603002071380615e-01 -9.484921693801879883e-01 -1.106783390045166016e+00 -8.856887221336364746e-01 -5.670992732048034668e-01 2.139826059341430664e+00 1.138729453086853027e+00 1.450870156288146973e+00 -1.876975782215595245e-02 -1.827335834503173828e+00 -4.464429616928100586e-01
-7.637946605682373047e-01 1.463062167167663574e+00 2.399897098541259766e+00 -1.240431666374206543e+00 1.457567572593688965e+00 -1.149103283882141113e+00 -1.028405070304870605e+00 -1.044310569763183594e+00 1.665594339370727539e+00 -3.299456834793090820e-01 -9.194388985633850098e-01 -1.125233769416809082e+00 -9.731523990631103516e-01 -4.743993878364562988e-01 2.086333036422729492e+00 1.150671601295471191e+00 1.518013834953308105e+00 -9.677942842245101929e-03 -1.902028441429138184e+00 -4.637118875980377197e-01
-8.349378705024719238e-01 1.475038290023803711e+00 2.345490932464599609e+00 -1.344593286514282227e+00 1.304200410842895508e+00 -1.130285143852233887e+00 -1.064923048019409180e+00 -1.095203280448913574e+00 1.576855421066284180e+00 -2.117344737052917480e-01 -8.870553970336914062e-01 -1.153795838356018066e+00 -1.053353548049926758e+00 -3.765652179718017578e-01 2.038009405136108398e+00 1.156261324882507324e+00 1.589438199996948242e+00 -3.135988861322402954e-02 -1.972258329391479492e+00 -4.874251782894134521e-01
-9.032258987426757812e-01 1.509631752967834473e+00 2.258139848709106445e+00 -1.443202257156372070e+00 1.139281868934631348e+00 -1.122293353080749512e+00 -1.103310465812683105e+00 -1.178800702095031738e+00 1.474484920501708984e+00 -1.069868654012680054e-01 -8.239414095878601074e-01 -1.161308169364929199e+00 -1.096222519874572754e+00 -2.497738450765609741e-01 1.959100723266601562e+00 1.164651036262512207e+00 1.659608006477355957e+00 -6.651443988084793091e-02 -2.014057636260986328e+00 -5.164257287979125977e-01
-9.693878293037414551e-01 1.543001413345336914e+00 2.134725570678710938e+00 -1.517468929290771484e+00 1.000582575798034668e+00 -1.110042095184326172e+00 -1.117936611175537109e+00 -1.271572828292846680e+00 1.370098114013671875e+00 -3.175736963748931885e-02 -7.840586304664611816e-01 -1.131358981132507324e+00 -1.129225969314575195e+00 -1.087248474359512329e-01 1.852277517318725586e+00 1.148865818977355957e+00 1.700318694114685059e+00 -9.961782395839691162e-02 -2.004518508911132812e+00 -5.689548850059509277e-01
-1.016461491584777832e+00 1.580238461494445801e+00 1.962984561920166016e+00 -1.577342987060546875e+00 8.914579153060913086e-01 -1.087060809135437012e+00 -1.117825627326965332e+00 -1.363942861557006836e+00 1.256702661514282227e+00 1.957146823406219482e-02 -7.455983161926269531e-01 -1.058310866355895996e+00 -1.140754699707031250e+00 4.708266630768775940e-02 1.717064976692199707e+00 1.117748022079467773e+00 1.720260500907897949e+00 -1.409149169921875000e-01 -1.941647410392761230e+00 -6.493203043937683105e-01
-1.049989819526672363e+00 1.604205608367919922e+00 1.772378444671630859e+00 -1.605574727058410645e+00 8.082262277603149414e-01 -1.033746004104614258e+00 -1.098473668098449707e+00 -1.469263911247253418e+00 1.127452135086059570e+00 3.040746599435806274e-02 -6.805007457733154297e-01 -9.463924765586853027e-01 -1.117423892021179199e+00 2.104202359914779663e-01 1.573094248771667480e+00 1.087664961814880371e+00 1.708675861358642578e+00 -1.735174655914306641e-01 -1.847797989845275879e+00 -7.155989408493041992e-01
-1.105093121528625488e+00 1.643581628799438477e+00 1.610953211784362793e+00 -1.668559312820434570e+00 8.119418621063232422e-01 -1.019544243812561035e+00 -1.101592659950256348e+00 -1.590470433235168457e+00 1.091866016387939453e+00 5.919560790061950684e-04 -6.438633203506469727e-01 -8.524883985519409180e-01 -1.065930962562561035e+00 3.654481768608093262e-01 1.485585093498229980e+00 1.080628871917724609e+00 1.736021041870117188e+00 -2.419981360435485840e-01 -1.744591712951660156e+00 -7.577135562896728516e-01
-1.104510426521301270e+00 1.719609379768371582e+00 1.455633640289306641e+00 -1.728998303413391113e+00 9.435984492301940918e-01 -1.033932566642761230e+00 -1.120089769363403320e+00 -1.669056296348571777e+00 1.170780181884765625e+00 -7.911141216754913330e-02 -6.164942383766174316e-01 -7.680895924568176270e-01 -9.682785272598266602e-01 4.835402369499206543e-01 1.436152577400207520e+00 1.082738280296325684e+00 1.787850260734558105e+00 -3.258782029151916504e-01 -1.603957414627075195e+00 -8.000702857971191406e-01
-1.082900404930114746e+00 1.787029981613159180e+00 1.309944033622741699e+00 -1.770331263542175293e+00 1.136393785476684570e+00 -1.049035549163818359e+00 -1.140245914459228516e+00 -1.692409992218017578e+00 1.298337936401367188e+00 -2.158736288547515869e-01 -6.005339026451110840e-01 -6.540066599845886230e-01 -8.579281568527221680e-01 6.032146811485290527e-01 1.403752684593200684e+00 1.104085087776184082e+00 1.830017924308776855e+00 -3.850862085819244385e-01 -1.427425026893615723e+00 -8.230783939361572266e-01
-1.039746403694152832e+00 1.859232902526855469e+00 1.195776820182800293e+00 -1.784507036209106445e+00 1.329278230667114258e+00 -1.083813786506652832e+00 -1.191447019577026367e+00 -1.676135301589965820e+00 1.417690277099609375e+00 -3.430037498474121094e-01 -5.649393796920776367e-01 -5.450109839439392090e-01 -7.394844293594360352e-01 6.910973787307739258e-01 1.395543694496154785e+00 1.116250514984130859e+00 1.843961000442504883e+00 -4.464052915573120117e-01 -1.249607563018798828e+00 -8.114104866981506348e-01
-1.001555800437927246e+00 1.917023897171020508e+00 1.135064005851745605e+00 -1.757519960403442383e+00 1.553099036216735840e+00 -1.173315167427062988e+00 -1.273202419281005859e+00 -1.644975662231445312e+00 1.554906129837036133e+00 -4.604374766349792480e-01 -5.289646983146667480e-01 -4.408631324768066406e-01 -5.886958241462707520e-01 7.985156774520874023e-01 1.431779503822326660e+00 1.138160705566406250e+00 1.848621964454650879e+00 -5.092437267303466797e-01 -1.063687801361083984e+00 -7.751306295394897461e-01
-9.745450615882873535e-01 1.962109446525573730e+00 1.107233762741088867e+00 -1.720149517059326172e+00 1.717337489128112793e+00 -1.262803792953491211e+00 -1.353710055351257324e+00 -1.626472949981689453e+00 1.659509420394897461e+00 -5.411262512207031250e-01 -4.987381100654602051e-01 -3.749473989009857178e-01 -4.651506543159484863e-01 8.806877732276916504e-01 1.465214729309082031e+00 1.143292188644409180e+00 1.848086237907409668e+00 -5.479517579078674316e-01 -9.324325919151306152e-01 -7.093881368637084961e-01
-9.592120051383972168e-01 2.007115840911865234e+00 1.122180938720703125e+00 -1.686959981918334961e+00 1.825647473335266113e+00 -1.331694960594177246e+00 -1.433681964874267578e+00 -1.605882287025451660e+00 1.737624168395996094e+00 -5.930909514427185059e-01 -4.675733447074890137e-01 -3.228754401206970215e-01 -3.950403332710266113e-01 9.400790333747863770e-01 1.499623179435729980e+00 1.156042575836181641e+00 1.839275121688842773e+00 -5.751498341560363770e-01 -8.681474328041076660e-01 -6.580531597137451172e-01
-9.415047168731689453e-01 2.044649124145507812e+00 1.161483168601989746e+00 -1.658165693283081055e+00 1.910209178924560547e+00 -1.379480481147766113e+00 -1.513857007026672363e+00 -1.582064628601074219e+00 1.809906721115112305e+00 -6.226288080215454102e-01 -4.493032097816467285e-01 -2.991257309913635254e-01 -3.648912906646728516e-01 9.656471610069274902e-01 1.528763055801391602e+00 1.157689094543457031e+00 1.830445528030395508e+00 -5.912717580795288086e-01 -8.507332205772399902e-01 -6.138424277305603027e-01
-9.155773520469665527e-01 2.062989473342895508e+00 1.202201724052429199e+00 -1.627253532409667969e+00 1.986915826797485352e+00 -1.414292335510253906e+00 -1.577365756034851074e+00 -1.556772708892822266e+00 1.872650384902954102e+00 -6.407065987586975098e-01 -4.340934157371520996e-01 -2.937741577625274658e-01 -3.472409844398498535e-01 9.658975005149841309e-01 1.556344628334045410e+00 1.153582930564880371e+00 1.820215582847595215e+00 -5.947372913360595703e-01 -8.428671360015869141e-01 -5.711577534675598145e-01
-8.689543604850769043e-01 2.061733484268188477e+00 1.247663497924804688e+00 -1.593280911445617676e+00 2.069302558898925781e+00 -1.433889985084533691e+00 -1.627968192100524902e+00 -1.527231454849243164e+00 1.942431688308715820e+00 -6.472435593605041504e-01 -4.151734709739685059e-01 -3.057205677032470703e-01 -3.333234786987304688e-01 9.284023642539978027e-01 1.593333959579467773e+00 1.148891091346740723e+00 1.809072732925415039e+00 -5.883328914642333984e-01 -8.440436124801635742e-01 -5.279156565666198730e-01
-7.884761095046997070e-01 2.019349813461303711e+00 1.297050595283508301e+00 -1.539684414863586426e+00 2.167444229125976562e+00 -1.421788215637207031e+00 -1.656193614006042480e+00 -1.479076266288757324e+00 2.024792194366455078e+00 -6.429270505905151367e-01 -3.923546671867370605e-01 -3.412882983684539795e-01 -3.170965313911437988e-01 8.328577280044555664e-01 1.638128876686096191e+00 1.141254901885986328e+00 1.789024710655212402e+00 -5.600525140762329102e-01 -8.525946736335754395e-01 -4.792829453945159912e-01
-6.227325201034545898e-01 1.899041771888732910e+00 1.380725979804992676e+00 -1.438892006874084473e+00 2.324887514114379883e+00 -1.381975531578063965e+00 -1.628551721572875977e+00 -1.394101381301879883e+00 2.161390066146850586e+00 -6.211841106414794922e-01 -3.701420426368713379e-01 -4.489572644233703613e-01 -2.675769925117492676e-01 6.040140986442565918e-01 1.708721280097961426e+00 1.148164510726928711e+00 1.764629840850830078e+00 -4.920636713504791260e-01 -8.792595863342285156e-01 -4.217662513256072998e-01
-3.980137705802917480e-01 1.635370254516601562e+00 1.457087159156799316e+00 -1.281894445419311523e+00 2.467149019241333008e+00 -1.275332570075988770e+00 -1.433936357498168945e+00 -1.296630620956420898e+00 2.294346570968627930e+00 -5.709721446037292480e-01 -3.714846968650817871e-01 -6.478552222251892090e-01 -1.837158501148223877e-01 1.920255124568939209e-01 1.787796020507812500e+00 1.151502370834350586e+00 1.711434125900268555e+00 -3.883824348449707031e-01 -9.155176281929016113e-01 -3.574596643447875977e-01
-2.843381762504577637e-01 1.308442711830139160e+00 1.556431770324707031e+00 -1.118467688560485840e+00 2.495965242385864258e+00 -1.126716613769531250e+00 -1.182909488677978516e+00 -1.243939876556396484e+00 2.268676280975341797e+00 -4.863584041595458984e-01 -4.954721331596374512e-01 -9.377785921096801758e-01 -1.848339438438415527e-01 -2.581509947776794434e-01 1.921438813209533691e+00 1.158792614936828613e+00 1.693266153335571289e+00 -2.409418523311614990e-01 -1.034346938133239746e+00 -2.974472641944885254e-01
-3.310010135173797607e-01 1.116222262382507324e+00 1.807932019233703613e+00 -1.047597765922546387e+00 2.521039009094238281e+00 -1.101520061492919922e+00 -1.034896850585937500e+00 -1.256330728530883789e+00 2.273288726806640625e+00 -4.478665292263031006e-01 -6.935377717018127441e-01 -1.218525767326354980e+00 -2.047130465507507324e-01 -4.943596124649047852e-01 2.149387836456298828e+00 1.251202464103698730e+00 1.778950095176696777e+00 -1.376541852951049805e-01 -1.228693485260009766e+00 -2.593905031681060791e-01
-4.528636336326599121e-01 1.036059260368347168e+00 1.983296155929565430e+00 -1.022109508514404297e+00 2.502441167831420898e+00 -1.133347272872924805e+00 -9.422631263732910156e-01 -1.349207758903503418e+00 2.260004758834838867e+00 -4.274671673774719238e-01 -8.700515627861022949e-01 -1.391500115394592285e+00 -2.150419503450393677e-01 -5.931077599525451660e-01 2.316699981689453125e+00 1.283395409584045410e+00 1.823544263839721680e+00 -9.113677591085433960e-02 -1.347458004951477051e+00 -2.069554328918457031e-01
-5.374084115028381348e-01 9.672473669052124023e-01 2.080282688140869141e+00 -9.991229772567749023e-01 2.452223062515258789e+00 -1.145725607872009277e+00 -8.804920911788940430e-01 -1.397568941116333008e+00 2.216130256652832031e+00 -4.008446633815765381e-01 -9.727579355239868164e-01 -1.491553664207458496e+00 -2.201514989137649536e-01 -6.397268772125244141e-01 2.404565095901489258e+00 1.291865587234497070e+00 1.835561752319335938e+00 -6.051354855298995972e-02 -1.415471553802490234e+00 -1.594482064247131348e-01
-5.983961820602416992e-01 9.071146845817565918e-01 2.146183967590332031e+00 -9.843679070472717285e-01 2.395621299743652344e+00 -1.146823883056640625e+00 -8.405005335807800293e-01 -1.423038721084594727e+00 2.164247512817382812e+00 -3.685170412063598633e-01 -1.038488268852233887e+00 -1.556695342063903809e+00 -2.286343723535537720e-01 -6.606079339981079102e-01 2.450597047805786133e+00 1.290545582771301270e+00 1.835674405097961426e+00 -3.864853456616401672e-02 -1.467202782630920410e+00 -1.207003965973854065e-01
-6.432805061340332031e-01 8.536282181739807129e-01 2.196209430694580078e+00 -9.778368473052978516e-01 2.332446813583374023e+00 -1.143425703048706055e+00 -8.145852088928222656e-01 -1.435671687126159668e+00 2.107545852661132812e+00 -3.284501135349273682e-01 -1.080855250358581543e+00 -1.602519512176513672e+00 -2.406590133905410767e-01 -6.685822010040283203e-01 2.473635911941528320e+00 1.281101822853088379e+00 1.828435659408569336e+00 -2.390681765973567963e-02 -1.512042760848999023e+00 -8.632661402225494385e-02
-6.713011860847473145e-01 8.141530752182006836e-01 2.241475343704223633e+00 -9.873821139335632324e-01 2.266436815261840820e+00 -1.142399072647094727e+00 -8.016476035118103027e-01 -1.437794327735900879e+00 2.046661853790283203e+00 -2.835590541362762451e-01 -1.108238697052001953e+00 -1.624772787094116211e+00 -2.604781389236450195e-01 -6.665017008781433105e-01 2.480616807937622070e+00 1.267754673957824707e+00 1.816520452499389648e+00 -1.134371757507324219e-02 -1.552366495132446289e+00 -6.995669752359390259e-02
-6.949939131736755371e-01 7.826451659202575684e-01 2.278574705123901367e+00 -1.016185641288757324e+00 2.192615270614624023e+00 -1.135885357856750488e+00 -7.963206171989440918e-01 -1.431234478950500488e+00 1.975699186325073242e+00 -2.392704784870147705e-01 -1.128098011016845703e+00 -1.626575469970703125e+00 -2.912576198577880859e-01 -6.451411247253417969e-01 2.471347570419311523e+00 1.254567623138427734e+00 1.805222272872924805e+00 3.971762955188751221e-03 -1.593835830688476562e+00 -6.213992834091186523e-02
-7.333418130874633789e-01 7.658917307853698730e-01 2.330130338668823242e+00 -1.041865348815917969e+00 2.092643737792968750e+00 -1.152727007865905762e+00 -8.026930689811706543e-01 -1.429939746856689453e+00 1.873761177062988281e+00 -1.890166103839874268e-01 -1.130867481231689453e+00 -1.601530551910400391e+00 -3.461073040962219238e-01 -5.887632966041564941e-01 2.431894063949584961e+00 1.247545361518859863e+00 1.779567480087280273e+00 1.877003908157348633e-02 -1.651574611663818359e+00 -7.003581523895263672e-02
-7.690722346305847168e-01 7.819778323173522949e-01 2.357322216033935547e+00 -1.090235590934753418e+00 1.945540547370910645e+00 -1.168479323387145996e+00 -8.354075551033020020e-01 -1.419702291488647461e+00 1.751242637634277344e+00 -1.282261013984680176e-01 -1.093000650405883789e+00 -1.534551620483398438e+00 -4.121846556663513184e-01 -4.976567625999450684e-01 2.355686902999877930e+00 1.230398297309875488e+00 1.738729953765869141e+00 2.221778035163879395e-02 -1.704916954040527344e+00 -9.290342777967453003e-02
-8.196001052856445312e-01 8.849400877952575684e-01 2.316514730453491211e+00 -1.211363434791564941e+00 1.697353005409240723e+00 -1.214349746704101562e+00 -9.186653494834899902e-01 -1.425593614578247070e+00 1.597239732742309570e+00 -2.590331062674522400e-02 -9.939430952072143555e-01 -1.422716021537780762e+00 -5.066297650337219238e-01 -3.350136876106262207e-01 2.248202562332153320e+00 1.206652522087097168e+00 1.706696629524230957e+00 -3.509534522891044617e-02 -1.750348210334777832e+00 -1.432347893714904785e-01
-8.619580268859863281e-01 1.043408513069152832e+00 2.162573099136352539e+00 -1.333206653594970703e+00 1.356941699981689453e+00 -1.250753879547119141e+00 -9.797620177268981934e-01 -1.412117481231689453e+00 1.404480695724487305e+00 6.891419738531112671e-02 -8.602347373962402344e-01 -1.214338302612304688e+00 -6.007544398307800293e-01 -1.175662875175476074e-01 2.052969455718994141e+00 1.135721087455749512e+00 1.603754281997680664e+00 -1.479589641094207764e-01 -1.726100802421569824e+00 -2.385928928852081299e-01
-9.599054455757141113e-01 1.325181245803833008e+00 1.961624383926391602e+00 -1.500069975852966309e+00 1.039214491844177246e+00 -1.254633426666259766e+00 -1.010602355003356934e+00 -1.433023095130920410e+00 1.273001194000244141e+00 1.230774074792861938e-02 -7.377446889877319336e-01 -9.376646280288696289e-01 -6.647921204566955566e-01 1.555055379867553711e-01 1.840760946273803711e+00 1.040151238441467285e+00 1.485018849372863770e+00 -2.769819498062133789e-01 -1.609504818916320801e+00 -3.805659711360931396e-01
-1.117954015731811523e+00 1.574568271636962891e+00 1.775335073471069336e+00 -1.621928095817565918e+00 9.699491858482360840e-01 -1.256647825241088867e+00 -9.836013317108154297e-01 -1.538252353668212891e+00 1.251002311706542969e+00 -1.776568591594696045e-01 -7.598683834075927734e-01 -7.056400179862976074e-01 -7.027949094772338867e-01 4.447528719902038574e-01 1.742889404296875000e+00 9.872263669967651367e-01 1.464173913002014160e+00 -3.827674686908721924e-01 -1.436825275421142578e+00 -5.427256822586059570e-01
-1.197795391082763672e+00 1.736615657806396484e+00 1.709202289581298828e+00 -1.712298512458801270e+00 1.081254720687866211e+00 -1.295120596885681152e+00 -9.349379539489746094e-01 -1.680767297744750977e+00 1.373823165893554688e+00 -3.237914144992828369e-01 -8.068920373916625977e-01 -6.327444314956665039e-01 -6.944155693054199219e-01 5.444223284721374512e-01 1.750250816345214844e+00 9.771929383277893066e-01 1.511952400207519531e+00 -4.760249257087707520e-01 -1.346166849136352539e+00 -6.539282202720642090e-01
-1.242287039756774902e+00 1.794326901435852051e+00 1.651176452636718750e+00 -1.748286485671997070e+00 1.210756540298461914e+00 -1.278246879577636719e+00 -8.722122311592102051e-01 -1.757873892784118652e+00 1.464276552200317383e+00 -4.567507803440093994e-01 -8.640801906585693359e-01 -5.884355306625366211e-01 -6.714257597923278809e-01 5.841495990753173828e-01 1.769707083702087402e+00 9.905406832695007324e-01 1.547055125236511230e+00 -5.152378678321838379e-01 -1.279196262359619141e+00 -7.171618938446044922e-01
-1.267856717109680176e+00 1.786820411682128906e+00 1.591625213623046875e+00 -1.746904134750366211e+00 1.307080030441284180e+00 -1.229462027549743652e+00 -8.152820467948913574e-01 -1.784500360488891602e+00 1.498932838439941406e+00 -5.538634657859802246e-01 -9.078794717788696289e-01 -5.619285702705383301e-01 -6.524338126182556152e-01 6.006417870521545410e-01 1.772014975547790527e+00 1.008709192276000977e+00 1.564261913299560547e+00 -5.212402343750000000e-01 -1.232809662818908691e+00 -7.330127954483032227e-01
-1.277489423751831055e+00 1.764973402023315430e+00 1.539806008338928223e+00 -1.727326631546020508e+00 1.357100009918212891e+00 -1.185784935951232910e+00 -7.904715538024902344e-01 -1.788545250892639160e+00 1.489665031433105469e+00 -5.981919169425964355e-01 -9.287479519844055176e-01 -5.518428087234497070e-01 -6.506684422492980957e-01 6.092173457145690918e-01 1.751617312431335449e+00 1.016503691673278809e+00 1.573756456375122070e+00 -5.198537111282348633e-01 -1.213077187538146973e+00 -7.279554009437561035e-01
-1.280282258987426758e+00 1.768174529075622559e+00 1.509187936782836914e+00 -1.700363636016845703e+00 1.369553446769714355e+00 -1.170701980590820312e+00 -8.158853650093078613e-01 -1.787986516952514648e+00 1.450844049453735352e+00 -5.976588726043701172e-01 -9.307538866996765137e-01 -5.552467107772827148e-01 -6.798608303070068359e-01 6.248759031295776367e-01 1.710056066513061523e+00 1.012699484825134277e+00 1.589985251426696777e+00 -5.215846896171569824e-01 -1.228721380233764648e+00 -7.166863083839416504e-01
-1.272455692291259766e+00 1.807437062263488770e+00 1.478295445442199707e+00 -1.659441471099853516e+00 1.325133323669433594e+00 -1.181069493293762207e+00 -9.232398271560668945e-01 -1.766033649444580078e+00 1.365146636962890625e+00 -5.483382940292358398e-01 -8.974269628524780273e-01 -5.501573681831359863e-01 -7.446610927581787109e-01 6.560816764831542969e-01 1.619373440742492676e+00 9.804765582084655762e-01 1.589414834976196289e+00 -5.281848311424255371e-01 -1.270044565200805664e+00 -6.866224408149719238e-01
-1.228249430656433105e+00 1.876931309700012207e+00 1.444256544113159180e+00 -1.573774337768554688e+00 1.221428871154785156e+00 -1.223691701889038086e+00 -1.106664657592773438e+00 -1.712022781372070312e+00 1.239691972732543945e+00 -4.429525434970855713e-01 -8.263267278671264648e-01 -5.383861064910888672e-01 -8.298882246017456055e-01 6.769236326217651367e-01 1.468491196632385254e+00 8.986064791679382324e-01 1.547539472579956055e+00 -5.364373326301574707e-01 -1.318970680236816406e+00 -6.285971999168395996e-01
-1.126701712608337402e+00 1.962274909019470215e+00 1.444647908210754395e+00 -1.466336607933044434e+00 1.176237344741821289e+00 -1.303429722785949707e+00 -1.334312677383422852e+00 -1.688698291778564453e+00 1.215420722961425781e+00 -2.642314136028289795e-01 -7.526946663856506348e-01 -6.297047734260559082e-01 -8.914175033569335938e-01 6.003420948982238770e-01 1.348788022994995117e+00 7.951831817626953125e-01 1.539371371269226074e+00 -5.564296841621398926e-01 -1.398928642272949219e+00 -5.367128849029541016e-01
-9.863364100456237793e-01 2.008294820785522461e+00 1.496220111846923828e+00 -1.336354970932006836e+00 1.225393891334533691e+00 -1.370430350303649902e+00 -1.528536081314086914e+00 -1.616698622703552246e+00 1.305295944213867188e+00 -1.539793759584426880e-01 -6.791364550590515137e-01 -7.213413715362548828e-01 -8.775486946105957031e-01 4.650987386703491211e-01 1.333241224288940430e+00 7.125129699707031250e-01 1.516422510147094727e+00 -5.767862796783447266e-01 -1.445346474647521973e+00 -4.242613017559051514e-01
-9.030684232711791992e-01 2.027554512023925781e+00 1.594164729118347168e+00 -1.258740663528442383e+00 1.312697052955627441e+00 -1.420086741447448730e+00 -1.649689316749572754e+00 -1.530877351760864258e+00 1.426520586013793945e+00 -1.406021118164062500e-01 -6.432198882102966309e-01 -7.747300863265991211e-01 -8.387712836265563965e-01 3.623072504997253418e-01 1.395751595497131348e+00 6.963344812393188477e-01 1.493230819702148438e+00 -5.569005012512207031e-01 -1.475525856018066406e+00 -3.230049312114715576e-01
-8.502553701400756836e-01 2.045886516571044922e+00 1.720301866531372070e+00 -1.216693758964538574e+00 1.461700558662414551e+00 -1.496652603149414062e+00 -1.718765854835510254e+00 -1.499831318855285645e+00 1.621731996536254883e+00 -1.771350055932998657e-01 -6.244165301322937012e-01 -8.543919324874877930e-01 -7.842254042625427246e-01 2.357197701930999756e-01 1.512387037277221680e+00 7.424430251121520996e-01 1.520586490631103516e+00 -5.318570137023925781e-01 -1.510684728622436523e+00 -2.482782900333404541e-01
-7.873569726943969727e-01 2.035588026046752930e+00 1.814052820205688477e+00 -1.163432717323303223e+00 1.610779643058776855e+00 -1.541592478752136230e+00 -1.756132364273071289e+00 -1.446305990219116211e+00 1.797399282455444336e+00 -2.349806725978851318e-01 -6.055635213851928711e-01 -9.027726054191589355e-01 -7.169920206069946289e-01 1.142757683992385864e-01 1.606890201568603516e+00 7.805101871490478516e-01 1.525598526000976562e+00 -4.911057949066162109e-01 -1.508220672607421875e+00 -1.883616447448730469e-01
-7.338553667068481445e-01 2.040668249130249023e+00 1.878458023071289062e+00 -1.133881926536560059e+00 1.784953594207763672e+00 -1.554633498191833496e+00 -1.755272507667541504e+00 -1.415793061256408691e+00 1.980495929718017578e+00 -3.138765692710876465e-01 -6.152617335319519043e-01 -9.523944854736328125e-01 -6.301527023315429688e-01 -3.998292982578277588e-02 1.745872020721435547e+00 8.170707225799560547e-01 1.534490466117858887e+00 -4.663375318050384521e-01 -1.481132030487060547e+00 -1.511981189250946045e-01
-6.667991876602172852e-01 2.011559963226318359e+00 1.910501360893249512e+00 -1.091317176818847656e+00 1.965430736541748047e+00 -1.522761225700378418e+00 -1.716422915458679199e+00 -1.363804221153259277e+00 2.153688430786132812e+00 -4.071961343288421631e-01 -6.289915442466735840e-01 -9.970255494117736816e-01 -5.173960328102111816e-01 -2.162004560232162476e-01 1.890497446060180664e+00 8.502169251441955566e-01 1.525660395622253418e+00 -4.373272657394409180e-01 -1.423878669738769531e+00 -1.110600307583808899e-01
-6.135372519493103027e-01 1.927513957023620605e+00 1.917089462280273438e+00 -1.020686030387878418e+00 2.143843173980712891e+00 -1.437008380889892578e+00 -1.659804105758666992e+00 -1.298156976699829102e+00 2.269609689712524414e+00 -5.061963200569152832e-01 -6.669855713844299316e-01 -1.016988277435302734e+00 -4.162111878395080566e-01 -3.663920760154724121e-01 2.010483980178833008e+00 8.789513707160949707e-01 1.496077179908752441e+00 -3.908362388610839844e-01 -1.357283353805541992e+00 -7.748911529779434204e-02
-5.744615197181701660e-01 1.736070275306701660e+00 1.892707586288452148e+00 -9.156406521797180176e-01 2.281701803207397461e+00 -1.304941773414611816e+00 -1.558967828750610352e+00 -1.206105589866638184e+00 2.300663471221923828e+00 -5.948868393898010254e-01 -7.296981811523437500e-01 -1.023824810981750488e+00 -3.228081464767456055e-01 -4.714799523353576660e-01 2.095691680908203125e+00 9.061506390571594238e-01 1.448890447616577148e+00 -3.146364092826843262e-01 -1.272375106811523438e+00 -3.222934156656265259e-02
-5.667316913604736328e-01 1.427920222282409668e+00 1.861218810081481934e+00 -7.869910001754760742e-01 2.360534906387329102e+00 -1.189190387725830078e+00 -1.416282296180725098e+00 -1.104351520538330078e+00 2.245893239974975586e+00 -6.634008288383483887e-01 -7.914807200431823730e-01 -1.007019281387329102e+00 -2.251345664262771606e-01 -4.867248535156250000e-01 2.147715330123901367e+00 9.717958569526672363e-01 1.396215200424194336e+00 -2.302560210227966309e-01 -1.183294534683227539e+00 3.826560825109481812e-02
-5.780179500579833984e-01 1.122068524360656738e+00 1.828937411308288574e+00 -7.133443355560302734e-01 2.425096750259399414e+00 -1.067662477493286133e+00 -1.273627638816833496e+00 -1.049712300300598145e+00 2.177491903305053711e+00 -6.911705136299133301e-01 -8.420034050941467285e-01 -1.018441438674926758e+00 -1.537127196788787842e-01 -4.545384049415588379e-01 2.199835538864135742e+00 1.073805451393127441e+00 1.401290893554687500e+00 -1.503009200096130371e-01 -1.129081249237060547e+00 1.003938317298889160e-01
-6.052664518356323242e-01 8.986762166023254395e-01 1.800700068473815918e+00 -6.938259601593017578e-01 2.418548822402954102e+00 -9.642623066902160645e-01 -1.180221796035766602e+00 -1.016599297523498535e+00 2.088859796524047852e+00 -6.915395855903625488e-01 -8.623088598251342773e-01 -1.010021090507507324e+00 -1.159550398588180542e-01 -3.990502953529357910e-01 2.225835800170898438e+00 1.166257977485656738e+00 1.400337219238281250e+00 -8.834281563758850098e-02 -1.095312595367431641e+00 1.341412663459777832e-01
-6.498195528984069824e-01 7.537298798561096191e-01 1.761213541030883789e+00 -7.476243376731872559e-01 2.383595228195190430e+00 -8.958159685134887695e-01 -1.104198455810546875e+00 -1.030509948730468750e+00 1.988559722900390625e+00 -6.813572645187377930e-01 -8.661708831787109375e-01 -9.771943092346191406e-01 -8.155278116464614868e-02 -2.952280640602111816e-01 2.241651058197021484e+00 1.226037263870239258e+00 1.412814259529113770e+00 -5.935258418321609497e-02 -1.063406229019165039e+00 1.505983620882034302e-01
-6.833178400993347168e-01 6.668711304664611816e-01 1.687372207641601562e+00 -8.335193991661071777e-01 2.304475545883178711e+00 -8.400097489356994629e-01 -1.038742661476135254e+00 -1.062970280647277832e+00 1.865805387496948242e+00 -6.485579609870910645e-01 -8.512831926345825195e-01 -9.129199385643005371e-01 -6.357418745756149292e-02 -1.689888089895248413e-01 2.200486898422241211e+00 1.230825185775756836e+00 1.412989020347595215e+00 -5.633422359824180603e-02 -1.026001214981079102e+00 1.413399279117584229e-01
-6.856733560562133789e-01 6.434940099716186523e-01 1.603882074356079102e+00 -9.323714971542358398e-01 2.206017255783081055e+00 -8.082830905914306641e-01 -9.957515001296997070e-01 -1.107980847358703613e+00 1.758622407913208008e+00 -5.908381342887878418e-01 -8.140120506286621094e-01 -8.480526804924011230e-01 -6.322805583477020264e-02 -2.693497389554977417e-02 2.100821018218994141e+00 1.195351958274841309e+00 1.425421357154846191e+00 -7.765566557645797729e-02 -1.000870108604431152e+00 9.948670119047164917e-02
-7.036875486373901367e-01 7.155282497406005859e-01 1.493583798408508301e+00 -1.029096126556396484e+00 2.125403881072998047e+00 -8.127174377441406250e-01 -1.004346251487731934e+00 -1.208033323287963867e+00 1.659718751907348633e+00 -5.220872759819030762e-01 -7.905477881431579590e-01 -7.816222310066223145e-01 -9.769201278686523438e-02 1.420175880193710327e-01 1.972426772117614746e+00 1.118348121643066406e+00 1.462149024009704590e+00 -1.459881067276000977e-01 -9.820395112037658691e-01 2.464505657553672791e-02
-7.023450136184692383e-01 8.313769102096557617e-01 1.382353663444519043e+00 -1.061830639839172363e+00 2.031006336212158203e+00 -8.470512032508850098e-01 -1.046300530433654785e+00 -1.285006284713745117e+00 1.565462112426757812e+00 -4.503394365310668945e-01 -7.657613158226013184e-01 -7.080948948860168457e-01 -1.485604792833328247e-01 2.906994819641113281e-01 1.793664693832397461e+00 9.947249293327331543e-01 1.462542176246643066e+00 -2.203982174396514893e-01 -9.606071114540100098e-01 -4.935859888792037964e-02
-7.036284804344177246e-01 1.005989074707031250e+00 1.338656306266784668e+00 -1.060600876808166504e+00 1.927199125289916992e+00 -9.311969876289367676e-01 -1.108452558517456055e+00 -1.334693193435668945e+00 1.511487245559692383e+00 -3.803302645683288574e-01 -7.625554800033569336e-01 -6.422818303108215332e-01 -2.420267015695571899e-01 3.887038826942443848e-01 1.635340690612792969e+00 8.749540448188781738e-01 1.443179607391357422e+00 -2.910934090614318848e-01 -9.790396690368652344e-01 -1.485027074813842773e-01
-6.990556120872497559e-01 1.194226741790771484e+00 1.344882845878601074e+00 -9.840277433395385742e-01 1.856264829635620117e+00 -1.010337352752685547e+00 -1.181818366050720215e+00 -1.365233421325683594e+00 1.519409418106079102e+00 -3.283874690532684326e-01 -7.998384237289428711e-01 -6.378169655799865723e-01 -3.399435877799987793e-01 3.806129693984985352e-01 1.510395169258117676e+00 7.450531125068664551e-01 1.406459331512451172e+00 -3.293174803256988525e-01 -1.024494886398315430e+00 -2.198601663112640381e-01
-7.227294445037841797e-01 1.381199359893798828e+00 1.406273722648620605e+00 -8.576611280441284180e-01 1.824498534202575684e+00 -1.045927405357360840e+00 -1.256970643997192383e+00 -1.372595071792602539e+00 1.578533887863159180e+00 -3.448069095611572266e-01 -8.642479181289672852e-01 -6.822957396507263184e-01 -4.385548233985900879e-01 2.513202726840972900e-01 1.471434473991394043e+00 6.547434329986572266e-01 1.335517406463623047e+00 -3.299919068813323975e-01 -1.093247056007385254e+00 -2.650234401226043701e-01
-8.468058109283447266e-01 1.574280858039855957e+00 1.571493029594421387e+00 -7.597939968109130859e-01 1.881539106369018555e+00 -1.089685440063476562e+00 -1.279314398765563965e+00 -1.445402622222900391e+00 1.729387521743774414e+00 -4.541492462158203125e-01 -1.000818967819213867e+00 -8.202191591262817383e-01 -5.002836585044860840e-01 5.982910096645355225e-02 1.618102669715881348e+00 6.783133745193481445e-01 1.318834543228149414e+00 -3.206249475479125977e-01 -1.192698359489440918e+00 -3.158407211303710938e-01
-9.934103488922119141e-01 1.598473906517028809e+00 1.745204925537109375e+00 -6.176947355270385742e-01 1.912170410156250000e+00 -1.086759090423583984e+00 -1.179761052131652832e+00 -1.469906449317932129e+00 1.835701704025268555e+00 -6.045887470245361328e-01 -1.163132190704345703e+00 -9.723178744316101074e-01 -5.036247968673706055e-01 -1.631156653165817261e-01 1.804431080818176270e+00 7.657886743545532227e-01 1.276891112327575684e+00 -2.700919508934020996e-01 -1.252768039703369141e+00 -3.286919891834259033e-01
-1.119676470756530762e+00 1.498139977455139160e+00 1.836321592330932617e+00 -4.851850271224975586e-01 1.825452685356140137e+00 -1.007174611091613770e+00 -1.049003601074218750e+00 -1.397310733795166016e+00 1.790631055831909180e+00 -7.325543761253356934e-01 -1.265860557556152344e+00 -1.061563849449157715e+00 -5.166178345680236816e-01 -3.068144321441650391e-01 1.899920940399169922e+00 8.446096777915954590e-01 1.207657694816589355e+00 -1.698156297206878662e-01 -1.273084878921508789e+00 -2.824711501598358154e-01
-1.199405193328857422e+00 1.405536293983459473e+00 1.871242642402648926e+00 -4.371212720870971680e-01 1.728376269340515137e+00 -9.670672416687011719e-01 -9.646986126899719238e-01 -1.358943819999694824e+00 1.700640439987182617e+00 -7.859305143356323242e-01 -1.321027159690856934e+00 -1.086115598678588867e+00 -5.376890897750854492e-01 -3.384761810302734375e-01 1.953106164932250977e+00 9.088667035102844238e-01 1.187466144561767578e+00 -9.765204042196273804e-02 -1.288566589355468750e+00 -2.527952194213867188e-01
-1.308061480522155762e+00 1.370780706405639648e+00 1.890094399452209473e+00 -4.847978949546813965e-01 1.595479130744934082e+00 -9.427900910377502441e-01 -9.159778952598571777e-01 -1.334204912185668945e+00 1.597312450408935547e+00 -8.199429512023925781e-01 -1.310108184814453125e+00 -1.054627418518066406e+00 -6.068314313888549805e-01 -2.712363004684448242e-01 1.974460721015930176e+00 9.982642531394958496e-01 1.212380290031433105e+00 -6.199042499065399170e-02 -1.336676239967346191e+00 -2.601615488529205322e-01
-1.405300855636596680e+00 1.349466562271118164e+00 1.860729932785034180e+00 -5.874227881431579590e-01 1.410161018371582031e+00 -9.179639816284179688e-01 -8.545830249786376953e-01 -1.313797235488891602e+00 1.456020355224609375e+00 -8.331661820411682129e-01 -1.254605770111083984e+00 -9.745764136314392090e-01 -6.924431920051574707e-01 -1.508384346961975098e-01 1.935145974159240723e+00 1.071831345558166504e+00 1.229452967643737793e+00 -5.422244593501091003e-02 -1.377287149429321289e+00 -2.921795248985290527e-01
-1.481362819671630859e+00 1.348165988922119141e+00 1.817470312118530273e+00 -7.298269867897033691e-01 1.242672204971313477e+00 -9.130514264106750488e-01 -8.371562361717224121e-01 -1.284693598747253418e+00 1.311661481857299805e+00 -8.355165719985961914e-01 -1.155465841293334961e+00 -8.515602350234985352e-01 -7.524662613868713379e-01 6.790585815906524658e-03 1.879468679428100586e+00 1.182573437690734863e+00 1.251040101051330566e+00 -5.853233486413955688e-02 -1.403105020523071289e+00 -3.484926521778106689e-01
-1.535729050636291504e+00 1.387739896774291992e+00 1.739140510559082031e+00 -9.437328577041625977e-01 1.079693675041198730e+00 -9.270501732826232910e-01 -8.333600163459777832e-01 -1.276379704475402832e+00 1.174187660217285156e+00 -8.131960630416870117e-01 -1.013882398605346680e+00 -7.122524976730346680e-01 -8.015849590301513672e-01 2.097946405410766602e-01 1.801046490669250488e+00 1.293815612792968750e+00 1.303750753402709961e+00 -1.012921705842018127e-01 -1.410500407218933105e+00 -4.286118745803833008e-01
-1.549943089485168457e+00 1.512596845626831055e+00 1.685425162315368652e+00 -1.300846815109252930e+00 1.023411273956298828e+00 -9.849910140037536621e-01 -8.428642153739929199e-01 -1.346118211746215820e+00 1.131579399108886719e+00 -7.702807188034057617e-01 -8.448787331581115723e-01 -5.888678431510925293e-01 -8.420250415802001953e-01 4.433245062828063965e-01 1.784302473068237305e+00 1.429090023040771484e+00 1.441005587577819824e+00 -2.056968808174133301e-01 -1.432242870330810547e+00 -5.653253197669982910e-01
-1.492695212364196777e+00 1.570216655731201172e+00 1.576115846633911133e+00 -1.643213152885437012e+00 1.014294862747192383e+00 -1.049028754234313965e+00 -8.052812814712524414e-01 -1.447865724563598633e+00 1.107149124145507812e+00 -6.979295611381530762e-01 -6.498482227325439453e-01 -4.576086997985839844e-01 -7.843371629714965820e-01 6.604093909263610840e-01 1.749625563621520996e+00 1.527104616165161133e+00 1.548976182937622070e+00 -3.477591574192047119e-01 -1.375228643417358398e+00 -6.775014400482177734e-01
-1.440358877182006836e+00 1.552813410758972168e+00 1.518647074699401855e+00 -1.896178603172302246e+00 1.107061147689819336e+00 -1.147215843200683594e+00 -8.066793084144592285e-01 -1.585871219635009766e+00 1.190374374389648438e+00 -6.231726408004760742e-01 -5.257160663604736328e-01 -4.484089910984039307e-01 -6.630389690399169922e-01 7.903995513916015625e-01 1.793410301208496094e+00 1.568560719490051270e+00 1.670081138610839844e+00 -4.690487980842590332e-01 -1.307449936866760254e+00 -6.585056781768798828e-01
-1.297215700149536133e+00 1.529910445213317871e+00 1.494050383567810059e+00 -2.033421516418457031e+00 1.357385516166687012e+00 -1.268127679824829102e+00 -7.399368882179260254e-01 -1.723847866058349609e+00 1.444964408874511719e+00 -6.002280116081237793e-01 -5.126338601112365723e-01 -4.778339862823486328e-01 -4.488656520843505859e-01 7.723623514175415039e-01 1.946537256240844727e+00 1.586382389068603516e+00 1.779821276664733887e+00 -5.671644210815429688e-01 -1.194914460182189941e+00 -6.847110390663146973e-01
-1.089172005653381348e+00 1.415205597877502441e+00 1.435088634490966797e+00 -2.032449007034301758e+00 1.666481614112854004e+00 -1.331282377243041992e+00 -6.473420858383178711e-01 -1.765829324722290039e+00 1.705098390579223633e+00 -6.032574772834777832e-01 -4.915571808815002441e-01 -4.916679263114929199e-01 -1.452517509460449219e-01 6.921214461326599121e-01 2.079844236373901367e+00 1.573010563850402832e+00 1.815335154533386230e+00 -6.076936721801757812e-01 -9.911923408508300781e-01 -6.789712905883789062e-01
-9.266912937164306641e-01 1.239440560340881348e+00 1.423105716705322266e+00 -1.897056460380554199e+00 1.911916255950927734e+00 -1.328677296638488770e+00 -5.608801841735839844e-01 -1.743605494499206543e+00 1.881747722625732422e+00 -6.256461739540100098e-01 -4.999361634254455566e-01 -5.175967812538146973e-01 1.005275100469589233e-01 5.921272635459899902e-01 2.126160860061645508e+00 1.548400640487670898e+00 1.780258536338806152e+00 -5.689877271652221680e-01 -8.314504027366638184e-01 -6.502383351325988770e-01
-8.408985137939453125e-01 1.103358983993530273e+00 1.437933683395385742e+00 -1.736748814582824707e+00 2.068818569183349609e+00 -1.341756224632263184e+00 -5.142230391502380371e-01 -1.715729594230651855e+00 1.960432052612304688e+00 -6.367704272270202637e-01 -5.588916540145874023e-01 -5.505240559577941895e-01 2.255291789770126343e-01 5.230652689933776855e-01 2.142755270004272461e+00 1.518550515174865723e+00 1.746363162994384766e+00 -5.186938643455505371e-01 -7.457029819488525391e-01 -6.243752837181091309e-01
-8.052180409431457520e-01 9.998210072517395020e-01 1.459096074104309082e+00 -1.582065701484680176e+00 2.104292631149291992e+00 -1.322990655899047852e+00 -4.351436197757720947e-01 -1.646204948425292969e+00 1.968124866485595703e+00 -6.703647971153259277e-01 -6.328454017639160156e-01 -5.746251940727233887e-01 2.737044692039489746e-01 4.685189723968505859e-01 2.138557195663452148e+00 1.483083248138427734e+00 1.698596119880676270e+00 -4.609308540821075439e-01 -6.858231425285339355e-01 -6.073183417320251465e-01
-8.792060613632202148e-01 9.452437758445739746e-01 1.454424023628234863e+00 -1.455583214759826660e+00 2.018427133560180664e+00 -1.263381958007812500e+00 -3.781414628028869629e-01 -1.574701905250549316e+00 1.907386302947998047e+00 -7.443188428878784180e-01 -6.878567934036254883e-01 -5.697633028030395508e-01 2.500400543212890625e-01 4.692994356155395508e-01 2.112589597702026367e+00 1.472944855690002441e+00 1.644296169281005859e+00 -4.102528095245361328e-01 -6.485011577606201172e-01 -5.784577131271362305e-01
-1.055170059204101562e+00 9.865435957908630371e-01 1.446816563606262207e+00 -1.396846771240234375e+00 1.828889608383178711e+00 -1.224141597747802734e+00 -3.545553386211395264e-01 -1.543144941329956055e+00 1.793898344039916992e+00 -8.436388373374938965e-01 -7.158948779106140137e-01 -5.251310467720031738e-01 1.607080399990081787e-01 5.471932888031005859e-01 2.064784765243530273e+00 1.489296793937683105e+00 1.584574222564697266e+00 -3.873584568500518799e-01 -6.375228166580200195e-01 -5.578143596649169922e-01
-1.292097926139831543e+00 1.222229719161987305e+00 1.503081440925598145e+00 -1.415597200393676758e+00 1.638364076614379883e+00 -1.237236738204956055e+00 -4.294705986976623535e-01 -1.542544126510620117e+00 1.709628820419311523e+00 -9.952349066734313965e-01 -7.071089744567871094e-01 -4.597904682159423828e-01 -6.447076797485351562e-03 6.621668338775634766e-01 2.020195722579956055e+00 1.561216831207275391e+00 1.573181867599487305e+00 -3.944082260131835938e-01 -7.191813588142395020e-01 -6.011399626731872559e-01
-1.540279388427734375e+00 1.601485252380371094e+00 1.556200861930847168e+00 -1.490795373916625977e+00 1.467658281326293945e+00 -1.272056937217712402e+00 -6.001005172729492188e-01 -1.605743288993835449e+00 1.577588081359863281e+00 -1.126452803611755371e+00 -7.262046337127685547e-01 -3.492448329925537109e-01 -2.674981951713562012e-01 7.936921715736389160e-01 1.968513369560241699e+00 1.579956293106079102e+00 1.565697193145751953e+00 -4.441642165184020996e-01 -8.658696413040161133e-01 -6.966606378555297852e-01
-1.674035549163818359e+00 1.912382245063781738e+00 1.571626424789428711e+00 -1.614272117614746094e+00 1.243669986724853516e+00 -1.349554419517517090e+00 -7.965701818466186523e-01 -1.686902761459350586e+00 1.419823169708251953e+00 -1.058430790901184082e+00 -7.242964506149291992e-01 -2.954161763191223145e-01 -5.204437375068664551e-01 9.060460925102233887e-01 1.858104109764099121e+00 1.518242001533508301e+00 1.574016809463500977e+00 -5.294497013092041016e-01 -1.047874689102172852e+00 -7.620393037796020508e-01
-1.709930777549743652e+00 2.054476022720336914e+00 1.579892158508300781e+00 -1.682368993759155273e+00 1.125978469848632812e+00 -1.371095538139343262e+00 -9.876549839973449707e-01 -1.706819534301757812e+00 1.310283184051513672e+00 -9.487498402595520020e-01 -6.934071183204650879e-01 -2.678626477718353271e-01 -6.787722110748291016e-01 9.761989116668701172e-01 1.746315717697143555e+00 1.470754623413085938e+00 1.575708389282226562e+00 -5.469960570335388184e-01 -1.177224159240722656e+00 -7.871610522270202637e-01
-1.693788647651672363e+00 2.105808496475219727e+00 1.573230504989624023e+00 -1.717739105224609375e+00 1.073665618896484375e+00 -1.365193247795104980e+00 -1.106586813926696777e+00 -1.707927942276000977e+00 1.257404804229736328e+00 -8.640670180320739746e-01 -6.897427439689636230e-01 -2.654032707214355469e-01 -7.858381867408752441e-01 9.803736209869384766e-01 1.665330767631530762e+00 1.414330005645751953e+00 1.571926116943359375e+00 -5.341841578483581543e-01 -1.253982186317443848e+00 -7.981210350990295410e-01
-1.645464897155761719e+00 2.109940767288208008e+00 1.561123251914978027e+00 -1.727828383445739746e+00 1.055455923080444336e+00 -1.362740755081176758e+00 -1.156105637550354004e+00 -1.701812267303466797e+00 1.237154722213745117e+00 -7.975094318389892578e-01 -6.883616447448730469e-01 -2.728844583034515381e-01 -8.304338455200195312e-01 9.597811102867126465e-01 1.607378482818603516e+00 1.362661719322204590e+00 1.563439965248107910e+00 -5.229710936546325684e-01 -1.280072689056396484e+00 -8.044775724411010742e-01
-1.588201761245727539e+00 2.108046293258666992e+00 1.539682507514953613e+00 -1.728619217872619629e+00 1.066667318344116211e+00 -1.355070471763610840e+00 -1.182790160179138184e+00 -1.692133307456970215e+00 1.242645978927612305e+00 -7.522071599960327148e-01 -6.800906062126159668e-01 -2.839208543300628662e-01 -8.391730785369873047e-01 9.300827383995056152e-01 1.563645601272583008e+00 1.314122319221496582e+00 1.555792689323425293e+00 -5.120550394058227539e-01 -1.277262330055236816e+00 -8.070173859596252441e-01
-1.517081737518310547e+00 2.100529670715332031e+00 1.510284304618835449e+00 -1.714655041694641113e+00 1.086160659790039062e+00 -1.343020915985107422e+00 -1.187888741493225098e+00 -1.672775506973266602e+00 1.266476631164550781e+00 -7.196322679519653320e-01 -6.677529811859130859e-01 -2.941472232341766357e-01 -8.268117904663085938e-01 8.856765031814575195e-01 1.521614551544189453e+00 1.261624574661254883e+00 1.540142774581909180e+00 -5.035203099250793457e-01 -1.256356000900268555e+00 -8.133040666580200195e-01
-1.413663983345031738e+00 2.086266040802001953e+00 1.472483754158020020e+00 -1.677334189414978027e+00 1.102719902992248535e+00 -1.328884959220886230e+00 -1.161861896514892578e+00 -1.647740483283996582e+00 1.308439731597900391e+00 -6.752552986145019531e-01 -6.574051976203918457e-01 -3.184086084365844727e-01 -7.990123629570007324e-01 8.035125732421875000e-01 1.470445632934570312e+00 1.186964273452758789e+00 1.512153863906860352e+00 -4.973514974117279053e-01 -1.224774956703186035e+00 -8.303714990615844727e-01
-1.220990777015686035e+00 2.022355556488037109e+00 1.400291323661804199e+00 -1.556486725807189941e+00 1.118797063827514648e+00 -1.298238873481750488e+00 -1.059248685836791992e+00 -1.586006522178649902e+00 1.366097927093505859e+00 -6.067349314689636230e-01 -6.481252908706665039e-01 -3.568919003009796143e-01 -7.175030112266540527e-01 6.275383830070495605e-01 1.387263178825378418e+00 1.046294212341308594e+00 1.420091390609741211e+00 -4.933000802993774414e-01 -1.148060202598571777e+00 -8.538510799407958984e-01
-8.358923196792602539e-01 1.802556872367858887e+00 1.315063953399658203e+00 -1.199994802474975586e+00 1.172660350799560547e+00 -1.213254094123840332e+00 -7.784339189529418945e-01 -1.414704442024230957e+00 1.503936529159545898e+00 -5.053502321243286133e-01 -7.013055086135864258e-01 -5.267020463943481445e-01 -5.516732931137084961e-01 1.996543556451797485e-01 1.281726241111755371e+00 7.742878794670104980e-01 1.270721316337585449e+00 -4.312449097633361816e-01 -1.049458384513854980e+00 -8.088090419769287109e-01
-5.196673870086669922e-01 1.409219741821289062e+00 1.698892951011657715e+00 -7.226033210754394531e-01 1.924948930740356445e+00 -1.252826213836669922e+00 -6.801965236663818359e-01 -1.365075707435607910e+00 2.028326034545898438e+00 -4.843385517597198486e-01 -1.030115008354187012e+00 -1.129905343055725098e+00 -1.838340610265731812e-01 -4.352919459342956543e-01 1.765105009078979492e+00 7.950639724731445312e-01 1.429917693138122559e+00 -1.915011405944824219e-01 -1.107403516769409180e+00 -4.736183583736419678e-01
-5.961086750030517578e-01 1.064246296882629395e+00 1.954378366470336914e+00 -5.885409712791442871e-01 2.268733024597167969e+00 -1.304533600807189941e+00 -6.897720098495483398e-01 -1.496301293373107910e+00 2.174323320388793945e+00 -4.202001690864562988e-01 -1.311945915222167969e+00 -1.472218275070190430e+00 -4.228831082582473755e-02 -6.021428108215332031e-01 2.139185190200805664e+00 8.976330161094665527e-01 1.563454508781433105e+00 -1.067483648657798767e-01 -1.207121849060058594e+00 -1.746613979339599609e-01
-6.792248487472534180e-01 9.088743329048156738e-01 2.039821147918701172e+00 -5.649071335792541504e-01 2.312500000000000000e+00 -1.296080350875854492e+00 -6.899305582046508789e-01 -1.545380353927612305e+00 2.145144939422607422e+00 -3.822123706340789795e-01 -1.391510009765625000e+00 -1.586515188217163086e+00 -2.824097871780395508e-02 -6.338917613029479980e-01 2.285163879394531250e+00 9.593371152877807617e-01 1.597048044204711914e+00 -8.085030317306518555e-02 -1.261145472526550293e+00 -4.716981947422027588e-02
-7.408429980278015137e-01 8.154889941215515137e-01 2.070945501327514648e+00 -5.450676083564758301e-01 2.287615060806274414e+00 -1.279457211494445801e+00 -6.817638874053955078e-01 -1.565381765365600586e+00 2.084742784500122070e+00 -3.531448543071746826e-01 -1.428465247154235840e+00 -1.636619567871093750e+00 -3.729090094566345215e-02 -6.297252774238586426e-01 2.332576036453247070e+00 9.813261032104492188e-01 1.598457932472229004e+00 -6.488932669162750244e-02 -1.291769027709960938e+00 2.449823915958404541e-02
-7.974003553390502930e-01 7.621388435363769531e-01 2.093720674514770508e+00 -5.356488823890686035e-01 2.257706642150878906e+00 -1.260393023490905762e+00 -6.871659755706787109e-01 -1.585216999053955078e+00 2.036008358001708984e+00 -3.285708427429199219e-01 -1.453424215316772461e+00 -1.675894379615783691e+00 -5.775056034326553345e-02 -6.113876700401306152e-01 2.345123291015625000e+00 9.946836829185485840e-01 1.608795762062072754e+00 -5.159205943346023560e-02 -1.330177545547485352e+00 6.546360254287719727e-02
-8.450081944465637207e-01 7.216196656227111816e-01 2.102024078369140625e+00 -5.308282375335693359e-01 2.216462373733520508e+00 -1.240570783615112305e+00 -6.903498768806457520e-01 -1.605899691581726074e+00 1.979542016983032227e+00 -2.994300425052642822e-01 -1.474506497383117676e+00 -1.704213738441467285e+00 -8.450969308614730835e-02 -5.844339132308959961e-01 2.329155206680297852e+00 9.959226250648498535e-01 1.617164015769958496e+00 -3.891096636652946472e-02 -1.364176630973815918e+00 8.715146034955978394e-02
-8.848496079444885254e-01 6.778858900070190430e-01 2.084095954895019531e+00 -5.266252160072326660e-01 2.153585910797119141e+00 -1.210719466209411621e+00 -6.849460601806640625e-01 -1.624745965003967285e+00 1.903441429138183594e+00 -2.597947716712951660e-01 -1.488621115684509277e+00 -1.721831798553466797e+00 -1.123313903808593750e-01 -5.456544756889343262e-01 2.278782606124877930e+00 9.795344471931457520e-01 1.616129040718078613e+00 -2.794860117137432098e-02 -1.387323141098022461e+00 1.011247932910919189e-01
-9.070954918861389160e-01 6.201272606849670410e-01 2.015318393707275391e+00 -5.269789099693298340e-01 2.049800157546997070e+00 -1.159014821052551270e+00 -6.585978269577026367e-01 -1.633280754089355469e+00 1.788543224334716797e+00 -2.035425007343292236e-01 -1.482614994049072266e+00 -1.710997939109802246e+00 -1.376913040876388550e-01 -4.833923578262329102e-01 2.169575214385986328e+00 9.350953698158264160e-01 1.592089176177978516e+00 -2.093782462179660797e-02 -1.383479356765747070e+00 1.016842871904373169e-01
-9.060430526733398438e-01 5.702438354492187500e-01 1.860908985137939453e+00 -5.824977159500122070e-01 1.918281912803649902e+00 -1.083474874496459961e+00 -5.933031439781188965e-01 -1.654146432876586914e+00 1.654129743576049805e+00 -1.505721807479858398e-01 -1.438793063163757324e+00 -1.634585022926330566e+00 -1.780752539634704590e-01 -3.717775940895080566e-01 1.978976368904113770e+00 8.769475221633911133e-01 1.569767713546752930e+00 -2.889920957386493683e-02 -1.338149428367614746e+00 4.926704242825508118e-02
-9.525978565216064453e-01 5.879434943199157715e-01 1.538278460502624512e+00 -7.306074500083923340e-01 1.760948181152343750e+00 -9.659046530723571777e-01 -5.716750025749206543e-01 -1.723730921745300293e+00 1.412498235702514648e+00 -1.263505518436431885e-01 -1.336454749107360840e+00 -1.395869135856628418e+00 -2.882201671600341797e-01 -8.702176809310913086e-02 1.692405700683593750e+00 8.287976384162902832e-01 1.576058268547058105e+00 -8.671271800994873047e-02 -1.240917563438415527e+00 -8.078922331333160400e-02
-1.002255797386169434e+00 7.791581749916076660e-01 1.189168691635131836e+00 -9.961055517196655273e-01 1.576429963111877441e+00 -8.218629956245422363e-01 -6.633986830711364746e-01 -1.745952129364013672e+00 1.197421550750732422e+00 -1.835960447788238525e-01 -1.040138959884643555e+00 -1.028367042541503906e+00 -4.127557873725891113e-01 3.091930150985717773e-01 1.413077592849731445e+00 8.571758866310119629e-01 1.641418933868408203e+00 -1.830099225044250488e-01 -1.161709666252136230e+00 -2.430783212184906006e-01
-1.019044518470764160e+00 1.191660404205322266e+00 1.108116507530212402e+00 -1.368390917778015137e+00 1.655378460884094238e+00 -8.637582063674926758e-01 -8.374252319335937500e-01 -1.730824589729309082e+00 1.338854789733886719e+00 -3.898239731788635254e-01 -8.358235955238342285e-01 -7.175816297531127930e-01 -4.291613101959228516e-01 5.661903619766235352e-01 1.413031816482543945e+00 1.027233839035034180e+00 1.767288565635681152e+00 -3.036245405673980713e-01 -1.097741842269897461e+00 -5.051852464675903320e-01
-1.064548969268798828e+00 1.421343684196472168e+00 1.135110020637512207e+00 -1.579175353050231934e+00 1.801799416542053223e+00 -9.732265472412109375e-01 -9.539679288864135742e-01 -1.760325670242309570e+00 1.537146091461181641e+00 -5.234612226486206055e-01 -7.778894305229187012e-01 -6.059182286262512207e-01 -3.909902572631835938e-01 7.053480148315429688e-01 1.510679721832275391e+00 1.156998038291931152e+00 1.877622842788696289e+00 -3.742158114910125732e-01 -1.045776247978210449e+00 -6.250684857368469238e-01
-1.072665929794311523e+00 1.550566792488098145e+00 1.162650585174560547e+00 -1.695903062820434570e+00 1.941452026367187500e+00 -1.064355254173278809e+00 -1.019765019416809082e+00 -1.773514270782470703e+00 1.694070577621459961e+00 -6.171845793724060059e-01 -7.365825772285461426e-01 -5.475283861160278320e-01 -3.516926765441894531e-01 7.791647911071777344e-01 1.589531302452087402e+00 1.236388564109802246e+00 1.951194763183593750e+00 -4.173732399940490723e-01 -1.001409053802490234e+00 -6.843407154083251953e-01
