-1.059339046478271484e+00 1.301308631896972656e+00 1.745612621307373047e+00 -7.336778640747070312e-01 1.564828276634216309e+00 -1.167669415473937988e+00 -1.443039655685424805e+00 -1.061712145805358887e+00 1.245714902877807617e+00 -4.816414415836334229e-01 -7.659138441085815430e-01 -5.173863768577575684e-01 -6.880822181701660156e-01 4.442666769027709961e-01 1.599202036857604980e+00 1.267791867256164551e+00 1.271470189094543457e+00 -2.164641022682189941e-01 -1.289836049079895020e+00 -2.982737123966217041e-01
-9.928159117698669434e-01 1.342072844505310059e+00 1.648960113525390625e+00 -7.627412080764770508e-01 1.677054524421691895e+00 -1.209378480911254883e+00 -1.563201665878295898e+00 -1.113683938980102539e+00 1.362710833549499512e+00 -4.743101000785827637e-01 -6.854105591773986816e-01 -5.489427447319030762e-01 -6.191473603248596191e-01 4.603773951530456543e-01 1.599362492561340332e+00 1.191419124603271484e+00 1.316099524497985840e+00 -2.730436027050018311e-01 -1.215384244918823242e+00 -1.342277079820632935e-01
-1.000664472579956055e+00 1.362334847450256348e+00 1.668103575706481934e+00 -7.946308851242065430e-01 1.729542613029479980e+00 -1.213643312454223633e+00 -1.653621077537536621e+00 -1.090096831321716309e+00 1.459087252616882324e+00 -5.250504016876220703e-01 -6.199663281440734863e-01 -5.871255993843078613e-01 -6.005185246467590332e-01 4.345672726631164551e-01 1.690426230430603027e+00 1.252496600151062012e+00 1.382851600646972656e+00 -2.568348646163940430e-01 -1.218414545059204102e+00 -3.048146143555641174e-02
-1.044486999511718750e+00 1.351023316383361816e+00 1.706266999244689941e+00 -8.264105916023254395e-01 1.719626307487487793e+00 -1.182481169700622559e+00 -1.721904397010803223e+00 -1.019429564476013184e+00 1.493347525596618652e+00 -5.928643345832824707e-01 -5.570194125175476074e-01 -5.846196413040161133e-01 -6.076498031616210938e-01 4.049795866012573242e-01 1.784803867340087891e+00 1.360751271247863770e+00 1.417054772377014160e+00 -2.081558555364608765e-01 -1.239626288414001465e+00 3.468788415193557739e-02
-1.098727583885192871e+00 1.340806245803833008e+00 1.743011474609375000e+00 -8.699578046798706055e-01 1.687869310379028320e+00 -1.157553672790527344e+00 -1.754299283027648926e+00 -9.645619392395019531e-01 1.500577688217163086e+00 -6.454378962516784668e-01 -5.111483335494995117e-01 -5.630861520767211914e-01 -6.071538329124450684e-01 3.771677017211914062e-01 1.880151748657226562e+00 1.468998312950134277e+00 1.433506727218627930e+00 -1.705414652824401855e-01 -1.257774949073791504e+00 5.193836987018585205e-02
-1.162594318389892578e+00 1.341607332229614258e+00 1.782938838005065918e+00 -9.296824336051940918e-01 1.639891266822814941e+00 -1.137565255165100098e+00 -1.755769729614257812e+00 -9.427804946899414062e-01 1.498015284538269043e+00 -6.736038923263549805e-01 -4.884113073348999023e-01 -5.510582327842712402e-01 -6.154108047485351562e-01 3.596262931823730469e-01 1.961074709892272949e+00 1.558673739433288574e+00 1.456822633743286133e+00 -1.378380060195922852e-01 -1.285887718200683594e+00 3.383791446685791016e-02
-1.204419136047363281e+00 1.349218130111694336e+00 1.812299728393554688e+00 -1.024214506149291992e+00 1.605812072753906250e+00 -1.111175656318664551e+00 -1.683872222900390625e+00 -9.538487792015075684e-01 1.521499514579772949e+00 -7.071596980094909668e-01 -4.796136617660522461e-01 -5.486688613891601562e-01 -6.136398315429687500e-01 3.359754085540771484e-01 2.038926839828491211e+00 1.638181328773498535e+00 1.486100316047668457e+00 -1.244963631033897400e-01 -1.314659476280212402e+00 -2.863689139485359192e-02
-1.238767981529235840e+00 1.378128409385681152e+00 1.837834119796752930e+00 -1.117682218551635742e+00 1.601425409317016602e+00 -1.101948976516723633e+00 -1.597313523292541504e+00 -9.952664375305175781e-01 1.545730829238891602e+00 -7.367113232612609863e-01 -4.872990846633911133e-01 -5.389844775199890137e-01 -6.090501546859741211e-01 3.274451494216918945e-01 2.100415468215942383e+00 1.685522675514221191e+00 1.502631068229675293e+00 -1.374661624431610107e-01 -1.333352446556091309e+00 -1.101750582456588745e-01
-1.254440665245056152e+00 1.407881259918212891e+00 1.844712615013122559e+00 -1.191055774688720703e+00 1.592502117156982422e+00 -1.092583537101745605e+00 -1.497018933296203613e+00 -1.029688358306884766e+00 1.563042640686035156e+00 -7.638179063796997070e-01 -5.006644725799560547e-01 -5.163632035255432129e-01 -6.029139161109924316e-01 3.248242139816284180e-01 2.121129274368286133e+00 1.694179892539978027e+00 1.496550321578979492e+00 -1.535655260086059570e-01 -1.332390546798706055e+00 -1.960271894931793213e-01
-1.245424747467041016e+00 1.433822393417358398e+00 1.832431554794311523e+00 -1.240316748619079590e+00 1.574329733848571777e+00 -1.076946258544921875e+00 -1.383760452270507812e+00 -1.046386361122131348e+00 1.577311396598815918e+00 -7.897549867630004883e-01 -5.160956382751464844e-01 -4.838608205318450928e-01 -5.988743305206298828e-01 3.174536824226379395e-01 2.097593307495117188e+00 1.664087414741516113e+00 1.467460989952087402e+00 -1.639796197414398193e-01 -1.313058972358703613e+00 -2.830356657505035400e-01
-1.207361817359924316e+00 1.470185399055480957e+00 1.803702354431152344e+00 -1.264427185058593750e+00 1.542632460594177246e+00 -1.054323434829711914e+00 -1.259960770606994629e+00 -1.044736385345458984e+00 1.596550107002258301e+00 -8.182671666145324707e-01 -5.330020785331726074e-01 -4.477309882640838623e-01 -6.016299128532409668e-01 2.886301279067993164e-01 2.026859045028686523e+00 1.586794734001159668e+00 1.411702632904052734e+00 -1.666282713413238525e-01 -1.278776884078979492e+00 -3.734251558780670166e-01
-1.125715613365173340e+00 1.522552371025085449e+00 1.755809903144836426e+00 -1.253957033157348633e+00 1.489595651626586914e+00 -1.020380735397338867e+00 -1.124344229698181152e+00 -1.017855048179626465e+00 1.623998999595642090e+00 -8.469461798667907715e-01 -5.526263713836669922e-01 -4.162784516811370850e-01 -6.163511276245117188e-01 2.180613279342651367e-01 1.895489335060119629e+00 1.442056179046630859e+00 1.320884227752685547e+00 -1.563360989093780518e-01 -1.229483962059020996e+00 -4.648679792881011963e-01
-9.577445983886718750e-01 1.596089839935302734e+00 1.687961220741271973e+00 -1.194828748703002930e+00 1.465178847312927246e+00 -1.008611559867858887e+00 -9.741657972335815430e-01 -9.946058988571166992e-01 1.675048828125000000e+00 -8.438587188720703125e-01 -5.949633717536926270e-01 -4.047911763191223145e-01 -6.208941936492919922e-01 9.265208989381790161e-02 1.701096653938293457e+00 1.193056464195251465e+00 1.196410059928894043e+00 -1.572625488042831421e-01 -1.159293174743652344e+00 -5.577558875083923340e-01
-7.068233489990234375e-01 1.694043755531311035e+00 1.621786355972290039e+00 -1.080804347991943359e+00 1.552468895912170410e+00 -1.054590106010437012e+00 -8.553697466850280762e-01 -1.021832942962646484e+00 1.766618013381958008e+00 -7.847722172737121582e-01 -6.424012780189514160e-01 -4.331678748130798340e-01 -5.692518949508666992e-01 -8.990980684757232666e-02 1.490947127342224121e+00 8.793281912803649902e-01 1.057824492454528809e+00 -2.134145796298980713e-01 -1.076577544212341309e+00 -6.468316912651062012e-01
-5.258873701095581055e-01 1.767570734024047852e+00 1.586751222610473633e+00 -9.893355369567871094e-01 1.648120880126953125e+00 -1.152841091156005859e+00 -8.110702633857727051e-01 -1.127560377120971680e+00 1.904725193977355957e+00 -6.419291496276855469e-01 -7.283840179443359375e-01 -5.859130620956420898e-01 -5.349403023719787598e-01 -2.419940680265426636e-01 1.417026042938232422e+00 6.400890946388244629e-01 1.069848179817199707e+00 -3.472689986228942871e-01 -1.106356382369995117e+00 -6.547286510467529297e-01
-4.689939022064208984e-01 1.897154450416564941e+00 1.657970786094665527e+00 -1.023890614509582520e+00 1.783188819885253906e+00 -1.288540959358215332e+00 -8.985396623611450195e-01 -1.307432770729064941e+00 2.064898014068603516e+00 -5.303807258605957031e-01 -8.368918895721435547e-01 -7.822822332382202148e-01 -4.943338036537170410e-01 -3.473060727119445801e-01 1.463838934898376465e+00 5.675655007362365723e-01 1.192462325096130371e+00 -4.381352066993713379e-01 -1.220588684082031250e+00 -6.299765706062316895e-01
-4.683921039104461670e-01 1.961558580398559570e+00 1.744516015052795410e+00 -1.052660822868347168e+00 1.873692035675048828e+00 -1.392378449440002441e+00 -9.868384003639221191e-01 -1.451323509216308594e+00 2.158576011657714844e+00 -4.394089281558990479e-01 -9.244252443313598633e-01 -9.426804780960083008e-01 -4.688838124275207520e-01 -4.042513966560363770e-01 1.540025830268859863e+00 5.501096844673156738e-01 1.295843124389648438e+00 -4.858604669570922852e-01 -1.307168245315551758e+00 -5.784975290298461914e-01
-4.941654503345489502e-01 1.959679722785949707e+00 1.815667510032653809e+00 -1.059899210929870605e+00 1.937689542770385742e+00 -1.443931937217712402e+00 -1.089599132537841797e+00 -1.530889272689819336e+00 2.190218687057495117e+00 -3.773573040962219238e-01 -9.661183953285217285e-01 -1.056514978408813477e+00 -4.488779902458190918e-01 -4.252762198448181152e-01 1.610846638679504395e+00 5.757767558097839355e-01 1.374595284461975098e+00 -4.845014214515686035e-01 -1.363362431526184082e+00 -5.012781023979187012e-01
-5.339928269386291504e-01 1.914494991302490234e+00 1.842660069465637207e+00 -1.062109827995300293e+00 1.937042713165283203e+00 -1.449593901634216309e+00 -1.175513982772827148e+00 -1.563557028770446777e+00 2.161207437515258789e+00 -3.265281617641448975e-01 -9.807227253913879395e-01 -1.136573910713195801e+00 -4.516229629516601562e-01 -4.055370688438415527e-01 1.663219451904296875e+00 6.054394841194152832e-01 1.437712550163269043e+00 -4.613521099090576172e-01 -1.400993227958679199e+00 -3.979596495628356934e-01
-5.785033106803894043e-01 1.835418581962585449e+00 1.816267013549804688e+00 -1.064345479011535645e+00 1.877259492874145508e+00 -1.410032272338867188e+00 -1.246498942375183105e+00 -1.554514050483703613e+00 2.071240663528442383e+00 -2.809011340141296387e-01 -9.579671621322631836e-01 -1.175990343093872070e+00 -4.550660252571105957e-01 -3.458079695701599121e-01 1.683041810989379883e+00 6.322469115257263184e-01 1.477677941322326660e+00 -4.266310930252075195e-01 -1.402216315269470215e+00 -2.818786501884460449e-01
-6.416876912117004395e-01 1.716050505638122559e+00 1.729927301406860352e+00 -1.061897039413452148e+00 1.756855130195617676e+00 -1.330271482467651367e+00 -1.289968848228454590e+00 -1.521457076072692871e+00 1.914467930793762207e+00 -2.440409660339355469e-01 -8.967816233634948730e-01 -1.172639608383178711e+00 -4.580466747283935547e-01 -2.403356879949569702e-01 1.655604481697082520e+00 6.613484621047973633e-01 1.499272108078002930e+00 -3.848966956138610840e-01 -1.362836837768554688e+00 -1.595776379108428955e-01
-7.204960584640502930e-01 1.549895048141479492e+00 1.598666429519653320e+00 -1.030145049095153809e+00 1.592946767807006836e+00 -1.231390595436096191e+00 -1.280963301658630371e+00 -1.461480259895324707e+00 1.704343676567077637e+00 -2.368733733892440796e-01 -8.212481737136840820e-01 -1.106343746185302734e+00 -4.457274079322814941e-01 -7.439388334751129150e-02 1.589800596237182617e+00 6.864067316055297852e-01 1.490224480628967285e+00 -3.372946977615356445e-01 -1.264718532562255859e+00 -5.432737246155738831e-02
-8.396522402763366699e-01 1.326427698135375977e+00 1.477118492126464844e+00 -1.032225966453552246e+00 1.469662189483642578e+00 -1.132233858108520508e+00 -1.198546051979064941e+00 -1.428847551345825195e+00 1.553869485855102539e+00 -2.795381844043731689e-01 -7.864498496055603027e-01 -1.002782464027404785e+00 -3.944279849529266357e-01 1.052838712930679321e-01 1.578630685806274414e+00 7.650383710861206055e-01 1.489229083061218262e+00 -3.075500726699829102e-01 -1.156294822692871094e+00 2.270996570587158203e-03
-9.799841642379760742e-01 1.154088020324707031e+00 1.400584578514099121e+00 -1.100674748420715332e+00 1.411260724067687988e+00 -1.051721930503845215e+00 -1.091343402862548828e+00 -1.403620719909667969e+00 1.462164044380187988e+00 -3.927020132541656494e-01 -7.534493207931518555e-01 -8.557448983192443848e-01 -3.234094679355621338e-01 2.973778247833251953e-01 1.634680867195129395e+00 9.245805740356445312e-01 1.493532776832580566e+00 -2.907227873802185059e-01 -1.052644014358520508e+00 4.690736532211303711e-04
-1.095881938934326172e+00 1.027032375335693359e+00 1.356962680816650391e+00 -1.184659600257873535e+00 1.359791755676269531e+00 -9.831053018569946289e-01 -9.622836112976074219e-01 -1.354140281677246094e+00 1.388163447380065918e+00 -5.313963294029235840e-01 -7.055302858352661133e-01 -6.795773506164550781e-01 -2.335456460714340210e-01 4.320011734962463379e-01 1.725093483924865723e+00 1.114135026931762695e+00 1.449729681015014648e+00 -2.947894930839538574e-01 -9.559657573699951172e-01 -4.764923825860023499e-02
-1.145686864852905273e+00 9.110763072967529297e-01 1.370258927345275879e+00 -1.207512974739074707e+00 1.349146723747253418e+00 -9.304565787315368652e-01 -8.063099980354309082e-01 -1.263546943664550781e+00 1.352887511253356934e+00 -6.800292730331420898e-01 -6.674209833145141602e-01 -5.378350019454956055e-01 -1.237036436796188354e-01 4.384214878082275391e-01 1.844119191169738770e+00 1.290247559547424316e+00 1.357346534729003906e+00 -2.937495112419128418e-01 -8.730046749114990234e-01 -9.705737233161926270e-02
-1.133878827095031738e+00 7.976238727569580078e-01 1.459367394447326660e+00 -1.122664332389831543e+00 1.366110801696777344e+00 -8.828997015953063965e-01 -5.968794226646423340e-01 -1.119536876678466797e+00 1.336169481277465820e+00 -8.357365727424621582e-01 -6.669367551803588867e-01 -4.445648789405822754e-01 -1.289450377225875854e-02 2.976940274238586426e-01 1.995067477226257324e+00 1.438369035720825195e+00 1.196882247924804688e+00 -2.719674110412597656e-01 -8.040353059768676758e-01 -1.580305248498916626e-01
-1.079374909400939941e+00 8.655440211296081543e-01 1.772388577461242676e+00 -9.967203736305236816e-01 1.550139546394348145e+00 -9.985460638999938965e-01 -5.200350880622863770e-01 -1.073046565055847168e+00 1.516235828399658203e+00 -9.326034784317016602e-01 -7.635629773139953613e-01 -5.689849257469177246e-01 -1.254881173372268677e-02 2.224110439419746399e-02 2.209709167480468750e+00 1.605029463768005371e+00 1.208084106445312500e+00 -1.907033175230026245e-01 -9.421238899230957031e-01 -2.896161675453186035e-01
-9.730705022811889648e-01 1.041646718978881836e+00 2.088596105575561523e+00 -8.778963685035705566e-01 1.758988857269287109e+00 -1.163720726966857910e+00 -5.955370664596557617e-01 -1.063572883605957031e+00 1.697735667228698730e+00 -9.225546717643737793e-01 -8.700147867202758789e-01 -7.547485828399658203e-01 -1.583338826894760132e-01 -1.989230066537857056e-01 2.316802024841308594e+00 1.602447271347045898e+00 1.287072181701660156e+00 -9.992436319589614868e-02 -1.140261650085449219e+00 -3.727791011333465576e-01
-8.751767277717590332e-01 1.143009662628173828e+00 2.213338375091552734e+00 -7.697259187698364258e-01 1.826624393463134766e+00 -1.206980109214782715e+00 -6.638962030410766602e-01 -1.042601943016052246e+00 1.758313059806823730e+00 -8.462761044502258301e-01 -9.195606112480163574e-01 -8.922773003578186035e-01 -3.054557740688323975e-01 -3.772206902503967285e-01 2.275047779083251953e+00 1.496112346649169922e+00 1.305765032768249512e+00 -3.053929656744003296e-02 -1.272963047027587891e+00 -4.123139679431915283e-01
-8.462939858436584473e-01 1.192741632461547852e+00 2.245959520339965820e+00 -7.160797715187072754e-01 1.825430154800415039e+00 -1.195176720619201660e+00 -7.174519896507263184e-01 -1.049995183944702148e+00 1.760978341102600098e+00 -7.693216204643249512e-01 -9.480585455894470215e-01 -9.902897477149963379e-01 -4.271198809146881104e-01 -4.750579595565795898e-01 2.224566936492919922e+00 1.413653850555419922e+00 1.333623528480529785e+00 4.804994910955429077e-03 -1.372394323348999023e+00 -4.220296442508697510e-01
-8.481417894363403320e-01 1.207020282745361328e+00 2.271742105484008789e+00 -6.927814483642578125e-01 1.811125755310058594e+00 -1.166412353515625000e+00 -7.629007697105407715e-01 -1.058789849281311035e+00 1.738296389579772949e+00 -7.091614007949829102e-01 -9.593571424484252930e-01 -1.051646232604980469e+00 -5.091124176979064941e-01 -5.220360159873962402e-01 2.186690807342529297e+00 1.376167654991149902e+00 1.352482795715332031e+00 3.277639299631118774e-02 -1.448922157287597656e+00 -4.305327236652374268e-01
-8.690130114555358887e-01 1.203095793724060059e+00 2.293258190155029297e+00 -6.944282054901123047e-01 1.790601491928100586e+00 -1.133037924766540527e+00 -7.955788969993591309e-01 -1.070824146270751953e+00 1.701753854751586914e+00 -6.635606884956359863e-01 -9.597749710083007812e-01 -1.086834907531738281e+00 -5.635393261909484863e-01 -5.402643680572509766e-01 2.166727066040039062e+00 1.370568633079528809e+00 1.366638541221618652e+00 5.536539852619171143e-02 -1.506909608840942383e+00 -4.434075057506561279e-01
-9.109974503517150879e-01 1.188694000244140625e+00 2.313127517700195312e+00 -7.178058624267578125e-01 1.762591600418090820e+00 -1.100414276123046875e+00 -8.168696761131286621e-01 -1.088424921035766602e+00 1.656736254692077637e+00 -6.308608651161193848e-01 -9.592382311820983887e-01 -1.101660966873168945e+00 -6.017525196075439453e-01 -5.280076265335083008e-01 2.167790889739990234e+00 1.390884876251220703e+00 1.383785724639892578e+00 7.211127877235412598e-02 -1.553407073020935059e+00 -4.628137052059173584e-01
-9.748908877372741699e-01 1.168080568313598633e+00 2.319496631622314453e+00 -7.583307623863220215e-01 1.723523616790771484e+00 -1.056183218955993652e+00 -8.303161859512329102e-01 -1.108108520507812500e+00 1.597387909889221191e+00 -6.096495985984802246e-01 -9.632382988929748535e-01 -1.095822930335998535e+00 -6.326728463172912598e-01 -4.850440025329589844e-01 2.185645103454589844e+00 1.430669903755187988e+00 1.403738617897033691e+00 8.527579903602600098e-02 -1.590721726417541504e+00 -4.869714975357055664e-01
-1.049545764923095703e+00 1.146935224533081055e+00 2.300156831741333008e+00 -8.256802558898925781e-01 1.670907974243164062e+00 -9.943826794624328613e-01 -8.372460007667541504e-01 -1.125334858894348145e+00 1.524074435234069824e+00 -6.026771068572998047e-01 -9.601152539253234863e-01 -1.057690024375915527e+00 -6.580118536949157715e-01 -4.196631312370300293e-01 2.202577352523803711e+00 1.485608100891113281e+00 1.414199352264404297e+00 9.605681896209716797e-02 -1.611574649810791016e+00 -5.216831564903259277e-01
-1.140290737152099609e+00 1.153386831283569336e+00 2.235979080200195312e+00 -9.362176656723022461e-01 1.617411017417907715e+00 -9.204856157302856445e-01 -8.486998081207275391e-01 -1.157406926155090332e+00 1.443410396575927734e+00 -6.141684651374816895e-01 -9.552509188652038574e-01 -9.808123111724853516e-01 -6.816062331199645996e-01 -3.200420737266540527e-01 2.222748756408691406e+00 1.551834464073181152e+00 1.423249483108520508e+00 8.803403377532958984e-02 -1.607679486274719238e+00 -5.782278180122375488e-01
-1.222656965255737305e+00 1.198481798171997070e+00 2.123215198516845703e+00 -1.083081245422363281e+00 1.579504728317260742e+00 -8.445704579353332520e-01 -8.496732711791992188e-01 -1.198413372039794922e+00 1.373688340187072754e+00 -6.479286551475524902e-01 -9.466539025306701660e-01 -8.684608340263366699e-01 -6.899424791336059570e-01 -2.104480713605880737e-01 2.236238956451416016e+00 1.596018910408020020e+00 1.412744998931884766e+00 4.742549359798431396e-02 -1.566379785537719727e+00 -6.514571309089660645e-01
-1.246580123901367188e+00 1.257261395454406738e+00 1.953911066055297852e+00 -1.224151015281677246e+00 1.540146589279174805e+00 -7.589120268821716309e-01 -8.199767470359802246e-01 -1.202645659446716309e+00 1.325927138328552246e+00 -7.080155014991760254e-01 -9.210408926010131836e-01 -7.215048074722290039e-01 -6.751916408538818359e-01 -1.220897138118743896e-01 2.193092346191406250e+00 1.588576316833496094e+00 1.360313296318054199e+00 1.847553998231887817e-03 -1.470196723937988281e+00 -7.261874675750732422e-01
-1.175504446029663086e+00 1.335094332695007324e+00 1.751488208770751953e+00 -1.332167863845825195e+00 1.538595080375671387e+00 -6.942279338836669922e-01 -7.632784843444824219e-01 -1.184427142143249512e+00 1.362636208534240723e+00 -7.800260782241821289e-01 -8.843299150466918945e-01 -5.852817296981811523e-01 -6.012729406356811523e-01 -9.135350584983825684e-02 2.102555990219116211e+00 1.529900789260864258e+00 1.293060898780822754e+00 -4.151254147291183472e-02 -1.323299884796142578e+00 -7.990412116050720215e-01
-1.071599125862121582e+00 1.423999071121215820e+00 1.592134594917297363e+00 -1.394506812095642090e+00 1.573074221611022949e+00 -6.932198405265808105e-01 -7.202740907669067383e-01 -1.172883272171020508e+00 1.513439059257507324e+00 -8.598883152008056641e-01 -8.398427963256835938e-01 -5.118155479431152344e-01 -4.847366809844970703e-01 -1.057138592004776001e-01 2.027341365814208984e+00 1.449423670768737793e+00 1.260406970977783203e+00 -9.361881762742996216e-02 -1.180919766426086426e+00 -8.179870843887329102e-01
-9.562311768531799316e-01 1.510723352432250977e+00 1.456198453903198242e+00 -1.401870608329772949e+00 1.581946253776550293e+00 -7.409147024154663086e-01 -6.941603422164916992e-01 -1.146205544471740723e+00 1.674109458923339844e+00 -9.342190623283386230e-01 -7.871799468994140625e-01 -4.394917786121368408e-01 -3.792145848274230957e-01 -7.726314663887023926e-02 1.899965047836303711e+00 1.305198192596435547e+00 1.224838256835937500e+00 -1.388438344001770020e-01 -1.026600956916809082e+00 -7.749449014663696289e-01
-8.336412906646728516e-01 1.582891583442687988e+00 1.372434139251708984e+00 -1.332760334014892578e+00 1.613619327545166016e+00 -8.269488215446472168e-01 -6.729235649108886719e-01 -1.146299719810485840e+00 1.810887455940246582e+00 -9.672028422355651855e-01 -7.615014910697937012e-01 -4.115566909313201904e-01 -2.886341512203216553e-01 -5.839854478836059570e-02 1.752319931983947754e+00 1.146186590194702148e+00 1.187536239624023438e+00 -1.923525184392929077e-01 -9.121900796890258789e-01 -7.319368124008178711e-01
-6.993980407714843750e-01 1.633921504020690918e+00 1.325682640075683594e+00 -1.216204762458801270e+00 1.675713300704956055e+00 -9.538496732711791992e-01 -6.366122961044311523e-01 -1.173027396202087402e+00 1.933476686477661133e+00 -9.668142199516296387e-01 -7.462341189384460449e-01 -4.277043640613555908e-01 -1.923421621322631836e-01 -5.679369717836380005e-02 1.612894415855407715e+00 9.863128066062927246e-01 1.157139182090759277e+00 -2.628892064094543457e-01 -8.175311088562011719e-01 -6.811598539352416992e-01
-6.405802369117736816e-01 1.687826156616210938e+00 1.346012473106384277e+00 -1.120244860649108887e+00 1.774779200553894043e+00 -1.113607525825500488e+00 -6.064893007278442383e-01 -1.247138619422912598e+00 2.046434164047241211e+00 -9.405439496040344238e-01 -7.738341689109802246e-01 -4.919154047966003418e-01 -1.633754670619964600e-01 -3.854379802942276001e-02 1.594966888427734375e+00 8.804955482482910156e-01 1.197725176811218262e+00 -3.654630184173583984e-01 -7.933027744293212891e-01 -6.182023882865905762e-01
-6.061663627624511719e-01 1.684715509414672852e+00 1.383238554000854492e+00 -1.052719473838806152e+00 1.870604634284973145e+00 -1.289919614791870117e+00 -5.300622582435607910e-01 -1.412978887557983398e+00 2.149772405624389648e+00 -8.409857153892517090e-01 -8.340311646461486816e-01 -6.409028768539428711e-01 -1.255768090486526489e-01 -1.913140714168548584e-02 1.602733016014099121e+00 7.803908586502075195e-01 1.309176564216613770e+00 -4.658325314521789551e-01 -8.000820875167846680e-01 -5.474014282226562500e-01
-6.337934136390686035e-01 1.580426096916198730e+00 1.446693301200866699e+00 -1.054707765579223633e+00 1.918899297714233398e+00 -1.430489897727966309e+00 -4.536520242691040039e-01 -1.632769346237182617e+00 2.177091836929321289e+00 -6.741859316825866699e-01 -9.236250519752502441e-01 -8.768094778060913086e-01 -8.781187236309051514e-02 1.253039017319679260e-02 1.649853825569152832e+00 6.965135335922241211e-01 1.496210098266601562e+00 -5.132830142974853516e-01 -8.627269268035888672e-01 -4.341121017932891846e-01
-7.210741639137268066e-01 1.354252576828002930e+00 1.466974973678588867e+00 -1.098264455795288086e+00 1.889607071876525879e+00 -1.456921458244323730e+00 -3.797592222690582275e-01 -1.847684741020202637e+00 2.054160833358764648e+00 -4.764479100704193115e-01 -1.054102301597595215e+00 -1.067946195602416992e+00 -1.093982309103012085e-01 1.065510809421539307e-01 1.677993893623352051e+00 6.360960602760314941e-01 1.684901595115661621e+00 -4.902323484420776367e-01 -9.548716545104980469e-01 -3.446159958839416504e-01
-8.218387961387634277e-01 1.063990592956542969e+00 1.412004351615905762e+00 -1.122884035110473633e+00 1.765799641609191895e+00 -1.385766983032226562e+00 -3.517181873321533203e-01 -1.930940628051757812e+00 1.769653558731079102e+00 -2.980546951293945312e-01 -1.126051783561706543e+00 -1.127915143966674805e+00 -1.541824638843536377e-01 2.609508037567138672e-01 1.683691263198852539e+00 6.602378487586975098e-01 1.780496478080749512e+00 -4.217299222946166992e-01 -9.956489801406860352e-01 -2.752825915813446045e-01
-9.309726357460021973e-01 8.271563053131103516e-01 1.391135692596435547e+00 -1.137917280197143555e+00 1.616573452949523926e+00 -1.276079058647155762e+00 -3.465715944766998291e-01 -1.919333815574645996e+00 1.504378318786621094e+00 -2.010275721549987793e-01 -1.152668237686157227e+00 -1.140749454498291016e+00 -2.444829791784286499e-01 3.934542536735534668e-01 1.656822443008422852e+00 7.570300102233886719e-01 1.828250050544738770e+00 -3.271679878234863281e-01 -1.074125170707702637e+00 -2.517305314540863037e-01
-1.016405105590820312e+00 7.345501184463500977e-01 1.395334005355834961e+00 -1.194852709770202637e+00 1.520236492156982422e+00 -1.180633068084716797e+00 -3.732033669948577881e-01 -1.865562200546264648e+00 1.344640731811523438e+00 -2.106166183948516846e-01 -1.137266755104064941e+00 -1.096428990364074707e+00 -3.074442744255065918e-01 4.707119464874267578e-01 1.675517082214355469e+00 8.994092345237731934e-01 1.835842132568359375e+00 -2.640293836593627930e-01 -1.131855368614196777e+00 -2.779558897018432617e-01
-1.126326799392700195e+00 7.713150382041931152e-01 1.482442259788513184e+00 -1.304770827293395996e+00 1.495382547378540039e+00 -1.112298250198364258e+00 -4.325642585754394531e-01 -1.797434926033020020e+00 1.269836425781250000e+00 -2.806119322776794434e-01 -1.107455611228942871e+00 -1.021816134452819824e+00 -4.176760911941528320e-01 5.253313779830932617e-01 1.781635642051696777e+00 1.084688425064086914e+00 1.858435273170471191e+00 -2.371833771467208862e-01 -1.229778170585632324e+00 -3.484019041061401367e-01
-1.224636197090148926e+00 8.282713294029235840e-01 1.577463865280151367e+00 -1.394081473350524902e+00 1.500945210456848145e+00 -1.047578454017639160e+00 -4.961164295673370361e-01 -1.729423403739929199e+00 1.216794610023498535e+00 -3.685567677021026611e-01 -1.074785947799682617e+00 -9.374873042106628418e-01 -5.085447430610656738e-01 5.264311432838439941e-01 1.904317021369934082e+00 1.265724778175354004e+00 1.836865186691284180e+00 -2.100227922201156616e-01 -1.312770605087280273e+00 -4.319731593132019043e-01
-1.303572773933410645e+00 8.864280581474304199e-01 1.658518552780151367e+00 -1.454464435577392578e+00 1.502107977867126465e+00 -9.695091843605041504e-01 -5.484219789505004883e-01 -1.644401311874389648e+00 1.175576210021972656e+00 -4.703834056854248047e-01 -1.034189939498901367e+00 -8.463588356971740723e-01 -5.814442038536071777e-01 4.946190118789672852e-01 1.997568130493164062e+00 1.412535786628723145e+00 1.773145556449890137e+00 -1.722924560308456421e-01 -1.371103882789611816e+00 -5.064899325370788574e-01
-1.337818861007690430e+00 9.829359054565429688e-01 1.730934977531433105e+00 -1.507098436355590820e+00 1.515949964523315430e+00 -9.218576550483703613e-01 -5.931006073951721191e-01 -1.586562037467956543e+00 1.197873234748840332e+00 -5.392194986343383789e-01 -9.922079443931579590e-01 -7.884439826011657715e-01 -6.403175592422485352e-01 4.282119870185852051e-01 2.063011407852172852e+00 1.520047068595886230e+00 1.724365830421447754e+00 -1.461448371410369873e-01 -1.422246694564819336e+00 -5.943106412887573242e-01
-1.340162873268127441e+00 1.109892964363098145e+00 1.766327738761901855e+00 -1.549856781959533691e+00 1.532365798950195312e+00 -8.915558457374572754e-01 -6.210684776306152344e-01 -1.524726986885070801e+00 1.258194208145141602e+00 -6.194332838058471680e-01 -9.421588182449340820e-01 -7.216116189956665039e-01 -6.608255505561828613e-01 3.489857912063598633e-01 2.116416215896606445e+00 1.598404526710510254e+00 1.666008472442626953e+00 -1.379399746656417847e-01 -1.425326824188232422e+00 -6.918692588806152344e-01
-1.320850491523742676e+00 1.231775999069213867e+00 1.753321290016174316e+00 -1.574065446853637695e+00 1.527751088142395020e+00 -8.641276955604553223e-01 -6.213102340698242188e-01 -1.461529731750488281e+00 1.324431777000427246e+00 -7.024686336517333984e-01 -8.922907710075378418e-01 -6.558829545974731445e-01 -6.565800905227661133e-01 2.755052745342254639e-01 2.129251956939697266e+00 1.628722071647644043e+00 1.601555585861206055e+00 -1.394685804843902588e-01 -1.388069272041320801e+00 -7.715254426002502441e-01
-1.292136669158935547e+00 1.343113422393798828e+00 1.711203217506408691e+00 -1.592881202697753906e+00 1.519299149513244629e+00 -8.447052836418151855e-01 -6.053964495658874512e-01 -1.425107479095458984e+00 1.412187099456787109e+00 -7.844089269638061523e-01 -8.613504767417907715e-01 -6.231659650802612305e-01 -6.358332037925720215e-01 2.144915908575057983e-01 2.101088762283325195e+00 1.598981380462646484e+00 1.561223030090332031e+00 -1.412024497985839844e-01 -1.340334773063659668e+00 -8.087023496627807617e-01
-1.247630238533020020e+00 1.428740859031677246e+00 1.631390810012817383e+00 -1.618653774261474609e+00 1.519237995147705078e+00 -8.305599689483642578e-01 -5.616407990455627441e-01 -1.412209630012512207e+00 1.514148116111755371e+00 -8.576346039772033691e-01 -8.397417068481445312e-01 -5.961283445358276367e-01 -5.813205838203430176e-01 1.818206012248992920e-01 2.049084663391113281e+00 1.519882917404174805e+00 1.528303146362304688e+00 -1.679960489273071289e-01 -1.255180954933166504e+00 -8.247144818305969238e-01
-1.147919654846191406e+00 1.480456233024597168e+00 1.447130084037780762e+00 -1.653896093368530273e+00 1.529672145843505859e+00 -8.210392594337463379e-01 -4.544957876205444336e-01 -1.442815184593200684e+00 1.632971763610839844e+00 -9.092548489570617676e-01 -8.262677788734436035e-01 -5.686671137809753418e-01 -4.693840146064758301e-01 1.927527487277984619e-01 1.926695823669433594e+00 1.342704176902770996e+00 1.509134173393249512e+00 -2.393393665552139282e-01 -1.087658643722534180e+00 -8.221009969711303711e-01
-1.047152876853942871e+00 1.496500134468078613e+00 1.211838245391845703e+00 -1.578181862831115723e+00 1.555013418197631836e+00 -9.238615632057189941e-01 -3.877233564853668213e-01 -1.602517008781433105e+00 1.743039131164550781e+00 -8.838493227958679199e-01 -7.954745292663574219e-01 -6.129344105720520020e-01 -2.809305787086486816e-01 2.645468115806579590e-01 1.702631235122680664e+00 1.065095186233520508e+00 1.519730329513549805e+00 -3.591629266738891602e-01 -8.848366737365722656e-01 -7.044215798377990723e-01
-1.040150165557861328e+00 1.617494940757751465e+00 1.210708141326904297e+00 -1.504535555839538574e+00 1.707932949066162109e+00 -1.196738123893737793e+00 -5.640308260917663574e-01 -1.940028309822082520e+00 1.869716286659240723e+00 -6.641818284988403320e-01 -8.656499385833740234e-01 -8.294600844383239746e-01 -1.658188551664352417e-01 3.562605977058410645e-01 1.681023120880126953e+00 8.447115421295166016e-01 1.705452680587768555e+00 -5.412665605545043945e-01 -9.039646387100219727e-01 -4.940485358238220215e-01
-1.007493495941162109e+00 1.617546558380126953e+00 1.239910006523132324e+00 -1.391355752944946289e+00 1.762693643569946289e+00 -1.333203196525573730e+00 -7.317355275154113770e-01 -2.077225208282470703e+00 1.861967086791992188e+00 -4.306466877460479736e-01 -9.119423627853393555e-01 -9.820601940155029297e-01 -1.282435953617095947e-01 3.811426162719726562e-01 1.651756048202514648e+00 7.289901375770568848e-01 1.798669099807739258e+00 -6.133899092674255371e-01 -9.649866819381713867e-01 -3.560168743133544922e-01
-9.660956859588623047e-01 1.566843152046203613e+00 1.265615701675415039e+00 -1.305518150329589844e+00 1.780502319335937500e+00 -1.363004565238952637e+00 -8.244755268096923828e-01 -2.098483800888061523e+00 1.829806566238403320e+00 -2.876051068305969238e-01 -9.441900253295898438e-01 -1.073781490325927734e+00 -1.359974592924118042e-01 3.516325354576110840e-01 1.620165944099426270e+00 6.622234582901000977e-01 1.828188061714172363e+00 -6.109326481819152832e-01 -1.024238109588623047e+00 -2.814952731132507324e-01
-9.370312690734863281e-01 1.509319186210632324e+00 1.282186627388000488e+00 -1.253055691719055176e+00 1.776011586189270020e+00 -1.363229036331176758e+00 -8.733447194099426270e-01 -2.089663743972778320e+00 1.794003725051879883e+00 -1.987296938896179199e-01 -9.570362567901611328e-01 -1.128313779830932617e+00 -1.467253714799880981e-01 3.266754746437072754e-01 1.600180625915527344e+00 6.318015456199645996e-01 1.837095856666564941e+00 -5.943289399147033691e-01 -1.064605593681335449e+00 -2.324228286743164062e-01
-9.216095209121704102e-01 1.463696837425231934e+00 1.301102280616760254e+00 -1.234427452087402344e+00 1.767732381820678711e+00 -1.359647512435913086e+00 -8.966432213783264160e-01 -2.081195831298828125e+00 1.772187590599060059e+00 -1.450714468955993652e-01 -9.635399580001831055e-01 -1.168027043342590332e+00 -1.614277511835098267e-01 3.083810806274414062e-01 1.596792817115783691e+00 6.260395050048828125e-01 1.847190260887145996e+00 -5.750064253807067871e-01 -1.102748036384582520e+00 -1.987556219100952148e-01
-9.041749238967895508e-01 1.428580403327941895e+00 1.310633778572082520e+00 -1.222093462944030762e+00 1.760270714759826660e+00 -1.349867105484008789e+00 -9.062742590904235840e-01 -2.071128845214843750e+00 1.757509469985961914e+00 -1.062811836600303650e-01 -9.662852883338928223e-01 -1.199416399002075195e+00 -1.712520122528076172e-01 2.844315767288208008e-01 1.589712262153625488e+00 6.240572333335876465e-01 1.853059411048889160e+00 -5.549730658531188965e-01 -1.129655718803405762e+00 -1.807451844215393066e-01
-8.832477331161499023e-01 1.403313755989074707e+00 1.312503814697265625e+00 -1.214388012886047363e+00 1.751887202262878418e+00 -1.336549043655395508e+00 -9.032489061355590820e-01 -2.064641237258911133e+00 1.746324419975280762e+00 -7.358074933290481567e-02 -9.662271738052368164e-01 -1.230584383010864258e+00 -1.753994524478912354e-01 2.504195272922515869e-01 1.580850958824157715e+00 6.221428513526916504e-01 1.857137441635131836e+00 -5.371821522712707520e-01 -1.150107383728027344e+00 -1.756100058555603027e-01
-8.561637997627258301e-01 1.391901254653930664e+00 1.313370585441589355e+00 -1.210989236831665039e+00 1.747249245643615723e+00 -1.325448989868164062e+00 -8.791356682777404785e-01 -2.068801164627075195e+00 1.744136452674865723e+00 -4.525631666183471680e-02 -9.692447185516357422e-01 -1.272453665733337402e+00 -1.725003868341445923e-01 2.005634009838104248e-01 1.576303839683532715e+00 6.218417882919311523e-01 1.868835568428039551e+00 -5.223609209060668945e-01 -1.167980909347534180e+00 -1.897257268428802490e-01
-8.220676779747009277e-01 1.398351073265075684e+00 1.306964635848999023e+00 -1.215487360954284668e+00 1.743138909339904785e+00 -1.316822886466979980e+00 -8.317569494247436523e-01 -2.085148334503173828e+00 1.747090816497802734e+00 -2.224449440836906433e-02 -9.733167290687561035e-01 -1.322018265724182129e+00 -1.639727056026458740e-01 1.323722898960113525e-01 1.574156641960144043e+00 6.222012639045715332e-01 1.884299993515014648e+00 -5.136933326721191406e-01 -1.180508136749267578e+00 -2.253341972827911377e-01
-7.786867618560791016e-01 1.429960608482360840e+00 1.289083480834960938e+00 -1.230604410171508789e+00 1.737210631370544434e+00 -1.314159035682678223e+00 -7.496918439865112305e-01 -2.113371133804321289e+00 1.753169536590576172e+00 -1.275511831045150757e-02 -9.784621000289916992e-01 -1.373855590820312500e+00 -1.521491408348083496e-01 4.374087601900100708e-02 1.575951218605041504e+00 6.256710886955261230e-01 1.900565147399902344e+00 -5.154256224632263184e-01 -1.180466294288635254e+00 -2.924832105636596680e-01
-7.467288970947265625e-01 1.475658535957336426e+00 1.284961938858032227e+00 -1.256729006767272949e+00 1.717593669891357422e+00 -1.326192259788513184e+00 -6.124963760375976562e-01 -2.148824453353881836e+00 1.768941521644592285e+00 -3.642312809824943542e-02 -9.943551421165466309e-01 -1.417327880859375000e+00 -1.389633715152740479e-01 -5.478352308273315430e-02 1.602221369743347168e+00 6.447913050651550293e-01 1.904918313026428223e+00 -5.272699594497680664e-01 -1.170021533966064453e+00 -3.982023894786834717e-01
-7.263197302818298340e-01 1.507349729537963867e+00 1.309639096260070801e+00 -1.311393260955810547e+00 1.671522378921508789e+00 -1.348014593124389648e+00 -4.233741164207458496e-01 -2.141244173049926758e+00 1.768031716346740723e+00 -1.220666319131851196e-01 -9.998414516448974609e-01 -1.387349843978881836e+00 -1.374549865722656250e-01 -1.233871430158615112e-01 1.649074316024780273e+00 6.818943023681640625e-01 1.861841201782226562e+00 -5.520366430282592773e-01 -1.127358317375183105e+00 -5.237925648689270020e-01
-7.269173264503479004e-01 1.514217972755432129e+00 1.334598183631896973e+00 -1.348936438560485840e+00 1.657889962196350098e+00 -1.366267561912536621e+00 -2.775684893131256104e-01 -2.098940849304199219e+00 1.761995434761047363e+00 -2.362307757139205933e-01 -9.948038458824157715e-01 -1.286646366119384766e+00 -1.199999302625656128e-01 -1.038013696670532227e-01 1.690882921218872070e+00 7.246843576431274414e-01 1.798685550689697266e+00 -5.701501369476318359e-01 -1.051348567008972168e+00 -6.305656433105468750e-01
-7.698980569839477539e-01 1.533171296119689941e+00 1.363468766212463379e+00 -1.375993013381958008e+00 1.649170756340026855e+00 -1.423494577407836914e+00 -2.286024242639541626e-01 -2.106549263000488281e+00 1.752831578254699707e+00 -2.987127900123596191e-01 -1.003121852874755859e+00 -1.198972463607788086e+00 -1.258421242237091064e-01 -1.774549484252929688e-03 1.719005227088928223e+00 7.487227916717529297e-01 1.780231952667236328e+00 -5.949469208717346191e-01 -1.013676643371582031e+00 -6.851849555969238281e-01
-8.479086160659790039e-01 1.545757532119750977e+00 1.410398721694946289e+00 -1.383868455886840820e+00 1.649445772171020508e+00 -1.513473153114318848e+00 -2.326475381851196289e-01 -2.177908182144165039e+00 1.728025555610656738e+00 -3.022690117359161377e-01 -1.049678802490234375e+00 -1.156964421272277832e+00 -1.623914837837219238e-01 1.407656520605087280e-01 1.727297902107238770e+00 7.533343434333801270e-01 1.806300878524780273e+00 -6.217755675315856934e-01 -1.034834265708923340e+00 -7.012003660202026367e-01
-9.225885272026062012e-01 1.536502361297607422e+00 1.462664604187011719e+00 -1.383422851562500000e+00 1.656788587570190430e+00 -1.581534743309020996e+00 -2.796472609043121338e-01 -2.255541324615478516e+00 1.687976956367492676e+00 -2.546469569206237793e-01 -1.116968512535095215e+00 -1.169678092002868652e+00 -2.175943106412887573e-01 2.604945302009582520e-01 1.726904511451721191e+00 7.356755733489990234e-01 1.859078049659729004e+00 -6.317426562309265137e-01 -1.099106550216674805e+00 -6.778562068939208984e-01
-9.875870347023010254e-01 1.444353342056274414e+00 1.547909617424011230e+00 -1.331046819686889648e+00 1.644575595855712891e+00 -1.620659351348876953e+00 -3.779413998126983643e-01 -2.279438495635986328e+00 1.617861390113830566e+00 -1.487431824207305908e-01 -1.199570059776306152e+00 -1.215914726257324219e+00 -2.698132395744323730e-01 3.631656765937805176e-01 1.722658634185791016e+00 7.057765126228332520e-01 1.886607766151428223e+00 -5.970754623413085938e-01 -1.198706150054931641e+00 -5.878958106040954590e-01
-1.008367538452148438e+00 1.260855197906494141e+00 1.643478155136108398e+00 -1.229146122932434082e+00 1.608471155166625977e+00 -1.591323494911193848e+00 -5.179858803749084473e-01 -2.175034284591674805e+00 1.496568679809570312e+00 -3.194221481680870056e-02 -1.241545557975769043e+00 -1.239630937576293945e+00 -3.240324854850769043e-01 4.232848286628723145e-01 1.689531803131103516e+00 6.806903481483459473e-01 1.849738001823425293e+00 -5.102303028106689453e-01 -1.287975192070007324e+00 -4.360826313495635986e-01
-9.577929377555847168e-01 1.018692970275878906e+00 1.701692104339599609e+00 -1.063574075698852539e+00 1.522341847419738770e+00 -1.473912954330444336e+00 -6.537917256355285645e-01 -1.942474484443664551e+00 1.349069595336914062e+00 8.610254526138305664e-02 -1.231291890144348145e+00 -1.244732975959777832e+00 -3.651253581047058105e-01 4.091597199440002441e-01 1.609880924224853516e+00 6.600735783576965332e-01 1.735303997993469238e+00 -3.846772909164428711e-01 -1.355749487876892090e+00 -2.661610543727874756e-01
-9.384782314300537109e-01 8.341677784919738770e-01 1.804939150810241699e+00 -9.052197933197021484e-01 1.398517727851867676e+00 -1.315805554389953613e+00 -8.653101921081542969e-01 -1.667814612388610840e+00 1.230847954750061035e+00 1.728749722242355347e-01 -1.173992156982421875e+00 -1.303770780563354492e+00 -4.478271603584289551e-01 2.992682456970214844e-01 1.607758641242980957e+00 7.176775336265563965e-01 1.649147272109985352e+00 -2.291248887777328491e-01 -1.490200519561767578e+00 -8.330120146274566650e-02
-1.005368709564208984e+00 8.063192367553710938e-01 2.009039163589477539e+00 -8.899577856063842773e-01 1.336259722709655762e+00 -1.180850148200988770e+00 -1.128271222114562988e+00 -1.444933414459228516e+00 1.202422618865966797e+00 1.571200042963027954e-01 -1.080244660377502441e+00 -1.362775802612304688e+00 -6.556115746498107910e-01 1.437157690525054932e-01 1.733331322669982910e+00 8.738589882850646973e-01 1.657384037971496582e+00 -7.069910317659378052e-02 -1.710185170173645020e+00 3.917422518134117126e-02
-1.065212965011596680e+00 8.221557140350341797e-01 2.157491922378540039e+00 -8.944628238677978516e-01 1.307886004447937012e+00 -1.092417120933532715e+00 -1.296536564826965332e+00 -1.272935986518859863e+00 1.225499153137207031e+00 7.072535157203674316e-02 -9.816171526908874512e-01 -1.368905425071716309e+00 -8.227808475494384766e-01 6.471008062362670898e-03 1.870211362838745117e+00 1.037037253379821777e+00 1.673301219940185547e+00 3.266403824090957642e-02 -1.853320479393005371e+00 9.316830337047576904e-02
-1.074180126190185547e+00 8.906871676445007324e-01 2.228527069091796875e+00 -9.224190711975097656e-01 1.330757141113281250e+00 -1.018910884857177734e+00 -1.406119108200073242e+00 -1.140910506248474121e+00 1.286989092826843262e+00 -3.336669877171516418e-02 -8.813375234603881836e-01 -1.329181909561157227e+00 -8.881520628929138184e-01 -1.149526536464691162e-01 1.990067958831787109e+00 1.179614067077636719e+00 1.668983221054077148e+00 6.983794271945953369e-02 -1.915718197822570801e+00 7.781514525413513184e-02
-1.077619314193725586e+00 9.814562797546386719e-01 2.240804910659790039e+00 -9.674731492996215820e-01 1.355839133262634277e+00 -9.809265732765197754e-01 -1.459057092666625977e+00 -1.085036039352416992e+00 1.332377910614013672e+00 -1.116656512022018433e-01 -8.116610646247863770e-01 -1.271252751350402832e+00 -9.110909700393676758e-01 -1.814728528261184692e-01 2.065020561218261719e+00 1.259502887725830078e+00 1.639976024627685547e+00 5.434870719909667969e-02 -1.925425648689270020e+00 4.062194377183914185e-02
-1.061648845672607422e+00 1.049288153648376465e+00 2.183593750000000000e+00 -1.010142922401428223e+00 1.340574622154235840e+00 -9.378839135169982910e-01 -1.481588363647460938e+00 -1.039952039718627930e+00 1.336207628250122070e+00 -1.560782790184020996e-01 -7.449101805686950684e-01 -1.195614457130432129e+00 -9.224609136581420898e-01 -2.010038346052169800e-01 2.069668769836425781e+00 1.280042886734008789e+00 1.598005890846252441e+00 3.042491525411605835e-02 -1.894759297370910645e+00 5.376694723963737488e-03
-1.035704135894775391e+00 1.156812787055969238e+00 2.043171882629394531e+00 -1.099190354347229004e+00 1.269310712814331055e+00 -8.990735411643981934e-01 -1.498013615608215332e+00 -1.035521149635314941e+00 1.334861040115356445e+00 -1.600758582353591919e-01 -6.611278653144836426e-01 -1.138453483581542969e+00 -9.110421538352966309e-01 -1.846566349267959595e-01 2.030893802642822266e+00 1.246451854705810547e+00 1.579131245613098145e+00 -2.609840035438537598e-02 -1.825357794761657715e+00 -3.291804715991020203e-02
-9.143586158752441406e-01 1.312413215637207031e+00 1.729167819023132324e+00 -1.240940570831298828e+00 1.168568253517150879e+00 -8.783760070800781250e-01 -1.446066260337829590e+00 -1.093183279037475586e+00 1.365912795066833496e+00 -9.928738325834274292e-02 -5.513147711753845215e-01 -1.107537269592285156e+00 -8.285672068595886230e-01 -9.641662240028381348e-02 1.872249484062194824e+00 1.116204738616943359e+00 1.641976475715637207e+00 -1.309418082237243652e-01 -1.645970821380615234e+00 -1.340917795896530151e-01
-7.369751334190368652e-01 1.601304888725280762e+00 1.227311253547668457e+00 -1.425135850906372070e+00 1.250971555709838867e+00 -9.958685040473937988e-01 -1.310373425483703613e+00 -1.359690427780151367e+00 1.447709560394287109e+00 -7.521030306816101074e-02 -4.935092031955718994e-01 -9.234086871147155762e-01 -5.804467797279357910e-01 2.844552993774414062e-01 1.471954584121704102e+00 7.640101313591003418e-01 1.703253746032714844e+00 -3.850063085556030273e-01 -1.234677314758300781e+00 -3.169822990894317627e-01
-8.635833263397216797e-01 1.868930101394653320e+00 1.200920820236206055e+00 -1.539112567901611328e+00 1.583501935005187988e+00 -1.325783491134643555e+00 -1.197379112243652344e+00 -1.829424381256103516e+00 1.683037400245666504e+00 -2.091836482286453247e-01 -6.181755065917968750e-01 -8.969187140464782715e-01 -3.999852836132049561e-01 5.451562404632568359e-01 1.536065101623535156e+00 7.246626019477844238e-01 1.907331109046936035e+00 -6.336561441421508789e-01 -1.093582034111022949e+00 -4.193171560764312744e-01
-9.409677386283874512e-01 1.895814657211303711e+00 1.243959307670593262e+00 -1.521006584167480469e+00 1.755715370178222656e+00 -1.455178141593933105e+00 -1.129608392715454102e+00 -2.023097038269042969e+00 1.783573150634765625e+00 -2.716659605503082275e-01 -7.262678146362304688e-01 -8.986580371856689453e-01 -3.039146959781646729e-01 6.097924709320068359e-01 1.606942057609558105e+00 7.136361598968505859e-01 1.944165825843811035e+00 -7.131089568138122559e-01 -1.041891932487487793e+00 -4.195054471492767334e-01
-9.654114842414855957e-01 1.888387918472290039e+00 1.273774385452270508e+00 -1.484253406524658203e+00 1.854177951812744141e+00 -1.505325555801391602e+00 -1.104660868644714355e+00 -2.089701414108276367e+00 1.848452925682067871e+00 -3.074622750282287598e-01 -7.855969667434692383e-01 -8.960140943527221680e-01 -2.651825547218322754e-01 6.209017634391784668e-01 1.630804777145385742e+00 7.069896459579467773e-01 1.942409038543701172e+00 -7.307778596878051758e-01 -1.018902182579040527e+00 -4.098299741744995117e-01
-9.760951399803161621e-01 1.875466346740722656e+00 1.292000412940979004e+00 -1.440600395202636719e+00 1.916173458099365234e+00 -1.524979114532470703e+00 -1.105689048767089844e+00 -2.109238386154174805e+00 1.885937094688415527e+00 -3.306002616882324219e-01 -8.186038732528686523e-01 -8.967980742454528809e-01 -2.457455247640609741e-01 6.190321445465087891e-01 1.637066960334777832e+00 7.017377614974975586e-01 1.932407498359680176e+00 -7.304760217666625977e-01 -1.007087826728820801e+00 -3.855689764022827148e-01
-9.753899574279785156e-01 1.867460250854492188e+00 1.305190801620483398e+00 -1.396168231964111328e+00 1.957567334175109863e+00 -1.535287737846374512e+00 -1.117264032363891602e+00 -2.109496831893920898e+00 1.914886236190795898e+00 -3.443830907344818115e-01 -8.338152766227722168e-01 -9.006755948066711426e-01 -2.350345104932785034e-01 6.061438322067260742e-01 1.634382367134094238e+00 6.922774910926818848e-01 1.916913270950317383e+00 -7.271036505699157715e-01 -1.000499129295349121e+00 -3.586210608482360840e-01
-9.657290577888488770e-01 1.867603302001953125e+00 1.318051934242248535e+00 -1.357523918151855469e+00 1.984089970588684082e+00 -1.545487880706787109e+00 -1.125920653343200684e+00 -2.102069854736328125e+00 1.944941759109497070e+00 -3.546932637691497803e-01 -8.361533880233764648e-01 -9.061734080314636230e-01 -2.298511713743209839e-01 5.842508673667907715e-01 1.627670764923095703e+00 6.791495680809020996e-01 1.896559357643127441e+00 -7.249131202697753906e-01 -9.984415769577026367e-01 -3.340938985347747803e-01
-9.495453834533691406e-01 1.871319174766540527e+00 1.328469514846801758e+00 -1.312890291213989258e+00 2.001440763473510742e+00 -1.550795555114746094e+00 -1.137722253799438477e+00 -2.083833932876586914e+00 1.972887158393859863e+00 -3.629837930202484131e-01 -8.308199644088745117e-01 -9.131693243980407715e-01 -2.266632765531539917e-01 5.521544218063354492e-01 1.614003658294677734e+00 6.600469350814819336e-01 1.867977976799011230e+00 -7.215334773063659668e-01 -9.967803955078125000e-01 -3.067079484462738037e-01
-9.178099632263183594e-01 1.883705019950866699e+00 1.351866960525512695e+00 -1.262405991554260254e+00 2.027273416519165039e+00 -1.562535405158996582e+00 -1.151560068130493164e+00 -2.058971405029296875e+00 2.018279790878295898e+00 -3.700389266014099121e-01 -8.238830566406250000e-01 -9.357779622077941895e-01 -2.202913612127304077e-01 4.930970668792724609e-01 1.603110909461975098e+00 6.415572762489318848e-01 1.839331626892089844e+00 -7.157281041145324707e-01 -1.003660678863525391e+00 -2.794156372547149658e-01
-8.765182495117187500e-01 1.895110964775085449e+00 1.383532881736755371e+00 -1.204317092895507812e+00 2.046388864517211914e+00 -1.572641849517822266e+00 -1.158277750015258789e+00 -2.024740695953369141e+00 2.065822839736938477e+00 -3.743290901184082031e-01 -8.164095878601074219e-01 -9.684500098228454590e-01 -2.106603235006332397e-01 4.126023650169372559e-01 1.589369297027587891e+00 6.161928772926330566e-01 1.799506068229675293e+00 -7.062325477600097656e-01 -1.015646815299987793e+00 -2.490951418876647949e-01
-8.428940176963806152e-01 1.884809732437133789e+00 1.456148862838745117e+00 -1.143567204475402832e+00 2.050309658050537109e+00 -1.582530736923217773e+00 -1.159305453300476074e+00 -1.980429410934448242e+00 2.108099937438964844e+00 -3.684531450271606445e-01 -8.228399753570556641e-01 -1.022528290748596191e+00 -1.931826919317245483e-01 3.132906556129455566e-01 1.595047235488891602e+00 5.857353210449218750e-01 1.742389082908630371e+00 -6.856825947761535645e-01 -1.049747943878173828e+00 -2.008234262466430664e-01
-7.942017912864685059e-01 1.798138976097106934e+00 1.544446110725402832e+00 -1.046661257743835449e+00 1.988877773284912109e+00 -1.560977220535278320e+00 -1.101237416267395020e+00 -1.885257482528686523e+00 2.100381374359130859e+00 -3.388497233390808105e-01 -8.566430211067199707e-01 -1.100234389305114746e+00 -1.728643029928207397e-01 1.754060983657836914e-01 1.580316185951232910e+00 5.365162491798400879e-01 1.646400332450866699e+00 -6.311180591583251953e-01 -1.097298383712768555e+00 -1.343097239732742310e-01
-7.301614284515380859e-01 1.589006900787353516e+00 1.699210166931152344e+00 -9.072991013526916504e-01 1.810913801193237305e+00 -1.473096251487731934e+00 -9.276710152626037598e-01 -1.720852851867675781e+00 1.987221837043762207e+00 -2.536701560020446777e-01 -9.495463371276855469e-01 -1.286780238151550293e+00 -1.680900901556015015e-01 -5.196757614612579346e-02 1.606450319290161133e+00 5.002150535583496094e-01 1.568338751792907715e+00 -5.061905980110168457e-01 -1.204415678977966309e+00 -7.200640439987182617e-02
-7.508199810981750488e-01 1.120499253273010254e+00 1.945444941520690918e+00 -6.665212512016296387e-01 1.568622946739196777e+00 -1.236808300018310547e+00 -6.930824518203735352e-01 -1.450831890106201172e+00 1.650530338287353516e+00 -2.147626727819442749e-01 -1.139858603477478027e+00 -1.472062587738037109e+00 -3.437669575214385986e-01 -3.331851959228515625e-01 1.695020914077758789e+00 6.150177717208862305e-01 1.484595775604248047e+00 -1.554416716098785400e-01 -1.402421474456787109e+00 -5.226466432213783264e-02
-9.310330748558044434e-01 8.610490560531616211e-01 2.195362806320190430e+00 -8.043161034584045410e-01 1.438860654830932617e+00 -1.102468013763427734e+00 -6.188811063766479492e-01 -1.315555810928344727e+00 1.478488802909851074e+00 -2.660599946975708008e-01 -1.122572660446166992e+00 -1.441719532012939453e+00 -5.922237634658813477e-01 -2.601056694984436035e-01 1.914234757423400879e+00 9.944970011711120605e-01 1.627214193344116211e+00 9.321552515029907227e-02 -1.630731701850891113e+00 -1.868779510259628296e-01
-1.083287239074707031e+00 8.202438354492187500e-01 2.258918762207031250e+00 -9.724509119987487793e-01 1.431032776832580566e+00 -1.062209844589233398e+00 -6.237041950225830078e-01 -1.323616147041320801e+00 1.343267798423767090e+00 -3.252212107181549072e-01 -1.106909632682800293e+00 -1.285917043685913086e+00 -6.931914091110229492e-01 -7.660517096519470215e-02 2.052089929580688477e+00 1.232472181320190430e+00 1.670593380928039551e+00 1.098360866308212280e-01 -1.698230028152465820e+00 -3.203893601894378662e-01
-1.167887449264526367e+00 8.153736591339111328e-01 2.241473197937011719e+00 -1.083712697029113770e+00 1.410953283309936523e+00 -1.025741577148437500e+00 -6.411038041114807129e-01 -1.320690393447875977e+00 1.248686552047729492e+00 -3.703582584857940674e-01 -1.081644058227539062e+00 -1.145835757255554199e+00 -7.212109565734863281e-01 5.010003596544265747e-02 2.113421440124511719e+00 1.364899873733520508e+00 1.659822821617126465e+00 9.539631009101867676e-02 -1.693546175956726074e+00 -4.024159908294677734e-01
-1.219408631324768066e+00 8.197945952415466309e-01 2.215677261352539062e+00 -1.154146790504455566e+00 1.412572741508483887e+00 -1.002481698989868164e+00 -6.683340072631835938e-01 -1.328504443168640137e+00 1.204307556152343750e+00 -3.938498198986053467e-01 -1.058609962463378906e+00 -1.060921072959899902e+00 -7.187450528144836426e-01 1.231439337134361267e-01 2.157952547073364258e+00 1.451486229896545410e+00 1.653683781623840332e+00 8.104640245437622070e-02 -1.678603172302246094e+00 -4.472277164459228516e-01
-1.250106573104858398e+00 8.339013457298278809e-01 2.196083307266235352e+00 -1.205655574798583984e+00 1.431225419044494629e+00 -9.874411821365356445e-01 -6.954036355018615723e-01 -1.337186336517333984e+00 1.198754191398620605e+00 -4.118017256259918213e-01 -1.040266990661621094e+00 -1.014177918434143066e+00 -7.040637135505676270e-01 1.544842123985290527e-01 2.201620101928710938e+00 1.518765091896057129e+00 1.652913689613342285e+00 6.782812625169754028e-02 -1.663947105407714844e+00 -4.742565751075744629e-01
-1.270158886909484863e+00 8.506359457969665527e-01 2.180669307708740234e+00 -1.240029811859130859e+00 1.454588294029235840e+00 -9.670709967613220215e-01 -7.174121737480163574e-01 -1.336093425750732422e+00 1.203505396842956543e+00 -4.343772232532501221e-01 -1.018570780754089355e+00 -9.847970604896545410e-01 -6.929221153259277344e-01 1.542936861515045166e-01 2.239511966705322266e+00 1.565935492515563965e+00 1.645702242851257324e+00 5.491475015878677368e-02 -1.654669046401977539e+00 -4.849607348442077637e-01
-1.276736497879028320e+00 8.675684928894042969e-01 2.158473730087280273e+00 -1.261465549468994141e+00 1.472319006919860840e+00 -9.372632503509521484e-01 -7.276056408882141113e-01 -1.324284553527832031e+00 1.216501474380493164e+00 -4.610673487186431885e-01 -9.924045801162719727e-01 -9.633275270462036133e-01 -6.790558099746704102e-01 1.307909339666366577e-01 2.266773939132690430e+00 1.599051237106323242e+00 1.630632996559143066e+00 4.583743959665298462e-02 -1.640884757041931152e+00 -4.894524216651916504e-01
-1.263289451599121094e+00 8.896657824516296387e-01 2.131855010986328125e+00 -1.274725556373596191e+00 1.495697975158691406e+00 -9.046813249588012695e-01 -7.222903966903686523e-01 -1.306583046913146973e+00 1.250181794166564941e+00 -4.937240183353424072e-01 -9.647548198699951172e-01 -9.537767767906188965e-01 -6.583850979804992676e-01 7.966279238462448120e-02 2.287351846694946289e+00 1.620978713035583496e+00 1.613480448722839355e+00 3.904994577169418335e-02 -1.621865987777709961e+00 -4.934281706809997559e-01
-1.226150274276733398e+00 9.132189154624938965e-01 2.088766098022460938e+00 -1.278764247894287109e+00 1.522020459175109863e+00 -8.646808266639709473e-01 -6.932581663131713867e-01 -1.282932281494140625e+00 1.299996376037597656e+00 -5.328342318534851074e-01 -9.354124665260314941e-01 -9.533077478408813477e-01 -6.265674829483032227e-01 2.672549337148666382e-03 2.294900655746459961e+00 1.624458193778991699e+00 1.590324163436889648e+00 3.235685080289840698e-02 -1.588912844657897949e+00 -4.962585568428039551e-01
-1.164468765258789062e+00 9.523702263832092285e-01 2.014005422592163086e+00 -1.277489662170410156e+00 1.540817141532897949e+00 -8.119114041328430176e-01 -6.334844827651977539e-01 -1.258373737335205078e+00 1.368082284927368164e+00 -5.880675911903381348e-01 -9.032855629920959473e-01 -9.603121280670166016e-01 -5.794033408164978027e-01 -1.070851832628250122e-01 2.283128261566162109e+00 1.596811890602111816e+00 1.553860306739807129e+00 2.284770458936691284e-02 -1.530353546142578125e+00 -5.011858940124511719e-01
-1.069271564483642578e+00 1.025153279304504395e+00 1.878462553024291992e+00 -1.287122726440429688e+00 1.581542849540710449e+00 -7.680984139442443848e-01 -5.225415229797363281e-01 -1.283162951469421387e+00 1.487755179405212402e+00 -6.605448722839355469e-01 -8.756219148635864258e-01 -9.825010895729064941e-01 -4.970228672027587891e-01 -2.536412477493286133e-01 2.244135856628417969e+00 1.527641654014587402e+00 1.527540802955627441e+00 -1.333541050553321838e-02 -1.428591132164001465e+00 -5.271883010864257812e-01
-9.011059403419494629e-01 1.122844815254211426e+00 1.638486862182617188e+00 -1.330180644989013672e+00 1.641185879707336426e+00 -7.871927618980407715e-01 -3.639418482780456543e-01 -1.392522573471069336e+00 1.646741986274719238e+00 -6.837697029113769531e-01 -9.010153412818908691e-01 -1.011265873908996582e+00 -3.874766230583190918e-01 -3.782072663307189941e-01 2.143072843551635742e+00 1.354053020477294922e+00 1.533525466918945312e+00 -9.530411660671234131e-02 -1.261535644531250000e+00 -5.788294076919555664e-01
-7.402083873748779297e-01 1.214688420295715332e+00 1.404497504234313965e+00 -1.277086853981018066e+00 1.711709380149841309e+00 -8.830453157424926758e-01 -2.510754466056823730e-01 -1.540937781333923340e+00 1.822260379791259766e+00 -6.764385700225830078e-01 -9.256382584571838379e-01 -1.050434589385986328e+00 -2.375588268041610718e-01 -4.259949922561645508e-01 1.938523292541503906e+00 1.117231965065002441e+00 1.526364564895629883e+00 -1.999807208776473999e-01 -1.088607668876647949e+00 -5.968354344367980957e-01
-6.789546608924865723e-01 1.394300103187561035e+00 1.282194614410400391e+00 -1.252895951271057129e+00 1.768947482109069824e+00 -1.032038092613220215e+00 -2.789966464042663574e-01 -1.660805583000183105e+00 1.974775552749633789e+00 -6.611571311950683594e-01 -9.445390701293945312e-01 -1.003855943679809570e+00 -1.321088224649429321e-01 -3.276650309562683105e-01 1.735945224761962891e+00 9.199442863464355469e-01 1.513810038566589355e+00 -3.413165211677551270e-01 -9.671008586883544922e-01 -6.144329309463500977e-01
-6.817920207977294922e-01 1.636060476303100586e+00 1.292093276977539062e+00 -1.218076467514038086e+00 1.852474451065063477e+00 -1.217036008834838867e+00 -4.535718560218811035e-01 -1.739550590515136719e+00 2.062148571014404297e+00 -6.454447507858276367e-01 -9.243960380554199219e-01 -9.100227952003479004e-01 -9.736075997352600098e-02 -1.968296319246292114e-01 1.627246618270874023e+00 7.795192599296569824e-01 1.473006367683410645e+00 -5.036255717277526855e-01 -9.207216501235961914e-01 -5.970721244812011719e-01
-6.799944043159484863e-01 1.799581408500671387e+00 1.326287865638732910e+00 -1.153468489646911621e+00 1.941151499748229980e+00 -1.341501355171203613e+00 -6.809132695198059082e-01 -1.720053434371948242e+00 2.110472202301025391e+00 -6.608064174652099609e-01 -8.718884587287902832e-01 -8.072395920753479004e-01 -1.207687407732009888e-01 -9.856441617012023926e-02 1.574404358863830566e+00 7.208683490753173828e-01 1.426469326019287109e+00 -5.880656838417053223e-01 -8.944776058197021484e-01 -5.316934585571289062e-01
-6.364281773567199707e-01 1.895102977752685547e+00 1.389195203781127930e+00 -1.096513509750366211e+00 2.050947666168212891e+00 -1.411323904991149902e+00 -8.788623809814453125e-01 -1.631119012832641602e+00 2.167258501052856445e+00 -6.919965744018554688e-01 -8.071619868278503418e-01 -7.141940593719482422e-01 -1.750149428844451904e-01 -3.562302887439727783e-02 1.573544740676879883e+00 7.316700220108032227e-01 1.395389080047607422e+00 -6.199383139610290527e-01 -8.842482566833496094e-01 -4.866140484809875488e-01
-6.000949144363403320e-01 1.907402157783508301e+00 1.467924475669860840e+00 -1.002321958541870117e+00 2.154620647430419922e+00 -1.416931748390197754e+00 -1.080356359481811523e+00 -1.441040873527526855e+00 2.198845148086547852e+00 -7.731949687004089355e-01 -7.384131550788879395e-01 -6.025986671447753906e-01 -2.468634694814682007e-01 5.795881152153015137e-04 1.601248383522033691e+00 7.953591942787170410e-01 1.325710773468017578e+00 -5.782910585403442383e-01 -8.694262504577636719e-01 -4.132862091064453125e-01
-6.203468441963195801e-01 1.886407017707824707e+00 1.613749861717224121e+00 -9.074946045875549316e-01 2.182169675827026367e+00 -1.397637605667114258e+00 -1.337565064430236816e+00 -1.182422518730163574e+00 2.164759397506713867e+00 -8.812791109085083008e-01 -6.510988473892211914e-01 -5.004405975341796875e-01 -3.549811244010925293e-01 1.780802011489868164e-02 1.685355305671691895e+00 9.591668844223022461e-01 1.254804372787475586e+00 -4.567064642906188965e-01 -9.303463697433471680e-01 -3.051645159721374512e-01
-7.808181643486022949e-01 1.790840625762939453e+00 1.834491133689880371e+00 -8.480014801025390625e-01 2.073925495147705078e+00 -1.324450373649597168e+00 -1.552608966827392578e+00 -9.700663685798645020e-01 1.996844291687011719e+00 -9.413133263587951660e-01 -5.968859195709228516e-01 -4.520365893840789795e-01 -5.204054117202758789e-01 2.684476226568222046e-02 1.813653826713562012e+00 1.223425149917602539e+00 1.213133573532104492e+00 -2.685322165489196777e-01 -1.096592783927917480e+00 -2.206862568855285645e-01
-9.512186050415039062e-01 1.679454565048217773e+00 1.981201529502868652e+00 -8.919449448585510254e-01 1.884248614311218262e+00 -1.251187562942504883e+00 -1.629362702369689941e+00 -8.884550929069519043e-01 1.842128157615661621e+00 -8.906388282775878906e-01 -5.722134709358215332e-01 -4.884268343448638916e-01 -6.738568544387817383e-01 3.484842926263809204e-02 1.920405864715576172e+00 1.440955042839050293e+00 1.273783087730407715e+00 -1.498293876647949219e-01 -1.294828176498413086e+00 -2.123150080442428589e-01
-1.023979187011718750e+00 1.589534282684326172e+00 2.024891138076782227e+00 -9.260512590408325195e-01 1.731182098388671875e+00 -1.206519126892089844e+00 -1.607922673225402832e+00 -8.573629856109619141e-01 1.724201440811157227e+00 -8.237026929855346680e-01 -5.591777563095092773e-01 -5.061660408973693848e-01 -7.237667441368103027e-01 2.786323055624961853e-02 1.963514924049377441e+00 1.532750010490417480e+00 1.287031769752502441e+00 -1.033976599574089050e-01 -1.386868000030517578e+00 -2.290854454040527344e-01
-1.066611886024475098e+00 1.519599914550781250e+00 2.029957294464111328e+00 -9.440098404884338379e-01 1.626295328140258789e+00 -1.163406014442443848e+00 -1.562717914581298828e+00 -8.407294750213623047e-01 1.640136361122131348e+00 -7.868517637252807617e-01 -5.586628913879394531e-01 -5.152986049652099609e-01 -7.431824207305908203e-01 2.011965960264205933e-02 1.978349566459655762e+00 1.574706554412841797e+00 1.285251855850219727e+00 -7.072781026363372803e-02 -1.424825787544250488e+00 -2.458287477493286133e-01
-1.101775527000427246e+00 1.487029910087585449e+00 2.020563840866088867e+00 -9.702162742614746094e-01 1.558492898941040039e+00 -1.134900808334350586e+00 -1.522485613822937012e+00 -8.440629839897155762e-01 1.589103579521179199e+00 -7.680739760398864746e-01 -5.600171685218811035e-01 -5.222592949867248535e-01 -7.480603456497192383e-01 2.352774143218994141e-02 1.991802930831909180e+00 1.600328922271728516e+00 1.290910959243774414e+00 -5.877470597624778748e-02 -1.439150214195251465e+00 -2.665112018585205078e-01
-1.132511734962463379e+00 1.491426587104797363e+00 2.013897895812988281e+00 -1.002637028694152832e+00 1.523505330085754395e+00 -1.129691600799560547e+00 -1.488880395889282227e+00 -8.665603995323181152e-01 1.567758083343505859e+00 -7.642587423324584961e-01 -5.636932849884033203e-01 -5.244333744049072266e-01 -7.441971302032470703e-01 4.082601517438888550e-02 2.007077693939208984e+00 1.616597056388854980e+00 1.303711414337158203e+00 -6.627409160137176514e-02 -1.442632079124450684e+00 -2.930864095687866211e-01
-1.159908413887023926e+00 1.513548016548156738e+00 1.996685624122619629e+00 -1.041030764579772949e+00 1.501981258392333984e+00 -1.130051970481872559e+00 -1.464238166809082031e+00 -8.937792778015136719e-01 1.559838533401489258e+00 -7.698992490768432617e-01 -5.591946840286254883e-01 -5.152010917663574219e-01 -7.372993826866149902e-01 7.044789940118789673e-02 2.016672611236572266e+00 1.629402995109558105e+00 1.317405462265014648e+00 -8.460921049118041992e-02 -1.434219956398010254e+00 -3.207764923572540283e-01
-1.187888979911804199e+00 1.552024602890014648e+00 1.957524657249450684e+00 -1.083091616630554199e+00 1.479983568191528320e+00 -1.133841156959533691e+00 -1.447675347328186035e+00 -9.198076725006103516e-01 1.557571768760681152e+00 -7.880492806434631348e-01 -5.447348356246948242e-01 -4.845310747623443604e-01 -7.252735495567321777e-01 1.232974082231521606e-01 2.008613586425781250e+00 1.632963418960571289e+00 1.325930476188659668e+00 -1.118796914815902710e-01 -1.404243111610412598e+00 -3.467241227626800537e-01
-1.218989133834838867e+00 1.622966408729553223e+00 1.877218246459960938e+00 -1.133842229843139648e+00 1.454860687255859375e+00 -1.148340702056884766e+00 -1.437748074531555176e+00 -9.503902196884155273e-01 1.565228104591369629e+00 -8.274095058441162109e-01 -5.164546966552734375e-01 -4.177384376525878906e-01 -7.006624937057495117e-01 2.256325632333755493e-01 1.968661189079284668e+00 1.616883993148803711e+00 1.330769896507263184e+00 -1.588566899299621582e-01 -1.332333087921142578e+00 -3.736947476863861084e-01
