-3.472774028778076172e-01 1.180702328681945801e+00 1.656326293945312500e+00 -1.422660827636718750e+00 1.830809116363525391e+00 -1.266096830368041992e+00 -8.142005801200866699e-01 -1.419476389884948730e+00 1.790508031845092773e+00 -9.911589324474334717e-02 -5.992837548255920410e-01 -1.039422512054443359e+00 -3.109996020793914795e-01 -1.422561407089233398e-01 1.857355952262878418e+00 8.262557387351989746e-01 1.592668771743774414e+00 -4.873819351196289062e-01 -1.305465579032897949e+00 -2.443952113389968872e-01
-3.351288437843322754e-01 1.119531750679016113e+00 1.695279002189636230e+00 -1.429549217224121094e+00 1.951079487800598145e+00 -1.335077285766601562e+00 -6.581562161445617676e-01 -1.590792417526245117e+00 1.879591941833496094e+00 -6.055625528097152710e-02 -7.620285749435424805e-01 -1.149583101272583008e+00 -2.140696197748184204e-01 -1.386876106262207031e-01 1.893399238586425781e+00 7.895995378494262695e-01 1.673040986061096191e+00 -4.832164943218231201e-01 -1.296566605567932129e+00 -3.143943250179290771e-01
-3.494948744773864746e-01 1.079014420509338379e+00 1.726929783821105957e+00 -1.424708366394042969e+00 2.037029504776000977e+00 -1.377895236015319824e+00 -5.556761622428894043e-01 -1.707976937294006348e+00 1.930769205093383789e+00 -3.794739395380020142e-02 -8.914481401443481445e-01 -1.214459419250488281e+00 -1.585494428873062134e-01 -1.174904629588127136e-01 1.917400479316711426e+00 7.680715322494506836e-01 1.726343274116516113e+00 -4.752669632434844971e-01 -1.290843844413757324e+00 -3.717548549175262451e-01
-3.708285689353942871e-01 1.051794052124023438e+00 1.752973675727844238e+00 -1.414649963378906250e+00 2.093259096145629883e+00 -1.401820898056030273e+00 -4.971329569816589355e-01 -1.787096023559570312e+00 1.950421094894409180e+00 -2.265082672238349915e-02 -9.942450523376464844e-01 -1.247937202453613281e+00 -1.290085017681121826e-01 -9.099977463483810425e-02 1.921702265739440918e+00 7.455953359603881836e-01 1.752952456474304199e+00 -4.594965875148773193e-01 -1.284732222557067871e+00 -4.144799411296844482e-01
-4.092140793800354004e-01 1.034723520278930664e+00 1.773734569549560547e+00 -1.406998872756958008e+00 2.110326766967773438e+00 -1.403770327568054199e+00 -4.797764122486114502e-01 -1.845575094223022461e+00 1.938494086265563965e+00 -6.488233804702758789e-03 -1.067420482635498047e+00 -1.281980037689208984e+00 -1.265605092048645020e-01 -6.664177030324935913e-02 1.916204452514648438e+00 7.219128608703613281e-01 1.776472687721252441e+00 -4.370127618312835693e-01 -1.298101425170898438e+00 -4.197503328323364258e-01
-4.778417944908142090e-01 1.023435831069946289e+00 1.763531923294067383e+00 -1.406477093696594238e+00 2.079134464263916016e+00 -1.389050245285034180e+00 -4.840019643306732178e-01 -1.905105233192443848e+00 1.897109866142272949e+00 1.121242344379425049e-02 -1.115861058235168457e+00 -1.308047056198120117e+00 -1.520140618085861206e-01 -2.706830203533172607e-02 1.884086966514587402e+00 6.954903602600097656e-01 1.797176122665405273e+00 -4.243180155754089355e-01 -1.317810416221618652e+00 -3.962399065494537354e-01
-5.735164880752563477e-01 1.023361086845397949e+00 1.712598800659179688e+00 -1.395307302474975586e+00 1.985197424888610840e+00 -1.361347913742065430e+00 -5.363626480102539062e-01 -1.948159098625183105e+00 1.807495594024658203e+00 2.992105484008789062e-02 -1.118142247200012207e+00 -1.305014371871948242e+00 -1.991167962551116943e-01 3.219275549054145813e-02 1.816843867301940918e+00 6.754993796348571777e-01 1.789413571357727051e+00 -4.188106358051300049e-01 -1.329135656356811523e+00 -3.407154083251953125e-01
-7.173348069190979004e-01 1.046971559524536133e+00 1.594011306762695312e+00 -1.369797468185424805e+00 1.765447497367858887e+00 -1.292433977127075195e+00 -6.249076724052429199e-01 -1.959761261940002441e+00 1.638447761535644531e+00 3.501166403293609619e-02 -1.053544521331787109e+00 -1.255328416824340820e+00 -2.591009140014648438e-01 1.123740077018737793e-01 1.697432518005371094e+00 6.516475081443786621e-01 1.726646780967712402e+00 -4.202800393104553223e-01 -1.313176989555358887e+00 -2.585037946701049805e-01
-9.264173507690429688e-01 1.146362781524658203e+00 1.420629262924194336e+00 -1.356907725334167480e+00 1.453183293342590332e+00 -1.176637172698974609e+00 -7.849464416503906250e-01 -1.937211751937866211e+00 1.441928863525390625e+00 -1.086413115262985229e-02 -9.016685485839843750e-01 -1.184072971343994141e+00 -3.204316794872283936e-01 1.887201368808746338e-01 1.574970006942749023e+00 6.786906719207763672e-01 1.647562623023986816e+00 -4.188746809959411621e-01 -1.278592467308044434e+00 -1.595306098461151123e-01
-1.143242955207824707e+00 1.289161443710327148e+00 1.296097040176391602e+00 -1.306225061416625977e+00 1.180306077003479004e+00 -1.058763742446899414e+00 -9.405947923660278320e-01 -1.857208371162414551e+00 1.327362418174743652e+00 -1.561572998762130737e-01 -7.415210008621215820e-01 -1.144105672836303711e+00 -3.808628618717193604e-01 2.218718528747558594e-01 1.520077705383300781e+00 7.971270084381103516e-01 1.625937461853027344e+00 -3.814086616039276123e-01 -1.265069842338562012e+00 -6.735104322433471680e-02
-1.287514328956604004e+00 1.456218242645263672e+00 1.226509332656860352e+00 -1.283114194869995117e+00 1.007800817489624023e+00 -1.010649442672729492e+00 -1.034192442893981934e+00 -1.772048115730285645e+00 1.312705874443054199e+00 -3.219420015811920166e-01 -6.095228195190429688e-01 -1.072685956954956055e+00 -4.208047688007354736e-01 2.446053922176361084e-01 1.533234477043151855e+00 9.333439469337463379e-01 1.622642278671264648e+00 -3.794374167919158936e-01 -1.244337677955627441e+00 -5.306116119027137756e-02
-1.371719598770141602e+00 1.618975281715393066e+00 1.222885131835937500e+00 -1.332340002059936523e+00 9.410662055015563965e-01 -1.011583209037780762e+00 -1.096478819847106934e+00 -1.697686791419982910e+00 1.346248984336853027e+00 -4.673462212085723877e-01 -5.261181592941284180e-01 -9.618155956268310547e-01 -4.560810625553131104e-01 2.800050675868988037e-01 1.594166159629821777e+00 1.067742824554443359e+00 1.629610657691955566e+00 -4.042896628379821777e-01 -1.230129003524780273e+00 -1.197923421859741211e-01
-1.402701854705810547e+00 1.692429184913635254e+00 1.225088834762573242e+00 -1.369415879249572754e+00 9.236873388290405273e-01 -1.021507740020751953e+00 -1.098909735679626465e+00 -1.646652460098266602e+00 1.380033135414123535e+00 -5.552284717559814453e-01 -4.841043949127197266e-01 -8.792546987533569336e-01 -4.601620137691497803e-01 3.121908903121948242e-01 1.644243836402893066e+00 1.143068313598632812e+00 1.629659175872802734e+00 -4.288006126880645752e-01 -1.201864600181579590e+00 -1.791115254163742065e-01
-1.394048094749450684e+00 1.685232639312744141e+00 1.220915913581848145e+00 -1.395165801048278809e+00 9.459803700447082520e-01 -1.032358050346374512e+00 -1.047330021858215332e+00 -1.626209139823913574e+00 1.413326501846313477e+00 -5.936421155929565430e-01 -4.850881099700927734e-01 -8.288655281066894531e-01 -4.364179074764251709e-01 3.456755578517913818e-01 1.679430246353149414e+00 1.173452377319335938e+00 1.637617588043212891e+00 -4.438725411891937256e-01 -1.159718513488769531e+00 -2.355641871690750122e-01
-1.342165231704711914e+00 1.622521162033081055e+00 1.197197318077087402e+00 -1.410091996192932129e+00 1.000339984893798828e+00 -1.052178978919982910e+00 -9.448916912078857422e-01 -1.643015623092651367e+00 1.442665934562683105e+00 -5.780360698699951172e-01 -5.178793668746948242e-01 -8.027085065841674805e-01 -3.853566050529479980e-01 3.876433968544006348e-01 1.682732939720153809e+00 1.149918198585510254e+00 1.650593400001525879e+00 -4.679768085479736328e-01 -1.101317167282104492e+00 -2.946147322654724121e-01
-1.251175642013549805e+00 1.478409290313720703e+00 1.168732404708862305e+00 -1.401824355125427246e+00 1.070248842239379883e+00 -1.058816552162170410e+00 -8.055057525634765625e-01 -1.673633813858032227e+00 1.451433897018432617e+00 -5.104516148567199707e-01 -5.775228142738342285e-01 -8.202140331268310547e-01 -3.186743557453155518e-01 4.081717729568481445e-01 1.667158603668212891e+00 1.088014125823974609e+00 1.671288967132568359e+00 -4.649658799171447754e-01 -1.042955040931701660e+00 -3.309804201126098633e-01
-1.106341958045959473e+00 1.255231857299804688e+00 1.143581986427307129e+00 -1.364537000656127930e+00 1.171240687370300293e+00 -1.063776969909667969e+00 -6.282124519348144531e-01 -1.721123218536376953e+00 1.453516125679016113e+00 -3.871679008007049561e-01 -6.719884872436523438e-01 -8.844712972640991211e-01 -2.328629046678543091e-01 3.880017399787902832e-01 1.637957572937011719e+00 9.811369776725769043e-01 1.692725658416748047e+00 -4.353556036949157715e-01 -9.862902760505676270e-01 -3.439710438251495361e-01
-9.175945520401000977e-01 9.870471358299255371e-01 1.172608017921447754e+00 -1.283714294433593750e+00 1.363820075988769531e+00 -1.120033383369445801e+00 -4.328010976314544678e-01 -1.801369309425354004e+00 1.512013435363769531e+00 -2.322689294815063477e-01 -8.232489824295043945e-01 -1.012853622436523438e+00 -1.349987834692001343e-01 3.292311728000640869e-01 1.648121714591979980e+00 8.662688136100769043e-01 1.744749665260314941e+00 -3.908944427967071533e-01 -9.507162570953369141e-01 -3.365463018417358398e-01
-7.531918883323669434e-01 8.383186459541320801e-01 1.352723360061645508e+00 -1.260006666183471680e+00 1.658259987831115723e+00 -1.251365065574645996e+00 -3.218457400798797607e-01 -1.913534760475158691e+00 1.693244338035583496e+00 -1.318378299474716187e-01 -1.035416126251220703e+00 -1.208367347717285156e+00 -3.345909342169761658e-02 1.938950717449188232e-01 1.797782301902770996e+00 8.671864867210388184e-01 1.860258936882019043e+00 -3.302671909332275391e-01 -1.009026050567626953e+00 -3.594124615192413330e-01
-6.192711591720581055e-01 7.506719827651977539e-01 1.549723386764526367e+00 -1.233659505844116211e+00 1.911735892295837402e+00 -1.362740516662597656e+00 -2.699813544750213623e-01 -1.991483569145202637e+00 1.843890428543090820e+00 -6.000704690814018250e-02 -1.220669507980346680e+00 -1.368422746658325195e+00 4.815258830785751343e-02 3.795938938856124878e-02 1.944644570350646973e+00 8.827103972434997559e-01 1.916623592376708984e+00 -2.702317237854003906e-01 -1.078342914581298828e+00 -3.809905350208282471e-01
-5.141909718513488770e-01 7.146809101104736328e-01 1.732272744178771973e+00 -1.215508341789245605e+00 2.132761478424072266e+00 -1.430003166198730469e+00 -2.779408693313598633e-01 -2.003589630126953125e+00 1.979318380355834961e+00 -2.713739126920700073e-02 -1.337383389472961426e+00 -1.472754001617431641e+00 9.741960465908050537e-02 -8.511402457952499390e-02 2.052179574966430664e+00 8.935561180114746094e-01 1.942550778388977051e+00 -2.199256569147109985e-01 -1.145437002182006836e+00 -3.870277404785156250e-01
-4.333461523056030273e-01 7.162125110626220703e-01 1.871782302856445312e+00 -1.199516892433166504e+00 2.287424802780151367e+00 -1.470432281494140625e+00 -3.230363726615905762e-01 -1.973779439926147461e+00 2.062379121780395508e+00 -3.896392881870269775e-03 -1.386597871780395508e+00 -1.531739234924316406e+00 1.179654896259307861e-01 -1.910149455070495605e-01 2.130524873733520508e+00 8.932431340217590332e-01 1.925030112266540527e+00 -2.012147903442382812e-01 -1.195355534553527832e+00 -3.806532025337219238e-01
-3.603724241256713867e-01 7.149106264114379883e-01 1.959423780441284180e+00 -1.171625375747680664e+00 2.363089799880981445e+00 -1.471005320549011230e+00 -3.638654649257659912e-01 -1.891901850700378418e+00 2.090260982513427734e+00 5.378201603889465332e-04 -1.381103277206420898e+00 -1.529335737228393555e+00 1.196491122245788574e-01 -2.802771329879760742e-01 2.154989480972290039e+00 8.850255608558654785e-01 1.856904983520507812e+00 -1.866585910320281982e-01 -1.213784337043762207e+00 -3.735160827636718750e-01
-3.189871907234191895e-01 7.268115878105163574e-01 2.022338151931762695e+00 -1.143415570259094238e+00 2.395873785018920898e+00 -1.454596400260925293e+00 -4.012233316898345947e-01 -1.783190846443176270e+00 2.087417840957641602e+00 -2.974933013319969177e-02 -1.348069190979003906e+00 -1.470279455184936523e+00 9.222555160522460938e-02 -3.350861072540283203e-01 2.168505430221557617e+00 8.907679915428161621e-01 1.771282792091369629e+00 -1.831192225217819214e-01 -1.212795615196228027e+00 -3.830362558364868164e-01
-3.068120479583740234e-01 7.834045290946960449e-01 2.107303619384765625e+00 -1.110372066497802734e+00 2.382240056991577148e+00 -1.429468393325805664e+00 -4.864637851715087891e-01 -1.618696689605712891e+00 2.046811342239379883e+00 -9.565576910972595215e-02 -1.285515904426574707e+00 -1.369987010955810547e+00 6.647810339927673340e-03 -3.735058903694152832e-01 2.207263469696044922e+00 9.265813231468200684e-01 1.682782173156738281e+00 -1.698506772518157959e-01 -1.238090753555297852e+00 -3.888369202613830566e-01
-2.939112186431884766e-01 8.825011849403381348e-01 2.172778606414794922e+00 -1.064258217811584473e+00 2.324909448623657227e+00 -1.406643152236938477e+00 -6.181471347808837891e-01 -1.376904606819152832e+00 1.980160713195800781e+00 -2.074153721332550049e-01 -1.155554771423339844e+00 -1.177160978317260742e+00 -1.429362595081329346e-01 -3.832385838031768799e-01 2.206432819366455078e+00 9.961435794830322266e-01 1.547435164451599121e+00 -1.574822664260864258e-01 -1.245206594467163086e+00 -4.143541157245635986e-01
-2.758191823959350586e-01 9.961689710617065430e-01 2.171193122863769531e+00 -9.837740063667297363e-01 2.168841600418090820e+00 -1.337848186492919922e+00 -7.688151597976684570e-01 -1.039783596992492676e+00 1.843415498733520508e+00 -3.435217142105102539e-01 -9.570037126541137695e-01 -8.840135931968688965e-01 -3.381004929542541504e-01 -3.594045341014862061e-01 2.110124111175537109e+00 1.059803485870361328e+00 1.342398762702941895e+00 -1.314020156860351562e-01 -1.213931441307067871e+00 -4.603375792503356934e-01
-4.123241901397705078e-01 1.276112318038940430e+00 2.195381402969360352e+00 -1.073104739189147949e+00 2.035580396652221680e+00 -1.312218427658081055e+00 -1.040899515151977539e+00 -8.381943106651306152e-01 1.815235972404479980e+00 -5.415197014808654785e-01 -8.021972179412841797e-01 -6.011468768119812012e-01 -5.094274878501892090e-01 -2.390769422054290771e-01 2.031568050384521484e+00 1.218364715576171875e+00 1.247770667076110840e+00 -8.593178540468215942e-02 -1.240874886512756348e+00 -5.205227136611938477e-01
-6.330611705780029297e-01 1.569589853286743164e+00 2.121301412582397461e+00 -1.202965259552001953e+00 1.921856284141540527e+00 -1.247514247894287109e+00 -1.295736789703369141e+00 -7.237314581871032715e-01 1.790971755981445312e+00 -7.456822991371154785e-01 -6.757005453109741211e-01 -3.673132061958312988e-01 -6.315784454345703125e-01 -3.735519945621490479e-03 1.971745371818542480e+00 1.374959707260131836e+00 1.248163104057312012e+00 -7.579717040061950684e-02 -1.237766742706298828e+00 -5.611781477928161621e-01
-8.544334173202514648e-01 1.797873616218566895e+00 2.024524450302124023e+00 -1.287628889083862305e+00 1.837042212486267090e+00 -1.199668765068054199e+00 -1.474635481834411621e+00 -7.130936384201049805e-01 1.777813792228698730e+00 -9.187767505645751953e-01 -6.061581373214721680e-01 -2.138863205909729004e-01 -6.948096156120300293e-01 2.208884656429290771e-01 1.940655946731567383e+00 1.474722027778625488e+00 1.279239535331726074e+00 -8.751180768013000488e-02 -1.210423588752746582e+00 -5.846292972564697266e-01
-1.015554308891296387e+00 1.912445783615112305e+00 1.941785216331481934e+00 -1.324562549591064453e+00 1.798634171485900879e+00 -1.163888692855834961e+00 -1.575569272041320801e+00 -7.514270544052124023e-01 1.772693514823913574e+00 -1.032158136367797852e+00 -5.844249725341796875e-01 -1.334117203950881958e-01 -7.025128602981567383e-01 3.538312911987304688e-01 1.933419227600097656e+00 1.531786799430847168e+00 1.298668503761291504e+00 -1.036384999752044678e-01 -1.176475286483764648e+00 -5.909087657928466797e-01
-1.101869702339172363e+00 1.980713963508605957e+00 1.894275307655334473e+00 -1.334694862365722656e+00 1.813429951667785645e+00 -1.157180786132812500e+00 -1.628843784332275391e+00 -8.022580146789550781e-01 1.801920652389526367e+00 -1.095976233482360840e+00 -5.818651914596557617e-01 -1.120241731405258179e-01 -6.834859848022460938e-01 4.198677837848663330e-01 1.944800972938537598e+00 1.564570903778076172e+00 1.329838514328002930e+00 -1.241690218448638916e-01 -1.154428601264953613e+00 -5.938913822174072266e-01
-1.150749564170837402e+00 2.020621299743652344e+00 1.874755501747131348e+00 -1.326893568038940430e+00 1.849403262138366699e+00 -1.158991932868957520e+00 -1.663777470588684082e+00 -8.456419110298156738e-01 1.844343900680541992e+00 -1.135285258293151855e+00 -5.849066376686096191e-01 -1.245820969343185425e-01 -6.638998389244079590e-01 4.464546144008636475e-01 1.966636061668395996e+00 1.585753679275512695e+00 1.364560008049011230e+00 -1.385446339845657349e-01 -1.145845055580139160e+00 -5.848407149314880371e-01
-1.181586384773254395e+00 2.036603450775146484e+00 1.866996645927429199e+00 -1.299731254577636719e+00 1.883581519126892090e+00 -1.159004926681518555e+00 -1.697306990623474121e+00 -8.736690282821655273e-01 1.878907680511474609e+00 -1.158256053924560547e+00 -5.858386754989624023e-01 -1.472443938255310059e-01 -6.466211080551147461e-01 4.499486684799194336e-01 1.984506011009216309e+00 1.588790893554687500e+00 1.380625605583190918e+00 -1.483309566974639893e-01 -1.142826437950134277e+00 -5.525649189949035645e-01
-1.196571469306945801e+00 2.033048152923583984e+00 1.872194886207580566e+00 -1.251672506332397461e+00 1.916441559791564941e+00 -1.160934329032897949e+00 -1.731616020202636719e+00 -8.882549405097961426e-01 1.908277153968811035e+00 -1.167709946632385254e+00 -5.817651748657226562e-01 -1.814748048782348633e-01 -6.286038160324096680e-01 4.277475178241729736e-01 2.003016471862792969e+00 1.574547529220581055e+00 1.376625537872314453e+00 -1.565960943698883057e-01 -1.144346714019775391e+00 -4.930151402950286865e-01
-1.181417465209960938e+00 2.014673233032226562e+00 1.910055160522460938e+00 -1.180354356765747070e+00 1.967817306518554688e+00 -1.182322740554809570e+00 -1.766733884811401367e+00 -8.958696722984313965e-01 1.955172777175903320e+00 -1.159640431404113770e+00 -5.751441717147827148e-01 -2.504321038722991943e-01 -6.005972027778625488e-01 3.555658757686614990e-01 2.036142110824584961e+00 1.549027204513549805e+00 1.362490296363830566e+00 -1.649893969297409058e-01 -1.160808205604553223e+00 -4.033333659172058105e-01
-1.123566389083862305e+00 1.961947560310363770e+00 1.960138797760009766e+00 -1.084483861923217773e+00 2.016249895095825195e+00 -1.215744256973266602e+00 -1.780848741531372070e+00 -8.978748321533203125e-01 1.993328213691711426e+00 -1.117245674133300781e+00 -5.648604035377502441e-01 -3.508501350879669189e-01 -5.625392198562622070e-01 2.406211197376251221e-01 2.063789606094360352e+00 1.491928339004516602e+00 1.332825541496276855e+00 -1.740417033433914185e-01 -1.182912826538085938e+00 -2.867465615272521973e-01
-1.014924883842468262e+00 1.864832520484924316e+00 1.998658061027526855e+00 -9.602831602096557617e-01 2.040794134140014648e+00 -1.261544346809387207e+00 -1.742870211601257324e+00 -9.020708203315734863e-01 1.997563242912292480e+00 -1.026042938232421875e+00 -5.441633462905883789e-01 -4.723396003246307373e-01 -4.925468266010284424e-01 8.446597307920455933e-02 2.067346096038818359e+00 1.393591284751892090e+00 1.270601034164428711e+00 -1.979029923677444458e-01 -1.192715167999267578e+00 -1.610888391733169556e-01
-9.214063286781311035e-01 1.744486927986145020e+00 1.997931957244873047e+00 -8.337780237197875977e-01 2.010562181472778320e+00 -1.297219276428222656e+00 -1.660373806953430176e+00 -9.249929785728454590e-01 1.915768980979919434e+00 -9.056671261787414551e-01 -5.368010997772216797e-01 -5.758819580078125000e-01 -4.257922470569610596e-01 -4.797472059726715088e-02 2.044147253036499023e+00 1.273000597953796387e+00 1.184783220291137695e+00 -2.353093326091766357e-01 -1.185202360153198242e+00 -5.895299836993217468e-02
-8.942885398864746094e-01 1.631570339202880859e+00 1.962402224540710449e+00 -7.503622770309448242e-01 1.918363690376281738e+00 -1.312341570854187012e+00 -1.548317670822143555e+00 -9.704647660255432129e-01 1.774321317672729492e+00 -7.943664193153381348e-01 -5.502157807350158691e-01 -6.479058861732482910e-01 -3.638944923877716064e-01 -1.302815973758697510e-01 2.023463010787963867e+00 1.184254884719848633e+00 1.102340102195739746e+00 -2.725176215171813965e-01 -1.159825563430786133e+00 -8.069090545177459717e-04
-9.219790697097778320e-01 1.485363960266113281e+00 1.962427854537963867e+00 -6.650894880294799805e-01 1.805954694747924805e+00 -1.284583926200866699e+00 -1.462596774101257324e+00 -9.680452346801757812e-01 1.636303544044494629e+00 -7.427647113800048828e-01 -5.698520541191101074e-01 -7.027496695518493652e-01 -3.309300839900970459e-01 -1.612175107002258301e-01 2.005263328552246094e+00 1.202057003974914551e+00 1.052327513694763184e+00 -2.447733581066131592e-01 -1.166622161865234375e+00 3.232288733124732971e-02
-1.084491848945617676e+00 1.422299504280090332e+00 1.918275833129882812e+00 -6.413992643356323242e-01 1.634708642959594727e+00 -1.189786672592163086e+00 -1.405128955841064453e+00 -9.515739679336547852e-01 1.444012165069580078e+00 -7.973855733871459961e-01 -5.953928232192993164e-01 -6.845362186431884766e-01 -3.482787907123565674e-01 -8.197421580553054810e-02 1.986885666847229004e+00 1.315997719764709473e+00 1.058421730995178223e+00 -1.665485054254531860e-01 -1.165876388549804688e+00 -4.880130290985107422e-07
-1.316053152084350586e+00 1.418413639068603516e+00 1.790275812149047852e+00 -7.427415847778320312e-01 1.444852590560913086e+00 -1.000638961791992188e+00 -1.342154026031494141e+00 -1.002618432044982910e+00 1.265807390213012695e+00 -8.546238541603088379e-01 -6.517052054405212402e-01 -6.596187949180603027e-01 -3.833483755588531494e-01 1.026241332292556763e-01 1.910806179046630859e+00 1.481413483619689941e+00 1.157782793045043945e+00 -8.290258795022964478e-02 -1.182087779045104980e+00 -1.337138265371322632e-01
-1.535102725028991699e+00 1.383997559547424316e+00 1.591499090194702148e+00 -8.839393258094787598e-01 1.268531084060668945e+00 -7.864714264869689941e-01 -1.224959969520568848e+00 -1.147418737411499023e+00 1.144559860229492188e+00 -8.717910051345825195e-01 -7.633084654808044434e-01 -6.477459073066711426e-01 -4.929061233997344971e-01 2.606350779533386230e-01 1.775112390518188477e+00 1.548685312271118164e+00 1.293804049491882324e+00 -2.974118106067180634e-02 -1.215626239776611328e+00 -2.911826074123382568e-01
-1.620066761970520020e+00 1.384619951248168945e+00 1.527865767478942871e+00 -9.684770107269287109e-01 1.270075798034667969e+00 -7.012403011322021484e-01 -1.172923088073730469e+00 -1.277196407318115234e+00 1.162718653678894043e+00 -8.579676151275634766e-01 -8.657954931259155273e-01 -7.112724184989929199e-01 -6.034147739410400391e-01 2.842939794063568115e-01 1.722417473793029785e+00 1.533503770828247070e+00 1.423716187477111816e+00 -1.953583769500255585e-02 -1.294694185256958008e+00 -3.871292173862457275e-01
-1.651832699775695801e+00 1.350644946098327637e+00 1.488289952278137207e+00 -9.758232831954956055e-01 1.267368435859680176e+00 -6.390155553817749023e-01 -1.127772450447082520e+00 -1.348200201988220215e+00 1.162495255470275879e+00 -8.272961974143981934e-01 -9.385576844215393066e-01 -7.773358821868896484e-01 -6.682841181755065918e-01 2.633230388164520264e-01 1.679448127746582031e+00 1.479030609130859375e+00 1.482038617134094238e+00 -1.895354315638542175e-02 -1.345293402671813965e+00 -4.134917259216308594e-01
-1.647157907485961914e+00 1.288227319717407227e+00 1.445574045181274414e+00 -9.399836063385009766e-01 1.246647477149963379e+00 -5.726101994514465332e-01 -1.069664120674133301e+00 -1.384610056877136230e+00 1.150559663772583008e+00 -7.867485880851745605e-01 -9.905613660812377930e-01 -8.489943146705627441e-01 -7.074450850486755371e-01 2.024288475513458252e-01 1.631642818450927734e+00 1.406653285026550293e+00 1.497731447219848633e+00 -5.414545536041259766e-03 -1.373850464820861816e+00 -4.049428403377532959e-01
-1.615872740745544434e+00 1.213633656501770020e+00 1.400467634201049805e+00 -8.784907460212707520e-01 1.216534972190856934e+00 -5.086797475814819336e-01 -1.003221511840820312e+00 -1.405056238174438477e+00 1.137268066406250000e+00 -7.375648617744445801e-01 -1.028088092803955078e+00 -9.310327172279357910e-01 -7.345040440559387207e-01 1.101938784122467041e-01 1.583460330963134766e+00 1.321011066436767578e+00 1.490228176116943359e+00 1.326030492782592773e-02 -1.391238808631896973e+00 -3.741816878318786621e-01
-1.573103189468383789e+00 1.146385788917541504e+00 1.375257492065429688e+00 -8.085287213325500488e-01 1.188301920890808105e+00 -4.699230790138244629e-01 -9.407435655593872070e-01 -1.453666210174560547e+00 1.153501391410827637e+00 -6.629453301429748535e-01 -1.076503276824951172e+00 -1.066915273666381836e+00 -7.657245993614196777e-01 -1.351809501647949219e-02 1.544469237327575684e+00 1.230043530464172363e+00 1.512263417243957520e+00 4.789225384593009949e-02 -1.439587116241455078e+00 -3.225470483303070068e-01
-1.510164499282836914e+00 1.100440025329589844e+00 1.396219849586486816e+00 -7.505570054054260254e-01 1.200238227844238281e+00 -4.813177883625030518e-01 -8.825861215591430664e-01 -1.525567412376403809e+00 1.224528312683105469e+00 -5.795992612838745117e-01 -1.133957028388977051e+00 -1.251472949981689453e+00 -7.792580127716064453e-01 -1.600911021232604980e-01 1.530769705772399902e+00 1.137422680854797363e+00 1.577050924301147461e+00 8.553902804851531982e-02 -1.510846495628356934e+00 -2.567418515682220459e-01
-1.427168965339660645e+00 1.087110280990600586e+00 1.451532006263732910e+00 -7.118328213691711426e-01 1.246297478675842285e+00 -5.341985225677490234e-01 -8.406934738159179688e-01 -1.581489443778991699e+00 1.313447117805480957e+00 -5.186957716941833496e-01 -1.173333168029785156e+00 -1.390717983245849609e+00 -7.634307742118835449e-01 -3.018456101417541504e-01 1.543926000595092773e+00 1.080027699470520020e+00 1.619983077049255371e+00 1.156435161828994751e-01 -1.559231400489807129e+00 -2.247638851404190063e-01
-1.329682588577270508e+00 1.088119864463806152e+00 1.533297657966613770e+00 -6.807651519775390625e-01 1.297553062438964844e+00 -6.219062209129333496e-01 -7.984357476234436035e-01 -1.619828939437866211e+00 1.420830368995666504e+00 -4.726791977882385254e-01 -1.208160996437072754e+00 -1.506521701812744141e+00 -7.139478325843811035e-01 -4.314220845699310303e-01 1.596698403358459473e+00 1.037494063377380371e+00 1.655054330825805664e+00 1.259437799453735352e-01 -1.592700004577636719e+00 -2.035295218229293823e-01
-1.215405464172363281e+00 1.108645796775817871e+00 1.630126476287841797e+00 -6.884930133819580078e-01 1.353874325752258301e+00 -7.444787621498107910e-01 -7.601776719093322754e-01 -1.672046780586242676e+00 1.545290946960449219e+00 -3.952391445636749268e-01 -1.244226574897766113e+00 -1.627141237258911133e+00 -6.246103644371032715e-01 -5.443694591522216797e-01 1.683719038963317871e+00 9.882948994636535645e-01 1.697981715202331543e+00 1.030506789684295654e-01 -1.620676517486572266e+00 -1.933642625808715820e-01
-1.080487847328186035e+00 1.131825566291809082e+00 1.715287566184997559e+00 -7.104479074478149414e-01 1.431002140045166016e+00 -8.797213435173034668e-01 -6.888712644577026367e-01 -1.708273291587829590e+00 1.660696625709533691e+00 -3.391208052635192871e-01 -1.271842956542968750e+00 -1.701387882232666016e+00 -5.169516801834106445e-01 -6.289499998092651367e-01 1.756679177284240723e+00 9.346219897270202637e-01 1.709405779838562012e+00 6.864547729492187500e-02 -1.614392757415771484e+00 -1.970901191234588623e-01
-9.340126514434814453e-01 1.178416609764099121e+00 1.772171974182128906e+00 -7.373401522636413574e-01 1.534641504287719727e+00 -1.043657302856445312e+00 -5.842388272285461426e-01 -1.734691262245178223e+00 1.753553867340087891e+00 -3.233926892280578613e-01 -1.286372661590576172e+00 -1.690246343612670898e+00 -4.085118174552917480e-01 -6.590465307235717773e-01 1.802784204483032227e+00 8.780609965324401855e-01 1.680728793144226074e+00 9.562801569700241089e-03 -1.558640599250793457e+00 -2.456179410219192505e-01
-7.450524568557739258e-01 1.249844431877136230e+00 1.791300892829895020e+00 -7.918515801429748535e-01 1.623728275299072266e+00 -1.255896329879760742e+00 -4.024972319602966309e-01 -1.726496577262878418e+00 1.846099853515625000e+00 -3.582330346107482910e-01 -1.241760849952697754e+00 -1.547426223754882812e+00 -2.537175118923187256e-01 -6.064007878303527832e-01 1.806173682212829590e+00 8.189530968666076660e-01 1.584219455718994141e+00 -8.650620281696319580e-02 -1.401094317436218262e+00 -3.702534437179565430e-01
-5.964702367782592773e-01 1.312080621719360352e+00 1.738273024559020996e+00 -8.410312533378601074e-01 1.657729029655456543e+00 -1.466531395912170410e+00 -2.003131210803985596e-01 -1.639870643615722656e+00 1.852176427841186523e+00 -4.611147940158843994e-01 -1.127191066741943359e+00 -1.203639268875122070e+00 -8.329740166664123535e-02 -3.968944847583770752e-01 1.819420099258422852e+00 8.117303252220153809e-01 1.405163526535034180e+00 -2.607799172401428223e-01 -1.129757404327392578e+00 -5.528044700622558594e-01
-6.237080693244934082e-01 1.490453720092773438e+00 1.633220195770263672e+00 -1.060523271560668945e+00 1.657145380973815918e+00 -1.591060280799865723e+00 -1.720361262559890747e-01 -1.597553968429565430e+00 1.874372005462646484e+00 -6.364260315895080566e-01 -9.310567378997802734e-01 -7.605181932449340820e-01 4.252266511321067810e-02 -5.106111615896224976e-02 1.847412228584289551e+00 8.929585218429565430e-01 1.262182235717773438e+00 -4.831632971763610840e-01 -8.463561534881591797e-01 -7.632410526275634766e-01
-7.757454514503479004e-01 1.685595989227294922e+00 1.533690810203552246e+00 -1.326271891593933105e+00 1.626881122589111328e+00 -1.616687536239624023e+00 -3.202401399612426758e-01 -1.607491493225097656e+00 1.835847973823547363e+00 -7.567970156669616699e-01 -7.448867559432983398e-01 -3.898592591285705566e-01 8.077665418386459351e-02 3.258665204048156738e-01 1.825021982192993164e+00 1.021219968795776367e+00 1.200103640556335449e+00 -6.500892639160156250e-01 -6.717163920402526855e-01 -9.155500531196594238e-01
-9.546125531196594238e-01 1.853765964508056641e+00 1.538897514343261719e+00 -1.543708682060241699e+00 1.654664278030395508e+00 -1.646059155464172363e+00 -5.553294420242309570e-01 -1.676083564758300781e+00 1.856797814369201660e+00 -8.234559893608093262e-01 -6.459659337997436523e-01 -2.731862068176269531e-01 5.116893723607063293e-02 5.590903759002685547e-01 1.856279373168945312e+00 1.164181232452392578e+00 1.298827052116394043e+00 -7.021634578704833984e-01 -6.837341785430908203e-01 -9.218840599060058594e-01
-1.093367934226989746e+00 1.951339006423950195e+00 1.481225609779357910e+00 -1.662297248840332031e+00 1.586679816246032715e+00 -1.622899413108825684e+00 -7.380290031433105469e-01 -1.714811444282531738e+00 1.810245156288146973e+00 -8.211894035339355469e-01 -5.878782272338867188e-01 -2.468933761119842529e-01 -1.986887678503990173e-02 7.193639278411865234e-01 1.847851276397705078e+00 1.211229681968688965e+00 1.392878055572509766e+00 -7.313219904899597168e-01 -7.239457368850708008e-01 -8.444635868072509766e-01
-1.180990695953369141e+00 2.028633832931518555e+00 1.415473937988281250e+00 -1.723697662353515625e+00 1.500830769538879395e+00 -1.590653181076049805e+00 -8.639523386955261230e-01 -1.748813271522521973e+00 1.768619894981384277e+00 -7.976136207580566406e-01 -5.289258956909179688e-01 -2.809776663780212402e-01 -9.269371628761291504e-02 7.974799275398254395e-01 1.821464419364929199e+00 1.213524341583251953e+00 1.480484485626220703e+00 -7.541211843490600586e-01 -7.649870514869689941e-01 -7.577180862426757812e-01
-1.223307728767395020e+00 2.066047668457031250e+00 1.330267906188964844e+00 -1.737866878509521484e+00 1.395695567131042480e+00 -1.528113484382629395e+00 -9.565171003341674805e-01 -1.769342422485351562e+00 1.708276033401489258e+00 -7.430428266525268555e-01 -4.632427096366882324e-01 -3.552117943763732910e-01 -1.593345701694488525e-01 8.053490519523620605e-01 1.771736860275268555e+00 1.163731813430786133e+00 1.540257215499877930e+00 -7.684358954429626465e-01 -8.054288625717163086e-01 -6.431695222854614258e-01
-1.229515790939331055e+00 2.034391880035400391e+00 1.240584850311279297e+00 -1.678756475448608398e+00 1.287593245506286621e+00 -1.441604018211364746e+00 -1.030584931373596191e+00 -1.778614878654479980e+00 1.636874437332153320e+00 -6.604451537132263184e-01 -4.377840459346771240e-01 -4.997124075889587402e-01 -2.225816398859024048e-01 7.345990538597106934e-01 1.701838612556457520e+00 1.047004461288452148e+00 1.588657975196838379e+00 -7.419120669364929199e-01 -8.653430938720703125e-01 -4.573089480400085449e-01
-1.177497863769531250e+00 1.910807609558105469e+00 1.146155476570129395e+00 -1.485124468803405762e+00 1.199779033660888672e+00 -1.331287503242492676e+00 -1.104195237159729004e+00 -1.738213539123535156e+00 1.545800566673278809e+00 -5.539304018020629883e-01 -4.186080694198608398e-01 -6.611988544464111328e-01 -2.505988776683807373e-01 5.780643224716186523e-01 1.609313130378723145e+00 9.068372845649719238e-01 1.567856431007385254e+00 -6.789327859878540039e-01 -9.088189601898193359e-01 -2.295206636190414429e-01
-1.088547706604003906e+00 1.760776042938232422e+00 1.204802989959716797e+00 -1.242619276046752930e+00 1.252095460891723633e+00 -1.287004232406616211e+00 -1.209927916526794434e+00 -1.709690213203430176e+00 1.507155060768127441e+00 -4.164629280567169189e-01 -4.479343295097351074e-01 -8.497240543365478516e-01 -3.008373081684112549e-01 3.567534387111663818e-01 1.596463322639465332e+00 7.817854285240173340e-01 1.535853981971740723e+00 -5.996832847595214844e-01 -1.018136978149414062e+00 -1.934735104441642761e-02
-9.886490106582641602e-01 1.593616247177124023e+00 1.335024714469909668e+00 -1.035586833953857422e+00 1.374674201011657715e+00 -1.241156816482543945e+00 -1.288356542587280273e+00 -1.602702617645263672e+00 1.504777789115905762e+00 -3.433433175086975098e-01 -5.300531387329101562e-01 -9.412308335304260254e-01 -3.352642655372619629e-01 1.683531701564788818e-01 1.642677545547485352e+00 6.900548338890075684e-01 1.447501659393310547e+00 -5.222679376602172852e-01 -1.103691458702087402e+00 1.367815136909484863e-01
-8.928408622741699219e-01 1.479712843894958496e+00 1.477000832557678223e+00 -9.125065803527832031e-01 1.550928711891174316e+00 -1.242318153381347656e+00 -1.320105433464050293e+00 -1.489941596984863281e+00 1.554621100425720215e+00 -3.453375399112701416e-01 -6.133851408958435059e-01 -9.403809309005737305e-01 -3.193155825138092041e-01 5.462682992219924927e-02 1.737620115280151367e+00 6.690374612808227539e-01 1.348167896270751953e+00 -4.848774671554565430e-01 -1.124374866485595703e+00 1.972854882478713989e-01
-8.225930929183959961e-01 1.426984906196594238e+00 1.604709148406982422e+00 -8.282911181449890137e-01 1.773924231529235840e+00 -1.283846497535705566e+00 -1.346612572669982910e+00 -1.387261748313903809e+00 1.626288175582885742e+00 -4.150364995002746582e-01 -6.808951497077941895e-01 -8.578445315361022949e-01 -2.678748369216918945e-01 9.225789457559585571e-03 1.853182673454284668e+00 7.213926911354064941e-01 1.248471498489379883e+00 -4.800928235054016113e-01 -1.082590341567993164e+00 1.647641360759735107e-01
-8.212409615516662598e-01 1.400051951408386230e+00 1.699549317359924316e+00 -7.848764061927795410e-01 1.976307868957519531e+00 -1.309950351715087891e+00 -1.357014656066894531e+00 -1.277542710304260254e+00 1.662925720214843750e+00 -5.605013370513916016e-01 -7.141343951225280762e-01 -6.720285415649414062e-01 -2.356691509485244751e-01 6.321936845779418945e-02 1.953440427780151367e+00 8.537694215774536133e-01 1.146112799644470215e+00 -4.881919920444488525e-01 -1.006144762039184570e+00 6.418690085411071777e-02
-9.047875404357910156e-01 1.425467014312744141e+00 1.773738265037536621e+00 -7.940249443054199219e-01 2.102305889129638672e+00 -1.342759132385253906e+00 -1.383384227752685547e+00 -1.180248379707336426e+00 1.660212159156799316e+00 -7.547395825386047363e-01 -7.500225901603698730e-01 -4.387851059436798096e-01 -2.092257291078567505e-01 2.106415927410125732e-01 2.030537605285644531e+00 1.042618989944458008e+00 1.070023179054260254e+00 -4.768988192081451416e-01 -9.360487461090087891e-01 -6.392714381217956543e-02
-1.023725152015686035e+00 1.475706815719604492e+00 1.794162869453430176e+00 -8.302501440048217773e-01 2.114333629608154297e+00 -1.353577375411987305e+00 -1.392047882080078125e+00 -1.134720444679260254e+00 1.628246665000915527e+00 -8.978093266487121582e-01 -7.928566932678222656e-01 -2.756862938404083252e-01 -2.138654738664627075e-01 3.667593598365783691e-01 2.048516750335693359e+00 1.198861122131347656e+00 1.057146072387695312e+00 -4.439715445041656494e-01 -9.017680287361145020e-01 -1.794077605009078979e-01
-1.126886367797851562e+00 1.508354902267456055e+00 1.748146891593933105e+00 -8.529875874519348145e-01 2.030444383621215820e+00 -1.314532399177551270e+00 -1.370243191719055176e+00 -1.088687896728515625e+00 1.549450874328613281e+00 -9.928598999977111816e-01 -8.045560121536254883e-01 -1.556129455566406250e-01 -2.345144897699356079e-01 4.943341314792633057e-01 2.002443075180053711e+00 1.301012635231018066e+00 1.046320319175720215e+00 -4.031688272953033447e-01 -8.678601384162902832e-01 -2.693587839603424072e-01
-1.209756255149841309e+00 1.534638047218322754e+00 1.680658578872680664e+00 -8.619157075881958008e-01 1.920947551727294922e+00 -1.247094154357910156e+00 -1.337168455123901367e+00 -1.061363577842712402e+00 1.470405101776123047e+00 -1.050737023353576660e+00 -8.135592341423034668e-01 -1.020884811878204346e-01 -2.715476751327514648e-01 5.565112829208374023e-01 1.943642497062683105e+00 1.353427648544311523e+00 1.047628998756408691e+00 -3.550337553024291992e-01 -8.573511838912963867e-01 -3.354460299015045166e-01
-1.308568120002746582e+00 1.574323177337646484e+00 1.621739029884338379e+00 -8.796018958091735840e-01 1.822870373725891113e+00 -1.174614667892456055e+00 -1.304420709609985352e+00 -1.101971387863159180e+00 1.421642422676086426e+00 -1.080266952514648438e+00 -8.369046449661254883e-01 -1.358940601348876953e-01 -3.386909663677215576e-01 5.583505630493164062e-01 1.903504014015197754e+00 1.388095259666442871e+00 1.097477555274963379e+00 -3.186005353927612305e-01 -9.021747708320617676e-01 -3.868602216243743896e-01
-1.409611821174621582e+00 1.610576868057250977e+00 1.553574681282043457e+00 -8.964827060699462891e-01 1.715448260307312012e+00 -1.091565847396850586e+00 -1.282544732093811035e+00 -1.154466986656188965e+00 1.375139236450195312e+00 -1.091760873794555664e+00 -8.616730570793151855e-01 -2.048923969268798828e-01 -4.241467416286468506e-01 5.463781356811523438e-01 1.865431427955627441e+00 1.407370209693908691e+00 1.168232321739196777e+00 -2.884566783905029297e-01 -9.642440676689147949e-01 -4.133943319320678711e-01
-1.504814624786376953e+00 1.617244958877563477e+00 1.487055897712707520e+00 -8.925808072090148926e-01 1.587149143218994141e+00 -9.863489866256713867e-01 -1.259971976280212402e+00 -1.203058242797851562e+00 1.322306871414184570e+00 -1.084801554679870605e+00 -8.993437290191650391e-01 -3.105118870735168457e-01 -5.383375287055969238e-01 5.064278244972229004e-01 1.820560455322265625e+00 1.392989993095397949e+00 1.242463111877441406e+00 -2.424629330635070801e-01 -1.053220868110656738e+00 -4.028111994266510010e-01
-1.569857358932495117e+00 1.537334918975830078e+00 1.409920811653137207e+00 -8.529504537582397461e-01 1.438243985176086426e+00 -8.342725634574890137e-01 -1.191291570663452148e+00 -1.244165182113647461e+00 1.261629223823547363e+00 -1.043253421783447266e+00 -9.595148563385009766e-01 -4.604461193084716797e-01 -6.594050526618957520e-01 4.009818136692047119e-01 1.747054576873779297e+00 1.323125362396240234e+00 1.288455486297607422e+00 -1.795952767133712769e-01 -1.159483432769775391e+00 -3.496003448963165283e-01
-1.559308052062988281e+00 1.334272980690002441e+00 1.293969511985778809e+00 -7.490031123161315918e-01 1.257953286170959473e+00 -6.286720037460327148e-01 -1.031878709793090820e+00 -1.271795392036437988e+00 1.182564735412597656e+00 -9.288859963417053223e-01 -1.037299633026123047e+00 -6.853870749473571777e-01 -7.666652202606201172e-01 1.862300336360931396e-01 1.618504166603088379e+00 1.150640845298767090e+00 1.294788122177124023e+00 -1.127052307128906250e-01 -1.254434704780578613e+00 -2.479145675897598267e-01
-1.387324929237365723e+00 1.170143723487854004e+00 1.287839889526367188e+00 -6.499564051628112793e-01 1.232946753501892090e+00 -5.550615191459655762e-01 -9.106246232986450195e-01 -1.400127887725830078e+00 1.254397034645080566e+00 -6.413280963897705078e-01 -1.091958642005920410e+00 -1.055083513259887695e+00 -8.358188867568969727e-01 -1.642372608184814453e-01 1.541025996208190918e+00 9.324617981910705566e-01 1.382847428321838379e+00 -3.525225818157196045e-02 -1.391775727272033691e+00 -1.975828409194946289e-01
-1.114885330200195312e+00 1.139174699783325195e+00 1.462219238281250000e+00 -6.923100948333740234e-01 1.353342413902282715e+00 -7.157611846923828125e-01 -8.915386199951171875e-01 -1.514191150665283203e+00 1.469116210937500000e+00 -3.587956130504608154e-01 -1.103448390960693359e+00 -1.370536565780639648e+00 -7.081809639930725098e-01 -4.376984238624572754e-01 1.597038507461547852e+00 8.036643266677856445e-01 1.499776124954223633e+00 -2.035067602992057800e-02 -1.504224300384521484e+00 -1.756779849529266357e-01
-9.095998406410217285e-01 1.116963148117065430e+00 1.619949698448181152e+00 -8.157420158386230469e-01 1.522299408912658691e+00 -8.584067821502685547e-01 -8.825594782829284668e-01 -1.545536398887634277e+00 1.649702429771423340e+00 -2.338400781154632568e-01 -1.086229205131530762e+00 -1.495329380035400391e+00 -6.170824170112609863e-01 -4.725281000137329102e-01 1.694093346595764160e+00 7.782614231109619141e-01 1.615076422691345215e+00 -1.465240865945816040e-02 -1.545209765434265137e+00 -1.422386020421981812e-01
-7.591831088066101074e-01 1.064504265785217285e+00 1.723455071449279785e+00 -8.841604590415954590e-01 1.621416568756103516e+00 -9.760766029357910156e-01 -8.374638557434082031e-01 -1.513041138648986816e+00 1.739249944686889648e+00 -1.697352528572082520e-01 -1.050582885742187500e+00 -1.496666908264160156e+00 -5.281235575675964355e-01 -4.407929778099060059e-01 1.754037976264953613e+00 7.623843550682067871e-01 1.630797505378723145e+00 -4.429527744650840759e-02 -1.518436074256896973e+00 -1.228357553482055664e-01
-6.831846237182617188e-01 1.006050825119018555e+00 1.807347536087036133e+00 -9.285537600517272949e-01 1.710933446884155273e+00 -1.123179554939270020e+00 -7.597336173057556152e-01 -1.510618209838867188e+00 1.801683425903320312e+00 -1.687768101692199707e-01 -1.026538610458374023e+00 -1.427490472793579102e+00 -4.244656264781951904e-01 -3.464937806129455566e-01 1.824278831481933594e+00 7.666673660278320312e-01 1.607193470001220703e+00 -1.219081133604049683e-01 -1.445317625999450684e+00 -1.159944087266921997e-01
-6.428539752960205078e-01 8.796796202659606934e-01 1.880568742752075195e+00 -9.052563905715942383e-01 1.797981023788452148e+00 -1.296202063560485840e+00 -6.330247521400451660e-01 -1.446144461631774902e+00 1.832840204238891602e+00 -2.514733374118804932e-01 -9.570411443710327148e-01 -1.247478723526000977e+00 -2.350639849901199341e-01 -1.414294242858886719e-01 1.882046937942504883e+00 7.971478104591369629e-01 1.500856876373291016e+00 -2.052974551916122437e-01 -1.256905198097229004e+00 -7.634542882442474365e-02
-6.238660812377929688e-01 7.696312069892883301e-01 1.983663797378540039e+00 -7.959145307540893555e-01 1.829306960105895996e+00 -1.493249654769897461e+00 -5.221945047378540039e-01 -1.236785411834716797e+00 1.754744648933410645e+00 -4.728493690490722656e-01 -8.292464017868041992e-01 -7.695395350456237793e-01 3.877250850200653076e-02 1.613579988479614258e-01 1.878934741020202637e+00 9.075435996055603027e-01 1.147518396377563477e+00 -2.667476534843444824e-01 -9.052903652191162109e-01 -1.785164922475814819e-01
-7.986158132553100586e-01 1.030719161033630371e+00 2.009972810745239258e+00 -9.522452354431152344e-01 1.797779679298400879e+00 -1.551922440528869629e+00 -6.415739059448242188e-01 -1.153426766395568848e+00 1.636268496513366699e+00 -7.556451559066772461e-01 -7.578969597816467285e-01 -3.148555159568786621e-01 1.374727189540863037e-01 4.068284332752227783e-01 2.003020286560058594e+00 1.204610228538513184e+00 9.899516701698303223e-01 -3.707200288772583008e-01 -7.417932152748107910e-01 -4.571495354175567627e-01
-9.485515356063842773e-01 1.269707202911376953e+00 1.930720806121826172e+00 -1.064869880676269531e+00 1.697041511535644531e+00 -1.517061829566955566e+00 -7.182759046554565430e-01 -1.175104022026062012e+00 1.587476849555969238e+00 -8.715410232543945312e-01 -7.117056250572204590e-01 -1.981924623250961304e-01 1.295242458581924438e-01 4.758113622665405273e-01 2.024218320846557617e+00 1.361088991165161133e+00 1.014704227447509766e+00 -3.950339555740356445e-01 -7.159482240676879883e-01 -5.885573029518127441e-01
-1.023160219192504883e+00 1.372587442398071289e+00 1.826664924621582031e+00 -1.098660230636596680e+00 1.585492730140686035e+00 -1.451958537101745605e+00 -6.974654793739318848e-01 -1.203305006027221680e+00 1.544634580612182617e+00 -9.031349420547485352e-01 -6.842104792594909668e-01 -2.013191133737564087e-01 9.940905869007110596e-02 4.573501050472259521e-01 1.992432951927185059e+00 1.397004604339599609e+00 1.042605638504028320e+00 -3.983062207698822021e-01 -7.078008055686950684e-01 -6.335912346839904785e-01
-1.050166130065917969e+00 1.408887505531311035e+00 1.752621412277221680e+00 -1.089757204055786133e+00 1.512986540794372559e+00 -1.402758359909057617e+00 -6.373714208602905273e-01 -1.238729476928710938e+00 1.528631329536437988e+00 -9.026499390602111816e-01 -6.864492297172546387e-01 -2.528127729892730713e-01 7.417299598455429077e-02 4.024707376956939697e-01 1.963318228721618652e+00 1.381521821022033691e+00 1.063629031181335449e+00 -3.917630314826965332e-01 -7.047718763351440430e-01 -6.495361924171447754e-01
-1.035731673240661621e+00 1.415557384490966797e+00 1.689099669456481934e+00 -1.055518150329589844e+00 1.459878444671630859e+00 -1.371254563331604004e+00 -5.542298555374145508e-01 -1.275371789932250977e+00 1.540921211242675781e+00 -8.744113445281982422e-01 -7.030413150787353516e-01 -3.440687060356140137e-01 5.044914036989212036e-02 3.199519515037536621e-01 1.941901803016662598e+00 1.335700869560241699e+00 1.093516469001770020e+00 -3.908951282501220703e-01 -7.072324156761169434e-01 -6.428397893905639648e-01
-9.830707311630249023e-01 1.401891112327575684e+00 1.636525869369506836e+00 -1.010860323905944824e+00 1.430974125862121582e+00 -1.373326659202575684e+00 -4.435872435569763184e-01 -1.353099107742309570e+00 1.593487262725830078e+00 -8.067653179168701172e-01 -7.540846467018127441e-01 -4.986536800861358643e-01 3.546578437089920044e-02 2.095962762832641602e-01 1.916080474853515625e+00 1.245554685592651367e+00 1.164382457733154297e+00 -3.847421109676361084e-01 -7.286804318428039551e-01 -6.237704157829284668e-01
-8.601824641227722168e-01 1.339609146118164062e+00 1.575963735580444336e+00 -9.701721072196960449e-01 1.411871075630187988e+00 -1.404735684394836426e+00 -2.791372835636138916e-01 -1.470662593841552734e+00 1.668042421340942383e+00 -6.592997312545776367e-01 -8.551003932952880859e-01 -7.423661351203918457e-01 1.536358334124088287e-02 5.284089222550392151e-02 1.850554943084716797e+00 1.063290596008300781e+00 1.282402873039245605e+00 -3.858771920204162598e-01 -7.821017503738403320e-01 -5.808609724044799805e-01
-7.269820570945739746e-01 1.319210052490234375e+00 1.598105669021606445e+00 -1.072236776351928711e+00 1.526945114135742188e+00 -1.457064747810363770e+00 -1.860227584838867188e-01 -1.692988514900207520e+00 1.852713108062744141e+00 -4.396427273750305176e-01 -9.854987263679504395e-01 -1.088068008422851562e+00 -3.790490701794624329e-02 -1.175304129719734192e-01 1.819025754928588867e+00 9.092540144920349121e-01 1.536295056343078613e+00 -3.915298879146575928e-01 -9.513329863548278809e-01 -5.535335540771484375e-01
-5.656168460845947266e-01 1.207303881645202637e+00 1.616237759590148926e+00 -1.207870244979858398e+00 1.680706620216369629e+00 -1.429624319076538086e+00 -1.539002209901809692e-01 -1.838690757751464844e+00 1.968319654464721680e+00 -2.154355645179748535e-01 -1.101664066314697266e+00 -1.335405111312866211e+00 -1.214337050914764404e-01 -2.287537455558776855e-01 1.762463450431823730e+00 7.856044173240661621e-01 1.739560127258300781e+00 -3.480774760246276855e-01 -1.128710865974426270e+00 -5.363401770591735840e-01
-4.567028880119323730e-01 1.073603510856628418e+00 1.615598678588867188e+00 -1.266592860221862793e+00 1.782481908798217773e+00 -1.361796855926513672e+00 -2.038491815328598022e-01 -1.877249717712402344e+00 1.956450223922729492e+00 -4.730712994933128357e-02 -1.143800735473632812e+00 -1.437342882156372070e+00 -1.852575838565826416e-01 -2.608873844146728516e-01 1.726183652877807617e+00 7.237859964370727539e-01 1.820038795471191406e+00 -2.998149096965789795e-01 -1.235183000564575195e+00 -5.062826871871948242e-01
-4.450234770774841309e-01 1.056004166603088379e+00 1.624274849891662598e+00 -1.345652341842651367e+00 1.827738523483276367e+00 -1.303238272666931152e+00 -3.276975452899932861e-01 -1.891623497009277344e+00 1.947095870971679688e+00 2.099704742431640625e-02 -1.111885786056518555e+00 -1.469417810440063477e+00 -2.330315262079238892e-01 -2.344992458820343018e-01 1.745427250862121582e+00 7.308567166328430176e-01 1.889292478561401367e+00 -2.826815247535705566e-01 -1.314860701560974121e+00 -4.809783995151519775e-01
-4.828024506568908691e-01 1.055770397186279297e+00 1.617782711982727051e+00 -1.420396208763122559e+00 1.854574322700500488e+00 -1.272792816162109375e+00 -4.186739921569824219e-01 -1.919763207435607910e+00 1.913366794586181641e+00 3.877510130405426025e-02 -1.088509798049926758e+00 -1.437331438064575195e+00 -2.643844783306121826e-01 -1.361594200134277344e-01 1.756672024726867676e+00 7.477594614028930664e-01 1.931120514869689941e+00 -2.922693192958831787e-01 -1.345335721969604492e+00 -4.730214178562164307e-01
-5.450654029846191406e-01 1.061030745506286621e+00 1.592868685722351074e+00 -1.500065326690673828e+00 1.833297491073608398e+00 -1.275000929832458496e+00 -4.718512594699859619e-01 -1.961335420608520508e+00 1.858650445938110352e+00 4.966480284929275513e-02 -1.071044921875000000e+00 -1.386260986328125000e+00 -2.842748463153839111e-01 -7.431618869304656982e-03 1.765851974487304688e+00 7.722020149230957031e-01 1.963551640510559082e+00 -3.275249600410461426e-01 -1.354651093482971191e+00 -4.741689860820770264e-01
-6.240436434745788574e-01 1.060568928718566895e+00 1.551377058029174805e+00 -1.585871577262878418e+00 1.778762936592102051e+00 -1.297360658645629883e+00 -4.949037432670593262e-01 -2.019558906555175781e+00 1.785757184028625488e+00 5.913818627595901489e-02 -1.048890113830566406e+00 -1.323844909667968750e+00 -2.895682752132415771e-01 1.463955640792846680e-01 1.769948720932006836e+00 8.053147196769714355e-01 1.992435932159423828e+00 -3.793314993381500244e-01 -1.344283103942871094e+00 -4.786640107631683350e-01
-7.196290493011474609e-01 1.059460639953613281e+00 1.505094170570373535e+00 -1.676531195640563965e+00 1.708888769149780273e+00 -1.335438132286071777e+00 -4.918011724948883057e-01 -2.104129791259765625e+00 1.703943014144897461e+00 6.361747533082962036e-02 -1.027854919433593750e+00 -1.258090972900390625e+00 -2.825902104377746582e-01 3.055875301361083984e-01 1.790142774581909180e+00 8.500199317932128906e-01 2.021211624145507812e+00 -4.451366961002349854e-01 -1.322031140327453613e+00 -4.855701029300689697e-01
-8.225775361061096191e-01 1.047880172729492188e+00 1.442722916603088379e+00 -1.752343058586120605e+00 1.610507249832153320e+00 -1.377287983894348145e+00 -4.544640183448791504e-01 -2.190848350524902344e+00 1.599767446517944336e+00 6.365688890218734741e-02 -1.002853155136108398e+00 -1.183491468429565430e+00 -2.592100501060485840e-01 4.649579823017120361e-01 1.797057151794433594e+00 8.931334614753723145e-01 2.030768156051635742e+00 -5.165224075317382812e-01 -1.278793931007385254e+00 -4.969113171100616455e-01
-9.086875319480895996e-01 1.100664019584655762e+00 1.439116001129150391e+00 -1.829301834106445312e+00 1.598175048828125000e+00 -1.461528539657592773e+00 -4.285237491130828857e-01 -2.282083034515380859e+00 1.602977752685546875e+00 2.496314793825149536e-02 -9.838356971740722656e-01 -1.141899347305297852e+00 -2.506870031356811523e-01 5.720357298851013184e-01 1.822226881980895996e+00 9.465157985687255859e-01 2.071608781814575195e+00 -5.835685729980468750e-01 -1.266003489494323730e+00 -5.380042791366577148e-01
-9.784632325172424316e-01 1.145271539688110352e+00 1.440075159072875977e+00 -1.867091178894042969e+00 1.586223125457763672e+00 -1.505558133125305176e+00 -4.023892283439636230e-01 -2.329590559005737305e+00 1.606201052665710449e+00 -2.333386614918708801e-02 -9.640883803367614746e-01 -1.116508722305297852e+00 -2.442099601030349731e-01 6.253147125244140625e-01 1.838694334030151367e+00 9.878579378128051758e-01 2.091891527175903320e+00 -6.221170425415039062e-01 -1.257889151573181152e+00 -5.747436285018920898e-01
-1.015429496765136719e+00 1.159864425659179688e+00 1.444580554962158203e+00 -1.860936164855957031e+00 1.563426494598388672e+00 -1.511559009552001953e+00 -3.680836260318756104e-01 -2.317375421524047852e+00 1.598259568214416504e+00 -6.417913734912872314e-02 -9.559737443923950195e-01 -1.094571352005004883e+00 -2.408855110406875610e-01 6.327362060546875000e-01 1.847042560577392578e+00 1.020950078964233398e+00 2.083879232406616211e+00 -6.345139145851135254e-01 -1.250289440155029297e+00 -6.006427407264709473e-01
-1.008544445037841797e+00 1.154035925865173340e+00 1.423660039901733398e+00 -1.810374140739440918e+00 1.530296444892883301e+00 -1.479708671569824219e+00 -3.240436017513275146e-01 -2.275389432907104492e+00 1.576456189155578613e+00 -8.599133044481277466e-02 -9.497453570365905762e-01 -1.093144655227661133e+00 -2.381685823202133179e-01 5.873541831970214844e-01 1.823770642280578613e+00 1.026447057723999023e+00 2.057675361633300781e+00 -6.202060580253601074e-01 -1.233748435974121094e+00 -6.186017394065856934e-01
-9.537447690963745117e-01 1.112073183059692383e+00 1.376515984535217285e+00 -1.723957419395446777e+00 1.508530378341674805e+00 -1.401136398315429688e+00 -2.836727201938629150e-01 -2.197055816650390625e+00 1.530502200126647949e+00 -7.644496858119964600e-02 -9.440467357635498047e-01 -1.107127666473388672e+00 -2.401849180459976196e-01 5.048941373825073242e-01 1.769124984741210938e+00 1.008391618728637695e+00 2.020594358444213867e+00 -5.808177590370178223e-01 -1.213257551193237305e+00 -6.248947978019714355e-01
-8.560262322425842285e-01 1.032357811927795410e+00 1.321649909019470215e+00 -1.602866649627685547e+00 1.516418457031250000e+00 -1.252607464790344238e+00 -2.844027280807495117e-01 -2.070527076721191406e+00 1.480155229568481445e+00 -3.860311955213546753e-02 -9.458353519439697266e-01 -1.154669523239135742e+00 -2.651218175888061523e-01 3.561883568763732910e-01 1.698079347610473633e+00 9.838240742683410645e-01 1.987550735473632812e+00 -4.839055240154266357e-01 -1.216700315475463867e+00 -6.240761280059814453e-01
-7.592127323150634766e-01 9.425289034843444824e-01 1.336606383323669434e+00 -1.427273392677307129e+00 1.602825760841369629e+00 -1.063029766082763672e+00 -3.803428411483764648e-01 -1.904305815696716309e+00 1.498426675796508789e+00 -3.500271216034889221e-02 -9.732266664505004883e-01 -1.273604631423950195e+00 -3.235823810100555420e-01 1.314891874790191650e-01 1.710089683532714844e+00 9.989051818847656250e-01 2.009354829788208008e+00 -3.184626400470733643e-01 -1.274941444396972656e+00 -5.642466545104980469e-01
-6.813367009162902832e-01 8.464764952659606934e-01 1.433642864227294922e+00 -1.196884989738464355e+00 1.756306529045104980e+00 -8.763707876205444336e-01 -6.077417731285095215e-01 -1.668034434318542480e+00 1.540742039680480957e+00 -8.516532182693481445e-02 -1.001392364501953125e+00 -1.339735507965087891e+00 -3.976467549800872803e-01 -7.938947528600692749e-02 1.775391817092895508e+00 1.056089639663696289e+00 1.989416956901550293e+00 -9.481203556060791016e-02 -1.330010533332824707e+00 -4.438012242317199707e-01
-6.275959610939025879e-01 7.868804931640625000e-01 1.566215515136718750e+00 -1.041645407676696777e+00 1.866945743560791016e+00 -7.360591292381286621e-01 -8.815738558769226074e-01 -1.391842961311340332e+00 1.606881380081176758e+00 -1.614366173744201660e-01 -9.607126712799072266e-01 -1.344520807266235352e+00 -5.042526125907897949e-01 -2.173595726490020752e-01 1.855913519859313965e+00 1.120705008506774902e+00 1.928580403327941895e+00 8.727650344371795654e-02 -1.411380529403686523e+00 -2.721232473850250244e-01
-6.770429611206054688e-01 8.068518042564392090e-01 1.700670480728149414e+00 -9.825002551078796387e-01 2.002153873443603516e+00 -6.703431010246276855e-01 -1.164951324462890625e+00 -1.224057316780090332e+00 1.687062263488769531e+00 -2.751093804836273193e-01 -8.935843706130981445e-01 -1.335919380187988281e+00 -6.118221282958984375e-01 -2.646789252758026123e-01 1.974879503250122070e+00 1.201450705528259277e+00 1.894453644752502441e+00 1.593290418386459351e-01 -1.506224513053894043e+00 -7.717825472354888916e-02
-7.916427850723266602e-01 8.505522608757019043e-01 1.775295734405517578e+00 -9.633166790008544922e-01 2.052647113800048828e+00 -6.497758030891418457e-01 -1.372707724571228027e+00 -1.154924273490905762e+00 1.701459646224975586e+00 -3.682848513126373291e-01 -8.326333165168762207e-01 -1.310233116149902344e+00 -6.711335182189941406e-01 -2.509196698665618896e-01 2.072176933288574219e+00 1.281106948852539062e+00 1.854541540145874023e+00 1.565954238176345825e-01 -1.565577387809753418e+00 7.858105003833770752e-02
-8.821135759353637695e-01 8.857988715171813965e-01 1.829349875450134277e+00 -9.222822785377502441e-01 2.025152444839477539e+00 -6.822014451026916504e-01 -1.486851930618286133e+00 -1.112023234367370605e+00 1.690668940544128418e+00 -4.214683175086975098e-01 -7.985011935234069824e-01 -1.298085927963256836e+00 -6.981871128082275391e-01 -2.279940843582153320e-01 2.120828628540039062e+00 1.325655460357666016e+00 1.813451051712036133e+00 1.348104178905487061e-01 -1.601585149765014648e+00 1.944005638360977173e-01
-9.476290345191955566e-01 9.307186603546142578e-01 1.861097812652587891e+00 -8.929136395454406738e-01 1.965044736862182617e+00 -7.455054521560668945e-01 -1.557148218154907227e+00 -1.089505910873413086e+00 1.670218348503112793e+00 -4.516983330249786377e-01 -7.672233581542968750e-01 -1.264541864395141602e+00 -6.936501264572143555e-01 -1.950282454490661621e-01 2.131426572799682617e+00 1.362771749496459961e+00 1.760784626007080078e+00 9.564419090747833252e-02 -1.610386490821838379e+00 2.521237134933471680e-01
-9.880803823471069336e-01 9.782195091247558594e-01 1.867605447769165039e+00 -8.473937511444091797e-01 1.886420130729675293e+00 -8.266323208808898926e-01 -1.583901643753051758e+00 -1.089935779571533203e+00 1.627508044242858887e+00 -4.543442726135253906e-01 -7.377720475196838379e-01 -1.224877357482910156e+00 -6.623281836509704590e-01 -1.665636301040649414e-01 2.101297140121459961e+00 1.359427452087402344e+00 1.683172225952148438e+00 3.267468139529228210e-02 -1.594830751419067383e+00 2.811127901077270508e-01
-1.040842413902282715e+00 1.083975672721862793e+00 1.872633814811706543e+00 -8.148938417434692383e-01 1.752644419670104980e+00 -9.248246550559997559e-01 -1.584110140800476074e+00 -1.132551193237304688e+00 1.587924361228942871e+00 -4.610225558280944824e-01 -7.163693904876708984e-01 -1.208894252777099609e+00 -6.174466013908386230e-01 -1.828930079936981201e-01 2.067286491394042969e+00 1.316697955131530762e+00 1.588070511817932129e+00 -4.053893685340881348e-02 -1.579942584037780762e+00 2.903007566928863525e-01
-1.064122796058654785e+00 1.212241768836975098e+00 1.874130129814147949e+00 -8.113896846771240234e-01 1.571234941482543945e+00 -1.054458975791931152e+00 -1.488249063491821289e+00 -1.204877853393554688e+00 1.557680010795593262e+00 -4.594950973987579346e-01 -6.871622204780578613e-01 -1.189015626907348633e+00 -5.551795363426208496e-01 -2.283543646335601807e-01 2.018857002258300781e+00 1.229192733764648438e+00 1.459826231002807617e+00 -1.360724121332168579e-01 -1.553871750831604004e+00 2.572901546955108643e-01
-1.071922302246093750e+00 1.350803971290588379e+00 1.876087307929992676e+00 -7.916972041130065918e-01 1.404383063316345215e+00 -1.211118459701538086e+00 -1.334306955337524414e+00 -1.293788194656372070e+00 1.544292926788330078e+00 -4.777075648307800293e-01 -6.950348615646362305e-01 -1.149634361267089844e+00 -4.699585735797882080e-01 -2.626968920230865479e-01 1.983895063400268555e+00 1.092388033866882324e+00 1.316984415054321289e+00 -2.448079586029052734e-01 -1.487752676010131836e+00 1.937451809644699097e-01
-1.027521371841430664e+00 1.482947587966918945e+00 1.876902937889099121e+00 -8.135913014411926270e-01 1.293620347976684570e+00 -1.355016469955444336e+00 -1.131946206092834473e+00 -1.389014363288879395e+00 1.557159066200256348e+00 -4.961182177066802979e-01 -7.326927185058593750e-01 -1.096248388290405273e+00 -3.916915059089660645e-01 -2.894741296768188477e-01 1.988613486289978027e+00 9.255060553550720215e-01 1.198091030120849609e+00 -3.509894907474517822e-01 -1.400054693222045898e+00 8.459883928298950195e-02
-9.182196259498596191e-01 1.660320401191711426e+00 1.922150135040283203e+00 -8.464238047599792480e-01 1.354640841484069824e+00 -1.498103857040405273e+00 -8.891643881797790527e-01 -1.416834354400634766e+00 1.726330280303955078e+00 -6.183578968048095703e-01 -8.192762136459350586e-01 -9.791898727416992188e-01 -3.236096799373626709e-01 -2.982653379440307617e-01 1.991052985191345215e+00 8.005564808845520020e-01 1.117814421653747559e+00 -3.948009908199310303e-01 -1.263687372207641602e+00 -1.355335116386413574e-01
-7.632768750190734863e-01 1.800995230674743652e+00 1.983647584915161133e+00 -8.714190125465393066e-01 1.507506489753723145e+00 -1.534482240676879883e+00 -7.128643989562988281e-01 -1.337153911590576172e+00 1.925675392150878906e+00 -7.472709417343139648e-01 -8.889836072921752930e-01 -8.087593317031860352e-01 -3.021390736103057861e-01 -2.860993742942810059e-01 1.925190091133117676e+00 7.254775166511535645e-01 1.052516698837280273e+00 -3.764142096042633057e-01 -1.135635375976562500e+00 -4.338086545467376709e-01
-6.235240697860717773e-01 1.840059280395507812e+00 1.958034396171569824e+00 -8.976812362670898438e-01 1.641096234321594238e+00 -1.455901145935058594e+00 -6.738011837005615234e-01 -1.146687030792236328e+00 2.041957378387451172e+00 -8.208084106445312500e-01 -8.912224769592285156e-01 -6.120638847351074219e-01 -3.278400599956512451e-01 -2.091796100139617920e-01 1.815966725349426270e+00 7.078438401222229004e-01 1.025218248367309570e+00 -3.292299509048461914e-01 -1.013218641281127930e+00 -6.480317115783691406e-01
-5.202109217643737793e-01 1.821198463439941406e+00 1.863028407096862793e+00 -9.391979575157165527e-01 1.777436614036560059e+00 -1.307504415512084961e+00 -7.449477314949035645e-01 -9.775854349136352539e-01 2.073666095733642578e+00 -8.421916961669921875e-01 -8.415068387985229492e-01 -4.353884458541870117e-01 -3.845182061195373535e-01 -1.165713295340538025e-01 1.691764831542968750e+00 7.358589768409729004e-01 1.043534517288208008e+00 -2.757860422134399414e-01 -9.220500588417053223e-01 -7.953481674194335938e-01
-4.708209037780761719e-01 1.789761662483215332e+00 1.749861955642700195e+00 -1.009121656417846680e+00 1.869528055191040039e+00 -1.139530420303344727e+00 -8.936037421226501465e-01 -8.204367160797119141e-01 2.049626827239990234e+00 -8.528845310211181641e-01 -7.406089305877685547e-01 -2.888711988925933838e-01 -4.192033112049102783e-01 -3.259830176830291748e-02 1.594931960105895996e+00 8.088677525520324707e-01 1.070759296417236328e+00 -2.220529317855834961e-01 -8.536727428436279297e-01 -8.465179204940795898e-01
-4.971327185630798340e-01 1.768541574478149414e+00 1.717237710952758789e+00 -1.148127675056457520e+00 2.017165422439575195e+00 -1.024551033973693848e+00 -1.081171154975891113e+00 -7.744287252426147461e-01 2.042972087860107422e+00 -8.830931186676025391e-01 -6.961029171943664551e-01 -2.299021035432815552e-01 -4.922843873500823975e-01 6.660613417625427246e-02 1.592302918434143066e+00 9.352951645851135254e-01 1.185104489326477051e+00 -1.433914601802825928e-01 -8.841545581817626953e-01 -8.377999067306518555e-01
-5.750044584274291992e-01 1.756502509117126465e+00 1.685098886489868164e+00 -1.292876839637756348e+00 2.103553533554077148e+00 -9.252955913543701172e-01 -1.265169382095336914e+00 -7.688267827033996582e-01 1.999240040779113770e+00 -8.909204006195068359e-01 -6.564391851425170898e-01 -2.155714333057403564e-01 -5.916768908500671387e-01 1.747729629278182983e-01 1.642156243324279785e+00 1.073340892791748047e+00 1.324413537979125977e+00 -9.651267528533935547e-02 -9.677803516387939453e-01 -7.745153307914733887e-01
-6.679917573928833008e-01 1.742414355278015137e+00 1.655570030212402344e+00 -1.433075070381164551e+00 2.120421648025512695e+00 -8.384853005409240723e-01 -1.439571738243103027e+00 -7.835366129875183105e-01 1.930038213729858398e+00 -8.713448047637939453e-01 -5.952932834625244141e-01 -2.326276302337646484e-01 -6.863879561424255371e-01 2.582757771015167236e-01 1.705348610877990723e+00 1.199128508567810059e+00 1.449595451354980469e+00 -6.843432039022445679e-02 -1.070134758949279785e+00 -6.736057996749877930e-01
-7.522202730178833008e-01 1.721718907356262207e+00 1.647983193397521973e+00 -1.546873331069946289e+00 2.096377372741699219e+00 -7.925277948379516602e-01 -1.557194113731384277e+00 -8.280616998672485352e-01 1.869368314743041992e+00 -8.215289115905761719e-01 -5.498231053352355957e-01 -3.160827755928039551e-01 -7.686780095100402832e-01 3.058262467384338379e-01 1.794025301933288574e+00 1.317255377769470215e+00 1.603074073791503906e+00 -6.252446025609970093e-02 -1.186452388763427734e+00 -5.714284181594848633e-01
-8.577275276184082031e-01 1.669497847557067871e+00 1.658342719078063965e+00 -1.622557282447814941e+00 2.012569904327392578e+00 -7.595005631446838379e-01 -1.636750102043151855e+00 -8.936049938201904297e-01 1.791802287101745605e+00 -7.594649791717529297e-01 -5.248335599899291992e-01 -4.300474226474761963e-01 -8.392027020454406738e-01 3.425885438919067383e-01 1.885055899620056152e+00 1.423098564147949219e+00 1.740662217140197754e+00 -7.675506919622421265e-02 -1.317113757133483887e+00 -4.602201879024505615e-01
