-5.252719521522521973e-01 8.148005604743957520e-01 2.123065710067749023e+00 -1.053712368011474609e+00 2.021093368530273438e+00 -1.113444328308105469e+00 -9.133833646774291992e-01 -1.368929743766784668e+00 1.951648950576782227e+00 -1.187326908111572266e-01 -9.914450645446777344e-01 -1.624260187149047852e+00 -2.991701364517211914e-01 -5.670526027679443359e-01 2.293025970458984375e+00 1.076324939727783203e+00 1.802373290061950684e+00 -1.431961953639984131e-01 -1.614439725875854492e+00 5.912348628044128418e-02
-5.438209772109985352e-01 8.568241596221923828e-01 2.212587594985961914e+00 -1.046183228492736816e+00 2.079260110855102539e+00 -1.064925670623779297e+00 -8.886901736259460449e-01 -1.362402439117431641e+00 2.011140346527099609e+00 -1.670584827661514282e-01 -1.105368375778198242e+00 -1.631023883819580078e+00 -3.829627633094787598e-01 -6.244835853576660156e-01 2.322376251220703125e+00 1.087234497070312500e+00 1.817719578742980957e+00 -7.890124619007110596e-02 -1.672619223594665527e+00 -6.342098116874694824e-02
-5.473191738128662109e-01 8.876121044158935547e-01 2.228347778320312500e+00 -1.052254199981689453e+00 2.073409795761108398e+00 -1.017398715019226074e+00 -8.854621052742004395e-01 -1.332172870635986328e+00 2.016454696655273438e+00 -1.978186964988708496e-01 -1.136397719383239746e+00 -1.574075818061828613e+00 -4.391663074493408203e-01 -6.256022453308105469e-01 2.303336381912231445e+00 1.091442704200744629e+00 1.799439787864685059e+00 -3.984464332461357117e-02 -1.679555296897888184e+00 -1.613710820674896240e-01
-5.331708192825317383e-01 8.952541947364807129e-01 2.180914640426635742e+00 -1.065778255462646484e+00 2.024441719055175781e+00 -9.538611173629760742e-01 -8.698465824127197266e-01 -1.276420593261718750e+00 1.978486418724060059e+00 -2.204577326774597168e-01 -1.117687940597534180e+00 -1.468579292297363281e+00 -4.748311340808868408e-01 -5.861189365386962891e-01 2.238765001296997070e+00 1.083719134330749512e+00 1.752686142921447754e+00 -1.608903519809246063e-02 -1.642910957336425781e+00 -2.530218660831451416e-01
-4.993769526481628418e-01 8.814467787742614746e-01 2.057954788208007812e+00 -1.088600873947143555e+00 1.925570011138916016e+00 -8.642783761024475098e-01 -8.357726335525512695e-01 -1.182256817817687988e+00 1.888858795166015625e+00 -2.441831529140472412e-01 -1.046019673347473145e+00 -1.290139317512512207e+00 -4.932193458080291748e-01 -4.925453364849090576e-01 2.112189531326293945e+00 1.064650893211364746e+00 1.667142987251281738e+00 -2.824041992425918579e-03 -1.550346851348876953e+00 -3.554022610187530518e-01
-5.296731591224670410e-01 9.160312414169311523e-01 1.837094783782958984e+00 -1.188844680786132812e+00 1.809743881225585938e+00 -7.569345831871032715e-01 -8.448169827461242676e-01 -1.086637496948242188e+00 1.721069812774658203e+00 -3.296205401420593262e-01 -9.548396468162536621e-01 -9.444525241851806641e-01 -5.036205649375915527e-01 -2.344461977481842041e-01 1.943958163261413574e+00 1.103973984718322754e+00 1.551110267639160156e+00 -1.174461841583251953e-02 -1.390292644500732422e+00 -5.165732502937316895e-01
-7.411434054374694824e-01 1.131281018257141113e+00 1.555531740188598633e+00 -1.492357254028320312e+00 1.753942131996154785e+00 -7.869200110435485840e-01 -8.796823024749755859e-01 -1.179176330566406250e+00 1.632658720016479492e+00 -5.228213071823120117e-01 -8.713625073432922363e-01 -5.186031460762023926e-01 -5.091793537139892578e-01 2.988907098770141602e-01 1.768547415733337402e+00 1.172816514968872070e+00 1.569013714790344238e+00 -1.389123797416687012e-01 -1.176356434822082520e+00 -6.900954246520996094e-01
-1.075446248054504395e+00 1.595768570899963379e+00 1.422813653945922852e+00 -1.856793642044067383e+00 1.816185355186462402e+00 -1.074350833892822266e+00 -1.019454479217529297e+00 -1.482748031616210938e+00 1.786227822303771973e+00 -7.812560796737670898e-01 -7.899065017700195312e-01 -2.613174319267272949e-01 -4.784364402294158936e-01 8.387163877487182617e-01 1.776204943656921387e+00 1.323749423027038574e+00 1.783736944198608398e+00 -3.592006564140319824e-01 -1.023415088653564453e+00 -8.025854229927062988e-01
-1.321581006050109863e+00 1.950068712234497070e+00 1.451846122741699219e+00 -1.991463899612426758e+00 1.803549766540527344e+00 -1.356342911720275879e+00 -1.116984009742736816e+00 -1.710824728012084961e+00 1.890603184700012207e+00 -9.403179287910461426e-01 -7.255687713623046875e-01 -2.026414573192596436e-01 -4.178779721260070801e-01 1.103071570396423340e+00 1.853808164596557617e+00 1.397171378135681152e+00 1.889060139656066895e+00 -5.236514806747436523e-01 -9.492682814598083496e-01 -8.022200465202331543e-01
-1.413774728775024414e+00 2.103528261184692383e+00 1.474292993545532227e+00 -1.987358331680297852e+00 1.758354663848876953e+00 -1.497961282730102539e+00 -1.153861999511718750e+00 -1.812247753143310547e+00 1.906988620758056641e+00 -9.813745021820068359e-01 -6.603127121925354004e-01 -2.020855993032455444e-01 -3.774572610855102539e-01 1.166836738586425781e+00 1.881784558296203613e+00 1.402047157287597656e+00 1.881214976310729980e+00 -6.170844435691833496e-01 -9.112914204597473145e-01 -7.642523646354675293e-01
-1.435439467430114746e+00 2.158167600631713867e+00 1.480386257171630859e+00 -1.944102525711059570e+00 1.700436472892761230e+00 -1.557166457176208496e+00 -1.157927274703979492e+00 -1.842172145843505859e+00 1.890517592430114746e+00 -9.764307737350463867e-01 -6.076558828353881836e-01 -2.169620096683502197e-01 -3.516609668731689453e-01 1.157892942428588867e+00 1.876404523849487305e+00 1.376812577247619629e+00 1.835162043571472168e+00 -6.678847074508666992e-01 -8.881847262382507324e-01 -7.229787707328796387e-01
-1.426909804344177246e+00 2.173550367355346680e+00 1.472974538803100586e+00 -1.889684438705444336e+00 1.629275918006896973e+00 -1.583065986633300781e+00 -1.142719030380249023e+00 -1.840515613555908203e+00 1.856369018554687500e+00 -9.527904391288757324e-01 -5.637574791908264160e-01 -2.300337702035903931e-01 -3.325178623199462891e-01 1.124804139137268066e+00 1.849631905555725098e+00 1.330550551414489746e+00 1.770668625831604004e+00 -6.978008747100830078e-01 -8.646128177642822266e-01 -6.839777231216430664e-01
-1.411851763725280762e+00 2.174320936203002930e+00 1.465793848037719727e+00 -1.837310314178466797e+00 1.543412089347839355e+00 -1.599893689155578613e+00 -1.121750116348266602e+00 -1.835596561431884766e+00 1.818453192710876465e+00 -9.143108129501342773e-01 -5.409920811653137207e-01 -2.629689574241638184e-01 -3.242918252944946289e-01 1.076857328414916992e+00 1.813264012336730957e+00 1.261559605598449707e+00 1.714209198951721191e+00 -7.105925083160400391e-01 -8.598882555961608887e-01 -6.311879158020019531e-01
-1.388519763946533203e+00 2.154050350189208984e+00 1.453004837036132812e+00 -1.777712106704711914e+00 1.433944225311279297e+00 -1.600862145423889160e+00 -1.091750025749206543e+00 -1.821525692939758301e+00 1.766169905662536621e+00 -8.575790524482727051e-01 -5.357767343521118164e-01 -3.150568902492523193e-01 -3.282357156276702881e-01 1.009718060493469238e+00 1.760956287384033203e+00 1.163940072059631348e+00 1.655821561813354492e+00 -7.063245773315429688e-01 -8.706779479980468750e-01 -5.595744252204895020e-01
-1.345160722732543945e+00 2.091446638107299805e+00 1.431180715560913086e+00 -1.695468664169311523e+00 1.286598086357116699e+00 -1.558714270591735840e+00 -1.054562568664550781e+00 -1.772533535957336426e+00 1.674419164657592773e+00 -7.741932272911071777e-01 -5.360006690025329590e-01 -3.913328051567077637e-01 -3.526076376438140869e-01 9.009151458740234375e-01 1.687423586845397949e+00 1.034258008003234863e+00 1.583204388618469238e+00 -6.717715263366699219e-01 -9.024917483329772949e-01 -4.551863074302673340e-01
-1.265790462493896484e+00 1.992035984992980957e+00 1.428187131881713867e+00 -1.580322265625000000e+00 1.183491826057434082e+00 -1.487859964370727539e+00 -1.049799680709838867e+00 -1.716340422630310059e+00 1.566913843154907227e+00 -6.579464077949523926e-01 -5.468322634696960449e-01 -5.010432600975036621e-01 -3.795653283596038818e-01 7.065821886062622070e-01 1.648962616920471191e+00 9.181336760520935059e-01 1.505260229110717773e+00 -6.005834341049194336e-01 -9.634104371070861816e-01 -3.456259667873382568e-01
-1.182171702384948730e+00 1.827853202819824219e+00 1.414287567138671875e+00 -1.445957183837890625e+00 1.146917223930358887e+00 -1.347341179847717285e+00 -1.052591323852539062e+00 -1.651744127273559570e+00 1.478821992874145508e+00 -5.371889472007751465e-01 -5.889046192169189453e-01 -6.510544419288635254e-01 -4.223056435585021973e-01 4.748927354812622070e-01 1.634584784507751465e+00 8.208048343658447266e-01 1.464341759681701660e+00 -4.953597784042358398e-01 -1.048999786376953125e+00 -2.206393331289291382e-01
-1.129590511322021484e+00 1.618227720260620117e+00 1.447948455810546875e+00 -1.350080251693725586e+00 1.158312559127807617e+00 -1.171877980232238770e+00 -1.082571625709533691e+00 -1.573748469352722168e+00 1.413158059120178223e+00 -4.260765016078948975e-01 -6.494942903518676758e-01 -8.041715621948242188e-01 -4.872821271419525146e-01 2.825042605400085449e-01 1.662222981452941895e+00 8.076965212821960449e-01 1.469525456428527832e+00 -3.784014582633972168e-01 -1.182304024696350098e+00 -1.137222647666931152e-01
-1.136796951293945312e+00 1.450525283813476562e+00 1.463224411010742188e+00 -1.297028779983520508e+00 1.176085710525512695e+00 -1.021345376968383789e+00 -1.115159988403320312e+00 -1.512791275978088379e+00 1.347499012947082520e+00 -3.728602826595306396e-01 -6.965179443359375000e-01 -8.816334009170532227e-01 -5.599934458732604980e-01 2.102625370025634766e-01 1.682194471359252930e+00 8.607508540153503418e-01 1.499773025512695312e+00 -2.884529829025268555e-01 -1.287275552749633789e+00 -5.930515006184577942e-02
-1.200900912284851074e+00 1.372677445411682129e+00 1.423057556152343750e+00 -1.326980829238891602e+00 1.205183744430541992e+00 -8.976023197174072266e-01 -1.150667309761047363e+00 -1.487622857093811035e+00 1.289128899574279785e+00 -3.904016017913818359e-01 -7.195354700088500977e-01 -8.564242720603942871e-01 -6.453399658203125000e-01 2.751389741897583008e-01 1.683823704719543457e+00 9.631903767585754395e-01 1.563201665878295898e+00 -2.491025030612945557e-01 -1.338952422142028809e+00 -8.956639468669891357e-02
-1.295365333557128906e+00 1.423060059547424316e+00 1.356083393096923828e+00 -1.466944456100463867e+00 1.302978157997131348e+00 -8.384066224098205566e-01 -1.188457608222961426e+00 -1.511535763740539551e+00 1.304887771606445312e+00 -4.932417273521423340e-01 -7.232564091682434082e-01 -7.425957322120666504e-01 -7.387425303459167480e-01 4.635039567947387695e-01 1.682415008544921875e+00 1.140452980995178223e+00 1.699164986610412598e+00 -2.669301927089691162e-01 -1.348159313201904297e+00 -2.416727393865585327e-01
-1.419398665428161621e+00 1.558143615722656250e+00 1.293398380279541016e+00 -1.699085712432861328e+00 1.474897623062133789e+00 -8.286961317062377930e-01 -1.232212185859680176e+00 -1.559283852577209473e+00 1.428079366683959961e+00 -6.679534316062927246e-01 -7.030819654464721680e-01 -5.822994709014892578e-01 -7.678597569465637207e-01 7.633789777755737305e-01 1.713202476501464844e+00 1.373703718185424805e+00 1.898748755455017090e+00 -3.382319808006286621e-01 -1.307728290557861328e+00 -4.559627771377563477e-01
-1.491304278373718262e+00 1.669127941131591797e+00 1.247339010238647461e+00 -1.848947048187255859e+00 1.615090489387512207e+00 -9.276324510574340820e-01 -1.233853578567504883e+00 -1.634660363197326660e+00 1.558803677558898926e+00 -8.003620505332946777e-01 -7.017804980278015137e-01 -4.732412099838256836e-01 -6.460007429122924805e-01 9.978213310241699219e-01 1.735152840614318848e+00 1.524831891059875488e+00 2.029358863830566406e+00 -4.003238677978515625e-01 -1.201746940612792969e+00 -6.102947592735290527e-01
-1.455835580825805664e+00 1.736402392387390137e+00 1.303271055221557617e+00 -1.860229969024658203e+00 1.754822850227355957e+00 -1.058518528938293457e+00 -1.202121734619140625e+00 -1.675597906112670898e+00 1.680814981460571289e+00 -8.844031691551208496e-01 -7.034957408905029297e-01 -4.260080456733703613e-01 -5.201680064201354980e-01 1.019174337387084961e+00 1.798898339271545410e+00 1.574043393135070801e+00 2.034145355224609375e+00 -4.192339777946472168e-01 -1.103309512138366699e+00 -6.910446286201477051e-01
-1.383022785186767578e+00 1.749286890029907227e+00 1.352713823318481445e+00 -1.784743785858154297e+00 1.817580342292785645e+00 -1.149662256240844727e+00 -1.136664628982543945e+00 -1.654800534248352051e+00 1.741621017456054688e+00 -9.325667023658752441e-01 -7.013162970542907715e-01 -3.868011832237243652e-01 -4.234454631805419922e-01 9.711483716964721680e-01 1.811631083488464355e+00 1.557783365249633789e+00 1.951978683471679688e+00 -4.187533259391784668e-01 -1.017894744873046875e+00 -7.316929697990417480e-01
-1.304049253463745117e+00 1.738170623779296875e+00 1.381229400634765625e+00 -1.700000524520874023e+00 1.840325236320495605e+00 -1.207202315330505371e+00 -1.065179109573364258e+00 -1.614520192146301270e+00 1.775402426719665527e+00 -9.596633315086364746e-01 -6.929833889007568359e-01 -3.530889153480529785e-01 -3.450545072555541992e-01 9.109219312667846680e-01 1.798441052436828613e+00 1.516180157661437988e+00 1.855113387107849121e+00 -4.115734696388244629e-01 -9.405491352081298828e-01 -7.523437142372131348e-01
-1.224294781684875488e+00 1.722826004028320312e+00 1.405881643295288086e+00 -1.618029117584228516e+00 1.852331519126892090e+00 -1.243177413940429688e+00 -9.947391748428344727e-01 -1.568609952926635742e+00 1.812023401260375977e+00 -9.818035364151000977e-01 -6.940544247627258301e-01 -3.239415884017944336e-01 -2.846103906631469727e-01 8.384457826614379883e-01 1.775039076805114746e+00 1.457392811775207520e+00 1.757341623306274414e+00 -3.934898972511291504e-01 -8.783168196678161621e-01 -7.733741998672485352e-01
-1.126635789871215820e+00 1.698239922523498535e+00 1.427165269851684570e+00 -1.520841360092163086e+00 1.872298836708068848e+00 -1.279412627220153809e+00 -9.112272262573242188e-01 -1.514272332191467285e+00 1.855215430259704590e+00 -1.005247712135314941e+00 -6.935577988624572754e-01 -2.891530692577362061e-01 -2.137969136238098145e-01 7.572019100189208984e-01 1.743645310401916504e+00 1.381521463394165039e+00 1.643008470535278320e+00 -3.767651915550231934e-01 -8.042538762092590332e-01 -7.883790731430053711e-01
-9.773862361907958984e-01 1.654294133186340332e+00 1.471262931823730469e+00 -1.376339435577392578e+00 1.936192154884338379e+00 -1.332527756690979004e+00 -7.885793447494506836e-01 -1.446044564247131348e+00 1.929693460464477539e+00 -1.030103206634521484e+00 -6.989725232124328613e-01 -2.633725702762603760e-01 -1.220696792006492615e-01 6.330300569534301758e-01 1.711850285530090332e+00 1.268777728080749512e+00 1.496862649917602539e+00 -3.643020391464233398e-01 -7.156199216842651367e-01 -7.985724806785583496e-01
-7.627140283584594727e-01 1.532297253608703613e+00 1.543707370758056641e+00 -1.076941013336181641e+00 2.010386705398559570e+00 -1.369269013404846191e+00 -6.409818530082702637e-01 -1.310818076133728027e+00 1.986563086509704590e+00 -1.000228762626647949e+00 -7.471134662628173828e-01 -2.891175746917724609e-01 -6.547466665506362915e-02 4.273274242877960205e-01 1.649581313133239746e+00 1.056987762451171875e+00 1.278419494628906250e+00 -3.483542203903198242e-01 -6.609849929809570312e-01 -7.336362600326538086e-01
-5.181124806404113770e-01 1.329021334648132324e+00 1.782674312591552734e+00 -7.549251317977905273e-01 2.113067626953125000e+00 -1.417249202728271484e+00 -5.855651497840881348e-01 -1.210924386978149414e+00 1.997482299804687500e+00 -7.646204829216003418e-01 -8.536627292633056641e-01 -5.446661710739135742e-01 -4.925632476806640625e-02 1.184206083416938782e-02 1.769029378890991211e+00 8.113867640495300293e-01 1.086652874946594238e+00 -3.392503857612609863e-01 -7.767614722251892090e-01 -5.189216136932373047e-01
-4.633739292621612549e-01 1.284180998802185059e+00 2.006977319717407227e+00 -7.164247035980224609e-01 2.215577125549316406e+00 -1.434034824371337891e+00 -7.507261633872985840e-01 -1.273759365081787109e+00 2.031292438507080078e+00 -5.467270612716674805e-01 -9.891493916511535645e-01 -9.199573993682861328e-01 -1.115297302603721619e-01 -3.449173867702484131e-01 2.007701396942138672e+00 7.947556376457214355e-01 1.204204559326171875e+00 -3.111355304718017578e-01 -1.079595088958740234e+00 -3.218802809715270996e-01
-5.162975788116455078e-01 1.262979507446289062e+00 2.080130577087402344e+00 -7.452135682106018066e-01 2.220728635787963867e+00 -1.425194501876831055e+00 -8.593478798866271973e-01 -1.374006390571594238e+00 2.038688659667968750e+00 -4.248979389667510986e-01 -1.087646484375000000e+00 -1.153497219085693359e+00 -1.680395007133483887e-01 -4.711021482944488525e-01 2.112574815750122070e+00 7.809832096099853516e-01 1.326045751571655273e+00 -2.896600961685180664e-01 -1.252714991569519043e+00 -1.607830524444580078e-01
-5.474236607551574707e-01 1.252167701721191406e+00 2.106425762176513672e+00 -7.537227869033813477e-01 2.230897188186645508e+00 -1.416898965835571289e+00 -9.209610223770141602e-01 -1.432220935821533203e+00 2.043349266052246094e+00 -3.605048358440399170e-01 -1.140743494033813477e+00 -1.282047986984252930e+00 -1.919242739677429199e-01 -5.345633029937744141e-01 2.162668943405151367e+00 7.754100561141967773e-01 1.393396973609924316e+00 -2.794197201728820801e-01 -1.335474491119384766e+00 -7.450954616069793701e-02
-5.567563772201538086e-01 1.254017949104309082e+00 2.133183956146240234e+00 -7.569231390953063965e-01 2.271910429000854492e+00 -1.432564735412597656e+00 -9.454318881034851074e-01 -1.483147859573364258e+00 2.072080612182617188e+00 -3.223935067653656006e-01 -1.182425856590270996e+00 -1.372309327125549316e+00 -1.990499198436737061e-01 -5.797526836395263672e-01 2.203677415847778320e+00 7.803639173507690430e-01 1.444529056549072266e+00 -2.806084454059600830e-01 -1.386843442916870117e+00 -3.901999071240425110e-02
-5.550953149795532227e-01 1.264982581138610840e+00 2.164319038391113281e+00 -7.460318803787231445e-01 2.344833612442016602e+00 -1.468431591987609863e+00 -9.526113271713256836e-01 -1.533926010131835938e+00 2.116587877273559570e+00 -2.967581450939178467e-01 -1.229974508285522461e+00 -1.448698163032531738e+00 -1.990177333354949951e-01 -6.154422760009765625e-01 2.239664793014526367e+00 7.940003871917724609e-01 1.493577837944030762e+00 -2.868961095809936523e-01 -1.422549843788146973e+00 -3.885188326239585876e-02
-5.457676649093627930e-01 1.262909293174743652e+00 2.181483745574951172e+00 -7.006549239158630371e-01 2.422593593597412109e+00 -1.511621594429016113e+00 -9.280547499656677246e-01 -1.565059423446655273e+00 2.158565521240234375e+00 -2.914370596408843994e-01 -1.278371930122375488e+00 -1.500263333320617676e+00 -1.837344765663146973e-01 -6.283755302429199219e-01 2.253916978836059570e+00 8.144013881683349609e-01 1.530658602714538574e+00 -2.888566255569458008e-01 -1.420721530914306641e+00 -6.886537373065948486e-02
-5.207737088203430176e-01 1.213960289955139160e+00 2.124205589294433594e+00 -6.159526109695434570e-01 2.421982765197753906e+00 -1.496435403823852539e+00 -8.603302836418151855e-01 -1.527989149093627930e+00 2.124045372009277344e+00 -2.973349690437316895e-01 -1.282323002815246582e+00 -1.488530039787292480e+00 -1.587894856929779053e-01 -6.140176057815551758e-01 2.175455331802368164e+00 8.262276053428649902e-01 1.510954976081848145e+00 -2.628172636032104492e-01 -1.355508327484130859e+00 -1.233378201723098755e-01
-5.252978801727294922e-01 1.138342618942260742e+00 2.032076120376586914e+00 -5.674850344657897949e-01 2.339737415313720703e+00 -1.415298461914062500e+00 -7.897083163261413574e-01 -1.464887619018554688e+00 2.030880689620971680e+00 -3.104348182678222656e-01 -1.239477515220642090e+00 -1.431665897369384766e+00 -1.541845500469207764e-01 -5.440020561218261719e-01 2.037287950515747070e+00 8.663637042045593262e-01 1.488487005233764648e+00 -2.130534946918487549e-01 -1.292470455169677734e+00 -2.071356773376464844e-01
-5.569208264350891113e-01 1.077418804168701172e+00 1.949642658233642578e+00 -5.523546934127807617e-01 2.227308034896850586e+00 -1.306688427925109863e+00 -7.497350573539733887e-01 -1.414227724075317383e+00 1.927742600440979004e+00 -3.286954462528228760e-01 -1.187233924865722656e+00 -1.375968694686889648e+00 -1.797651052474975586e-01 -4.925075471401214600e-01 1.924678444862365723e+00 9.133110642433166504e-01 1.470871448516845703e+00 -1.595339179039001465e-01 -1.261276841163635254e+00 -2.765141725540161133e-01
-6.080294251441955566e-01 1.040184855461120605e+00 1.917503595352172852e+00 -5.501232147216796875e-01 2.130170106887817383e+00 -1.214153528213500977e+00 -7.341597676277160645e-01 -1.386154651641845703e+00 1.848363518714904785e+00 -3.484427630901336670e-01 -1.158650398254394531e+00 -1.355329155921936035e+00 -2.179577648639678955e-01 -4.786343276500701904e-01 1.871057748794555664e+00 9.583477377891540527e-01 1.463640928268432617e+00 -1.068592295050621033e-01 -1.268423795700073242e+00 -3.121915161609649658e-01
-6.789025664329528809e-01 1.010286092758178711e+00 1.936056852340698242e+00 -5.488365888595581055e-01 2.057686805725097656e+00 -1.145012378692626953e+00 -7.329532504081726074e-01 -1.372954130172729492e+00 1.789020180702209473e+00 -3.612260818481445312e-01 -1.159852981567382812e+00 -1.370307922363281250e+00 -2.655228078365325928e-01 -4.828576147556304932e-01 1.864762663841247559e+00 1.010645866394042969e+00 1.474407792091369629e+00 -5.446563661098480225e-02 -1.313099145889282227e+00 -3.218496441841125488e-01
-7.569284439086914062e-01 9.782454967498779297e-01 1.983015537261962891e+00 -5.481225252151489258e-01 1.996517181396484375e+00 -1.099059581756591797e+00 -7.476433515548706055e-01 -1.373925209045410156e+00 1.744004368782043457e+00 -3.610848188400268555e-01 -1.180011272430419922e+00 -1.423305392265319824e+00 -3.197280168533325195e-01 -5.008232593536376953e-01 1.886112689971923828e+00 1.059371113777160645e+00 1.502411961555480957e+00 -3.968507051467895508e-03 -1.384443044662475586e+00 -2.931490540504455566e-01
-8.421943783760070801e-01 9.415313005447387695e-01 2.049743413925170898e+00 -5.452501773834228516e-01 1.932151079177856445e+00 -1.067811965942382812e+00 -7.806613445281982422e-01 -1.384740829467773438e+00 1.698492884635925293e+00 -3.441942334175109863e-01 -1.207040190696716309e+00 -1.504160284996032715e+00 -3.757123053073883057e-01 -5.270000696182250977e-01 1.926149845123291016e+00 1.102742314338684082e+00 1.540206670761108398e+00 4.708264023065567017e-02 -1.475481271743774414e+00 -2.287509888410568237e-01
-9.452297091484069824e-01 9.157204627990722656e-01 2.134290456771850586e+00 -5.647016167640686035e-01 1.897443771362304688e+00 -1.040594458580017090e+00 -8.471377491950988770e-01 -1.415939092636108398e+00 1.693051457405090332e+00 -3.286433517932891846e-01 -1.223150849342346191e+00 -1.610523223876953125e+00 -4.215343892574310303e-01 -5.635401010513305664e-01 2.022223949432373047e+00 1.164751052856445312e+00 1.611548423767089844e+00 8.149471879005432129e-02 -1.590899705886840820e+00 -1.318216472864151001e-01
-1.039860844612121582e+00 8.762580156326293945e-01 2.188059806823730469e+00 -5.985202789306640625e-01 1.850736618041992188e+00 -1.009014368057250977e+00 -9.112864136695861816e-01 -1.445038557052612305e+00 1.676363587379455566e+00 -3.039542138576507568e-01 -1.215765476226806641e+00 -1.701478362083435059e+00 -4.559242725372314453e-01 -5.798634290695190430e-01 2.104536294937133789e+00 1.226302981376647949e+00 1.690045118331909180e+00 1.031138002872467041e-01 -1.693914651870727539e+00 -3.425307944416999817e-02
-1.095462918281555176e+00 8.432932496070861816e-01 2.200676441192626953e+00 -6.360126137733459473e-01 1.802137255668640137e+00 -1.013415217399597168e+00 -9.396833181381225586e-01 -1.470450639724731445e+00 1.660364151000976562e+00 -2.820083796977996826e-01 -1.173742532730102539e+00 -1.732337832450866699e+00 -4.631759226322174072e-01 -5.720994472503662109e-01 2.154075622558593750e+00 1.268589735031127930e+00 1.724352955818176270e+00 8.869959414005279541e-02 -1.740694284439086914e+00 4.067556187510490417e-02
-1.122716546058654785e+00 8.186237215995788574e-01 2.169695377349853516e+00 -6.866254210472106934e-01 1.733504056930541992e+00 -1.045581698417663574e+00 -9.371038079261779785e-01 -1.492224335670471191e+00 1.626986622810363770e+00 -2.607281506061553955e-01 -1.093832015991210938e+00 -1.704480409622192383e+00 -4.429685175418853760e-01 -5.225347280502319336e-01 2.170731067657470703e+00 1.297091007232666016e+00 1.722531437873840332e+00 3.911833465099334717e-02 -1.736166000366210938e+00 9.374091029167175293e-02
-1.148703336715698242e+00 8.120964169502258301e-01 2.116520643234252930e+00 -7.922542095184326172e-01 1.560652136802673340e+00 -1.098615407943725586e+00 -9.259456992149353027e-01 -1.482326149940490723e+00 1.540572285652160645e+00 -2.208622097969055176e-01 -9.760736823081970215e-01 -1.614788174629211426e+00 -4.375784993171691895e-01 -3.886921405792236328e-01 2.138661861419677734e+00 1.318663358688354492e+00 1.703828573226928711e+00 -2.210150100290775299e-02 -1.713196754455566406e+00 1.123394966125488281e-01
-1.166010022163391113e+00 8.222398161888122559e-01 1.992142915725708008e+00 -8.926745057106018066e-01 1.286276102066040039e+00 -1.156255960464477539e+00 -8.622599840164184570e-01 -1.421038150787353516e+00 1.411065459251403809e+00 -2.211908996105194092e-01 -8.216382265090942383e-01 -1.416634321212768555e+00 -4.363681375980377197e-01 -1.568472981452941895e-01 2.029547452926635742e+00 1.306814074516296387e+00 1.630043983459472656e+00 -9.434008598327636719e-02 -1.614655613899230957e+00 7.745985686779022217e-02
-1.198666691780090332e+00 9.375112056732177734e-01 1.728447198867797852e+00 -1.041752099990844727e+00 9.992734789848327637e-01 -1.184998154640197754e+00 -7.579990625381469727e-01 -1.352398037910461426e+00 1.226129770278930664e+00 -3.048022687435150146e-01 -6.472721695899963379e-01 -1.080721497535705566e+00 -4.420318305492401123e-01 1.757945865392684937e-01 1.858150124549865723e+00 1.303957581520080566e+00 1.513556122779846191e+00 -2.265530973672866821e-01 -1.410626530647277832e+00 -7.281783223152160645e-02
-1.224869966506958008e+00 1.136810541152954102e+00 1.462010383605957031e+00 -1.172841548919677734e+00 8.530672788619995117e-01 -1.162685394287109375e+00 -7.001549601554870605e-01 -1.331330060958862305e+00 1.084088444709777832e+00 -4.260520637035369873e-01 -5.373011231422424316e-01 -7.677200436592102051e-01 -4.574610292911529541e-01 4.232836067676544189e-01 1.742913126945495605e+00 1.299931883811950684e+00 1.412780404090881348e+00 -3.539128303527832031e-01 -1.199355959892272949e+00 -2.704923152923583984e-01
-1.218449234962463379e+00 1.288275480270385742e+00 1.326006174087524414e+00 -1.216555595397949219e+00 8.343251347541809082e-01 -1.130155682563781738e+00 -6.552953124046325684e-01 -1.315900087356567383e+00 1.066035985946655273e+00 -5.442849397659301758e-01 -5.345205068588256836e-01 -6.036474704742431641e-01 -4.799272716045379639e-01 5.233556032180786133e-01 1.629275321960449219e+00 1.235153198242187500e+00 1.344281792640686035e+00 -3.794019818305969238e-01 -1.063419938087463379e+00 -3.811740875244140625e-01
-1.166738867759704590e+00 1.403201341629028320e+00 1.259113311767578125e+00 -1.197039127349853516e+00 9.052208662033081055e-01 -1.107674479484558105e+00 -6.142361164093017578e-01 -1.338623285293579102e+00 1.125888943672180176e+00 -6.122015714645385742e-01 -5.819898247718811035e-01 -5.883919000625610352e-01 -4.821085035800933838e-01 4.879052639007568359e-01 1.549266338348388672e+00 1.157541632652282715e+00 1.340857386589050293e+00 -3.717323541641235352e-01 -1.015158653259277344e+00 -4.553220570087432861e-01
-1.106783390045166016e+00 1.381523251533508301e+00 1.242144584655761719e+00 -1.081667184829711914e+00 9.917371869087219238e-01 -1.019384622573852539e+00 -5.724905133247375488e-01 -1.316411018371582031e+00 1.187539458274841309e+00 -6.494281888008117676e-01 -6.432703733444213867e-01 -6.669484972953796387e-01 -4.592851400375366211e-01 3.264588713645935059e-01 1.503261685371398926e+00 1.091641187667846680e+00 1.319578051567077637e+00 -3.195239305496215820e-01 -1.021068572998046875e+00 -4.443200528621673584e-01
-1.034963965415954590e+00 1.274211049079895020e+00 1.249566793441772461e+00 -8.758265972137451172e-01 1.107176065444946289e+00 -8.594755530357360840e-01 -5.371475219726562500e-01 -1.273640513420104980e+00 1.258738994598388672e+00 -6.559949517250061035e-01 -7.496016621589660645e-01 -8.315635919570922852e-01 -4.440249800682067871e-01 3.941801190376281738e-02 1.459665656089782715e+00 9.923470616340637207e-01 1.271739602088928223e+00 -2.066120356321334839e-01 -1.063097000122070312e+00 -3.700644671916961670e-01
-9.598597288131713867e-01 1.194438457489013672e+00 1.327197074890136719e+00 -7.001915574073791504e-01 1.258894324302673340e+00 -7.337476015090942383e-01 -6.113285422325134277e-01 -1.249370813369750977e+00 1.359674930572509766e+00 -6.258732676506042480e-01 -8.629697561264038086e-01 -1.021205425262451172e+00 -4.563546478748321533e-01 -2.815407216548919678e-01 1.503761649131774902e+00 9.183715581893920898e-01 1.255673170089721680e+00 -9.550623595714569092e-02 -1.157532691955566406e+00 -2.459046095609664917e-01
-9.398760199546813965e-01 1.190176010131835938e+00 1.456455230712890625e+00 -6.725282073020935059e-01 1.405094146728515625e+00 -7.251839041709899902e-01 -7.613449692726135254e-01 -1.294150590896606445e+00 1.481623411178588867e+00 -5.448847413063049316e-01 -9.821243882179260254e-01 -1.224586486816406250e+00 -4.863432347774505615e-01 -4.750358760356903076e-01 1.636488080024719238e+00 8.760456442832946777e-01 1.349543094635009766e+00 -5.113033950328826904e-02 -1.299637079238891602e+00 -1.085315197706222534e-01
-9.386796355247497559e-01 1.183884620666503906e+00 1.565739154815673828e+00 -6.703392267227172852e-01 1.531098246574401855e+00 -7.540370225906372070e-01 -8.793208003044128418e-01 -1.337391972541809082e+00 1.567650794982910156e+00 -4.731827378273010254e-01 -1.055812120437622070e+00 -1.360415220260620117e+00 -4.850715696811676025e-01 -5.610687732696533203e-01 1.760721206665039062e+00 8.613460063934326172e-01 1.426040768623352051e+00 -4.092551395297050476e-02 -1.386269807815551758e+00 -1.146881654858589172e-02
-9.305284023284912109e-01 1.184725284576416016e+00 1.654921293258666992e+00 -6.838503479957580566e-01 1.619451403617858887e+00 -8.092187047004699707e-01 -9.247905015945434570e-01 -1.380012273788452148e+00 1.634606838226318359e+00 -4.247356355190277100e-01 -1.100919246673583984e+00 -1.439545154571533203e+00 -4.764474928379058838e-01 -5.965088605880737305e-01 1.850798606872558594e+00 8.526787161827087402e-01 1.473309516906738281e+00 -4.854005202651023865e-02 -1.437682986259460449e+00 3.259268403053283691e-02
-9.254403710365295410e-01 1.187967538833618164e+00 1.736216068267822266e+00 -6.796976327896118164e-01 1.697579503059387207e+00 -8.694804310798645020e-01 -9.493456482887268066e-01 -1.413932085037231445e+00 1.685497045516967773e+00 -3.920252919197082520e-01 -1.141826152801513672e+00 -1.494703054428100586e+00 -4.667794406414031982e-01 -6.090514659881591797e-01 1.915906548500061035e+00 8.487728238105773926e-01 1.505344271659851074e+00 -5.545045435428619385e-02 -1.470912694931030273e+00 5.160463601350784302e-02
-9.237692356109619141e-01 1.194371700286865234e+00 1.816010236740112305e+00 -6.661859154701232910e-01 1.772855877876281738e+00 -9.347342252731323242e-01 -9.523714780807495117e-01 -1.448882102966308594e+00 1.733595848083496094e+00 -3.695320785045623779e-01 -1.187468647956848145e+00 -1.541560769081115723e+00 -4.583537280559539795e-01 -6.123145818710327148e-01 1.967325925827026367e+00 8.480845689773559570e-01 1.533553123474121094e+00 -6.349921226501464844e-02 -1.495395302772521973e+00 4.875510931015014648e-02
-9.260135293006896973e-01 1.221090674400329590e+00 1.928500652313232422e+00 -6.477417349815368652e-01 1.854561090469360352e+00 -1.022922635078430176e+00 -9.493280649185180664e-01 -1.477635383605957031e+00 1.778235673904418945e+00 -3.652336895465850830e-01 -1.243075728416442871e+00 -1.553962349891662598e+00 -4.641876518726348877e-01 -6.026641130447387695e-01 2.007599592208862305e+00 8.648557066917419434e-01 1.545421361923217773e+00 -6.375485658645629883e-02 -1.514269113540649414e+00 -7.029909640550613403e-03
-9.226468205451965332e-01 1.240008592605590820e+00 2.046724081039428711e+00 -6.108914017677307129e-01 1.924426436424255371e+00 -1.116600871086120605e+00 -9.233430027961730957e-01 -1.481544613838195801e+00 1.798789739608764648e+00 -3.743661642074584961e-01 -1.294070482254028320e+00 -1.520200967788696289e+00 -4.694682061672210693e-01 -5.674620866775512695e-01 2.017174720764160156e+00 8.904613256454467773e-01 1.525310516357421875e+00 -5.708641558885574341e-02 -1.509362936019897461e+00 -1.074814498424530029e-01
-9.176807403564453125e-01 1.234511733055114746e+00 2.134490013122558594e+00 -5.688221454620361328e-01 1.957136988639831543e+00 -1.197294116020202637e+00 -8.692378997802734375e-01 -1.450978755950927734e+00 1.777791857719421387e+00 -3.970415890216827393e-01 -1.311070919036865234e+00 -1.413926005363464355e+00 -4.652665555477142334e-01 -4.870441257953643799e-01 1.986714005470275879e+00 9.348993897438049316e-01 1.463895440101623535e+00 -5.705892667174339294e-02 -1.465785503387451172e+00 -2.505085468292236328e-01
-9.047475457191467285e-01 1.204063177108764648e+00 2.148366928100585938e+00 -5.599294900894165039e-01 1.901195049285888672e+00 -1.259623289108276367e+00 -8.039689064025878906e-01 -1.381094336509704590e+00 1.692267298698425293e+00 -4.071307778358459473e-01 -1.283895373344421387e+00 -1.238131523132324219e+00 -4.822198450565338135e-01 -3.335683047771453857e-01 1.903676152229309082e+00 9.787174463272094727e-01 1.387116909027099609e+00 -6.844758987426757812e-02 -1.391802906990051270e+00 -4.041234552860260010e-01
-8.827500939369201660e-01 1.162311911582946777e+00 2.086479187011718750e+00 -5.733852386474609375e-01 1.765030503273010254e+00 -1.282750248908996582e+00 -7.205808758735656738e-01 -1.279633641242980957e+00 1.548954129219055176e+00 -4.238991737365722656e-01 -1.206932067871093750e+00 -1.009133815765380859e+00 -5.086838603019714355e-01 -1.415907144546508789e-01 1.766302466392517090e+00 1.005769133567810059e+00 1.282366752624511719e+00 -7.857745885848999023e-02 -1.286531090736389160e+00 -5.505835413932800293e-01
-8.627256155014038086e-01 1.141870856285095215e+00 1.990103960037231445e+00 -6.189594268798828125e-01 1.618182659149169922e+00 -1.268031954765319824e+00 -6.444751024246215820e-01 -1.198667168617248535e+00 1.407518386840820312e+00 -4.537722766399383545e-01 -1.101825118064880371e+00 -7.825692296028137207e-01 -5.361689925193786621e-01 3.240483999252319336e-02 1.653576016426086426e+00 1.036218762397766113e+00 1.188949942588806152e+00 -9.802029281854629517e-02 -1.186864972114562988e+00 -6.766849756240844727e-01
-9.308338165283203125e-01 1.269273400306701660e+00 1.911116600036621094e+00 -7.813150882720947266e-01 1.507370352745056152e+00 -1.316903352737426758e+00 -6.891599297523498535e-01 -1.238577961921691895e+00 1.310699343681335449e+00 -4.937683939933776855e-01 -9.917232394218444824e-01 -6.164663434028625488e-01 -5.614485144615173340e-01 2.328157126903533936e-01 1.631128549575805664e+00 1.139846563339233398e+00 1.222380280494689941e+00 -1.523086279630661011e-01 -1.140368103981018066e+00 -7.994311451911926270e-01
-1.127274632453918457e+00 1.441066265106201172e+00 1.822720050811767578e+00 -1.058745622634887695e+00 1.433042407035827637e+00 -1.386218786239624023e+00 -7.889336347579956055e-01 -1.384904623031616211e+00 1.307987213134765625e+00 -5.948231220245361328e-01 -8.812624216079711914e-01 -4.659867286682128906e-01 -5.611600279808044434e-01 5.351268649101257324e-01 1.649016737937927246e+00 1.289882302284240723e+00 1.347520232200622559e+00 -2.446083724498748779e-01 -1.104610800743103027e+00 -8.325173258781433105e-01
-1.395223498344421387e+00 1.599026918411254883e+00 1.701417446136474609e+00 -1.379156112670898438e+00 1.358860731124877930e+00 -1.423851847648620605e+00 -9.576318264007568359e-01 -1.558313608169555664e+00 1.314788460731506348e+00 -6.984928846359252930e-01 -7.443751692771911621e-01 -3.336583971977233887e-01 -5.447953939437866211e-01 8.764117956161499023e-01 1.691028237342834473e+00 1.412444353103637695e+00 1.491491436958312988e+00 -3.767974972724914551e-01 -1.080727338790893555e+00 -7.512016296386718750e-01
-1.588523149490356445e+00 1.776982784271240234e+00 1.584175586700439453e+00 -1.663186788558959961e+00 1.393335700035095215e+00 -1.455866813659667969e+00 -1.141376256942749023e+00 -1.741891145706176758e+00 1.463069081306457520e+00 -7.814835906028747559e-01 -6.176717877388000488e-01 -3.359060883522033691e-01 -5.196974873542785645e-01 1.119289517402648926e+00 1.774383187294006348e+00 1.493417501449584961e+00 1.735271692276000977e+00 -5.169237256050109863e-01 -1.082000851631164551e+00 -6.160074472427368164e-01
-1.609991908073425293e+00 1.867648124694824219e+00 1.453463792800903320e+00 -1.786705493927001953e+00 1.473704457283020020e+00 -1.411570191383361816e+00 -1.220983862876892090e+00 -1.807834267616271973e+00 1.623383998870849609e+00 -8.439369201660156250e-01 -5.346357822418212891e-01 -3.915117383003234863e-01 -4.534392654895782471e-01 1.157762885093688965e+00 1.846413135528564453e+00 1.498854756355285645e+00 1.888083934783935547e+00 -6.137068867683410645e-01 -1.051294445991516113e+00 -4.879951775074005127e-01
-1.558423995971679688e+00 1.856334447860717773e+00 1.334812879562377930e+00 -1.799149274826049805e+00 1.534153819084167480e+00 -1.334581136703491211e+00 -1.243895888328552246e+00 -1.798704862594604492e+00 1.701809644699096680e+00 -8.663853406906127930e-01 -4.835127294063568115e-01 -4.437474608421325684e-01 -3.850990831851959229e-01 1.108274698257446289e+00 1.868340373039245605e+00 1.457546949386596680e+00 1.938485264778137207e+00 -6.422984600067138672e-01 -9.970118999481201172e-01 -3.784570693969726562e-01
-1.480505704879760742e+00 1.824887275695800781e+00 1.239838123321533203e+00 -1.775566101074218750e+00 1.567148566246032715e+00 -1.275930643081665039e+00 -1.243138909339904785e+00 -1.765318632125854492e+00 1.741335272789001465e+00 -8.629161715507507324e-01 -4.462881386280059814e-01 -4.749799370765686035e-01 -3.222748339176177979e-01 1.042183995246887207e+00 1.860265731811523438e+00 1.399342417716979980e+00 1.936737418174743652e+00 -6.522929072380065918e-01 -9.395224452018737793e-01 -3.032526373863220215e-01
-1.429491400718688965e+00 1.827292561531066895e+00 1.227639913558959961e+00 -1.742691755294799805e+00 1.609666109085083008e+00 -1.289317965507507324e+00 -1.266214370727539062e+00 -1.769127368927001953e+00 1.781200170516967773e+00 -8.512834906578063965e-01 -4.311431050300598145e-01 -5.109843611717224121e-01 -2.907665967941284180e-01 9.893927574157714844e-01 1.861155271530151367e+00 1.366087436676025391e+00 1.942119121551513672e+00 -6.513124704360961914e-01 -9.349294304847717285e-01 -2.600472271442413330e-01
-1.367902040481567383e+00 1.833112120628356934e+00 1.232618093490600586e+00 -1.714124679565429688e+00 1.640688538551330566e+00 -1.310633063316345215e+00 -1.287465214729309082e+00 -1.767825245857238770e+00 1.817111611366271973e+00 -8.266617655754089355e-01 -4.207612276077270508e-01 -5.389586091041564941e-01 -2.636866569519042969e-01 9.325976371765136719e-01 1.854697942733764648e+00 1.328321337699890137e+00 1.932573676109313965e+00 -6.491558551788330078e-01 -9.363449215888977051e-01 -2.363587170839309692e-01
-1.283115267753601074e+00 1.833416581153869629e+00 1.236281156539916992e+00 -1.680415153503417969e+00 1.657036662101745605e+00 -1.339512348175048828e+00 -1.295666337013244629e+00 -1.759349822998046875e+00 1.848211407661437988e+00 -7.844929099082946777e-01 -4.060443937778472900e-01 -5.669013261795043945e-01 -2.275942862033843994e-01 8.604618310928344727e-01 1.840290188789367676e+00 1.271941900253295898e+00 1.904899477958679199e+00 -6.492430567741394043e-01 -9.319155812263488770e-01 -2.128751873970031738e-01
-1.158682465553283691e+00 1.825708508491516113e+00 1.257627725601196289e+00 -1.630843639373779297e+00 1.676702499389648438e+00 -1.385670304298400879e+00 -1.289608597755432129e+00 -1.741144657135009766e+00 1.878028750419616699e+00 -7.157449722290039062e-01 -3.886598050594329834e-01 -6.108432412147521973e-01 -1.901842355728149414e-01 7.420346736907958984e-01 1.823518753051757812e+00 1.171496152877807617e+00 1.846976637840270996e+00 -6.565037369728088379e-01 -9.348356127738952637e-01 -1.731848418712615967e-01
-9.224327206611633301e-01 1.785198807716369629e+00 1.356689214706420898e+00 -1.535706281661987305e+00 1.714398503303527832e+00 -1.459526419639587402e+00 -1.264523863792419434e+00 -1.667931199073791504e+00 1.920917272567749023e+00 -5.885705947875976562e-01 -3.857040107250213623e-01 -6.932082176208496094e-01 -1.413995623588562012e-01 4.891801774501800537e-01 1.823425412178039551e+00 1.015390157699584961e+00 1.725046634674072266e+00 -6.427497863769531250e-01 -9.656383991241455078e-01 -1.187517046928405762e-01
-5.327739119529724121e-01 1.618045091629028320e+00 1.701339960098266602e+00 -1.334317684173583984e+00 1.845889687538146973e+00 -1.575224876403808594e+00 -1.231322526931762695e+00 -1.557120084762573242e+00 2.018851518630981445e+00 -2.915678918361663818e-01 -5.300411581993103027e-01 -9.834891557693481445e-01 -1.011945083737373352e-01 -6.204527616500854492e-02 1.938612461090087891e+00 7.825835347175598145e-01 1.547544002532958984e+00 -5.454607009887695312e-01 -1.151262521743774414e+00 1.017085276544094086e-02
-3.731218576431274414e-01 1.426868438720703125e+00 2.124502658843994141e+00 -1.219689369201660156e+00 2.066298961639404297e+00 -1.630885601043701172e+00 -1.116530656814575195e+00 -1.591220498085021973e+00 2.098482847213745117e+00 -7.428581267595291138e-02 -8.970253467559814453e-01 -1.317459464073181152e+00 -1.692597270011901855e-01 -5.284076929092407227e-01 2.187215805053710938e+00 7.307151556015014648e-01 1.530217885971069336e+00 -4.133030772209167480e-01 -1.425495266914367676e+00 9.069396182894706726e-03
-4.209321141242980957e-01 1.313919663429260254e+00 2.389010667800903320e+00 -1.133510112762451172e+00 2.153277873992919922e+00 -1.531919836997985840e+00 -9.240717291831970215e-01 -1.555035948753356934e+00 2.123972415924072266e+00 -9.645511209964752197e-02 -1.228128910064697266e+00 -1.489024639129638672e+00 -2.960475683212280273e-01 -7.190715074539184570e-01 2.345314502716064453e+00 7.760429978370666504e-01 1.578513979911804199e+00 -2.400856912136077881e-01 -1.580444574356079102e+00 -1.376676112413406372e-01
-5.412709712982177734e-01 1.233364939689636230e+00 2.507765531539916992e+00 -1.032301664352416992e+00 2.148921251296997070e+00 -1.425617098808288574e+00 -8.597030043601989746e-01 -1.539295792579650879e+00 2.102835655212402344e+00 -1.517914235591888428e-01 -1.385540604591369629e+00 -1.559821724891662598e+00 -4.041641652584075928e-01 -7.313896417617797852e-01 2.361444950103759766e+00 8.765502572059631348e-01 1.626363992691040039e+00 -1.098280400037765503e-01 -1.695647358894348145e+00 -2.362558692693710327e-01
-6.640891432762145996e-01 1.192591786384582520e+00 2.555081605911254883e+00 -9.691050648689270020e-01 2.114428043365478516e+00 -1.338272571563720703e+00 -8.838967680931091309e-01 -1.530359983444213867e+00 2.056940078735351562e+00 -1.928567588329315186e-01 -1.423329472541809082e+00 -1.599702119827270508e+00 -5.008192062377929688e-01 -7.102077007293701172e-01 2.364215612411499023e+00 9.750781655311584473e-01 1.671401262283325195e+00 -2.464220672845840454e-02 -1.778755903244018555e+00 -2.717253863811492920e-01
-7.616291642189025879e-01 1.138183832168579102e+00 2.558583736419677734e+00 -9.196017384529113770e-01 2.062876939773559570e+00 -1.242969155311584473e+00 -9.033580422401428223e-01 -1.506492018699645996e+00 1.996437311172485352e+00 -2.223702967166900635e-01 -1.431591749191284180e+00 -1.618160724639892578e+00 -5.755737423896789551e-01 -6.798857450485229492e-01 2.347103357315063477e+00 1.051649570465087891e+00 1.699612021446228027e+00 4.220091551542282104e-02 -1.829606413841247559e+00 -2.864777147769927979e-01
-8.456967473030090332e-01 1.067580342292785645e+00 2.535400867462158203e+00 -8.744203448295593262e-01 1.995936036109924316e+00 -1.134155988693237305e+00 -9.131461977958679199e-01 -1.467618823051452637e+00 1.920602560043334961e+00 -2.456530630588531494e-01 -1.423563957214355469e+00 -1.620958328247070312e+00 -6.389044523239135742e-01 -6.413486003875732422e-01 2.312287330627441406e+00 1.117213845252990723e+00 1.715567827224731445e+00 1.036899536848068237e-01 -1.860256195068359375e+00 -2.964717447757720947e-01
-9.165743589401245117e-01 9.795073270797729492e-01 2.481422185897827148e+00 -8.334598541259765625e-01 1.905831336975097656e+00 -1.009115934371948242e+00 -9.091060161590576172e-01 -1.407746195793151855e+00 1.823149681091308594e+00 -2.636539041996002197e-01 -1.397014141082763672e+00 -1.600801348686218262e+00 -6.986649036407470703e-01 -5.858176946640014648e-01 2.249184131622314453e+00 1.175875425338745117e+00 1.720395088195800781e+00 1.630519479513168335e-01 -1.869707822799682617e+00 -3.143450617790222168e-01
-9.569180607795715332e-01 8.939968347549438477e-01 2.384751319885253906e+00 -8.209764361381530762e-01 1.821340680122375488e+00 -8.882864117622375488e-01 -8.847207427024841309e-01 -1.343457102775573730e+00 1.719742536544799805e+00 -2.780244350433349609e-01 -1.353002548217773438e+00 -1.541416287422180176e+00 -7.466977238655090332e-01 -4.945953190326690674e-01 2.150794267654418945e+00 1.234988093376159668e+00 1.734789013862609863e+00 2.093485444784164429e-01 -1.851249217987060547e+00 -3.755592703819274902e-01
-9.922937154769897461e-01 8.388246297836303711e-01 2.235663890838623047e+00 -8.293589353561401367e-01 1.752984762191772461e+00 -7.813656926155090332e-01 -8.560132980346679688e-01 -1.288213014602661133e+00 1.581815242767333984e+00 -3.039769828319549561e-01 -1.305126786231994629e+00 -1.405228257179260254e+00 -7.939401865005493164e-01 -3.303265571594238281e-01 2.012304782867431641e+00 1.273670911788940430e+00 1.728313684463500977e+00 2.199100404977798462e-01 -1.789109826087951660e+00 -4.736379683017730713e-01
-1.004128575325012207e+00 8.436340689659118652e-01 2.052697420120239258e+00 -8.950403332710266113e-01 1.670288920402526855e+00 -7.091055512428283691e-01 -8.372916579246520996e-01 -1.221009731292724609e+00 1.436296820640563965e+00 -3.424557447433471680e-01 -1.225123763084411621e+00 -1.189471364021301270e+00 -8.039123415946960449e-01 -1.248798966407775879e-01 1.860536694526672363e+00 1.309330105781555176e+00 1.686255931854248047e+00 1.850572526454925537e-01 -1.677482962608337402e+00 -6.040073037147521973e-01
-9.908394813537597656e-01 9.046506881713867188e-01 1.868853807449340820e+00 -1.018373370170593262e+00 1.587371826171875000e+00 -6.862767934799194336e-01 -8.197472095489501953e-01 -1.174185514450073242e+00 1.330296158790588379e+00 -3.643892705440521240e-01 -1.130670547485351562e+00 -9.854312539100646973e-01 -7.751865983009338379e-01 6.516797840595245361e-02 1.746502161026000977e+00 1.327461719512939453e+00 1.652170300483703613e+00 1.079804599285125732e-01 -1.545922040939331055e+00 -7.299765348434448242e-01
-9.616713523864746094e-01 9.913756251335144043e-01 1.752864122390747070e+00 -1.146959543228149414e+00 1.568814039230346680e+00 -6.976642608642578125e-01 -8.097898960113525391e-01 -1.175620198249816895e+00 1.328389644622802734e+00 -3.921567499637603760e-01 -1.041614532470703125e+00 -8.504394292831420898e-01 -7.273793816566467285e-01 1.725533902645111084e-01 1.689662933349609375e+00 1.328126788139343262e+00 1.637761712074279785e+00 3.493308275938034058e-02 -1.441357493400573730e+00 -8.137431144714355469e-01
-9.006971716880798340e-01 1.080376744270324707e+00 1.701190233230590820e+00 -1.269011735916137695e+00 1.568650484085083008e+00 -7.404270768165588379e-01 -7.863874435424804688e-01 -1.184255599975585938e+00 1.391181349754333496e+00 -4.119899868965148926e-01 -9.690232872962951660e-01 -7.700608372688293457e-01 -6.585505008697509766e-01 2.026033252477645874e-01 1.675451517105102539e+00 1.310761094093322754e+00 1.615015149116516113e+00 -2.565641887485980988e-02 -1.352129459381103516e+00 -8.716647028923034668e-01
-7.879760265350341797e-01 1.141893625259399414e+00 1.679623842239379883e+00 -1.376261949539184570e+00 1.567635655403137207e+00 -8.125261664390563965e-01 -7.428564429283142090e-01 -1.159314274787902832e+00 1.488341093063354492e+00 -4.227735996246337891e-01 -8.900064229965209961e-01 -6.818760633468627930e-01 -5.730218291282653809e-01 2.099809199571609497e-01 1.677934885025024414e+00 1.259126901626586914e+00 1.560793876647949219e+00 -9.571060538291931152e-02 -1.246970534324645996e+00 -8.950672149658203125e-01
-6.553187966346740723e-01 1.214874625205993652e+00 1.723669290542602539e+00 -1.464190721511840820e+00 1.559124112129211426e+00 -9.685826301574707031e-01 -7.173972725868225098e-01 -1.134656190872192383e+00 1.623387575149536133e+00 -4.186221957206726074e-01 -8.004282116889953613e-01 -5.941752791404724121e-01 -4.826671779155731201e-01 1.957938224077224731e-01 1.735250592231750488e+00 1.193452596664428711e+00 1.493084311485290527e+00 -1.902225166559219360e-01 -1.165817260742187500e+00 -8.632175922393798828e-01
-5.182930827140808105e-01 1.201691031455993652e+00 1.797535419464111328e+00 -1.464340686798095703e+00 1.583540797233581543e+00 -1.147112369537353516e+00 -7.018752098083496094e-01 -1.126011848449707031e+00 1.761263847351074219e+00 -3.958654403686523438e-01 -7.344078421592712402e-01 -5.976663231849670410e-01 -3.580929040908813477e-01 9.883534908294677734e-02 1.847717761993408203e+00 1.087830424308776855e+00 1.421166539192199707e+00 -2.495800405740737915e-01 -1.093444108963012695e+00 -6.756709814071655273e-01
-4.598577618598937988e-01 1.153484463691711426e+00 1.850202798843383789e+00 -1.335479974746704102e+00 1.675789713859558105e+00 -1.291005253791809082e+00 -7.436175346374511719e-01 -1.191687107086181641e+00 1.853729009628295898e+00 -3.788740932941436768e-01 -7.196682691574096680e-01 -6.913011074066162109e-01 -2.315819859504699707e-01 -1.141449809074401855e-02 1.924955129623413086e+00 9.415319561958312988e-01 1.351321339607238770e+00 -2.869783043861389160e-01 -1.051581382751464844e+00 -3.802033960819244385e-01
-4.838041663169860840e-01 1.085235953330993652e+00 1.861140727996826172e+00 -1.189777374267578125e+00 1.728122472763061523e+00 -1.351943612098693848e+00 -8.040198683738708496e-01 -1.263245582580566406e+00 1.874429702758789062e+00 -3.504568338394165039e-01 -7.476595640182495117e-01 -8.025826215744018555e-01 -1.614466011524200439e-01 -6.654849648475646973e-02 1.942757368087768555e+00 8.442601561546325684e-01 1.314401507377624512e+00 -3.049565553665161133e-01 -1.059633255004882812e+00 -1.283794343471527100e-01
-5.124506354331970215e-01 1.070733308792114258e+00 1.837609767913818359e+00 -1.101977348327636719e+00 1.795455694198608398e+00 -1.384369850158691406e+00 -8.638662099838256836e-01 -1.329850077629089355e+00 1.899471521377563477e+00 -3.373092412948608398e-01 -7.639998793601989746e-01 -8.896172046661376953e-01 -9.314032644033432007e-02 -9.815342724323272705e-02 1.972128033638000488e+00 8.176500797271728516e-01 1.324260115623474121e+00 -3.397772908210754395e-01 -1.060837745666503906e+00 6.582487374544143677e-03
-5.329741239547729492e-01 1.057230114936828613e+00 1.820990800857543945e+00 -1.023387670516967773e+00 1.868540883064270020e+00 -1.404176712036132812e+00 -9.055284261703491211e-01 -1.369582414627075195e+00 1.927872419357299805e+00 -3.252390027046203613e-01 -7.802803516387939453e-01 -9.607622027397155762e-01 -3.722605854272842407e-02 -1.262421905994415283e-01 2.006143093109130859e+00 8.217949867248535156e-01 1.344178557395935059e+00 -3.712221980094909668e-01 -1.065396189689636230e+00 8.591799437999725342e-02
-5.327008962631225586e-01 1.043877601623535156e+00 1.817802190780639648e+00 -9.332832098007202148e-01 1.966025948524475098e+00 -1.421620607376098633e+00 -9.291164278984069824e-01 -1.393677592277526855e+00 1.980590105056762695e+00 -3.109703958034515381e-01 -8.108193278312683105e-01 -1.041589617729187012e+00 1.975496858358383179e-02 -1.813576221466064453e-01 2.049827098846435547e+00 8.388103842735290527e-01 1.369235157966613770e+00 -4.004589319229125977e-01 -1.076754331588745117e+00 1.280179023742675781e-01
-5.191887021064758301e-01 1.035899758338928223e+00 1.865960121154785156e+00 -8.083552718162536621e-01 2.154677391052246094e+00 -1.429635643959045410e+00 -9.260864257812500000e-01 -1.419806957244873047e+00 2.086727857589721680e+00 -3.240995705127716064e-01 -9.263699054718017578e-01 -1.167170882225036621e+00 6.205458194017410278e-02 -3.303684890270233154e-01 2.137695312500000000e+00 8.862715363502502441e-01 1.408373594284057617e+00 -3.890984654426574707e-01 -1.108620166778564453e+00 8.609756082296371460e-02
-4.867742359638214111e-01 9.963750243186950684e-01 1.917953968048095703e+00 -5.880884528160095215e-01 2.376628398895263672e+00 -1.372746586799621582e+00 -7.993546724319458008e-01 -1.383301496505737305e+00 2.158173799514770508e+00 -3.970693945884704590e-01 -1.114965915679931641e+00 -1.291764259338378906e+00 5.449955910444259644e-02 -5.216444730758666992e-01 2.140455961227416992e+00 9.410019516944885254e-01 1.419403433799743652e+00 -2.875257134437561035e-01 -1.120548248291015625e+00 -8.898374438285827637e-02
-5.181726813316345215e-01 9.983879923820495605e-01 1.862159967422485352e+00 -4.596671462059020996e-01 2.327258110046386719e+00 -1.214088559150695801e+00 -6.374989151954650879e-01 -1.324091672897338867e+00 2.016187667846679688e+00 -4.761321246623992920e-01 -1.156480550765991211e+00 -1.284440398216247559e+00 -1.098721548914909363e-01 -5.060999393463134766e-01 1.913262963294982910e+00 9.836222529411315918e-01 1.441982507705688477e+00 -1.187234595417976379e-01 -1.144984841346740723e+00 -3.706804811954498291e-01
-6.550011038780212402e-01 1.071291804313659668e+00 1.840078592300415039e+00 -5.337800383567810059e-01 2.084398269653320312e+00 -1.080723285675048828e+00 -6.335484981536865234e-01 -1.287473678588867188e+00 1.846154808998107910e+00 -5.051440596580505371e-01 -1.144777655601501465e+00 -1.197789788246154785e+00 -3.728245496749877930e-01 -4.077752828598022461e-01 1.772359490394592285e+00 1.048950076103210449e+00 1.467874884605407715e+00 -3.443455323576927185e-02 -1.262655854225158691e+00 -5.683695673942565918e-01
-7.539353370666503906e-01 1.135824918746948242e+00 1.864503145217895508e+00 -6.241757869720458984e-01 1.924253582954406738e+00 -1.021832108497619629e+00 -6.401458978652954102e-01 -1.260991334915161133e+00 1.746849536895751953e+00 -5.316066741943359375e-01 -1.153108000755310059e+00 -1.129747629165649414e+00 -5.383353233337402344e-01 -3.374103903770446777e-01 1.722048521041870117e+00 1.106889486312866211e+00 1.483885884284973145e+00 2.063418179750442505e-02 -1.347557425498962402e+00 -6.796520352363586426e-01
-8.111506104469299316e-01 1.170030593872070312e+00 1.895521402359008789e+00 -6.899625658988952637e-01 1.825622081756591797e+00 -9.908795952796936035e-01 -6.365988850593566895e-01 -1.251025199890136719e+00 1.691790819168090820e+00 -5.383699536323547363e-01 -1.164117336273193359e+00 -1.096781373023986816e+00 -6.266757845878601074e-01 -3.144530653953552246e-01 1.711294770240783691e+00 1.148656725883483887e+00 1.485999464988708496e+00 4.814693331718444824e-02 -1.400817275047302246e+00 -7.493466734886169434e-01
-8.514738082885742188e-01 1.193382501602172852e+00 1.929217815399169922e+00 -7.333279848098754883e-01 1.748513460159301758e+00 -9.689389467239379883e-01 -6.297745704650878906e-01 -1.242210030555725098e+00 1.653426051139831543e+00 -5.423466563224792480e-01 -1.175680994987487793e+00 -1.077523350715637207e+00 -6.875661611557006836e-01 -3.125823140144348145e-01 1.707576632499694824e+00 1.176792383193969727e+00 1.475367903709411621e+00 7.067723572254180908e-02 -1.442583084106445312e+00 -7.923039197921752930e-01
-8.838960528373718262e-01 1.215172886848449707e+00 1.959723234176635742e+00 -7.662795186042785645e-01 1.685002923011779785e+00 -9.456000328063964844e-01 -6.264448761940002441e-01 -1.232075572013854980e+00 1.625823855400085449e+00 -5.486909747123718262e-01 -1.181945800781250000e+00 -1.065222620964050293e+00 -7.304356098175048828e-01 -3.206440210342407227e-01 1.705502510070800781e+00 1.199275255203247070e+00 1.460008502006530762e+00 9.275993704795837402e-02 -1.476412177085876465e+00 -8.193539381027221680e-01
-9.121724963188171387e-01 1.239361882209777832e+00 1.977058410644531250e+00 -7.966932654380798340e-01 1.626076698303222656e+00 -9.125937819480895996e-01 -6.312722563743591309e-01 -1.217260122299194336e+00 1.603776931762695312e+00 -5.599116086959838867e-01 -1.176277160644531250e+00 -1.056014895439147949e+00 -7.566516399383544922e-01 -3.308534324169158936e-01 1.697824358940124512e+00 1.216958999633789062e+00 1.444554090499877930e+00 1.185068488121032715e-01 -1.501083135604858398e+00 -8.306786417961120605e-01
-9.532155394554138184e-01 1.261620044708251953e+00 1.960696935653686523e+00 -8.332774043083190918e-01 1.548266649246215820e+00 -8.708087205886840820e-01 -6.380245685577392578e-01 -1.215392351150512695e+00 1.561537384986877441e+00 -5.711773037910461426e-01 -1.162370443344116211e+00 -1.043063879013061523e+00 -7.746026515960693359e-01 -3.304103612899780273e-01 1.676313519477844238e+00 1.223427534103393555e+00 1.426839470863342285e+00 1.397391259670257568e-01 -1.512646555900573730e+00 -8.164142966270446777e-01
-9.972935318946838379e-01 1.283549070358276367e+00 1.882021427154541016e+00 -8.849126100540161133e-01 1.442250609397888184e+00 -8.139385581016540527e-01 -6.480467915534973145e-01 -1.226187109947204590e+00 1.480541944503784180e+00 -5.775152444839477539e-01 -1.116813540458679199e+00 -1.005426526069641113e+00 -7.736519575119018555e-01 -3.155590295791625977e-01 1.640253186225891113e+00 1.208064079284667969e+00 1.388555526733398438e+00 1.386847645044326782e-01 -1.486185193061828613e+00 -7.635473012924194336e-01
-1.059149265289306641e+00 1.254011392593383789e+00 1.690442085266113281e+00 -9.427632689476013184e-01 1.288231015205383301e+00 -7.787611484527587891e-01 -6.347090005874633789e-01 -1.249934077262878418e+00 1.368989586830139160e+00 -5.897000432014465332e-01 -1.018375396728515625e+00 -9.039447307586669922e-01 -6.633156538009643555e-01 -2.014191746711730957e-01 1.609697103500366211e+00 1.149083971977233887e+00 1.307939052581787109e+00 5.520648509263992310e-02 -1.344479084014892578e+00 -6.105946302413940430e-01
-1.155443072319030762e+00 1.278488874435424805e+00 1.392715930938720703e+00 -1.082134246826171875e+00 1.146546244621276855e+00 -8.422254920005798340e-01 -7.088323235511779785e-01 -1.284934878349304199e+00 1.321316242218017578e+00 -6.807346940040588379e-01 -7.790514826774597168e-01 -6.884507536888122559e-01 -5.174813866615295410e-01 1.652489900588989258e-01 1.516682624816894531e+00 1.017726302146911621e+00 1.264273881912231445e+00 -1.398178339004516602e-01 -1.068793177604675293e+00 -2.693498432636260986e-01
-1.229201793670654297e+00 1.417183637619018555e+00 1.213093996047973633e+00 -1.250140666961669922e+00 1.246482014656066895e+00 -1.077116608619689941e+00 -8.437568545341491699e-01 -1.443463325500488281e+00 1.462228655815124512e+00 -7.923063635826110840e-01 -5.697875618934631348e-01 -5.511180758476257324e-01 -3.242310285568237305e-01 5.790947675704956055e-01 1.577448487281799316e+00 9.992807507514953613e-01 1.419553041458129883e+00 -3.764168620109558105e-01 -8.144084811210632324e-01 -4.109806939959526062e-02
-1.253816843032836914e+00 1.574863553047180176e+00 1.261718273162841797e+00 -1.417681217193603516e+00 1.516788721084594727e+00 -1.299117088317871094e+00 -1.035916924476623535e+00 -1.609469413757324219e+00 1.714171528816223145e+00 -8.450704216957092285e-01 -4.912670254707336426e-01 -5.101037621498107910e-01 -2.118643522262573242e-01 8.184736967086791992e-01 1.704118490219116211e+00 1.104295134544372559e+00 1.634876847267150879e+00 -5.361523628234863281e-01 -7.966756820678710938e-01 -4.544741287827491760e-02
-1.241068720817565918e+00 1.693354606628417969e+00 1.294481039047241211e+00 -1.522309780120849609e+00 1.684603571891784668e+00 -1.416823625564575195e+00 -1.149323940277099609e+00 -1.679450631141662598e+00 1.866239547729492188e+00 -8.613441586494445801e-01 -4.574584066867828369e-01 -4.585734605789184570e-01 -1.603709757328033447e-01 9.330400228500366211e-01 1.782260298728942871e+00 1.176434040069580078e+00 1.746271252632141113e+00 -6.315219998359680176e-01 -8.012116551399230957e-01 -1.285663098096847534e-01
-1.214844584465026855e+00 1.751308917999267578e+00 1.299785852432250977e+00 -1.582441568374633789e+00 1.786978006362915039e+00 -1.484947204589843750e+00 -1.194772362709045410e+00 -1.730834603309631348e+00 1.953250527381896973e+00 -8.458616733551025391e-01 -4.559122920036315918e-01 -4.273186922073364258e-01 -1.138144060969352722e-01 9.888989925384521484e-01 1.817145109176635742e+00 1.200946331024169922e+00 1.789201021194458008e+00 -6.881294250488281250e-01 -7.848005890846252441e-01 -1.995936185121536255e-01
-1.176249027252197266e+00 1.789498925209045410e+00 1.295005321502685547e+00 -1.621998071670532227e+00 1.847147941589355469e+00 -1.520397186279296875e+00 -1.211346387863159180e+00 -1.751534461975097656e+00 1.997144937515258789e+00 -8.248209953308105469e-01 -4.556022286415100098e-01 -3.964011669158935547e-01 -8.537168800830841064e-02 1.013833999633789062e+00 1.824053168296813965e+00 1.202396750450134277e+00 1.799348473548889160e+00 -7.231624722480773926e-01 -7.672419548034667969e-01 -2.689631283283233643e-01
-1.134183883666992188e+00 1.817282915115356445e+00 1.289644241333007812e+00 -1.652657508850097656e+00 1.878481745719909668e+00 -1.533281445503234863e+00 -1.212970614433288574e+00 -1.754428625106811523e+00 2.015179157257080078e+00 -8.033269047737121582e-01 -4.600518643856048584e-01 -3.704550266265869141e-01 -7.195167988538742065e-02 1.017733097076416016e+00 1.821241855621337891e+00 1.192033767700195312e+00 1.794484615325927734e+00 -7.413836717605590820e-01 -7.556546330451965332e-01 -3.304219841957092285e-01
-1.100007772445678711e+00 1.840121150016784668e+00 1.284733772277832031e+00 -1.680750131607055664e+00 1.885394692420959473e+00 -1.535962820053100586e+00 -1.205944061279296875e+00 -1.755837321281433105e+00 2.016041755676269531e+00 -7.815207839012145996e-01 -4.724505841732025146e-01 -3.551951050758361816e-01 -6.977815926074981689e-02 1.012404918670654297e+00 1.813653111457824707e+00 1.174250364303588867e+00 1.788742065429687500e+00 -7.465609312057495117e-01 -7.534078955650329590e-01 -3.796398639678955078e-01
-1.078464031219482422e+00 1.856389641761779785e+00 1.279566287994384766e+00 -1.700878381729125977e+00 1.872650623321533203e+00 -1.529776334762573242e+00 -1.190877437591552734e+00 -1.757289528846740723e+00 1.996688485145568848e+00 -7.625056505203247070e-01 -4.862782359123229980e-01 -3.414258360862731934e-01 -7.806108146905899048e-02 1.006221294403076172e+00 1.801464557647705078e+00 1.158161759376525879e+00 1.776420712471008301e+00 -7.434334158897399902e-01 -7.546931505203247070e-01 -4.225291609764099121e-01
-1.081010937690734863e+00 1.868753910064697266e+00 1.283790349960327148e+00 -1.709938764572143555e+00 1.840663194656372070e+00 -1.520463466644287109e+00 -1.175396442413330078e+00 -1.765177130699157715e+00 1.954219222068786621e+00 -7.483940720558166504e-01 -4.994640648365020752e-01 -3.350905776023864746e-01 -1.023461297154426575e-01 1.002282619476318359e+00 1.789430379867553711e+00 1.152219414710998535e+00 1.763766169548034668e+00 -7.302767634391784668e-01 -7.696519494056701660e-01 -4.536205232143402100e-01
-1.111205339431762695e+00 1.882533311843872070e+00 1.302301645278930664e+00 -1.719721794128417969e+00 1.789895653724670410e+00 -1.484901428222656250e+00 -1.166039705276489258e+00 -1.776492118835449219e+00 1.899412393569946289e+00 -7.402457594871520996e-01 -5.301486849784851074e-01 -3.494654893875122070e-01 -1.646067500114440918e-01 9.724687337875366211e-01 1.784682154655456543e+00 1.136831760406494141e+00 1.753337740898132324e+00 -6.979209780693054199e-01 -8.200746774673461914e-01 -4.743867218494415283e-01
-1.188518285751342773e+00 1.891687035560607910e+00 1.338110685348510742e+00 -1.725540637969970703e+00 1.704090952873229980e+00 -1.426640152931213379e+00 -1.159402608871459961e+00 -1.780200362205505371e+00 1.813123464584350586e+00 -7.364806532859802246e-01 -5.673577189445495605e-01 -3.734846711158752441e-01 -2.654304206371307373e-01 9.350652694702148438e-01 1.800462722778320312e+00 1.145682811737060547e+00 1.747945189476013184e+00 -6.525726914405822754e-01 -9.029823541641235352e-01 -4.863242208957672119e-01
-1.285765886306762695e+00 1.867697477340698242e+00 1.368597030639648438e+00 -1.703947067260742188e+00 1.579665184020996094e+00 -1.337259173393249512e+00 -1.144122242927551270e+00 -1.761282801628112793e+00 1.686991333961486816e+00 -7.356855273246765137e-01 -6.033500432968139648e-01 -4.138381481170654297e-01 -3.800976574420928955e-01 8.796116113662719727e-01 1.814750194549560547e+00 1.155901074409484863e+00 1.730185389518737793e+00 -5.930319428443908691e-01 -9.945765137672424316e-01 -4.590816795825958252e-01
-1.398106455802917480e+00 1.803699612617492676e+00 1.390006065368652344e+00 -1.638816595077514648e+00 1.419556021690368652e+00 -1.233469843864440918e+00 -1.132007837295532227e+00 -1.726246356964111328e+00 1.521063566207885742e+00 -7.282715439796447754e-01 -6.303430199623107910e-01 -4.773434996604919434e-01 -4.843929111957550049e-01 8.062908649444580078e-01 1.818466186523437500e+00 1.175918102264404297e+00 1.699039459228515625e+00 -5.188959836959838867e-01 -1.087508320808410645e+00 -3.890836834907531738e-01
-1.504850864410400391e+00 1.693562865257263184e+00 1.409490346908569336e+00 -1.527693271636962891e+00 1.241129875183105469e+00 -1.116227865219116211e+00 -1.125407576560974121e+00 -1.664757966995239258e+00 1.338212609291076660e+00 -7.092580795288085938e-01 -6.366691589355468750e-01 -5.550025105476379395e-01 -5.764400959014892578e-01 7.198195457458496094e-01 1.791855931282043457e+00 1.217770338058471680e+00 1.650404930114746094e+00 -4.313572645187377930e-01 -1.177856802940368652e+00 -3.014594614505767822e-01
-1.546907305717468262e+00 1.575651049613952637e+00 1.406980991363525391e+00 -1.406232357025146484e+00 1.131981253623962402e+00 -9.920510053634643555e-01 -1.102385282516479492e+00 -1.575998425483703613e+00 1.268012523651123047e+00 -6.962902545928955078e-01 -6.098126173019409180e-01 -6.628050208091735840e-01 -6.218841075897216797e-01 6.130951642990112305e-01 1.735723495483398438e+00 1.249264717102050781e+00 1.640211582183837891e+00 -3.484525680541992188e-01 -1.244913578033447266e+00 -2.156313806772232056e-01
