-3.842044174671173096e-01 1.427486062049865723e+00 1.794370412826538086e+00 -1.005329251289367676e+00 2.035934209823608398e+00 -1.372949481010437012e+00 -8.716589808464050293e-01 -1.283545255661010742e+00 1.665734291076660156e+00 -2.692300081253051758e-01 -1.162861466407775879e+00 -4.745774567127227783e-01 -3.969710469245910645e-01 5.601295083761215210e-02 1.654383063316345215e+00 6.571147441864013672e-01 1.081726789474487305e+00 -4.028487503528594971e-01 -1.059265136718750000e+00 -7.946896553039550781e-01
-2.938104271888732910e-01 1.549022316932678223e+00 1.782549500465393066e+00 -1.144325017929077148e+00 2.105679273605346680e+00 -1.402538537979125977e+00 -9.406372904777526855e-01 -1.271045327186584473e+00 1.799408435821533203e+00 -2.945672273635864258e-01 -1.024189233779907227e+00 -4.310678839683532715e-01 -3.889478147029876709e-01 2.261088043451309204e-02 1.662609696388244629e+00 6.970762610435485840e-01 1.121302962303161621e+00 -4.479001760482788086e-01 -1.050916910171508789e+00 -8.231510519981384277e-01
-2.516822814941406250e-01 1.644776582717895508e+00 1.753680825233459473e+00 -1.264053821563720703e+00 2.160972595214843750e+00 -1.418720126152038574e+00 -1.002504587173461914e+00 -1.271931767463684082e+00 1.910373806953430176e+00 -3.411852121353149414e-01 -8.930495977401733398e-01 -3.905197679996490479e-01 -3.849170804023742676e-01 2.008067443966865540e-02 1.681214213371276855e+00 7.419170737266540527e-01 1.165874600410461426e+00 -4.889159500598907471e-01 -1.026711940765380859e+00 -8.246935606002807617e-01
-2.431973069906234741e-01 1.736720442771911621e+00 1.718660593032836914e+00 -1.388349533081054688e+00 2.188120126724243164e+00 -1.417113423347473145e+00 -1.090394616127014160e+00 -1.275753021240234375e+00 1.987670660018920898e+00 -3.736227750778198242e-01 -7.488870620727539062e-01 -3.690436780452728271e-01 -3.973152339458465576e-01 4.690078645944595337e-02 1.696298122406005859e+00 7.944331169128417969e-01 1.232591629028320312e+00 -5.234036445617675781e-01 -1.017452239990234375e+00 -8.116483092308044434e-01
-2.869767546653747559e-01 1.844997048377990723e+00 1.707929491996765137e+00 -1.517190098762512207e+00 2.181869983673095703e+00 -1.419080376625061035e+00 -1.192460298538208008e+00 -1.305487990379333496e+00 2.077362060546875000e+00 -4.049520492553710938e-01 -6.067120432853698730e-01 -4.215141832828521729e-01 -4.336061775684356689e-01 8.870347589254379272e-02 1.731965184211730957e+00 8.934964537620544434e-01 1.380143523216247559e+00 -5.304027199745178223e-01 -1.055416345596313477e+00 -7.986810803413391113e-01
-3.555585145950317383e-01 1.906738162040710449e+00 1.651602387428283691e+00 -1.639899969100952148e+00 2.117027521133422852e+00 -1.366539955139160156e+00 -1.272639274597167969e+00 -1.325995922088623047e+00 2.113940238952636719e+00 -4.196469783782958984e-01 -4.641495943069458008e-01 -4.948986470699310303e-01 -4.816536009311676025e-01 1.521483957767486572e-01 1.735284090042114258e+00 9.894332885742187500e-01 1.547787785530090332e+00 -5.158205628395080566e-01 -1.100474834442138672e+00 -7.690880298614501953e-01
-4.527015089988708496e-01 1.920239448547363281e+00 1.547687649726867676e+00 -1.730102419853210449e+00 2.004462718963623047e+00 -1.263431310653686523e+00 -1.308383941650390625e+00 -1.340202212333679199e+00 2.091605424880981445e+00 -4.323995113372802734e-01 -3.632715940475463867e-01 -5.744346976280212402e-01 -5.301250219345092773e-01 2.272951453924179077e-01 1.710497140884399414e+00 1.071073770523071289e+00 1.705278038978576660e+00 -4.794088006019592285e-01 -1.142741203308105469e+00 -7.327969670295715332e-01
-5.875016450881958008e-01 1.868023157119750977e+00 1.400689721107482910e+00 -1.789347529411315918e+00 1.851304531097412109e+00 -1.125980854034423828e+00 -1.284398674964904785e+00 -1.385237812995910645e+00 2.016402006149291992e+00 -4.270506501197814941e-01 -3.110719621181488037e-01 -6.709542274475097656e-01 -5.771838426589965820e-01 3.105103671550750732e-01 1.653245568275451660e+00 1.131128311157226562e+00 1.859415769577026367e+00 -4.409044981002807617e-01 -1.184838294982910156e+00 -6.887321472167968750e-01
-7.517848014831542969e-01 1.790038943290710449e+00 1.241210579872131348e+00 -1.815702795982360840e+00 1.699939012527465820e+00 -9.946943521499633789e-01 -1.220252156257629395e+00 -1.479019045829772949e+00 1.915505528450012207e+00 -4.090343713760375977e-01 -3.137045800685882568e-01 -7.665709853172302246e-01 -6.132680177688598633e-01 4.047011733055114746e-01 1.578556537628173828e+00 1.162953138351440430e+00 1.993295311927795410e+00 -4.347490966320037842e-01 -1.226969242095947266e+00 -6.514329910278320312e-01
-8.876045346260070801e-01 1.694229960441589355e+00 1.097867965698242188e+00 -1.812457919120788574e+00 1.574730396270751953e+00 -8.888285160064697266e-01 -1.120492935180664062e+00 -1.573036193847656250e+00 1.795019268989562988e+00 -3.821688890457153320e-01 -3.579738140106201172e-01 -8.314044475555419922e-01 -6.112908124923706055e-01 4.898651838302612305e-01 1.494819760322570801e+00 1.162761211395263672e+00 2.067820072174072266e+00 -4.386548399925231934e-01 -1.239975690841674805e+00 -6.347080469131469727e-01
-1.015017747879028320e+00 1.592469215393066406e+00 1.050340771675109863e+00 -1.784809112548828125e+00 1.540576100349426270e+00 -8.360235095024108887e-01 -1.008335351943969727e+00 -1.657764315605163574e+00 1.705693602561950684e+00 -4.158669114112854004e-01 -4.817658066749572754e-01 -8.445342183113098145e-01 -5.843372344970703125e-01 5.570362806320190430e-01 1.484735846519470215e+00 1.184048056602478027e+00 2.095191955566406250e+00 -4.129123687744140625e-01 -1.217429637908935547e+00 -6.659083366394042969e-01
-1.143116235733032227e+00 1.501959800720214844e+00 1.060746431350708008e+00 -1.741548180580139160e+00 1.559296488761901855e+00 -8.197174668312072754e-01 -8.921256065368652344e-01 -1.735665678977966309e+00 1.632102131843566895e+00 -4.928331375122070312e-01 -6.276540756225585938e-01 -8.316931128501892090e-01 -5.421749353408813477e-01 6.056239008903503418e-01 1.536242961883544922e+00 1.190876126289367676e+00 2.079993247985839844e+00 -4.047829806804656982e-01 -1.182070016860961914e+00 -6.756714582443237305e-01
-1.278690099716186523e+00 1.424820184707641602e+00 1.071447253227233887e+00 -1.678313970565795898e+00 1.590552091598510742e+00 -8.490960001945495605e-01 -7.932797670364379883e-01 -1.805895090103149414e+00 1.573153972625732422e+00 -6.100522875785827637e-01 -7.629089355468750000e-01 -7.760108709335327148e-01 -4.781517088413238525e-01 6.690365672111511230e-01 1.608308076858520508e+00 1.208115816116333008e+00 2.017453193664550781e+00 -4.156975150108337402e-01 -1.098044872283935547e+00 -6.475697755813598633e-01
-1.441955089569091797e+00 1.391968607902526855e+00 1.111314415931701660e+00 -1.545105576515197754e+00 1.627260327339172363e+00 -9.445491433143615723e-01 -7.150939702987670898e-01 -1.862046837806701660e+00 1.520949840545654297e+00 -7.916030287742614746e-01 -8.882863521575927734e-01 -6.709801554679870605e-01 -3.868735432624816895e-01 7.317764759063720703e-01 1.704804778099060059e+00 1.254882693290710449e+00 1.883758783340454102e+00 -4.397371411323547363e-01 -9.840420484542846680e-01 -5.981387495994567871e-01
-1.606592655181884766e+00 1.411112666130065918e+00 1.193931460380554199e+00 -1.345792412757873535e+00 1.656904339790344238e+00 -1.101260900497436523e+00 -6.718711853027343750e-01 -1.908638000488281250e+00 1.472952485084533691e+00 -9.809584021568298340e-01 -9.806511998176574707e-01 -5.575402975082397461e-01 -2.749943733215332031e-01 7.735633850097656250e-01 1.803164958953857422e+00 1.314306497573852539e+00 1.702254891395568848e+00 -4.741436839103698730e-01 -8.794580698013305664e-01 -5.327297449111938477e-01
-1.703514337539672852e+00 1.483342766761779785e+00 1.300670623779296875e+00 -1.183519482612609863e+00 1.727864384651184082e+00 -1.252066254615783691e+00 -6.910295486450195312e-01 -1.945425987243652344e+00 1.473495602607727051e+00 -1.112044453620910645e+00 -1.009961843490600586e+00 -4.776930809020996094e-01 -1.701474934816360474e-01 7.809278964996337891e-01 1.919945716857910156e+00 1.377239465713500977e+00 1.548600196838378906e+00 -5.338626503944396973e-01 -8.205178380012512207e-01 -4.767248928546905518e-01
-1.707170248031616211e+00 1.541348695755004883e+00 1.402740597724914551e+00 -1.052007436752319336e+00 1.749055862426757812e+00 -1.334590673446655273e+00 -7.578988075256347656e-01 -1.901459455490112305e+00 1.468838334083557129e+00 -1.163421392440795898e+00 -9.965113401412963867e-01 -4.254044592380523682e-01 -1.025342792272567749e-01 7.402979731559753418e-01 1.981380581855773926e+00 1.394961118698120117e+00 1.409075856208801270e+00 -5.399156808853149414e-01 -8.017656207084655762e-01 -4.339770376682281494e-01
-1.650310039520263672e+00 1.588606476783752441e+00 1.525183200836181641e+00 -9.641460776329040527e-01 1.752165555953979492e+00 -1.370444059371948242e+00 -8.562424182891845703e-01 -1.809026360511779785e+00 1.472294330596923828e+00 -1.169331312179565430e+00 -9.733245372772216797e-01 -3.973039686679840088e-01 -8.462106436491012573e-02 6.472742557525634766e-01 2.014396429061889648e+00 1.390098571777343750e+00 1.301693081855773926e+00 -4.981295764446258545e-01 -8.321695923805236816e-01 -4.243320524692535400e-01
-1.567253589630126953e+00 1.592460632324218750e+00 1.612176537513732910e+00 -8.794464468955993652e-01 1.726421713829040527e+00 -1.370182633399963379e+00 -9.253654479980468750e-01 -1.691036581993103027e+00 1.459637165069580078e+00 -1.151224732398986816e+00 -9.342058300971984863e-01 -3.864625394344329834e-01 -8.045160770416259766e-02 5.385622978210449219e-01 2.008801460266113281e+00 1.361556410789489746e+00 1.200989723205566406e+00 -4.509399831295013428e-01 -8.602437973022460938e-01 -3.970788717269897461e-01
-1.474390029907226562e+00 1.563297867774963379e+00 1.675186276435852051e+00 -7.953305244445800781e-01 1.685050010681152344e+00 -1.357795715332031250e+00 -9.631960391998291016e-01 -1.571766018867492676e+00 1.436787724494934082e+00 -1.108814120292663574e+00 -8.907823562622070312e-01 -3.990903198719024658e-01 -8.315446227788925171e-02 4.152333736419677734e-01 1.985534071922302246e+00 1.305193781852722168e+00 1.099967122077941895e+00 -4.159495532512664795e-01 -8.870013952255249023e-01 -3.498916029930114746e-01
-1.364942789077758789e+00 1.510465264320373535e+00 1.717143774032592773e+00 -7.173061966896057129e-01 1.635873079299926758e+00 -1.341558933258056641e+00 -9.712571501731872559e-01 -1.466468214988708496e+00 1.418478608131408691e+00 -1.032365918159484863e+00 -8.465988636016845703e-01 -4.514341354370117188e-01 -7.095645368099212646e-02 2.663328051567077637e-01 1.963796734809875488e+00 1.233770728111267090e+00 1.010635018348693848e+00 -3.943327665328979492e-01 -9.112491607666015625e-01 -2.941757440567016602e-01
-1.200954914093017578e+00 1.443176507949829102e+00 1.805341362953186035e+00 -6.440102458000183105e-01 1.637384533882141113e+00 -1.374579668045043945e+00 -9.587187170982360840e-01 -1.380008339881896973e+00 1.482920169830322266e+00 -9.281976819038391113e-01 -8.252312541007995605e-01 -5.952661633491516113e-01 -4.596560448408126831e-02 4.350590333342552185e-02 1.970707535743713379e+00 1.168212771415710449e+00 9.786361455917358398e-01 -3.640047311782836914e-01 -9.750790596008300781e-01 -2.187943756580352783e-01
-1.007050395011901855e+00 1.351452231407165527e+00 1.918287396430969238e+00 -5.813353061676025391e-01 1.667925119400024414e+00 -1.421482324600219727e+00 -9.130080938339233398e-01 -1.341322541236877441e+00 1.553888559341430664e+00 -7.545121908187866211e-01 -8.530182242393493652e-01 -8.081108331680297852e-01 -4.305852949619293213e-02 -1.992803663015365601e-01 1.990392565727233887e+00 1.082037925720214844e+00 1.011286377906799316e+00 -3.216605484485626221e-01 -1.079936265945434570e+00 -1.789231598377227783e-01
-8.030859827995300293e-01 1.224619269371032715e+00 2.053353071212768555e+00 -5.729222893714904785e-01 1.709378957748413086e+00 -1.455174922943115234e+00 -8.358910083770751953e-01 -1.335119366645812988e+00 1.638719558715820312e+00 -5.374050140380859375e-01 -9.067218303680419922e-01 -1.057759046554565430e+00 -6.362879276275634766e-02 -4.161376953125000000e-01 1.995582699775695801e+00 9.797715544700622559e-01 1.106846928596496582e+00 -2.520447969436645508e-01 -1.216544151306152344e+00 -1.466751396656036377e-01
-6.988452672958374023e-01 1.107314586639404297e+00 2.183760643005371094e+00 -6.729179024696350098e-01 1.747873902320861816e+00 -1.460028171539306641e+00 -7.664719223976135254e-01 -1.367751002311706543e+00 1.718315601348876953e+00 -3.723350167274475098e-01 -9.820953607559204102e-01 -1.255031228065490723e+00 -1.153422445058822632e-01 -5.177777409553527832e-01 2.025759696960449219e+00 9.718646407127380371e-01 1.267436265945434570e+00 -1.817357242107391357e-01 -1.375647544860839844e+00 -1.351147294044494629e-01
-6.279734373092651367e-01 9.868730902671813965e-01 2.264937639236450195e+00 -8.365682363510131836e-01 1.774982094764709473e+00 -1.425462245941162109e+00 -6.948881149291992188e-01 -1.392977952957153320e+00 1.756326436996459961e+00 -2.548323273658752441e-01 -1.002358198165893555e+00 -1.354981303215026855e+00 -1.550478786230087280e-01 -5.293838381767272949e-01 2.083399057388305664e+00 1.017718791961669922e+00 1.414056420326232910e+00 -1.218566149473190308e-01 -1.475253820419311523e+00 -1.725484430789947510e-01
-5.797548294067382812e-01 8.607831001281738281e-01 2.273723363876342773e+00 -9.700336456298828125e-01 1.751287817955017090e+00 -1.383424758911132812e+00 -6.160094738006591797e-01 -1.387941122055053711e+00 1.735655307769775391e+00 -1.917590200901031494e-01 -9.822480678558349609e-01 -1.342545747756958008e+00 -1.732915639877319336e-01 -4.587057232856750488e-01 2.102017641067504883e+00 1.059996604919433594e+00 1.488831996917724609e+00 -7.636685669422149658e-02 -1.487856864929199219e+00 -2.119701802730560303e-01
-6.006953716278076172e-01 7.766263484954833984e-01 2.210988521575927734e+00 -1.046418547630310059e+00 1.670343995094299316e+00 -1.328962564468383789e+00 -5.831800103187561035e-01 -1.373896360397338867e+00 1.642142534255981445e+00 -1.735414862632751465e-01 -9.223269820213317871e-01 -1.251080870628356934e+00 -1.847802102565765381e-01 -3.339985013008117676e-01 2.084574937820434570e+00 1.103434562683105469e+00 1.489809870719909668e+00 -6.704940646886825562e-02 -1.450056552886962891e+00 -2.337573766708374023e-01
-7.147595882415771484e-01 7.357538938522338867e-01 2.067183494567871094e+00 -1.092574596405029297e+00 1.543015122413635254e+00 -1.246625542640686035e+00 -5.928493142127990723e-01 -1.336473584175109863e+00 1.479746460914611816e+00 -2.275223135948181152e-01 -8.000018596649169922e-01 -1.074778556823730469e+00 -1.718419790267944336e-01 -1.208406835794448853e-01 2.060573339462280273e+00 1.162367820739746094e+00 1.441328406333923340e+00 -9.231694787740707397e-02 -1.325270652770996094e+00 -2.443919479846954346e-01
-9.697082042694091797e-01 8.192026615142822266e-01 1.904086470603942871e+00 -1.180006623268127441e+00 1.432565808296203613e+00 -1.145977497100830078e+00 -7.118929624557495117e-01 -1.295962572097778320e+00 1.337511897087097168e+00 -4.191827178001403809e-01 -6.831025481224060059e-01 -8.054989576339721680e-01 -1.806368827819824219e-01 2.184297442436218262e-01 2.033621072769165039e+00 1.283756136894226074e+00 1.395954847335815430e+00 -1.084600389003753662e-01 -1.174127340316772461e+00 -2.271320819854736328e-01
-1.172376155853271484e+00 1.005817651748657227e+00 1.791944265365600586e+00 -1.257646322250366211e+00 1.430265665054321289e+00 -1.105880737304687500e+00 -9.071980118751525879e-01 -1.254399061203002930e+00 1.331868767738342285e+00 -6.255896091461181641e-01 -5.890733599662780762e-01 -6.179052591323852539e-01 -2.226056158542633057e-01 4.541950821876525879e-01 2.029925107955932617e+00 1.428350687026977539e+00 1.409270882606506348e+00 -1.269942671060562134e-01 -1.079870462417602539e+00 -2.007832229137420654e-01
-1.324729204177856445e+00 1.151427149772644043e+00 1.681124925613403320e+00 -1.271494030952453613e+00 1.438386440277099609e+00 -1.050883650779724121e+00 -1.051242351531982422e+00 -1.230053544044494629e+00 1.335549592971801758e+00 -7.818388938903808594e-01 -5.429127216339111328e-01 -5.208908319473266602e-01 -2.962646484375000000e-01 5.998820662498474121e-01 2.007817983627319336e+00 1.523806571960449219e+00 1.456677794456481934e+00 -1.380577683448791504e-01 -1.026785016059875488e+00 -1.724741160869598389e-01
-1.405482292175292969e+00 1.239864230155944824e+00 1.606617093086242676e+00 -1.237745523452758789e+00 1.502081871032714844e+00 -1.000368118286132812e+00 -1.163458824157714844e+00 -1.234372973442077637e+00 1.370726108551025391e+00 -8.634241223335266113e-01 -5.461026430130004883e-01 -5.229614377021789551e-01 -3.724977970123291016e-01 6.520215868949890137e-01 2.004399538040161133e+00 1.581285119056701660e+00 1.543924331665039062e+00 -1.396495550870895386e-01 -1.030324220657348633e+00 -1.477868854999542236e-01
-1.420347213745117188e+00 1.239150881767272949e+00 1.560543537139892578e+00 -1.177514433860778809e+00 1.555732965469360352e+00 -8.977794051170349121e-01 -1.252042055130004883e+00 -1.202033519744873047e+00 1.389628887176513672e+00 -8.675754070281982422e-01 -5.763335227966308594e-01 -5.982335805892944336e-01 -4.877214729785919189e-01 6.061980128288269043e-01 1.986119389533996582e+00 1.572718501091003418e+00 1.620433568954467773e+00 -9.932991862297058105e-02 -1.099009752273559570e+00 -9.403889626264572144e-02
-1.356900930404663086e+00 1.116216778755187988e+00 1.532966613769531250e+00 -1.080851078033447266e+00 1.589678168296813965e+00 -7.305908799171447754e-01 -1.297945618629455566e+00 -1.134799003601074219e+00 1.379782795906066895e+00 -7.710419893264770508e-01 -6.442025899887084961e-01 -7.615969777107238770e-01 -6.346284151077270508e-01 4.532943964004516602e-01 1.946696281433105469e+00 1.487211227416992188e+00 1.680747151374816895e+00 -9.030561894178390503e-03 -1.228402614593505859e+00 -3.316402435302734375e-04
-1.230880975723266602e+00 8.961565494537353516e-01 1.553888916969299316e+00 -1.007922172546386719e+00 1.612286448478698730e+00 -5.415946841239929199e-01 -1.272846579551696777e+00 -1.098339080810546875e+00 1.360919713973999023e+00 -5.693460702896118164e-01 -7.761673331260681152e-01 -1.008703827857971191e+00 -7.862097024917602539e-01 1.818636953830718994e-01 1.918278932571411133e+00 1.344143509864807129e+00 1.720831036567687988e+00 1.017238721251487732e-01 -1.422305345535278320e+00 9.005585312843322754e-02
-1.041338443756103516e+00 8.967010974884033203e-01 1.816748857498168945e+00 -1.059512019157409668e+00 1.776995658874511719e+00 -5.633930563926696777e-01 -1.231748700141906738e+00 -1.228852868080139160e+00 1.574308156967163086e+00 -3.494301438331604004e-01 -1.009096980094909668e+00 -1.384011745452880859e+00 -9.090354442596435547e-01 -2.082412391901016235e-01 2.023696184158325195e+00 1.261311173439025879e+00 1.899307966232299805e+00 1.762157976627349854e-01 -1.733260631561279297e+00 -5.788981914520263672e-03
-8.941913843154907227e-01 9.138367176055908203e-01 2.024408102035522461e+00 -1.079976916313171387e+00 1.859501719474792480e+00 -6.707258224487304688e-01 -1.119626641273498535e+00 -1.344994664192199707e+00 1.761875867843627930e+00 -2.223267257213592529e-01 -1.168231964111328125e+00 -1.619241714477539062e+00 -9.113048315048217773e-01 -4.294333457946777344e-01 2.098939657211303711e+00 1.159492373466491699e+00 2.001554965972900391e+00 1.885160505771636963e-01 -1.880567789077758789e+00 -8.737732470035552979e-02
-7.798312902450561523e-01 9.449143409729003906e-01 2.127576351165771484e+00 -1.094974875450134277e+00 1.875526189804077148e+00 -7.940279245376586914e-01 -1.028197050094604492e+00 -1.416167020797729492e+00 1.884914755821228027e+00 -1.351191252470016479e-01 -1.228487968444824219e+00 -1.723715305328369141e+00 -8.651329278945922852e-01 -5.415949225425720215e-01 2.131106615066528320e+00 1.088116884231567383e+00 2.029939889907836914e+00 1.609387695789337158e-01 -1.913559675216674805e+00 -1.579420268535614014e-01
-7.148284912109375000e-01 9.596946835517883301e-01 2.190795898437500000e+00 -1.094812273979187012e+00 1.869993925094604492e+00 -8.937854766845703125e-01 -9.556435942649841309e-01 -1.453520894050598145e+00 1.939242124557495117e+00 -9.156982600688934326e-02 -1.251980066299438477e+00 -1.757765173912048340e+00 -8.182883262634277344e-01 -5.866181254386901855e-01 2.142816781997680664e+00 1.052652597427368164e+00 2.020062208175659180e+00 1.375260055065155029e-01 -1.912708759307861328e+00 -2.025921344757080078e-01
-6.893555521965026855e-01 9.788149595260620117e-01 2.252750158309936523e+00 -1.102167963981628418e+00 1.869645357131958008e+00 -9.756179451942443848e-01 -9.039230346679687500e-01 -1.469442605972290039e+00 1.965935111045837402e+00 -9.237632155418395996e-02 -1.266466617584228516e+00 -1.747085928916931152e+00 -7.848981618881225586e-01 -5.888625979423522949e-01 2.160560607910156250e+00 1.045634508132934570e+00 1.997661232948303223e+00 1.241791918873786926e-01 -1.901872634887695312e+00 -2.327655851840972900e-01
-6.716171503067016602e-01 9.946138858795166016e-01 2.302767038345336914e+00 -1.094311475753784180e+00 1.852137088775634766e+00 -1.048540830612182617e+00 -8.607562780380249023e-01 -1.455362439155578613e+00 1.963488221168518066e+00 -1.126343235373497009e-01 -1.257773399353027344e+00 -1.695947647094726562e+00 -7.560194730758666992e-01 -5.754705071449279785e-01 2.165393590927124023e+00 1.041303515434265137e+00 1.942569255828857422e+00 1.110766008496284485e-01 -1.868198394775390625e+00 -2.543438076972961426e-01
-6.545610427856445312e-01 1.011044025421142578e+00 2.324620485305786133e+00 -1.058686852455139160e+00 1.807775855064392090e+00 -1.118863344192504883e+00 -8.199362158775329590e-01 -1.394781351089477539e+00 1.922310233116149902e+00 -1.624607741832733154e-01 -1.207913160324096680e+00 -1.577599167823791504e+00 -7.202349901199340820e-01 -5.342481732368469238e-01 2.139669656753540039e+00 1.030012249946594238e+00 1.829958558082580566e+00 8.807856589555740356e-02 -1.786082506179809570e+00 -2.637671232223510742e-01
-6.315528750419616699e-01 1.031242847442626953e+00 2.265777111053466797e+00 -9.331068396568298340e-01 1.725125193595886230e+00 -1.220914363861083984e+00 -7.714450955390930176e-01 -1.242279887199401855e+00 1.808552145957946777e+00 -2.947541475296020508e-01 -1.069537520408630371e+00 -1.278107643127441406e+00 -6.139204502105712891e-01 -4.029632806777954102e-01 2.052809000015258789e+00 1.007635831832885742e+00 1.568595767021179199e+00 2.089542150497436523e-02 -1.542933940887451172e+00 -2.686111032962799072e-01
-6.478056311607360840e-01 1.074303865432739258e+00 1.988219141960144043e+00 -7.188803553581237793e-01 1.638345122337341309e+00 -1.319991707801818848e+00 -7.465177178382873535e-01 -9.957333803176879883e-01 1.598298192024230957e+00 -5.810420513153076172e-01 -7.822070121765136719e-01 -6.985234618186950684e-01 -3.745863139629364014e-01 -6.716483831405639648e-02 1.875465273857116699e+00 9.978002905845642090e-01 1.141099929809570312e+00 -1.277188360691070557e-01 -1.032219886779785156e+00 -2.549244761466979980e-01
-8.395582437515258789e-01 1.410675287246704102e+00 1.777814984321594238e+00 -8.058636784553527832e-01 1.728958129882812500e+00 -1.400952458381652832e+00 -1.003629565238952637e+00 -1.022354364395141602e+00 1.633220553398132324e+00 -8.997169733047485352e-01 -6.076415777206420898e-01 -2.202357351779937744e-01 -2.356485128402709961e-01 3.476599454879760742e-01 1.793936491012573242e+00 1.114804148674011230e+00 9.772638082504272461e-01 -3.111649453639984131e-01 -7.525820136070251465e-01 -3.247098326683044434e-01
-1.001055121421813965e+00 1.708509206771850586e+00 1.657822847366333008e+00 -9.816049933433532715e-01 1.815753102302551270e+00 -1.470234870910644531e+00 -1.212347507476806641e+00 -1.175891637802124023e+00 1.727911829948425293e+00 -1.026178598403930664e+00 -5.806328058242797852e-01 -7.714848220348358154e-02 -2.161974012851715088e-01 5.786550641059875488e-01 1.787894129753112793e+00 1.179294943809509277e+00 1.056276082992553711e+00 -4.393757879734039307e-01 -6.984746456146240234e-01 -3.802437186241149902e-01
-1.030049204826354980e+00 1.874967455863952637e+00 1.589699268341064453e+00 -1.062332630157470703e+00 1.904502153396606445e+00 -1.507382750511169434e+00 -1.300150990486145020e+00 -1.259510993957519531e+00 1.816024422645568848e+00 -1.067546248435974121e+00 -5.788992047309875488e-01 -4.328419268131256104e-02 -2.157100439071655273e-01 6.607273221015930176e-01 1.770134449005126953e+00 1.185154557228088379e+00 1.137814760208129883e+00 -5.112631320953369141e-01 -6.749670505523681641e-01 -4.411352276802062988e-01
-9.730070829391479492e-01 1.956388592720031738e+00 1.536243796348571777e+00 -1.080634236335754395e+00 1.986490368843078613e+00 -1.511948347091674805e+00 -1.359671950340270996e+00 -1.271064996719360352e+00 1.872267246246337891e+00 -1.055573940277099609e+00 -5.778560042381286621e-01 -2.971817553043365479e-02 -2.228699624538421631e-01 6.573339104652404785e-01 1.730042457580566406e+00 1.132084965705871582e+00 1.160501837730407715e+00 -5.507634878158569336e-01 -6.532397866249084473e-01 -4.737622439861297607e-01
-8.054206371307373047e-01 1.975159406661987305e+00 1.518327236175537109e+00 -1.081781029701232910e+00 2.073997259140014648e+00 -1.502321720123291016e+00 -1.398475289344787598e+00 -1.249658465385437012e+00 1.928051114082336426e+00 -9.439701437950134277e-01 -6.067883372306823730e-01 -8.325041830539703369e-02 -2.677495777606964111e-01 5.547645688056945801e-01 1.688098192214965820e+00 9.985919594764709473e-01 1.175777196884155273e+00 -5.583869814872741699e-01 -6.748797297477722168e-01 -4.880253970623016357e-01
-4.421555697917938232e-01 1.918763399124145508e+00 1.553712248802185059e+00 -1.087724089622497559e+00 2.185341358184814453e+00 -1.514800071716308594e+00 -1.338912367820739746e+00 -1.247728824615478516e+00 2.059120893478393555e+00 -6.273397207260131836e-01 -6.732297539710998535e-01 -3.374822735786437988e-01 -3.480669856071472168e-01 2.230945378541946411e-01 1.660825967788696289e+00 7.993295192718505859e-01 1.256036162376403809e+00 -5.586372613906860352e-01 -8.188947439193725586e-01 -5.349278450012207031e-01
-1.735515892505645752e-01 1.656524300575256348e+00 1.665470957756042480e+00 -1.117739200592041016e+00 2.212969541549682617e+00 -1.425571560859680176e+00 -1.142701625823974609e+00 -1.323594689369201660e+00 2.166501522064208984e+00 -2.057617455720901489e-01 -9.204734563827514648e-01 -8.675519227981567383e-01 -4.549063146114349365e-01 -2.680199146270751953e-01 1.727222561836242676e+00 6.658636927604675293e-01 1.471876025199890137e+00 -4.327732026576995850e-01 -1.160302162170410156e+00 -5.270751714706420898e-01
-1.998339295387268066e-01 1.434346079826354980e+00 1.909068942070007324e+00 -1.157378911972045898e+00 2.136227846145629883e+00 -1.346291065216064453e+00 -9.184925556182861328e-01 -1.427792906761169434e+00 2.214033842086791992e+00 -4.835628718137741089e-02 -1.201470732688903809e+00 -1.291538953781127930e+00 -4.916240274906158447e-01 -4.763064980506896973e-01 1.854090690612792969e+00 6.633849143981933594e-01 1.701240062713623047e+00 -2.394264936447143555e-01 -1.428334236145019531e+00 -5.033200979232788086e-01
-2.901197075843811035e-01 1.264774322509765625e+00 2.052006244659423828e+00 -1.190400123596191406e+00 2.009236574172973633e+00 -1.278631925582885742e+00 -7.914181351661682129e-01 -1.506387352943420410e+00 2.150321722030639648e+00 2.794305235147476196e-02 -1.314568758010864258e+00 -1.510692358016967773e+00 -5.323580503463745117e-01 -5.430018305778503418e-01 1.943628430366516113e+00 7.255473136901855469e-01 1.824543714523315430e+00 -1.136042177677154541e-01 -1.598278045654296875e+00 -4.627368152141571045e-01
-3.813133239746093750e-01 1.135453581809997559e+00 2.100446939468383789e+00 -1.200461149215698242e+00 1.868535637855529785e+00 -1.227539420127868652e+00 -7.059569358825683594e-01 -1.536325454711914062e+00 2.060735464096069336e+00 6.147235631942749023e-02 -1.350642442703247070e+00 -1.609409093856811523e+00 -5.553488731384277344e-01 -5.511243939399719238e-01 1.986384987831115723e+00 7.785353064537048340e-01 1.870750069618225098e+00 -5.046709626913070679e-02 -1.677687406539916992e+00 -4.082181453704833984e-01
-4.797056317329406738e-01 1.060937643051147461e+00 2.133175849914550781e+00 -1.188963770866394043e+00 1.752439856529235840e+00 -1.207651615142822266e+00 -6.720420718193054199e-01 -1.554097771644592285e+00 1.978037118911743164e+00 6.484648585319519043e-02 -1.339351773262023926e+00 -1.664223313331604004e+00 -5.814166069030761719e-01 -5.241150259971618652e-01 2.003935337066650391e+00 8.435046076774597168e-01 1.901595473289489746e+00 -7.880501449108123779e-03 -1.733304738998413086e+00 -3.564570844173431396e-01
-5.900907516479492188e-01 1.011877655982971191e+00 2.135293006896972656e+00 -1.155704855918884277e+00 1.608363866806030273e+00 -1.185809493064880371e+00 -6.553333997726440430e-01 -1.557210803031921387e+00 1.870044469833374023e+00 5.085459351539611816e-02 -1.293112635612487793e+00 -1.686579823493957520e+00 -5.904202461242675781e-01 -4.836237430572509766e-01 1.994565963745117188e+00 9.082970023155212402e-01 1.899427056312561035e+00 2.611537277698516846e-02 -1.757100343704223633e+00 -3.062392175197601318e-01
-7.749038934707641602e-01 1.010362625122070312e+00 2.072357892990112305e+00 -1.124270439147949219e+00 1.381682157516479492e+00 -1.155294895172119141e+00 -6.474707126617431641e-01 -1.586328029632568359e+00 1.706603288650512695e+00 1.203130930662155151e-02 -1.196495056152343750e+00 -1.690245628356933594e+00 -5.941616296768188477e-01 -4.115115404129028320e-01 1.960708498954772949e+00 9.900690913200378418e-01 1.882159590721130371e+00 2.460582554340362549e-02 -1.748888731002807617e+00 -2.513941824436187744e-01
-1.024272561073303223e+00 1.056982517242431641e+00 1.873025059700012207e+00 -1.048871517181396484e+00 1.070816993713378906e+00 -1.122330188751220703e+00 -6.256611347198486328e-01 -1.617344260215759277e+00 1.467275023460388184e+00 -8.216265588998794556e-02 -1.002779245376586914e+00 -1.584809184074401855e+00 -5.537370443344116211e-01 -2.648081779479980469e-01 1.826238036155700684e+00 1.051855802536010742e+00 1.772451162338256836e+00 -4.942446202039718628e-02 -1.627189874649047852e+00 -1.902018487453460693e-01
-1.409930467605590820e+00 1.198099017143249512e+00 1.571549534797668457e+00 -9.893059134483337402e-01 8.438421487808227539e-01 -9.880820512771606445e-01 -6.880376935005187988e-01 -1.533990383148193359e+00 1.228819131851196289e+00 -4.663956761360168457e-01 -8.028346896171569824e-01 -1.204065203666687012e+00 -5.168002843856811523e-01 5.751374363899230957e-02 1.721304297447204590e+00 1.188699126243591309e+00 1.571288943290710449e+00 -1.522065401077270508e-01 -1.384185552597045898e+00 -1.451084315776824951e-01
-1.669000387191772461e+00 1.466469168663024902e+00 1.402930617332458496e+00 -1.070806980133056641e+00 9.968280792236328125e-01 -9.474902153015136719e-01 -9.339978694915771484e-01 -1.499577641487121582e+00 1.212929606437683105e+00 -8.860167264938354492e-01 -6.758641600608825684e-01 -7.470107674598693848e-01 -4.874812066555023193e-01 4.241498708724975586e-01 1.735338568687438965e+00 1.361023306846618652e+00 1.444383263587951660e+00 -2.760615348815917969e-01 -1.156088590621948242e+00 -1.636134684085845947e-01
-1.698457002639770508e+00 1.644328355789184570e+00 1.343555927276611328e+00 -1.135215401649475098e+00 1.228559494018554688e+00 -9.800968170166015625e-01 -1.113449573516845703e+00 -1.504525303840637207e+00 1.315859794616699219e+00 -1.059903025627136230e+00 -6.622679829597473145e-01 -5.567165017127990723e-01 -4.864052832126617432e-01 6.169384121894836426e-01 1.745168328285217285e+00 1.409209966659545898e+00 1.472533822059631348e+00 -3.399445414543151855e-01 -1.044970035552978516e+00 -1.769408583641052246e-01
-1.684824466705322266e+00 1.722727537155151367e+00 1.314509987831115723e+00 -1.132963061332702637e+00 1.427685141563415527e+00 -1.007187008857727051e+00 -1.232710838317871094e+00 -1.517171740531921387e+00 1.421603441238403320e+00 -1.134308934211730957e+00 -6.816563606262207031e-01 -5.059208869934082031e-01 -4.798226654529571533e-01 6.894074082374572754e-01 1.744869828224182129e+00 1.400932788848876953e+00 1.516786813735961914e+00 -3.662462830543518066e-01 -9.972527027130126953e-01 -1.510330438613891602e-01
-1.631081819534301758e+00 1.742034792900085449e+00 1.284608840942382812e+00 -1.086855769157409668e+00 1.586431145668029785e+00 -9.967759847640991211e-01 -1.332322478294372559e+00 -1.484371185302734375e+00 1.505237698554992676e+00 -1.162763118743896484e+00 -6.847046017646789551e-01 -4.851315021514892578e-01 -4.803611934185028076e-01 6.995834708213806152e-01 1.713567495346069336e+00 1.370579719543457031e+00 1.529989361763000488e+00 -3.640379905700683594e-01 -9.694982171058654785e-01 -1.186085864901542664e-01
-1.518152713775634766e+00 1.707246780395507812e+00 1.240599870681762695e+00 -1.019163489341735840e+00 1.681744575500488281e+00 -9.562904238700866699e-01 -1.360020637512207031e+00 -1.409515738487243652e+00 1.548841476440429688e+00 -1.149514079093933105e+00 -6.666393280029296875e-01 -4.858465790748596191e-01 -5.015971660614013672e-01 6.343843340873718262e-01 1.657312035560607910e+00 1.307834744453430176e+00 1.503322243690490723e+00 -3.547540009021759033e-01 -9.617947340011596680e-01 -9.159611910581588745e-02
-1.325978517532348633e+00 1.638744354248046875e+00 1.225614666938781738e+00 -9.225795865058898926e-01 1.764679431915283203e+00 -8.583331704139709473e-01 -1.379470586776733398e+00 -1.291098833084106445e+00 1.587670207023620605e+00 -1.055827617645263672e+00 -6.828900575637817383e-01 -5.626542568206787109e-01 -5.721576213836669922e-01 4.147457480430603027e-01 1.607164144515991211e+00 1.194957375526428223e+00 1.465690016746520996e+00 -3.088572025299072266e-01 -1.026616215705871582e+00 -9.548180550336837769e-02
-1.033824682235717773e+00 1.551955819129943848e+00 1.364909410476684570e+00 -8.634514808654785156e-01 1.928648233413696289e+00 -8.031934499740600586e-01 -1.404687166213989258e+00 -1.231042504310607910e+00 1.724569439888000488e+00 -8.058533668518066406e-01 -7.917864322662353516e-01 -8.623947501182556152e-01 -6.700845956802368164e-01 -8.741118013858795166e-03 1.695145487785339355e+00 1.084946990013122559e+00 1.539461731910705566e+00 -2.244011163711547852e-01 -1.243749856948852539e+00 -1.252604126930236816e-01
-7.784795165061950684e-01 1.366479396820068359e+00 1.597396850585937500e+00 -8.158143162727355957e-01 2.074984788894653320e+00 -7.999108433723449707e-01 -1.338085889816284180e+00 -1.219403743743896484e+00 1.881607413291931152e+00 -5.460963249206542969e-01 -9.495286345481872559e-01 -1.167573571205139160e+00 -7.098362445831298828e-01 -3.512792587280273438e-01 1.822996377944946289e+00 9.711763858795166016e-01 1.603080987930297852e+00 -1.117364168167114258e-01 -1.433790206909179688e+00 -1.213215962052345276e-01
-6.463845372200012207e-01 1.249692678451538086e+00 1.855979084968566895e+00 -8.691400289535522461e-01 2.161458969116210938e+00 -8.475486040115356445e-01 -1.246551275253295898e+00 -1.265201568603515625e+00 2.030953168869018555e+00 -3.813501000404357910e-01 -1.069344043731689453e+00 -1.395540833473205566e+00 -7.088429927825927734e-01 -5.675736069679260254e-01 2.010700225830078125e+00 9.954852461814880371e-01 1.719198822975158691e+00 -3.327870368957519531e-02 -1.585896492004394531e+00 -1.752127110958099365e-01
-6.096683740615844727e-01 1.120417833328247070e+00 2.007345676422119141e+00 -9.069914221763610840e-01 2.130753517150878906e+00 -8.548424243927001953e-01 -1.156911015510559082e+00 -1.278094053268432617e+00 2.051701784133911133e+00 -2.841112911701202393e-01 -1.165563702583312988e+00 -1.535152316093444824e+00 -6.869788169860839844e-01 -6.729792952537536621e-01 2.114998102188110352e+00 1.021809339523315430e+00 1.787666440010070801e+00 6.414147466421127319e-02 -1.676020383834838867e+00 -1.713529825210571289e-01
-6.428154706954956055e-01 9.958454370498657227e-01 2.064846038818359375e+00 -9.183113574981689453e-01 2.050679683685302734e+00 -8.251867890357971191e-01 -1.085703134536743164e+00 -1.280766367912292480e+00 1.968819975852966309e+00 -2.379136681556701660e-01 -1.232643604278564453e+00 -1.575034976005554199e+00 -6.646844148635864258e-01 -6.937071681022644043e-01 2.164950609207153320e+00 1.052262306213378906e+00 1.794446587562561035e+00 1.418344676494598389e-01 -1.701377868652343750e+00 -1.643985509872436523e-01
-6.964942812919616699e-01 8.881999850273132324e-01 2.040280342102050781e+00 -8.951199650764465332e-01 1.919906020164489746e+00 -7.816444635391235352e-01 -1.018085241317749023e+00 -1.263807892799377441e+00 1.808018922805786133e+00 -2.093449234962463379e-01 -1.245381712913513184e+00 -1.539661526679992676e+00 -6.156444549560546875e-01 -6.572969555854797363e-01 2.147804021835327148e+00 1.056534171104431152e+00 1.730023145675659180e+00 1.805713474750518799e-01 -1.658592939376831055e+00 -1.474685668945312500e-01
-7.716096639633178711e-01 8.332052826881408691e-01 1.920525193214416504e+00 -8.820625543594360352e-01 1.725799322128295898e+00 -7.605322003364562988e-01 -9.323669075965881348e-01 -1.249119520187377930e+00 1.609495043754577637e+00 -2.276917546987533569e-01 -1.150459051132202148e+00 -1.403707385063171387e+00 -5.334438085556030273e-01 -5.549986362457275391e-01 2.073851346969604492e+00 1.066636204719543457e+00 1.603877067565917969e+00 1.742920577526092529e-01 -1.527070283889770508e+00 -1.558192670345306396e-01
-9.935315847396850586e-01 9.095240831375122070e-01 1.674867272377014160e+00 -1.007159233093261719e+00 1.485724687576293945e+00 -7.442588210105895996e-01 -9.003023505210876465e-01 -1.294749736785888672e+00 1.404911398887634277e+00 -3.561031818389892578e-01 -9.641008973121643066e-01 -1.167225837707519531e+00 -4.563761353492736816e-01 -3.027855753898620605e-01 1.982564210891723633e+00 1.173596620559692383e+00 1.521055936813354492e+00 7.695389539003372192e-02 -1.343906641006469727e+00 -1.717002093791961670e-01
-1.300041437149047852e+00 1.080784320831298828e+00 1.384066104888916016e+00 -1.164484620094299316e+00 1.255570292472839355e+00 -7.812859416007995605e-01 -8.832621574401855469e-01 -1.346114516258239746e+00 1.223843574523925781e+00 -6.223273277282714844e-01 -7.264508605003356934e-01 -7.860721945762634277e-01 -3.269315063953399658e-01 1.578200757503509521e-01 1.841029524803161621e+00 1.296131491661071777e+00 1.429321169853210449e+00 -9.155307710170745850e-02 -1.061760902404785156e+00 -1.971053183078765869e-01
-1.509712696075439453e+00 1.387305855751037598e+00 1.360637664794921875e+00 -1.324461460113525391e+00 1.394739866256713867e+00 -1.006866931915283203e+00 -9.077575802803039551e-01 -1.544172883033752441e+00 1.379164695739746094e+00 -8.987708687782287598e-01 -6.514546275138854980e-01 -5.835468769073486328e-01 -2.283127605915069580e-01 5.266057848930358887e-01 1.883643507957458496e+00 1.438539981842041016e+00 1.552988052368164062e+00 -2.796022295951843262e-01 -9.229074716567993164e-01 -3.012699782848358154e-01
-1.590897321701049805e+00 1.560584306716918945e+00 1.383642196655273438e+00 -1.413567662239074707e+00 1.571334958076477051e+00 -1.150772571563720703e+00 -9.205430150032043457e-01 -1.684105396270751953e+00 1.554569721221923828e+00 -1.057846784591674805e+00 -6.984372138977050781e-01 -4.658064842224121094e-01 -1.863202005624771118e-01 7.566878199577331543e-01 1.908996701240539551e+00 1.456441402435302734e+00 1.635092616081237793e+00 -3.785192966461181641e-01 -8.518782854080200195e-01 -3.887190520763397217e-01
-1.566105604171752930e+00 1.627922892570495605e+00 1.363842844963073730e+00 -1.431760072708129883e+00 1.716364026069641113e+00 -1.226331710815429688e+00 -8.941115736961364746e-01 -1.750019550323486328e+00 1.681016802787780762e+00 -1.132590413093566895e+00 -7.224625349044799805e-01 -3.787349164485931396e-01 -1.395180374383926392e-01 8.772298693656921387e-01 1.875700473785400391e+00 1.421239256858825684e+00 1.652085304260253906e+00 -4.422037601470947266e-01 -7.746348381042480469e-01 -4.609124362468719482e-01
-1.492279052734375000e+00 1.690697669982910156e+00 1.351719260215759277e+00 -1.415467143058776855e+00 1.856782436370849609e+00 -1.324079513549804688e+00 -8.767507672309875488e-01 -1.822505831718444824e+00 1.774523973464965820e+00 -1.132922887802124023e+00 -7.518084645271301270e-01 -3.462487757205963135e-01 -9.518782794475555420e-02 9.360291957855224609e-01 1.829215526580810547e+00 1.327026963233947754e+00 1.650901198387145996e+00 -5.297988057136535645e-01 -7.347196936607360840e-01 -4.959253966808319092e-01
-1.389855146408081055e+00 1.702181816101074219e+00 1.353546619415283203e+00 -1.344480752944946289e+00 1.976681113243103027e+00 -1.414438009262084961e+00 -8.266359567642211914e-01 -1.854679942131042480e+00 1.820222735404968262e+00 -1.081954956054687500e+00 -7.902765870094299316e-01 -3.332529067993164062e-01 -7.412165403366088867e-02 9.327105283737182617e-01 1.773310065269470215e+00 1.199399828910827637e+00 1.604739904403686523e+00 -6.157484650611877441e-01 -7.187056541442871094e-01 -5.227055549621582031e-01
-1.212164402008056641e+00 1.631631493568420410e+00 1.362025856971740723e+00 -1.189837694168090820e+00 2.046212434768676758e+00 -1.460522174835205078e+00 -7.298278212547302246e-01 -1.805062294006347656e+00 1.790708661079406738e+00 -9.700146913528442383e-01 -8.469144105911254883e-01 -3.180245459079742432e-01 -6.936141103506088257e-02 8.219776153564453125e-01 1.673295974731445312e+00 1.000542402267456055e+00 1.448997855186462402e+00 -6.706938743591308594e-01 -7.063657641410827637e-01 -5.605524182319641113e-01
-9.543053507804870605e-01 1.467394232749938965e+00 1.378887414932250977e+00 -9.514326453208923340e-01 2.032835960388183594e+00 -1.462106108665466309e+00 -5.702340006828308105e-01 -1.690175175666809082e+00 1.687984347343444824e+00 -7.677297592163085938e-01 -9.172499179840087891e-01 -3.676243722438812256e-01 -7.568140327930450439e-02 5.902229547500610352e-01 1.555772781372070312e+00 7.548888921737670898e-01 1.237326741218566895e+00 -6.851300597190856934e-01 -7.143879532814025879e-01 -5.897094011306762695e-01
-7.946565151214599609e-01 1.306097745895385742e+00 1.550239086151123047e+00 -7.662278413772583008e-01 2.037183046340942383e+00 -1.547712683677673340e+00 -5.013446807861328125e-01 -1.683694720268249512e+00 1.679667592048645020e+00 -5.069596171379089355e-01 -1.071185946464538574e+00 -6.237105727195739746e-01 -1.021898686885833740e-01 3.286319971084594727e-01 1.647963523864746094e+00 6.374648213386535645e-01 1.189810156822204590e+00 -6.648803949356079102e-01 -8.569090366363525391e-01 -5.224649906158447266e-01
-7.868405580520629883e-01 1.177181482315063477e+00 1.792444348335266113e+00 -6.805799603462219238e-01 1.983948588371276855e+00 -1.635914087295532227e+00 -5.010538697242736816e-01 -1.734517693519592285e+00 1.678459405899047852e+00 -3.190374672412872314e-01 -1.262451291084289551e+00 -9.211314320564270020e-01 -1.233517080545425415e-01 1.097344160079956055e-01 1.825014710426330566e+00 6.707120537757873535e-01 1.215871453285217285e+00 -5.853070020675659180e-01 -1.072996377944946289e+00 -4.126060903072357178e-01
-8.608912825584411621e-01 1.078749060630798340e+00 1.962406516075134277e+00 -6.705939173698425293e-01 1.908759474754333496e+00 -1.666123628616333008e+00 -5.291960239410400391e-01 -1.787791848182678223e+00 1.670966744422912598e+00 -2.315962463617324829e-01 -1.355949640274047852e+00 -1.142539381980895996e+00 -1.562346369028091431e-01 5.474851280450820923e-02 1.931419849395751953e+00 7.444633841514587402e-01 1.329454541206359863e+00 -4.845010638236999512e-01 -1.252541065216064453e+00 -3.007647097110748291e-01
-1.025844931602478027e+00 1.006247043609619141e+00 1.977397322654724121e+00 -7.071555256843566895e-01 1.706192731857299805e+00 -1.625759124755859375e+00 -5.265897512435913086e-01 -1.829236388206481934e+00 1.560380816459655762e+00 -2.146836966276168823e-01 -1.346902608871459961e+00 -1.230483174324035645e+00 -1.951152086257934570e-01 1.332276910543441772e-01 1.965657472610473633e+00 8.360659480094909668e-01 1.413924813270568848e+00 -4.216550886631011963e-01 -1.327211856842041016e+00 -2.163423895835876465e-01
-1.229069948196411133e+00 1.020476460456848145e+00 1.842177629470825195e+00 -8.112694621086120605e-01 1.421570062637329102e+00 -1.538032412528991699e+00 -4.989825785160064697e-01 -1.851468205451965332e+00 1.401477456092834473e+00 -2.559917569160461426e-01 -1.241920232772827148e+00 -1.172099351882934570e+00 -2.500497698783874512e-01 2.983760535717010498e-01 1.936807751655578613e+00 9.352116584777832031e-01 1.457794189453125000e+00 -4.216714203357696533e-01 -1.291751623153686523e+00 -2.230233252048492432e-01
-1.411667346954345703e+00 1.178298711776733398e+00 1.726586222648620605e+00 -1.010214805603027344e+00 1.247902989387512207e+00 -1.489245414733886719e+00 -5.391926169395446777e-01 -1.859674692153930664e+00 1.320437550544738770e+00 -3.924769163131713867e-01 -1.091662049293518066e+00 -9.891563057899475098e-01 -3.196681141853332520e-01 5.091834664344787598e-01 1.886523842811584473e+00 1.022592306137084961e+00 1.478199720382690430e+00 -4.738737940788269043e-01 -1.219748258590698242e+00 -2.867971062660217285e-01
-1.555804252624511719e+00 1.384389400482177734e+00 1.635276317596435547e+00 -1.232192397117614746e+00 1.189383745193481445e+00 -1.459135174751281738e+00 -6.326977610588073730e-01 -1.866205334663391113e+00 1.315097332000732422e+00 -5.648215413093566895e-01 -9.574525952339172363e-01 -8.030310273170471191e-01 -3.679628372192382812e-01 7.030507922172546387e-01 1.863130331039428711e+00 1.151423335075378418e+00 1.534735798835754395e+00 -5.161051154136657715e-01 -1.165359020233154297e+00 -3.522256016731262207e-01
-1.632825613021850586e+00 1.574517011642456055e+00 1.536968350410461426e+00 -1.429247260093688965e+00 1.147562384605407715e+00 -1.431625843048095703e+00 -6.967175006866455078e-01 -1.888116359710693359e+00 1.321701765060424805e+00 -6.717723608016967773e-01 -8.466010093688964844e-01 -6.593726873397827148e-01 -4.111243486404418945e-01 8.451726436614990234e-01 1.814467430114746094e+00 1.218108057975769043e+00 1.587798476219177246e+00 -5.688520073890686035e-01 -1.123693227767944336e+00 -4.270089268684387207e-01
-1.652774810791015625e+00 1.738784432411193848e+00 1.498324632644653320e+00 -1.609638929367065430e+00 1.159921169281005859e+00 -1.434616684913635254e+00 -7.391226887702941895e-01 -1.914245128631591797e+00 1.375090837478637695e+00 -7.429019212722778320e-01 -7.769520878791809082e-01 -5.623680949211120605e-01 -4.417037665843963623e-01 9.502570629119873047e-01 1.790511727333068848e+00 1.259428858757019043e+00 1.662287354469299316e+00 -6.167642474174499512e-01 -1.109446048736572266e+00 -5.230382084846496582e-01
-1.627951145172119141e+00 1.879153966903686523e+00 1.488989353179931641e+00 -1.768545746803283691e+00 1.216054677963256836e+00 -1.461046695709228516e+00 -7.800229191780090332e-01 -1.934716343879699707e+00 1.478898882865905762e+00 -7.917706370353698730e-01 -7.241979837417602539e-01 -4.844919145107269287e-01 -4.590225219726562500e-01 1.027508735656738281e+00 1.768970608711242676e+00 1.284234881401062012e+00 1.735850214958190918e+00 -6.562054157257080078e-01 -1.101884841918945312e+00 -6.268084645271301270e-01
-1.551485061645507812e+00 2.009799957275390625e+00 1.469874739646911621e+00 -1.921264529228210449e+00 1.302414894104003906e+00 -1.483006000518798828e+00 -8.142783641815185547e-01 -1.951683282852172852e+00 1.619398713111877441e+00 -8.141964673995971680e-01 -6.609220504760742188e-01 -4.330312311649322510e-01 -4.460475742816925049e-01 1.066938638687133789e+00 1.739858984947204590e+00 1.281364798545837402e+00 1.812730193138122559e+00 -6.963739395141601562e-01 -1.091287851333618164e+00 -7.312148213386535645e-01
-1.424642324447631836e+00 2.073082685470581055e+00 1.435945630073547363e+00 -2.027090072631835938e+00 1.409973621368408203e+00 -1.491819739341735840e+00 -8.067076206207275391e-01 -1.963882565498352051e+00 1.762807726860046387e+00 -8.043866157531738281e-01 -6.255146265029907227e-01 -4.186489582061767578e-01 -3.986271917819976807e-01 1.039525270462036133e+00 1.708178520202636719e+00 1.240780711174011230e+00 1.858240604400634766e+00 -7.139027714729309082e-01 -1.059247255325317383e+00 -8.174099326133728027e-01
-1.197318792343139648e+00 2.027454137802124023e+00 1.357201457023620605e+00 -2.061215639114379883e+00 1.482825756072998047e+00 -1.461539506912231445e+00 -7.464517354965209961e-01 -1.912122845649719238e+00 1.853678345680236816e+00 -7.249443531036376953e-01 -5.611231923103332520e-01 -4.155180454254150391e-01 -3.129784464836120605e-01 9.335808753967285156e-01 1.634030222892761230e+00 1.149742364883422852e+00 1.831636428833007812e+00 -7.189979553222656250e-01 -9.937922954559326172e-01 -8.756220936775207520e-01
-9.009180068969726562e-01 1.873213648796081543e+00 1.257309556007385254e+00 -2.004923105239868164e+00 1.501071095466613770e+00 -1.401396751403808594e+00 -6.497049331665039062e-01 -1.817283391952514648e+00 1.878690719604492188e+00 -5.459240078926086426e-01 -4.849877357482910156e-01 -4.639950692653656006e-01 -2.161667943000793457e-01 7.418196797370910645e-01 1.534907341003417969e+00 1.022016525268554688e+00 1.757650494575500488e+00 -7.072528600692749023e-01 -9.307745099067687988e-01 -8.890715837478637695e-01
-6.363388299942016602e-01 1.677768945693969727e+00 1.241507291793823242e+00 -1.846335768699645996e+00 1.519630670547485352e+00 -1.384476184844970703e+00 -5.361827611923217773e-01 -1.715154051780700684e+00 1.863537192344665527e+00 -3.526823520660400391e-01 -4.419326782226562500e-01 -5.750578641891479492e-01 -1.584590077400207520e-01 5.095232725143432617e-01 1.480524182319641113e+00 9.158565998077392578e-01 1.683532357215881348e+00 -6.818671822547912598e-01 -9.239340424537658691e-01 -8.584597706794738770e-01
-4.060418307781219482e-01 1.465725064277648926e+00 1.293853044509887695e+00 -1.657329559326171875e+00 1.587203025817871094e+00 -1.375176429748535156e+00 -4.242169260978698730e-01 -1.621194839477539062e+00 1.870138168334960938e+00 -2.060590088367462158e-01 -4.646515846252441406e-01 -7.391396164894104004e-01 -9.335467219352722168e-02 2.353839129209518433e-01 1.524340271949768066e+00 8.651187419891357422e-01 1.643833279609680176e+00 -6.231564879417419434e-01 -9.484786391258239746e-01 -7.747706770896911621e-01
-2.586895525455474854e-01 1.246988415718078613e+00 1.428914785385131836e+00 -1.468638062477111816e+00 1.691239476203918457e+00 -1.368617773056030273e+00 -3.572133183479309082e-01 -1.557255864143371582e+00 1.904093503952026367e+00 -1.027127653360366821e-01 -5.541845560073852539e-01 -9.578276872634887695e-01 -2.616957575082778931e-02 -5.466923862695693970e-02 1.661525964736938477e+00 8.561864495277404785e-01 1.634879827499389648e+00 -5.184547305107116699e-01 -1.010818958282470703e+00 -6.661757826805114746e-01
-2.459825724363327026e-01 1.069277644157409668e+00 1.631296157836914062e+00 -1.337323904037475586e+00 1.821791887283325195e+00 -1.395682215690612793e+00 -3.883182108402252197e-01 -1.543317079544067383e+00 1.945235729217529297e+00 -6.477092206478118896e-02 -6.963062286376953125e-01 -1.126579999923706055e+00 3.107439167797565460e-02 -2.141027301549911499e-01 1.868540644645690918e+00 9.130221605300903320e-01 1.655216813087463379e+00 -4.114492535591125488e-01 -1.091138839721679688e+00 -5.464960932731628418e-01
-3.226810693740844727e-01 9.075981974601745605e-01 1.820178270339965820e+00 -1.241350173950195312e+00 1.939507603645324707e+00 -1.430596947669982910e+00 -4.203534126281738281e-01 -1.586652755737304688e+00 1.975926876068115234e+00 -6.629034131765365601e-02 -8.572302460670471191e-01 -1.268412828445434570e+00 6.562070548534393311e-02 -2.786185145378112793e-01 2.056460618972778320e+00 9.778379201889038086e-01 1.700563311576843262e+00 -3.142604827880859375e-01 -1.160208463668823242e+00 -4.141792654991149902e-01
-4.270676374435424805e-01 7.373302578926086426e-01 1.980313420295715332e+00 -1.133379936218261719e+00 2.020715475082397461e+00 -1.451236248016357422e+00 -4.439820647239685059e-01 -1.639999866485595703e+00 1.968250155448913574e+00 -6.654942780733108521e-02 -1.021694064140319824e+00 -1.389932990074157715e+00 8.458738029003143311e-02 -2.981326580047607422e-01 2.196111440658569336e+00 1.033263325691223145e+00 1.725753903388977051e+00 -2.131636738777160645e-01 -1.215013265609741211e+00 -2.847415804862976074e-01
-5.169484019279479980e-01 5.891250371932983398e-01 2.089861631393432617e+00 -1.031306982040405273e+00 2.061586856842041016e+00 -1.431154608726501465e+00 -4.701718688011169434e-01 -1.660070061683654785e+00 1.932103633880615234e+00 -7.158634811639785767e-02 -1.156599164009094238e+00 -1.471975326538085938e+00 7.250471413135528564e-02 -2.957443594932556152e-01 2.269243955612182617e+00 1.069930315017700195e+00 1.732397437095642090e+00 -1.174825280904769897e-01 -1.258350849151611328e+00 -1.783466041088104248e-01
-5.715996026992797852e-01 5.067471265792846680e-01 2.163088798522949219e+00 -9.721053838729858398e-01 2.079450607299804688e+00 -1.374380707740783691e+00 -5.101901888847351074e-01 -1.642301559448242188e+00 1.902104973793029785e+00 -7.736776024103164673e-02 -1.253577470779418945e+00 -1.510265707969665527e+00 1.254108548164367676e-02 -2.900741696357727051e-01 2.285415887832641602e+00 1.091582536697387695e+00 1.738038897514343262e+00 -3.602976724505424500e-02 -1.315569877624511719e+00 -1.288995444774627686e-01
-6.142761707305908203e-01 5.291552543640136719e-01 2.237319469451904297e+00 -9.935904741287231445e-01 2.080569505691528320e+00 -1.262816548347473145e+00 -5.897265076637268066e-01 -1.594291090965270996e+00 1.885513901710510254e+00 -8.257684856653213501e-02 -1.321310281753540039e+00 -1.525683879852294922e+00 -1.386676430702209473e-01 -3.305665850639343262e-01 2.282597541809082031e+00 1.103761792182922363e+00 1.754758834838867188e+00 4.644690454006195068e-02 -1.437554359436035156e+00 -1.678892672061920166e-01
-6.085724830627441406e-01 6.072966456413269043e-01 2.280759572982788086e+00 -1.057254195213317871e+00 2.050512075424194336e+00 -1.128351807594299316e+00 -6.756038069725036621e-01 -1.512011766433715820e+00 1.859535336494445801e+00 -7.525140047073364258e-02 -1.342388033866882324e+00 -1.509971141815185547e+00 -3.265726566314697266e-01 -4.028216600418090820e-01 2.237293958663940430e+00 1.090813755989074707e+00 1.751601219177246094e+00 1.103069409728050232e-01 -1.568211317062377930e+00 -2.457599937915802002e-01
-5.829395055770874023e-01 7.311311960220336914e-01 2.314755916595458984e+00 -1.132600426673889160e+00 2.022087335586547852e+00 -1.027039527893066406e+00 -7.561911940574645996e-01 -1.415662050247192383e+00 1.866430640220642090e+00 -9.843748807907104492e-02 -1.334924340248107910e+00 -1.459968328475952148e+00 -5.098966360092163086e-01 -4.623165130615234375e-01 2.208451986312866211e+00 1.073920011520385742e+00 1.746054172515869141e+00 1.361918747425079346e-01 -1.671143770217895508e+00 -3.373622596263885498e-01
-5.429682135581970215e-01 9.302509427070617676e-01 2.326472520828247070e+00 -1.234442114830017090e+00 2.033164739608764648e+00 -9.649446606636047363e-01 -8.975312709808349609e-01 -1.318622827529907227e+00 1.935564160346984863e+00 -1.543067693710327148e-01 -1.265076994895935059e+00 -1.395667314529418945e+00 -6.984442472457885742e-01 -5.136142373085021973e-01 2.201494216918945312e+00 1.083986997604370117e+00 1.769772410392761230e+00 1.194462999701499939e-01 -1.760076045989990234e+00 -4.123041927814483643e-01
-5.022940635681152344e-01 1.130972385406494141e+00 2.313893556594848633e+00 -1.315150380134582520e+00 2.039558887481689453e+00 -9.297068715095520020e-01 -1.040756464004516602e+00 -1.220191597938537598e+00 1.993183851242065430e+00 -2.150366753339767456e-01 -1.161134004592895508e+00 -1.314675211906433105e+00 -8.533978462219238281e-01 -5.484018325805664062e-01 2.184705972671508789e+00 1.098762392997741699e+00 1.776663780212402344e+00 8.127539604902267456e-02 -1.817168951034545898e+00 -4.671108424663543701e-01
-4.700763523578643799e-01 1.314244747161865234e+00 2.285084009170532227e+00 -1.358491539955139160e+00 2.039567232131958008e+00 -9.292672872543334961e-01 -1.181593179702758789e+00 -1.134240746498107910e+00 2.028266906738281250e+00 -2.721644043922424316e-01 -1.033134460449218750e+00 -1.224663734436035156e+00 -9.636889696121215820e-01 -5.597986578941345215e-01 2.158342599868774414e+00 1.118796348571777344e+00 1.764461159706115723e+00 2.731883525848388672e-02 -1.841610670089721680e+00 -4.954356253147125244e-01
-4.478198885917663574e-01 1.462332248687744141e+00 2.227160453796386719e+00 -1.374297022819519043e+00 2.029566526412963867e+00 -9.459335207939147949e-01 -1.312628626823425293e+00 -1.059898734092712402e+00 2.046010255813598633e+00 -3.243677020072937012e-01 -8.899188637733459473e-01 -1.129006743431091309e+00 -1.017395138740539551e+00 -5.503783226013183594e-01 2.131703376770019531e+00 1.142167329788208008e+00 1.736416339874267578e+00 -4.376455768942832947e-02 -1.827429533004760742e+00 -4.874010980129241943e-01
-4.522639513015747070e-01 1.581134676933288574e+00 2.158430099487304688e+00 -1.368577122688293457e+00 2.035718917846679688e+00 -9.838511943817138672e-01 -1.419290661811828613e+00 -1.024857521057128906e+00 2.050145387649536133e+00 -3.757203221321105957e-01 -7.792616486549377441e-01 -1.037970542907714844e+00 -1.017034053802490234e+00 -5.263067483901977539e-01 2.122233629226684570e+00 1.153579592704772949e+00 1.687237739562988281e+00 -1.141913160681724548e-01 -1.767014980316162109e+00 -4.539172947406768799e-01
-4.880302250385284424e-01 1.682329535484313965e+00 2.068017244338989258e+00 -1.339457869529724121e+00 2.041906595230102539e+00 -1.031602144241333008e+00 -1.500009417533874512e+00 -1.020644545555114746e+00 2.033805131912231445e+00 -4.427453279495239258e-01 -7.004150152206420898e-01 -9.378492236137390137e-01 -9.658569097518920898e-01 -5.084379911422729492e-01 2.127398252487182617e+00 1.149741053581237793e+00 1.602759361267089844e+00 -1.856189072132110596e-01 -1.655441284179687500e+00 -4.090726673603057861e-01
-5.204500555992126465e-01 1.780422449111938477e+00 1.980152130126953125e+00 -1.272970795631408691e+00 2.056005477905273438e+00 -1.108397960662841797e+00 -1.563037872314453125e+00 -1.004713654518127441e+00 2.036034345626831055e+00 -5.263778567314147949e-01 -6.364780068397521973e-01 -8.348429799079895020e-01 -8.591271638870239258e-01 -4.698556661605834961e-01 2.123853921890258789e+00 1.138066053390502930e+00 1.505075693130493164e+00 -2.564038336277008057e-01 -1.501136541366577148e+00 -3.554310202598571777e-01
-5.732070803642272949e-01 1.879363894462585449e+00 1.879352092742919922e+00 -1.180971741676330566e+00 2.070916175842285156e+00 -1.209258079528808594e+00 -1.628191828727722168e+00 -9.987714290618896484e-01 2.020591974258422852e+00 -6.292161345481872559e-01 -5.867402553558349609e-01 -6.948263049125671387e-01 -6.994503736495971680e-01 -3.548123240470886230e-01 2.078133344650268555e+00 1.117115259170532227e+00 1.384650945663452148e+00 -3.326177895069122314e-01 -1.309887647628784180e+00 -2.970510423183441162e-01
-6.503956317901611328e-01 1.917684674263000488e+00 1.750221252441406250e+00 -1.054644227027893066e+00 2.031881809234619141e+00 -1.284779191017150879e+00 -1.646987199783325195e+00 -1.010096669197082520e+00 1.946375608444213867e+00 -7.184399962425231934e-01 -5.452743172645568848e-01 -5.325006842613220215e-01 -4.977937042713165283e-01 -1.642166376113891602e-01 1.937523365020751953e+00 1.078159213066101074e+00 1.231415510177612305e+00 -4.052128195762634277e-01 -1.107061862945556641e+00 -2.464059889316558838e-01
-7.557328343391418457e-01 1.840015411376953125e+00 1.660391807556152344e+00 -9.109193086624145508e-01 2.083271741867065430e+00 -1.332565069198608398e+00 -1.586907982826232910e+00 -1.066109299659729004e+00 1.933290004730224609e+00 -8.510727882385253906e-01 -5.622113943099975586e-01 -4.027717411518096924e-01 -2.645800113677978516e-01 6.880176812410354614e-02 1.882664442062377930e+00 1.087077736854553223e+00 1.135769248008728027e+00 -4.508339464664459229e-01 -9.044112563133239746e-01 -2.311857342720031738e-01
-9.515351057052612305e-01 1.739737749099731445e+00 1.612111091613769531e+00 -8.039683103561401367e-01 2.114795923233032227e+00 -1.397204399108886719e+00 -1.434496045112609863e+00 -1.227593421936035156e+00 1.879347205162048340e+00 -9.728732109069824219e-01 -6.558814048767089844e-01 -3.091959059238433838e-01 -1.115127652883529663e-01 2.972647249698638916e-01 1.879603385925292969e+00 1.121072411537170410e+00 1.103107333183288574e+00 -4.844839572906494141e-01 -7.673130631446838379e-01 -2.588961422443389893e-01
-1.131395101547241211e+00 1.630304694175720215e+00 1.575567007064819336e+00 -7.459974288940429688e-01 2.100118398666381836e+00 -1.425050377845764160e+00 -1.267659306526184082e+00 -1.379983901977539062e+00 1.799593329429626465e+00 -1.051067471504211426e+00 -7.427937388420104980e-01 -2.652536332607269287e-01 -2.857660502195358276e-02 4.659005403518676758e-01 1.886627197265625000e+00 1.154967904090881348e+00 1.107207059860229492e+00 -4.982969462871551514e-01 -6.909763813018798828e-01 -2.790030241012573242e-01
-1.253259181976318359e+00 1.560842156410217285e+00 1.578319191932678223e+00 -7.394774556159973145e-01 2.074243068695068359e+00 -1.444594502449035645e+00 -1.146873831748962402e+00 -1.498938202857971191e+00 1.741965770721435547e+00 -1.082400321960449219e+00 -8.023972511291503906e-01 -2.949260175228118896e-01 1.024645939469337463e-02 5.548529624938964844e-01 1.904098868370056152e+00 1.198745727539062500e+00 1.162011027336120605e+00 -4.828323423862457275e-01 -6.874347925186157227e-01 -2.952432036399841309e-01
-1.351344585418701172e+00 1.505251765251159668e+00 1.554304242134094238e+00 -7.369905114173889160e-01 2.004503488540649414e+00 -1.427649021148681641e+00 -1.040816068649291992e+00 -1.576770544052124023e+00 1.670578837394714355e+00 -1.101561546325683594e+00 -8.382586240768432617e-01 -3.280420601367950439e-01 1.517436094582080841e-02 6.125910282135009766e-01 1.883327841758728027e+00 1.226540327072143555e+00 1.203124046325683594e+00 -4.555176496505737305e-01 -6.923220753669738770e-01 -3.037646114826202393e-01
-1.442395687103271484e+00 1.476275324821472168e+00 1.508191347122192383e+00 -7.511790990829467773e-01 1.892743825912475586e+00 -1.380992770195007324e+00 -9.651890397071838379e-01 -1.617412567138671875e+00 1.591727733612060547e+00 -1.129914760589599609e+00 -8.420789241790771484e-01 -3.601960539817810059e-01 -2.279996126890182495e-02 6.502275466918945312e-01 1.840124130249023438e+00 1.258406877517700195e+00 1.243878483772277832e+00 -4.170578420162200928e-01 -7.109261751174926758e-01 -2.943971455097198486e-01
-1.534682989120483398e+00 1.492742776870727539e+00 1.464420557022094727e+00 -8.186364173889160156e-01 1.753049731254577637e+00 -1.313436746597290039e+00 -9.177709221839904785e-01 -1.640784621238708496e+00 1.535730481147766113e+00 -1.173101305961608887e+00 -8.163495063781738281e-01 -4.071794450283050537e-01 -1.050781309604644775e-01 6.676240563392639160e-01 1.805401563644409180e+00 1.307412981986999512e+00 1.312524557113647461e+00 -3.743815720081329346e-01 -7.671104669570922852e-01 -2.793790400028228760e-01
-1.621522188186645508e+00 1.537732958793640137e+00 1.427249431610107422e+00 -9.326671957969665527e-01 1.589991807937622070e+00 -1.194876313209533691e+00 -8.980999588966369629e-01 -1.619863510131835938e+00 1.481074213981628418e+00 -1.217051982879638672e+00 -7.876151204109191895e-01 -4.536970257759094238e-01 -2.245885729789733887e-01 6.597933173179626465e-01 1.778364896774291992e+00 1.363836884498596191e+00 1.385128259658813477e+00 -3.273917436599731445e-01 -8.519992232322692871e-01 -2.761092782020568848e-01
-1.691757678985595703e+00 1.605594992637634277e+00 1.437579989433288574e+00 -1.135928273200988770e+00 1.385389208793640137e+00 -1.010677456855773926e+00 -9.304792284965515137e-01 -1.563889622688293457e+00 1.410847187042236328e+00 -1.178363442420959473e+00 -7.772548198699951172e-01 -5.284305214881896973e-01 -4.145893454551696777e-01 6.203155517578125000e-01 1.740451693534851074e+00 1.421972393989562988e+00 1.494583368301391602e+00 -2.570719420909881592e-01 -1.034498691558837891e+00 -3.430475592613220215e-01
-1.685871124267578125e+00 1.661584615707397461e+00 1.416240572929382324e+00 -1.355844497680664062e+00 1.250107526779174805e+00 -8.544325232505798340e-01 -9.748069643974304199e-01 -1.523782730102539062e+00 1.355656623840332031e+00 -1.075782299041748047e+00 -7.282481193542480469e-01 -5.950992703437805176e-01 -5.691453218460083008e-01 5.648158788681030273e-01 1.723715901374816895e+00 1.473388075828552246e+00 1.609200954437255859e+00 -2.461036741733551025e-01 -1.194040298461914062e+00 -4.294006526470184326e-01
-1.641377687454223633e+00 1.739550471305847168e+00 1.386149883270263672e+00 -1.569917440414428711e+00 1.262731313705444336e+00 -7.833033800125122070e-01 -1.084358215332031250e+00 -1.543037414550781250e+00 1.370365142822265625e+00 -9.410554170608520508e-01 -6.289587616920471191e-01 -6.487289667129516602e-01 -6.744043827056884766e-01 5.470653772354125977e-01 1.766299843788146973e+00 1.553973555564880371e+00 1.753458023071289062e+00 -2.996408939361572266e-01 -1.320806741714477539e+00 -5.210434794425964355e-01
-1.546833515167236328e+00 1.757614850997924805e+00 1.333589553833007812e+00 -1.736591100692749023e+00 1.276683092117309570e+00 -7.432844638824462891e-01 -1.150891780853271484e+00 -1.539822697639465332e+00 1.377370119094848633e+00 -7.984934449195861816e-01 -5.609491467475891113e-01 -6.545796394348144531e-01 -7.483215332031250000e-01 5.619789958000183105e-01 1.764455437660217285e+00 1.574035525321960449e+00 1.846832752227783203e+00 -3.385744988918304443e-01 -1.375889062881469727e+00 -6.012551784515380859e-01
-1.398564100265502930e+00 1.721847414970397949e+00 1.278074741363525391e+00 -1.882930278778076172e+00 1.308043003082275391e+00 -7.305424809455871582e-01 -1.153670907020568848e+00 -1.527684807777404785e+00 1.390082597732543945e+00 -6.523321866989135742e-01 -5.543136000633239746e-01 -6.428330540657043457e-01 -7.880865335464477539e-01 6.007725000381469727e-01 1.737792611122131348e+00 1.520037770271301270e+00 1.919416785240173340e+00 -3.624805808067321777e-01 -1.375342130661010742e+00 -6.726948618888854980e-01
-1.271527767181396484e+00 1.679404020309448242e+00 1.251532793045043945e+00 -1.953969478607177734e+00 1.372961401939392090e+00 -7.719942331314086914e-01 -1.125350713729858398e+00 -1.536181926727294922e+00 1.405168414115905762e+00 -5.441535115242004395e-01 -5.788578987121582031e-01 -6.151359081268310547e-01 -7.977395057678222656e-01 6.521071195602416992e-01 1.700395226478576660e+00 1.462068676948547363e+00 1.953852176666259766e+00 -3.763753175735473633e-01 -1.349656820297241211e+00 -7.480092644691467285e-01
