-8.948622345924377441e-01 1.711233377456665039e+00 2.032391786575317383e+00 -1.099233269691467285e+00 2.103181600570678711e+00 -9.422618150711059570e-01 -1.777738690376281738e+00 -8.628242611885070801e-01 2.054348230361938477e+00 -8.944851160049438477e-01 -6.860463619232177734e-01 -6.720882654190063477e-01 -7.504667043685913086e-01 -1.771451383829116821e-01 2.011509180068969727e+00 1.371991991996765137e+00 1.480556488037109375e+00 5.520053580403327942e-02 -1.427095770835876465e+00 -2.941149473190307617e-01
-8.754941821098327637e-01 1.732220172882080078e+00 2.014336347579956055e+00 -1.100422024726867676e+00 2.111502408981323242e+00 -9.576653242111206055e-01 -1.793679594993591309e+00 -8.530245423316955566e-01 2.076014995574951172e+00 -9.100801944732666016e-01 -6.535350084304809570e-01 -6.571455597877502441e-01 -7.192782163619995117e-01 -1.827909350395202637e-01 2.019199848175048828e+00 1.371710062026977539e+00 1.470056653022766113e+00 4.308826848864555359e-02 -1.393070459365844727e+00 -2.738432884216308594e-01
-8.778094649314880371e-01 1.735156536102294922e+00 2.008581638336181641e+00 -1.093689799308776855e+00 2.102478981018066406e+00 -9.545621871948242188e-01 -1.795092463493347168e+00 -8.469813466072082520e-01 2.072968244552612305e+00 -9.188524484634399414e-01 -6.440151333808898926e-01 -6.567441225051879883e-01 -7.062776088714599609e-01 -1.981885582208633423e-01 2.030349016189575195e+00 1.378265976905822754e+00 1.459064126014709473e+00 4.299927875399589539e-02 -1.384445667266845703e+00 -2.633268237113952637e-01
-8.923931717872619629e-01 1.734167218208312988e+00 2.010451555252075195e+00 -1.086003422737121582e+00 2.087848424911499023e+00 -9.435447454452514648e-01 -1.794661521911621094e+00 -8.434561491012573242e-01 2.061904668807983398e+00 -9.269281625747680664e-01 -6.429654359817504883e-01 -6.632283329963684082e-01 -7.020012140274047852e-01 -2.186424881219863892e-01 2.047381162643432617e+00 1.393533945083618164e+00 1.450865507125854492e+00 4.846642538905143738e-02 -1.389495372772216797e+00 -2.577673494815826416e-01
-9.152302742004394531e-01 1.732724428176879883e+00 2.015740871429443359e+00 -1.078368544578552246e+00 2.069980382919311523e+00 -9.278936386108398438e-01 -1.795652031898498535e+00 -8.399444222450256348e-01 2.046157836914062500e+00 -9.374484419822692871e-01 -6.431064605712890625e-01 -6.711317300796508789e-01 -7.008779048919677734e-01 -2.410702258348464966e-01 2.069245338439941406e+00 1.417547464370727539e+00 1.443687677383422852e+00 5.659382417798042297e-02 -1.400852322578430176e+00 -2.543975710868835449e-01
-9.443137645721435547e-01 1.733819484710693359e+00 2.022392272949218750e+00 -1.071522593498229980e+00 2.050398349761962891e+00 -9.104973077774047852e-01 -1.800371766090393066e+00 -8.365996479988098145e-01 2.028066873550415039e+00 -9.509372711181640625e-01 -6.402872800827026367e-01 -6.786046624183654785e-01 -6.998521089553833008e-01 -2.636269330978393555e-01 2.095370292663574219e+00 1.450237751007080078e+00 1.437582612037658691e+00 6.503430008888244629e-02 -1.415094733238220215e+00 -2.517329752445220947e-01
-9.745346903800964355e-01 1.737325310707092285e+00 2.029299974441528320e+00 -1.070667386054992676e+00 2.030923843383789062e+00 -8.947588205337524414e-01 -1.809159278869628906e+00 -8.350696563720703125e-01 2.009851932525634766e+00 -9.649424552917480469e-01 -6.371679902076721191e-01 -6.859104037284851074e-01 -7.010666131973266602e-01 -2.809638977050781250e-01 2.126494169235229492e+00 1.487765431404113770e+00 1.437859177589416504e+00 7.460825145244598389e-02 -1.431106567382812500e+00 -2.475408762693405151e-01
-1.004310131072998047e+00 1.746337413787841797e+00 2.034633636474609375e+00 -1.073659300804138184e+00 2.013535737991333008e+00 -8.839850425720214844e-01 -1.823719739913940430e+00 -8.350412845611572266e-01 1.993505716323852539e+00 -9.801130890846252441e-01 -6.284820437431335449e-01 -6.903672218322753906e-01 -7.000372409820556641e-01 -2.920655012130737305e-01 2.159720420837402344e+00 1.528945446014404297e+00 1.441545844078063965e+00 8.134616911411285400e-02 -1.444592356681823730e+00 -2.410608381032943726e-01
-1.030879259109497070e+00 1.763155460357666016e+00 2.036724567413330078e+00 -1.078170895576477051e+00 2.000628709793090820e+00 -8.817081451416015625e-01 -1.844691991806030273e+00 -8.362371921539306641e-01 1.981340765953063965e+00 -9.962968230247497559e-01 -6.102726459503173828e-01 -6.895121335983276367e-01 -6.928861141204833984e-01 -2.958466410636901855e-01 2.191081523895263672e+00 1.570495724678039551e+00 1.445478439331054688e+00 8.135503530502319336e-02 -1.451180219650268555e+00 -2.317687124013900757e-01
-1.049806475639343262e+00 1.787995934486389160e+00 2.034462690353393555e+00 -1.083277702331542969e+00 1.994586467742919922e+00 -8.908947706222534180e-01 -1.870730280876159668e+00 -8.388063907623291016e-01 1.975650072097778320e+00 -1.011790513992309570e+00 -5.824631452560424805e-01 -6.821984648704528809e-01 -6.784205436706542969e-01 -2.908573150634765625e-01 2.216405391693115234e+00 1.606510519981384277e+00 1.448220610618591309e+00 7.246452569961547852e-02 -1.447810053825378418e+00 -2.195871621370315552e-01
-1.055958390235900879e+00 1.821229934692382812e+00 2.027367353439331055e+00 -1.089910626411437988e+00 1.999535322189331055e+00 -9.134200811386108398e-01 -1.899302363395690918e+00 -8.443700671195983887e-01 1.979542255401611328e+00 -1.024587273597717285e+00 -5.472732782363891602e-01 -6.687318086624145508e-01 -6.577118635177612305e-01 -2.765495777130126953e-01 2.231181144714355469e+00 1.631874442100524902e+00 1.451852083206176758e+00 5.409464612603187561e-02 -1.433870434761047363e+00 -2.088949233293533325e-01
-1.048985958099365234e+00 1.856133699417114258e+00 2.015619039535522461e+00 -1.093949794769287109e+00 2.009671211242675781e+00 -9.459623098373413086e-01 -1.924916863441467285e+00 -8.495457768440246582e-01 1.989302635192871094e+00 -1.032399892807006836e+00 -5.090484619140625000e-01 -6.491394639015197754e-01 -6.309143304824829102e-01 -2.555092573165893555e-01 2.232477903366088867e+00 1.638998627662658691e+00 1.447677612304687500e+00 2.723689004778862000e-02 -1.407920837402343750e+00 -1.947061866521835327e-01
-1.036277651786804199e+00 1.889744520187377930e+00 2.011284351348876953e+00 -1.095928549766540527e+00 2.022652387619018555e+00 -9.823337793350219727e-01 -1.951126813888549805e+00 -8.573095202445983887e-01 2.004118919372558594e+00 -1.032048463821411133e+00 -4.767110943794250488e-01 -6.312048435211181641e-01 -6.091477870941162109e-01 -2.278460115194320679e-01 2.216881513595581055e+00 1.631703376770019531e+00 1.440773129463195801e+00 -3.099523484706878662e-03 -1.386787295341491699e+00 -1.826601326465606689e-01
-1.014341711997985840e+00 1.919222593307495117e+00 1.999480366706848145e+00 -1.092570900917053223e+00 2.027255058288574219e+00 -1.023531436920166016e+00 -1.966965317726135254e+00 -8.622921109199523926e-01 2.014480352401733398e+00 -1.024086236953735352e+00 -4.452549815177917480e-01 -6.108070015907287598e-01 -5.884259939193725586e-01 -1.978165656328201294e-01 2.187167882919311523e+00 1.605156064033508301e+00 1.426539778709411621e+00 -3.995928913354873657e-02 -1.358389973640441895e+00 -1.695624589920043945e-01
-9.826828837394714355e-01 1.941093683242797852e+00 1.978582382202148438e+00 -1.083945989608764648e+00 2.021473169326782227e+00 -1.063975095748901367e+00 -1.966880798339843750e+00 -8.639147877693176270e-01 2.017377138137817383e+00 -1.009408473968505859e+00 -4.177730083465576172e-01 -5.866522789001464844e-01 -5.675390958786010742e-01 -1.674401164054870605e-01 2.141151666641235352e+00 1.557695150375366211e+00 1.400547981262207031e+00 -8.029395341873168945e-02 -1.321142554283142090e+00 -1.565421670675277710e-01
-9.408437609672546387e-01 1.952040553092956543e+00 1.943980574607849121e+00 -1.068579912185668945e+00 1.998918056488037109e+00 -1.099432468414306641e+00 -1.944411516189575195e+00 -8.610801696777343750e-01 2.006479501724243164e+00 -9.878025054931640625e-01 -3.947064876556396484e-01 -5.564446449279785156e-01 -5.451331138610839844e-01 -1.366135925054550171e-01 2.073732376098632812e+00 1.486309170722961426e+00 1.357682943344116211e+00 -1.234111636877059937e-01 -1.271928429603576660e+00 -1.442139446735382080e-01
-8.964908123016357422e-01 1.948242545127868652e+00 1.899775981903076172e+00 -1.043509960174560547e+00 1.968044400215148926e+00 -1.144594192504882812e+00 -1.881759166717529297e+00 -8.645299077033996582e-01 1.993679404258728027e+00 -9.744935035705566406e-01 -3.814583122730255127e-01 -5.161473155021667480e-01 -5.105478763580322266e-01 -8.517178893089294434e-02 2.004787683486938477e+00 1.397903323173522949e+00 1.307923316955566406e+00 -1.803222596645355225e-01 -1.198209524154663086e+00 -1.379777640104293823e-01
-8.417949080467224121e-01 1.903818368911743164e+00 1.815910458564758301e+00 -9.989193081855773926e-01 1.894124031066894531e+00 -1.176752209663391113e+00 -1.749630212783813477e+00 -8.672985434532165527e-01 1.936223506927490234e+00 -9.516886472702026367e-01 -3.766640424728393555e-01 -4.623743593692779541e-01 -4.642975628376007080e-01 -1.753305643796920776e-02 1.896878838539123535e+00 1.267926335334777832e+00 1.225822448730468750e+00 -2.476399987936019897e-01 -1.087832212448120117e+00 -1.355853974819183350e-01
-7.614910602569580078e-01 1.768790721893310547e+00 1.637910127639770508e+00 -9.129815101623535156e-01 1.756647706031799316e+00 -1.217643141746520996e+00 -1.456883192062377930e+00 -9.201470017433166504e-01 1.786688446998596191e+00 -8.842046260833740234e-01 -4.133164882659912109e-01 -3.679092228412628174e-01 -3.557400405406951904e-01 8.834014832973480225e-02 1.715277552604675293e+00 1.043686270713806152e+00 1.073122859001159668e+00 -3.739242851734161377e-01 -8.944352865219116211e-01 -1.634862124919891357e-01
-7.783432006835937500e-01 1.522724390029907227e+00 1.420931816101074219e+00 -9.333790540695190430e-01 1.588606595993041992e+00 -1.324097275733947754e+00 -8.598871231079101562e-01 -1.257472872734069824e+00 1.606356739997863770e+00 -7.559062838554382324e-01 -6.375724673271179199e-01 -3.878097534179687500e-01 -2.170965671539306641e-01 2.952882647514343262e-01 1.571258187294006348e+00 7.864335179328918457e-01 1.087360143661499023e+00 -5.673838853836059570e-01 -7.266250848770141602e-01 -2.677876949310302734e-01
-9.486066699028015137e-01 1.343789935111999512e+00 1.428751230239868164e+00 -1.134109139442443848e+00 1.610269069671630859e+00 -1.471449255943298340e+00 -2.893081605434417725e-01 -1.859723448753356934e+00 1.678115367889404297e+00 -6.032131910324096680e-01 -1.012099981307983398e+00 -7.295568585395812988e-01 -1.087282001972198486e-01 4.242451786994934082e-01 1.691048145294189453e+00 6.969931721687316895e-01 1.438986182212829590e+00 -6.586489677429199219e-01 -8.346306085586547852e-01 -4.177183210849761963e-01
-1.078184485435485840e+00 1.259848356246948242e+00 1.513077735900878906e+00 -1.274877309799194336e+00 1.643322110176086426e+00 -1.580635428428649902e+00 -6.840702891349792480e-02 -2.204573869705200195e+00 1.744769215583801270e+00 -5.014319419860839844e-01 -1.204681158065795898e+00 -9.912205338478088379e-01 -1.066068708896636963e-01 4.408933520317077637e-01 1.837346434593200684e+00 7.644311189651489258e-01 1.697600960731506348e+00 -6.456774473190307617e-01 -9.757285118103027344e-01 -4.978167116641998291e-01
-1.145632624626159668e+00 1.244395017623901367e+00 1.543282866477966309e+00 -1.324110865592956543e+00 1.623430252075195312e+00 -1.636652231216430664e+00 -2.067150548100471497e-02 -2.341203689575195312e+00 1.750296115875244141e+00 -4.501459896564483643e-01 -1.248310685157775879e+00 -1.099230647087097168e+00 -1.175018548965454102e-01 4.336678385734558105e-01 1.907392024993896484e+00 8.360697627067565918e-01 1.796877861022949219e+00 -6.346591114997863770e-01 -1.049503564834594727e+00 -5.290368795394897461e-01
-1.179776430130004883e+00 1.237798094749450684e+00 1.537222027778625488e+00 -1.311739802360534668e+00 1.580465078353881836e+00 -1.644709587097167969e+00 2.257112413644790649e-03 -2.369859933853149414e+00 1.716846227645874023e+00 -4.359742403030395508e-01 -1.246756076812744141e+00 -1.131064653396606445e+00 -1.288355439901351929e-01 4.160054922103881836e-01 1.919067859649658203e+00 8.663437962532043457e-01 1.800821542739868164e+00 -6.236428022384643555e-01 -1.072729706764221191e+00 -5.389267802238464355e-01
-1.206093430519104004e+00 1.243602395057678223e+00 1.515922427177429199e+00 -1.257866621017456055e+00 1.532614111900329590e+00 -1.628310441970825195e+00 5.685146898031234741e-03 -2.336526155471801758e+00 1.669432759284973145e+00 -4.596457183361053467e-01 -1.228785276412963867e+00 -1.113313674926757812e+00 -1.386929899454116821e-01 3.989883065223693848e-01 1.902985930442810059e+00 8.827717304229736328e-01 1.748112797737121582e+00 -6.046453118324279785e-01 -1.065573334693908691e+00 -5.352591872215270996e-01
-1.234263658523559570e+00 1.270355463027954102e+00 1.503253340721130371e+00 -1.162713050842285156e+00 1.481221914291381836e+00 -1.597995042800903320e+00 -3.609802573919296265e-02 -2.246577501296997070e+00 1.605646252632141113e+00 -5.166101455688476562e-01 -1.195822358131408691e+00 -1.053783059120178223e+00 -1.437119692564010620e-01 3.723351359367370605e-01 1.883607029914855957e+00 9.034344553947448730e-01 1.638775706291198730e+00 -5.747897624969482422e-01 -1.045654535293579102e+00 -5.152118802070617676e-01
-1.254944205284118652e+00 1.316917896270751953e+00 1.483785986900329590e+00 -1.017965078353881836e+00 1.412098407745361328e+00 -1.536815285682678223e+00 -1.274496912956237793e-01 -2.084103822708129883e+00 1.510056018829345703e+00 -6.008188724517822266e-01 -1.134233593940734863e+00 -9.504420161247253418e-01 -1.468197256326675415e-01 3.287259936332702637e-01 1.847729444503784180e+00 9.206724762916564941e-01 1.466221570968627930e+00 -5.367857217788696289e-01 -1.008823156356811523e+00 -4.770500361919403076e-01
-1.265496730804443359e+00 1.409098982810974121e+00 1.502432703971862793e+00 -8.630699515342712402e-01 1.379702448844909668e+00 -1.443116068840026855e+00 -3.030597865581512451e-01 -1.856593489646911621e+00 1.398872971534729004e+00 -7.122343778610229492e-01 -1.059100985527038574e+00 -8.169013857841491699e-01 -1.962315887212753296e-01 2.531721293926239014e-01 1.815837979316711426e+00 9.304074645042419434e-01 1.264000892639160156e+00 -4.743239581584930420e-01 -9.870489835739135742e-01 -4.561299085617065430e-01
-1.235199451446533203e+00 1.432711839675903320e+00 1.558700919151306152e+00 -7.178781032562255859e-01 1.383849740028381348e+00 -1.349003672599792480e+00 -4.903250932693481445e-01 -1.607885599136352539e+00 1.299343824386596680e+00 -7.916994094848632812e-01 -1.010191321372985840e+00 -6.742151975631713867e-01 -2.367099821567535400e-01 1.756949722766876221e-01 1.796360015869140625e+00 9.334382414817810059e-01 1.057342529296875000e+00 -3.991230130195617676e-01 -9.672158956527709961e-01 -4.275670647621154785e-01
-1.223590731620788574e+00 1.466511130332946777e+00 1.666300654411315918e+00 -6.437559127807617188e-01 1.446789741516113281e+00 -1.316921591758728027e+00 -6.585465073585510254e-01 -1.457080125808715820e+00 1.281151175498962402e+00 -8.452036976814270020e-01 -9.837607145309448242e-01 -5.871330499649047852e-01 -2.547349035739898682e-01 1.396621465682983398e-01 1.824927449226379395e+00 9.566063880920410156e-01 9.377353787422180176e-01 -3.491283953189849854e-01 -9.779513478279113770e-01 -4.127842485904693604e-01
-1.208325982093811035e+00 1.507864117622375488e+00 1.743154883384704590e+00 -6.071364879608154297e-01 1.500125288963317871e+00 -1.330529451370239258e+00 -7.617104053497314453e-01 -1.394554495811462402e+00 1.315490007400512695e+00 -8.602632880210876465e-01 -9.745507836341857910e-01 -5.698848366737365723e-01 -2.565271258354187012e-01 1.196179613471031189e-01 1.855828642845153809e+00 9.605314135551452637e-01 9.006747603416442871e-01 -3.325352966785430908e-01 -9.916865825653076172e-01 -4.011993706226348877e-01
-1.195087075233459473e+00 1.522924184799194336e+00 1.790217161178588867e+00 -5.911842584609985352e-01 1.516955852508544922e+00 -1.384583115577697754e+00 -7.551314830780029297e-01 -1.418404936790466309e+00 1.351168394088745117e+00 -8.389025926589965820e-01 -1.002722024917602539e+00 -6.036448478698730469e-01 -2.547013461589813232e-01 1.039994582533836365e-01 1.877033233642578125e+00 9.330508112907409668e-01 9.026425480842590332e-01 -3.494935929775238037e-01 -1.003873467445373535e+00 -3.946610093116760254e-01
-1.175341844558715820e+00 1.521288990974426270e+00 1.810977458953857422e+00 -5.901467204093933105e-01 1.517130613327026367e+00 -1.455306887626647949e+00 -6.752111911773681641e-01 -1.494392395019531250e+00 1.392525792121887207e+00 -7.929273843765258789e-01 -1.046791195869445801e+00 -6.712879538536071777e-01 -2.420838773250579834e-01 9.756965190172195435e-02 1.888387441635131836e+00 8.780332803726196289e-01 9.358063340187072754e-01 -3.873823285102844238e-01 -1.013625621795654297e+00 -3.943813741207122803e-01
-1.159240961074829102e+00 1.497722864151000977e+00 1.803590297698974609e+00 -6.068043708801269531e-01 1.493627071380615234e+00 -1.532468795776367188e+00 -5.435020923614501953e-01 -1.617301583290100098e+00 1.430960297584533691e+00 -7.208483219146728516e-01 -1.093252658843994141e+00 -7.699049711227416992e-01 -2.300631105899810791e-01 9.546495229005813599e-02 1.887605905532836914e+00 8.095262646675109863e-01 1.002084612846374512e+00 -4.413942098617553711e-01 -1.029139518737792969e+00 -3.896851539611816406e-01
-1.172488689422607422e+00 1.472149133682250977e+00 1.810634493827819824e+00 -6.718456149101257324e-01 1.489726543426513672e+00 -1.616852521896362305e+00 -4.058558642864227295e-01 -1.784319400787353516e+00 1.481814980506896973e+00 -6.498960852622985840e-01 -1.141578912734985352e+00 -8.913458585739135742e-01 -2.190515398979187012e-01 1.176346689462661743e-01 1.917833447456359863e+00 7.703145742416381836e-01 1.118435144424438477e+00 -4.954088032245635986e-01 -1.071084976196289062e+00 -3.757735192775726318e-01
-1.171011090278625488e+00 1.387685775756835938e+00 1.804753661155700684e+00 -7.405346632003784180e-01 1.489176630973815918e+00 -1.678284883499145508e+00 -2.738652229309082031e-01 -1.919264912605285645e+00 1.535697698593139648e+00 -5.692327022552490234e-01 -1.182250380516052246e+00 -1.002409100532531738e+00 -1.770576238632202148e-01 1.267352700233459473e-01 1.948933362960815430e+00 7.721463441848754883e-01 1.229952454566955566e+00 -5.349128246307373047e-01 -1.099659681320190430e+00 -3.593529462814331055e-01
-1.172111272811889648e+00 1.277805209159851074e+00 1.803928613662719727e+00 -7.927805781364440918e-01 1.489608049392700195e+00 -1.697613000869750977e+00 -1.937320828437805176e-01 -2.009706020355224609e+00 1.572733283042907715e+00 -4.809664487838745117e-01 -1.211358785629272461e+00 -1.110488891601562500e+00 -1.437131315469741821e-01 1.348696947097778320e-01 1.962696671485900879e+00 8.029427528381347656e-01 1.338307738304138184e+00 -5.382627248764038086e-01 -1.142339706420898438e+00 -3.388276696205139160e-01
-1.156848192214965820e+00 1.152688741683959961e+00 1.795489907264709473e+00 -8.283683061599731445e-01 1.478590369224548340e+00 -1.682358860969543457e+00 -1.391046345233917236e-01 -2.054038763046264648e+00 1.582715749740600586e+00 -3.895846009254455566e-01 -1.239607572555541992e+00 -1.205370426177978516e+00 -1.334968358278274536e-01 1.307737827301025391e-01 1.958538174629211426e+00 8.249620795249938965e-01 1.428867578506469727e+00 -5.137153267860412598e-01 -1.185406804084777832e+00 -3.121819794178009033e-01
-1.143433094024658203e+00 1.042344450950622559e+00 1.807107925415039062e+00 -8.642714023590087891e-01 1.475228548049926758e+00 -1.646445512771606445e+00 -1.254643648862838745e-01 -2.061044692993164062e+00 1.582238793373107910e+00 -3.177327513694763184e-01 -1.272379279136657715e+00 -1.274796843528747559e+00 -1.561624705791473389e-01 1.297891885042190552e-01 1.945035696029663086e+00 8.421796560287475586e-01 1.505880355834960938e+00 -4.605404138565063477e-01 -1.233509898185729980e+00 -2.885777354240417480e-01
-1.128406882286071777e+00 9.304165840148925781e-01 1.813191533088684082e+00 -8.944988846778869629e-01 1.478904485702514648e+00 -1.590483069419860840e+00 -1.310272216796875000e-01 -2.051924943923950195e+00 1.575511574745178223e+00 -2.497752308845520020e-01 -1.296496272087097168e+00 -1.331921577453613281e+00 -1.928190290927886963e-01 1.275781244039535522e-01 1.932348489761352539e+00 8.688184022903442383e-01 1.575119137763977051e+00 -4.063702821731567383e-01 -1.284720659255981445e+00 -2.646321058273315430e-01
-1.134743690490722656e+00 8.499081730842590332e-01 1.816341280937194824e+00 -9.258005023002624512e-01 1.474006056785583496e+00 -1.516257405281066895e+00 -1.606216132640838623e-01 -2.038852453231811523e+00 1.560767292976379395e+00 -2.032112330198287964e-01 -1.315238475799560547e+00 -1.380529046058654785e+00 -2.472448348999023438e-01 1.159840226173400879e-01 1.927060365676879883e+00 8.985942602157592773e-01 1.633615732192993164e+00 -3.502477109432220459e-01 -1.339237093925476074e+00 -2.491321414709091187e-01
-1.165593504905700684e+00 7.912644743919372559e-01 1.807752728462219238e+00 -9.506388902664184570e-01 1.460704445838928223e+00 -1.430175185203552246e+00 -2.014235854148864746e-01 -2.019852161407470703e+00 1.533632993698120117e+00 -1.830982416868209839e-01 -1.338689565658569336e+00 -1.409132361412048340e+00 -3.127667009830474854e-01 1.166652962565422058e-01 1.919468522071838379e+00 9.284953474998474121e-01 1.679939746856689453e+00 -2.931871712207794189e-01 -1.385363578796386719e+00 -2.380321174860000610e-01
-1.210060834884643555e+00 7.517699003219604492e-01 1.788830280303955078e+00 -9.745581746101379395e-01 1.459182977676391602e+00 -1.344191908836364746e+00 -2.443658113479614258e-01 -2.006164073944091797e+00 1.503775835037231445e+00 -1.868487894535064697e-01 -1.369718313217163086e+00 -1.412125825881958008e+00 -3.883347809314727783e-01 1.383471488952636719e-01 1.913226723670959473e+00 9.627833366394042969e-01 1.727443575859069824e+00 -2.409230768680572510e-01 -1.421518087387084961e+00 -2.442794889211654663e-01
-1.265623569488525391e+00 7.217482924461364746e-01 1.750482678413391113e+00 -9.879885315895080566e-01 1.446881771087646484e+00 -1.260994195938110352e+00 -2.743332386016845703e-01 -1.990102052688598633e+00 1.461114883422851562e+00 -2.110572755336761475e-01 -1.399719953536987305e+00 -1.381675839424133301e+00 -4.625490009784698486e-01 1.844923794269561768e-01 1.896250247955322266e+00 9.920697808265686035e-01 1.756487607955932617e+00 -2.002500444650650024e-01 -1.434663295745849609e+00 -2.615591585636138916e-01
-1.320915937423706055e+00 7.177379131317138672e-01 1.706003308296203613e+00 -1.003876805305480957e+00 1.446775078773498535e+00 -1.201963543891906738e+00 -2.910483181476593018e-01 -1.982002615928649902e+00 1.435043811798095703e+00 -2.554630637168884277e-01 -1.426862716674804688e+00 -1.334997773170471191e+00 -5.220910310745239258e-01 2.446764111518859863e-01 1.883384227752685547e+00 1.032334685325622559e+00 1.787196874618530273e+00 -1.793854981660842896e-01 -1.430947899818420410e+00 -3.002078235149383545e-01
-1.374455213546752930e+00 7.300814390182495117e-01 1.635045051574707031e+00 -1.022145509719848633e+00 1.435526609420776367e+00 -1.153789639472961426e+00 -2.863321602344512939e-01 -1.970485091209411621e+00 1.403187513351440430e+00 -3.174054920673370361e-01 -1.436451554298400879e+00 -1.253594756126403809e+00 -5.635997056961059570e-01 3.311669230461120605e-01 1.858955979347229004e+00 1.073799371719360352e+00 1.802823305130004883e+00 -1.820780187845230103e-01 -1.395642757415771484e+00 -3.573282063007354736e-01
-1.418693184852600098e+00 7.706162929534912109e-01 1.542903780937194824e+00 -1.062403798103332520e+00 1.414500474929809570e+00 -1.116654753684997559e+00 -2.729756236076354980e-01 -1.946965813636779785e+00 1.369365096092224121e+00 -3.989522159099578857e-01 -1.413759231567382812e+00 -1.126783013343811035e+00 -5.765922069549560547e-01 4.429833889007568359e-01 1.829987883567810059e+00 1.128731131553649902e+00 1.800313830375671387e+00 -2.128801941871643066e-01 -1.328437685966491699e+00 -4.368850588798522949e-01
-1.490656375885009766e+00 9.259608387947082520e-01 1.502553462982177734e+00 -1.202540516853332520e+00 1.416424393653869629e+00 -1.118368387222290039e+00 -3.101756870746612549e-01 -1.943362951278686523e+00 1.387309312820434570e+00 -5.380794405937194824e-01 -1.356010556221008301e+00 -9.649567008018493652e-01 -5.776882171630859375e-01 5.809769034385681152e-01 1.847374320030212402e+00 1.212001562118530273e+00 1.809793591499328613e+00 -2.798232138156890869e-01 -1.273036837577819824e+00 -5.337474346160888672e-01
-1.529693007469177246e+00 1.059709191322326660e+00 1.493950486183166504e+00 -1.364469528198242188e+00 1.421841859817504883e+00 -1.127434849739074707e+00 -3.577885925769805908e-01 -1.918560266494750977e+00 1.410215854644775391e+00 -6.456553936004638672e-01 -1.274891734123229980e+00 -8.130291700363159180e-01 -5.557663440704345703e-01 7.014473676681518555e-01 1.886139035224914551e+00 1.285344839096069336e+00 1.807025074958801270e+00 -3.545796871185302734e-01 -1.224388480186462402e+00 -6.084208488464355469e-01
-1.486447334289550781e+00 1.167501449584960938e+00 1.495581507682800293e+00 -1.547076940536499023e+00 1.441918253898620605e+00 -1.144740700721740723e+00 -3.930829167366027832e-01 -1.893180727958679199e+00 1.443918108940124512e+00 -6.803093552589416504e-01 -1.179883956909179688e+00 -6.922702193260192871e-01 -5.161623954772949219e-01 7.692105770111083984e-01 1.921828031539916992e+00 1.336642503738403320e+00 1.811521053314208984e+00 -4.274805784225463867e-01 -1.180691719055175781e+00 -6.943872570991516113e-01
-1.355305194854736328e+00 1.185439825057983398e+00 1.484247565269470215e+00 -1.703125119209289551e+00 1.478470683097839355e+00 -1.148983836174011230e+00 -3.973143100738525391e-01 -1.886599063873291016e+00 1.488348484039306641e+00 -6.211247444152832031e-01 -1.076902031898498535e+00 -6.624670624732971191e-01 -4.418571591377258301e-01 7.676317095756530762e-01 1.916435003280639648e+00 1.328719019889831543e+00 1.832913398742675781e+00 -4.730106592178344727e-01 -1.152264833450317383e+00 -7.329482436180114746e-01
-1.149940013885498047e+00 1.087391495704650879e+00 1.465398669242858887e+00 -1.785168170928955078e+00 1.554542064666748047e+00 -1.156792521476745605e+00 -3.682702779769897461e-01 -1.904586791992187500e+00 1.538334965705871582e+00 -4.596820175647735596e-01 -9.936031699180603027e-01 -7.436757683753967285e-01 -3.329160213470458984e-01 6.911213397979736328e-01 1.895309329032897949e+00 1.280430793762207031e+00 1.881145119667053223e+00 -4.813540875911712646e-01 -1.143201708793640137e+00 -7.168288826942443848e-01
-9.176656007766723633e-01 9.598988294601440430e-01 1.449465155601501465e+00 -1.775468707084655762e+00 1.638503551483154297e+00 -1.211760044097900391e+00 -3.204309642314910889e-01 -1.967415928840637207e+00 1.608606457710266113e+00 -2.119697332382202148e-01 -9.696004390716552734e-01 -9.326372146606445312e-01 -2.472006678581237793e-01 5.330348014831542969e-01 1.893076300621032715e+00 1.208771944046020508e+00 1.966392874717712402e+00 -4.810820221900939941e-01 -1.177032947540283203e+00 -6.809092760086059570e-01
-7.168626785278320312e-01 8.501839637756347656e-01 1.403745055198669434e+00 -1.726549863815307617e+00 1.644397974014282227e+00 -1.237711191177368164e+00 -2.474696040153503418e-01 -2.020665168762207031e+00 1.638161897659301758e+00 2.129053324460983276e-02 -9.810284972190856934e-01 -1.135929584503173828e+00 -1.949461698532104492e-01 3.388974070549011230e-01 1.874904155731201172e+00 1.089262962341308594e+00 2.018062114715576172e+00 -4.669373333454132080e-01 -1.200581431388854980e+00 -6.376014351844787598e-01
-6.201421618461608887e-01 8.069064021110534668e-01 1.432001709938049316e+00 -1.705393075942993164e+00 1.671075344085693359e+00 -1.276646614074707031e+00 -2.421797811985015869e-01 -2.074880123138427734e+00 1.687564015388488770e+00 1.587314903736114502e-01 -1.028430104255676270e+00 -1.292105197906494141e+00 -1.540378034114837646e-01 1.973613649606704712e-01 1.913624286651611328e+00 1.034489393234252930e+00 2.061665058135986328e+00 -4.528939127922058105e-01 -1.251347541809082031e+00 -5.966567993164062500e-01
-5.960297584533691406e-01 7.956286668777465820e-01 1.473885774612426758e+00 -1.689024209976196289e+00 1.710683107376098633e+00 -1.312015771865844727e+00 -2.443040311336517334e-01 -2.137457370758056641e+00 1.746777057647705078e+00 2.136506140232086182e-01 -1.090494275093078613e+00 -1.414760231971740723e+00 -1.385668367147445679e-01 1.223769560456275940e-01 1.938082098960876465e+00 9.970098733901977539e-01 2.114127397537231445e+00 -4.312034845352172852e-01 -1.304554462432861328e+00 -5.479697585105895996e-01
-6.067748069763183594e-01 7.893378138542175293e-01 1.482085227966308594e+00 -1.674160718917846680e+00 1.722746491432189941e+00 -1.333145856857299805e+00 -2.312637567520141602e-01 -2.192471504211425781e+00 1.768450975418090820e+00 2.354544997215270996e-01 -1.142109751701354980e+00 -1.485198497772216797e+00 -1.337864696979522705e-01 9.804089367389678955e-02 1.944949507713317871e+00 9.691771864891052246e-01 2.147760629653930664e+00 -4.234871268272399902e-01 -1.330801129341125488e+00 -5.161698460578918457e-01
-6.289469003677368164e-01 7.982550859451293945e-01 1.478284597396850586e+00 -1.666563272476196289e+00 1.718971371650695801e+00 -1.356014847755432129e+00 -2.173898518085479736e-01 -2.239166498184204102e+00 1.768421053886413574e+00 2.391313612461090088e-01 -1.179108262062072754e+00 -1.508195519447326660e+00 -1.350331753492355347e-01 1.021533459424972534e-01 1.941568970680236816e+00 9.508427381515502930e-01 2.160791873931884766e+00 -4.278975427150726318e-01 -1.335397958755493164e+00 -5.133635997772216797e-01
-6.615631580352783203e-01 8.172102570533752441e-01 1.457949757575988770e+00 -1.668398380279541016e+00 1.705140948295593262e+00 -1.373681306838989258e+00 -2.015378773212432861e-01 -2.286095619201660156e+00 1.756606459617614746e+00 2.325739860534667969e-01 -1.198324680328369141e+00 -1.511387348175048828e+00 -1.399324536323547363e-01 1.230201423168182373e-01 1.934782981872558594e+00 9.371752142906188965e-01 2.170380115509033203e+00 -4.449009001255035400e-01 -1.329233884811401367e+00 -5.204614996910095215e-01
-7.012786865234375000e-01 8.532767295837402344e-01 1.430265188217163086e+00 -1.682794928550720215e+00 1.692642211914062500e+00 -1.395423889160156250e+00 -1.899948120117187500e-01 -2.338521718978881836e+00 1.744895696640014648e+00 2.155463099479675293e-01 -1.202976942062377930e+00 -1.496094226837158203e+00 -1.476236134767532349e-01 1.621688455343246460e-01 1.927422881126403809e+00 9.266782999038696289e-01 2.180775403976440430e+00 -4.761316776275634766e-01 -1.315526008605957031e+00 -5.339975357055664062e-01
-7.532956600189208984e-01 9.121272563934326172e-01 1.400557279586791992e+00 -1.715323209762573242e+00 1.685569047927856445e+00 -1.422706007957458496e+00 -1.916902363300323486e-01 -2.393624782562255859e+00 1.739107966423034668e+00 1.797682940959930420e-01 -1.188610076904296875e+00 -1.456942677497863770e+00 -1.590420156717300415e-01 2.317431569099426270e-01 1.911485791206359863e+00 9.195924997329711914e-01 2.194832324981689453e+00 -5.157105326652526855e-01 -1.293200016021728516e+00 -5.507779717445373535e-01
-8.093253970146179199e-01 9.859839677810668945e-01 1.380584120750427246e+00 -1.759853363037109375e+00 1.685442328453063965e+00 -1.457730174064636230e+00 -2.129752337932586670e-01 -2.444695472717285156e+00 1.746109843254089355e+00 1.353581100702285767e-01 -1.159233689308166504e+00 -1.407413125038146973e+00 -1.705723404884338379e-01 3.123297095298767090e-01 1.899801373481750488e+00 9.205315709114074707e-01 2.212769508361816406e+00 -5.604997873306274414e-01 -1.273079872131347656e+00 -5.678032636642456055e-01
-8.686268925666809082e-01 1.078314185142517090e+00 1.381540894508361816e+00 -1.815964460372924805e+00 1.696236491203308105e+00 -1.502809286117553711e+00 -2.622779607772827148e-01 -2.483064651489257812e+00 1.772809624671936035e+00 8.086915314197540283e-02 -1.113273262977600098e+00 -1.347733020782470703e+00 -1.845595985651016235e-01 4.006492495536804199e-01 1.897534132003784180e+00 9.351541996002197266e-01 2.235746145248413086e+00 -6.081166863441467285e-01 -1.261243700981140137e+00 -5.840703845024108887e-01
-9.220479726791381836e-01 1.178723573684692383e+00 1.370645999908447266e+00 -1.865892648696899414e+00 1.694450855255126953e+00 -1.537347555160522461e+00 -3.304465711116790771e-01 -2.485239505767822266e+00 1.791277766227722168e+00 1.392170786857604980e-02 -1.033645033836364746e+00 -1.253771781921386719e+00 -1.998023688793182373e-01 5.031928420066833496e-01 1.874054074287414551e+00 9.506998062133789062e-01 2.238456010818481445e+00 -6.560419797897338867e-01 -1.233316659927368164e+00 -5.972343683242797852e-01
-9.516610503196716309e-01 1.269022464752197266e+00 1.339170336723327637e+00 -1.887902975082397461e+00 1.671273589134216309e+00 -1.544943332672119141e+00 -4.107502996921539307e-01 -2.427434206008911133e+00 1.788784980773925781e+00 -6.183630600571632385e-02 -9.197723865509033203e-01 -1.125048160552978516e+00 -2.111483663320541382e-01 6.015996932983398438e-01 1.816506981849670410e+00 9.556032419204711914e-01 2.199671745300292969e+00 -6.936854124069213867e-01 -1.180402636528015137e+00 -5.992281436920166016e-01
-9.648042917251586914e-01 1.382693767547607422e+00 1.304544806480407715e+00 -1.909196972846984863e+00 1.647086143493652344e+00 -1.540811777114868164e+00 -5.285227894783020020e-01 -2.325851202011108398e+00 1.805630803108215332e+00 -1.636162549257278442e-01 -7.875400185585021973e-01 -9.777992963790893555e-01 -2.248885929584503174e-01 6.826500296592712402e-01 1.765309214591979980e+00 9.847103953361511230e-01 2.146841049194335938e+00 -7.226269841194152832e-01 -1.121747851371765137e+00 -5.942419767379760742e-01
-9.710633158683776855e-01 1.467296361923217773e+00 1.280226826667785645e+00 -1.916435480117797852e+00 1.637354969978332520e+00 -1.524705529212951660e+00 -6.307026147842407227e-01 -2.226812362670898438e+00 1.834571480751037598e+00 -2.592354416847229004e-01 -6.929781436920166016e-01 -8.698844313621520996e-01 -2.294617593288421631e-01 7.265874147415161133e-01 1.739145994186401367e+00 1.027584671974182129e+00 2.103207588195800781e+00 -7.262114286422729492e-01 -1.073878526687622070e+00 -5.782899856567382812e-01
-9.507701396942138672e-01 1.479017019271850586e+00 1.262728929519653320e+00 -1.897977471351623535e+00 1.617907404899597168e+00 -1.507633924484252930e+00 -6.574482917785644531e-01 -2.167675256729125977e+00 1.840392589569091797e+00 -2.845106124877929688e-01 -6.506317853927612305e-01 -8.356137275695800781e-01 -2.120975852012634277e-01 7.136961221694946289e-01 1.723353862762451172e+00 1.036538481712341309e+00 2.062676429748535156e+00 -7.161697149276733398e-01 -1.040877461433410645e+00 -5.607813596725463867e-01
-9.017061591148376465e-01 1.426845431327819824e+00 1.250301241874694824e+00 -1.866735696792602539e+00 1.582231163978576660e+00 -1.493460774421691895e+00 -6.124609708786010742e-01 -2.148410320281982422e+00 1.809843420982360840e+00 -2.380663752555847168e-01 -6.499050855636596680e-01 -8.614848256111145020e-01 -1.820365786552429199e-01 6.524593234062194824e-01 1.713654279708862305e+00 1.009813904762268066e+00 2.029965639114379883e+00 -7.042911052703857422e-01 -1.033708810806274414e+00 -5.554184317588806152e-01
-8.594575524330139160e-01 1.311784625053405762e+00 1.273056149482727051e+00 -1.816725730895996094e+00 1.580394983291625977e+00 -1.488206624984741211e+00 -4.897426962852478027e-01 -2.191954135894775391e+00 1.774201273918151855e+00 -1.588458716869354248e-01 -7.363128066062927246e-01 -9.723626375198364258e-01 -1.465362608432769775e-01 5.510214567184448242e-01 1.747390747070312500e+00 9.769881367683410645e-01 2.040274381637573242e+00 -6.685405373573303223e-01 -1.061065316200256348e+00 -5.594517588615417480e-01
-8.240252733230590820e-01 1.168810486793518066e+00 1.306231975555419922e+00 -1.754269957542419434e+00 1.613913178443908691e+00 -1.492432951927185059e+00 -3.334396183490753174e-01 -2.281387805938720703e+00 1.771066904067993164e+00 -6.315394490957260132e-02 -8.778287172317504883e-01 -1.141867637634277344e+00 -1.038700342178344727e-01 4.335889220237731934e-01 1.807574987411499023e+00 9.292361140251159668e-01 2.080272436141967773e+00 -6.291785240173339844e-01 -1.101297736167907715e+00 -5.441653132438659668e-01
-8.059821724891662598e-01 1.061937570571899414e+00 1.352398872375488281e+00 -1.708931326866149902e+00 1.658532857894897461e+00 -1.506782650947570801e+00 -2.191069722175598145e-01 -2.347702503204345703e+00 1.783051729202270508e+00 -2.210214734077453613e-03 -1.015552878379821777e+00 -1.274721145629882812e+00 -6.951887905597686768e-02 3.383607864379882812e-01 1.891480803489685059e+00 9.203585982322692871e-01 2.113063335418701172e+00 -6.004309654235839844e-01 -1.140614151954650879e+00 -5.279657244682312012e-01
-7.891422510147094727e-01 9.872629642486572266e-01 1.391536355018615723e+00 -1.651884794235229492e+00 1.686114192008972168e+00 -1.513400197029113770e+00 -1.291557103395462036e-01 -2.381897449493408203e+00 1.789900660514831543e+00 3.164169937372207642e-02 -1.126122474670410156e+00 -1.374203681945800781e+00 -3.973469138145446777e-02 2.463955134153366089e-01 1.953300476074218750e+00 9.039211273193359375e-01 2.113804101943969727e+00 -5.744240283966064453e-01 -1.163295865058898926e+00 -5.109710693359375000e-01
-7.831324338912963867e-01 9.179853200912475586e-01 1.433810472488403320e+00 -1.586786150932312012e+00 1.696563363075256348e+00 -1.515127182006835938e+00 -7.542856037616729736e-02 -2.381191730499267578e+00 1.783565998077392578e+00 5.247406661510467529e-02 -1.208894371986389160e+00 -1.434592962265014648e+00 -1.121557876467704773e-02 1.840142011642456055e-01 1.999391078948974609e+00 8.805664777755737305e-01 2.084433794021606445e+00 -5.522276759147644043e-01 -1.173761844635009766e+00 -4.757705032825469971e-01
-7.845970988273620605e-01 8.713729381561279297e-01 1.477842688560485840e+00 -1.518797278404235840e+00 1.705335259437561035e+00 -1.527923822402954102e+00 -4.605025053024291992e-02 -2.368175506591796875e+00 1.779922366142272949e+00 5.648320913314819336e-02 -1.264595270156860352e+00 -1.464558839797973633e+00 8.955640718340873718e-03 1.489785909652709961e-01 2.025106191635131836e+00 8.578758835792541504e-01 2.044556140899658203e+00 -5.354033708572387695e-01 -1.177187561988830566e+00 -4.406349062919616699e-01
-7.803013324737548828e-01 8.383792638778686523e-01 1.506059646606445312e+00 -1.450787186622619629e+00 1.711833357810974121e+00 -1.538405537605285645e+00 -3.050298243761062622e-02 -2.343035936355590820e+00 1.774601459503173828e+00 5.150857567787170410e-02 -1.298061490058898926e+00 -1.472492575645446777e+00 3.490794822573661804e-02 1.238538995385169983e-01 2.037376165390014648e+00 8.291261792182922363e-01 1.994347333908081055e+00 -5.268447399139404297e-01 -1.164025783538818359e+00 -4.024949073791503906e-01
-7.729981541633605957e-01 8.233857154846191406e-01 1.532317161560058594e+00 -1.380385875701904297e+00 1.733449220657348633e+00 -1.553677558898925781e+00 -3.573447465896606445e-02 -2.308991909027099609e+00 1.773691415786743164e+00 3.382950276136398315e-02 -1.314355492591857910e+00 -1.464114069938659668e+00 6.655264645814895630e-02 1.033780872821807861e-01 2.046190261840820312e+00 7.903173565864562988e-01 1.933306455612182617e+00 -5.290628075599670410e-01 -1.139224529266357422e+00 -3.541475832462310791e-01
-7.504672408103942871e-01 8.125104308128356934e-01 1.549623012542724609e+00 -1.284824848175048828e+00 1.774202108383178711e+00 -1.568989992141723633e+00 -6.884378194808959961e-02 -2.247207641601562500e+00 1.771852850914001465e+00 7.452517747879028320e-03 -1.307388782501220703e+00 -1.433925747871398926e+00 1.194126456975936890e-01 8.054739236831665039e-02 2.051826238632202148e+00 7.422907352447509766e-01 1.847942709922790527e+00 -5.380437374114990234e-01 -1.089882135391235352e+00 -2.865198254585266113e-01
-6.956976652145385742e-01 8.212661147117614746e-01 1.556257009506225586e+00 -1.128671765327453613e+00 1.849529147148132324e+00 -1.589997887611389160e+00 -1.624324917793273926e-01 -2.118652343750000000e+00 1.771460056304931641e+00 -4.066691920161247253e-02 -1.257396578788757324e+00 -1.343037366867065430e+00 2.078111916780471802e-01 4.742869734764099121e-02 2.048259019851684570e+00 6.969212293624877930e-01 1.699826002120971680e+00 -5.518653392791748047e-01 -9.902950525283813477e-01 -2.096060812473297119e-01
-6.168946623802185059e-01 8.695099353790283203e-01 1.579117536544799805e+00 -9.025339484214782715e-01 1.933039426803588867e+00 -1.545298576354980469e+00 -4.035765230655670166e-01 -1.842080831527709961e+00 1.749448776245117188e+00 -1.334714144468307495e-01 -1.125355124473571777e+00 -1.165447235107421875e+00 2.612235248088836670e-01 2.539079636335372925e-02 1.959338068962097168e+00 6.542226076126098633e-01 1.477395057678222656e+00 -5.309436321258544922e-01 -8.875494599342346191e-01 -1.097968667745590210e-01
-5.004248023033142090e-01 1.037058830261230469e+00 1.561536669731140137e+00 -7.509967088699340820e-01 1.944034934043884277e+00 -1.484660029411315918e+00 -7.821493744850158691e-01 -1.419569611549377441e+00 1.739826440811157227e+00 -3.036165237426757812e-01 -8.250281810760498047e-01 -8.491839170455932617e-01 1.386495828628540039e-01 5.982180684804916382e-02 1.783422827720642090e+00 6.832332015037536621e-01 1.244484543800354004e+00 -4.985980689525604248e-01 -7.907041311264038086e-01 -3.251040354371070862e-02
-4.784385263919830322e-01 1.281366825103759766e+00 1.496500134468078613e+00 -8.026909828186035156e-01 1.962856650352478027e+00 -1.382263779640197754e+00 -1.063363194465637207e+00 -1.156160950660705566e+00 1.753168225288391113e+00 -5.008257627487182617e-01 -6.045850515365600586e-01 -5.497320890426635742e-01 -1.411127671599388123e-02 1.396337896585464478e-01 1.671191692352294922e+00 7.827398777008056641e-01 1.163345098495483398e+00 -4.633790552616119385e-01 -7.260766625404357910e-01 -1.081721484661102295e-01
-5.256202816963195801e-01 1.369019150733947754e+00 1.448903203010559082e+00 -9.040772914886474609e-01 1.991478443145751953e+00 -1.310707569122314453e+00 -1.190815091133117676e+00 -1.106809854507446289e+00 1.762053728103637695e+00 -5.892139673233032227e-01 -5.234800577163696289e-01 -4.463414549827575684e-01 -1.191076934337615967e-01 2.636450827121734619e-01 1.623679518699645996e+00 9.067884683609008789e-01 1.227331757545471191e+00 -4.248710274696350098e-01 -7.250345945358276367e-01 -1.688589155673980713e-01
-5.382952094078063965e-01 1.335347890853881836e+00 1.346407532691955566e+00 -1.014859437942504883e+00 1.975345373153686523e+00 -1.281634092330932617e+00 -1.109596848487854004e+00 -1.206036925315856934e+00 1.736799120903015137e+00 -5.445151329040527344e-01 -5.398113727569580078e-01 -4.589090049266815186e-01 -1.609684079885482788e-01 3.975346088409423828e-01 1.557809948921203613e+00 9.343914985656738281e-01 1.367448568344116211e+00 -4.408504962921142578e-01 -7.249598503112792969e-01 -2.525395750999450684e-01
-5.855748057365417480e-01 1.244913220405578613e+00 1.250534176826477051e+00 -1.136185407638549805e+00 1.920511841773986816e+00 -1.304248213768005371e+00 -8.623531460762023926e-01 -1.456836819648742676e+00 1.687795996665954590e+00 -4.222871959209442139e-01 -6.990632414817810059e-01 -5.708861351013183594e-01 -1.581781804561614990e-01 4.965926408767700195e-01 1.560797572135925293e+00 8.819102048873901367e-01 1.547123670578002930e+00 -5.019853711128234863e-01 -7.476992011070251465e-01 -3.567705154418945312e-01
-6.756602525711059570e-01 1.125895619392395020e+00 1.200993061065673828e+00 -1.255923271179199219e+00 1.834759593009948730e+00 -1.321618556976318359e+00 -5.733796954154968262e-01 -1.794141173362731934e+00 1.637275218963623047e+00 -2.402500957250595093e-01 -9.163469076156616211e-01 -8.112506866455078125e-01 -1.401438117027282715e-01 5.208268165588378906e-01 1.612987041473388672e+00 7.932745218276977539e-01 1.752764821052551270e+00 -5.578860640525817871e-01 -8.306967020034790039e-01 -4.243665933609008789e-01
-7.505028247833251953e-01 1.073619246482849121e+00 1.251774549484252930e+00 -1.390346646308898926e+00 1.760201930999755859e+00 -1.357423186302185059e+00 -3.369601666927337646e-01 -2.055846691131591797e+00 1.626907467842102051e+00 -1.104037687182426453e-01 -1.084090590476989746e+00 -1.014605045318603516e+00 -1.474671512842178345e-01 4.904320240020751953e-01 1.688987255096435547e+00 7.369102239608764648e-01 1.898996233940124512e+00 -5.920714139938354492e-01 -9.514326453208923340e-01 -5.124858021736145020e-01
-8.211399912834167480e-01 1.068813443183898926e+00 1.318262934684753418e+00 -1.486525893211364746e+00 1.750112771987915039e+00 -1.418715953826904297e+00 -2.135103344917297363e-01 -2.230267524719238281e+00 1.668468475341796875e+00 -7.470019906759262085e-02 -1.198028206825256348e+00 -1.151301145553588867e+00 -1.683594137430191040e-01 4.594827294349670410e-01 1.788652539253234863e+00 7.596006393432617188e-01 2.002212762832641602e+00 -6.124388575553894043e-01 -1.047400712966918945e+00 -5.492438077926635742e-01
-8.633811473846435547e-01 1.073351144790649414e+00 1.375117421150207520e+00 -1.515527248382568359e+00 1.744302988052368164e+00 -1.479244470596313477e+00 -1.510374844074249268e-01 -2.334066629409790039e+00 1.697215557098388672e+00 -5.394152179360389709e-02 -1.258013725280761719e+00 -1.237352252006530762e+00 -1.673724800348281860e-01 4.270502924919128418e-01 1.852265715599060059e+00 7.777130007743835449e-01 2.045548439025878906e+00 -6.237204670906066895e-01 -1.105085372924804688e+00 -5.609906911849975586e-01
-8.960400819778442383e-01 1.075385212898254395e+00 1.424994230270385742e+00 -1.504022002220153809e+00 1.744194626808166504e+00 -1.534460186958312988e+00 -1.197542250156402588e-01 -2.394141912460327148e+00 1.716287970542907715e+00 -4.649784415960311890e-02 -1.291106581687927246e+00 -1.290706753730773926e+00 -1.580017656087875366e-01 4.112864136695861816e-01 1.889426589012145996e+00 7.853394746780395508e-01 2.059091567993164062e+00 -6.272227168083190918e-01 -1.138596534729003906e+00 -5.491374731063842773e-01
-9.267325401306152344e-01 1.087265491485595703e+00 1.477985501289367676e+00 -1.465062141418457031e+00 1.747286677360534668e+00 -1.583963513374328613e+00 -1.018471419811248779e-01 -2.422321796417236328e+00 1.734182596206665039e+00 -6.108936294913291931e-02 -1.327728033065795898e+00 -1.324342966079711914e+00 -1.442881971597671509e-01 3.877873420715332031e-01 1.925809264183044434e+00 7.779417634010314941e-01 2.042183876037597656e+00 -6.325522661209106445e-01 -1.159452319145202637e+00 -5.209920406341552734e-01
-9.570845961570739746e-01 1.116807818412780762e+00 1.545534133911132812e+00 -1.387602090835571289e+00 1.763221025466918945e+00 -1.644369125366210938e+00 -9.639480710029602051e-02 -2.429341077804565430e+00 1.760214328765869141e+00 -9.453746676445007324e-02 -1.374539494514465332e+00 -1.348218441009521484e+00 -1.241570413112640381e-01 3.507851958274841309e-01 1.965002894401550293e+00 7.515390515327453613e-01 1.991891860961914062e+00 -6.409494280815124512e-01 -1.174064755439758301e+00 -4.798491299152374268e-01
-9.816032648086547852e-01 1.194872021675109863e+00 1.646946072578430176e+00 -1.251041769981384277e+00 1.814349651336669922e+00 -1.738779067993164062e+00 -1.218479797244071960e-01 -2.414871454238891602e+00 1.807424902915954590e+00 -1.591816246509552002e-01 -1.424558639526367188e+00 -1.362449407577514648e+00 -8.844874799251556396e-02 2.734410166740417480e-01 2.015205860137939453e+00 7.146141529083251953e-01 1.890319705009460449e+00 -6.548067927360534668e-01 -1.181628227233886719e+00 -4.365424811840057373e-01
-9.941318035125732422e-01 1.308308482170104980e+00 1.779292464256286621e+00 -1.043834924697875977e+00 1.892861485481262207e+00 -1.833963274955749512e+00 -1.946470737457275391e-01 -2.325149297714233398e+00 1.858610153198242188e+00 -2.703071832656860352e-01 -1.444962859153747559e+00 -1.332965135574340820e+00 -4.665832221508026123e-02 1.557045876979827881e-01 2.075647830963134766e+00 6.847066879272460938e-01 1.708486676216125488e+00 -6.727921962738037109e-01 -1.174622416496276855e+00 -3.763574063777923584e-01
-9.672273397445678711e-01 1.449322700500488281e+00 1.894471049308776855e+00 -7.657055854797363281e-01 1.994472980499267578e+00 -1.868994951248168945e+00 -3.602896332740783691e-01 -2.093004465103149414e+00 1.885370492935180664e+00 -4.368700683116912842e-01 -1.378674149513244629e+00 -1.213611841201782227e+00 -4.571240395307540894e-03 1.197927817702293396e-02 2.094818353652954102e+00 6.835226416587829590e-01 1.434729337692260742e+00 -6.694972515106201172e-01 -1.120760321617126465e+00 -3.261255621910095215e-01
-9.194474220275878906e-01 1.575532078742980957e+00 1.982614517211914062e+00 -5.214686989784240723e-01 2.019942998886108398e+00 -1.765033006668090820e+00 -6.332222223281860352e-01 -1.723858118057250977e+00 1.828200221061706543e+00 -6.135904788970947266e-01 -1.231659531593322754e+00 -1.023957967758178711e+00 -5.040578544139862061e-02 -1.097436547279357910e-01 2.019863843917846680e+00 7.251378297805786133e-01 1.159046053886413574e+00 -5.821735858917236328e-01 -1.082971215248107910e+00 -3.087238669395446777e-01
-9.104658365249633789e-01 1.662262558937072754e+00 1.974396705627441406e+00 -4.335612952709197998e-01 1.967472672462463379e+00 -1.623253822326660156e+00 -8.924040198326110840e-01 -1.445325016975402832e+00 1.756246805191040039e+00 -7.497724294662475586e-01 -1.061346769332885742e+00 -8.740090727806091309e-01 -1.891569495201110840e-01 -1.580630689859390259e-01 1.940228700637817383e+00 7.786958813667297363e-01 1.030397772789001465e+00 -4.884157180786132812e-01 -1.072234272956848145e+00 -2.553363740444183350e-01
-9.484966397285461426e-01 1.731461405754089355e+00 1.967709422111511230e+00 -4.689888358116149902e-01 1.919145345687866211e+00 -1.546440839767456055e+00 -1.044502496719360352e+00 -1.310031056404113770e+00 1.713586926460266113e+00 -8.605409264564514160e-01 -9.357050061225891113e-01 -7.293110489845275879e-01 -2.532771825790405273e-01 -1.311524510383605957e-01 1.935620665550231934e+00 8.762069940567016602e-01 9.652833938598632812e-01 -4.608217775821685791e-01 -1.058191657066345215e+00 -2.598972916603088379e-01
-9.996064305305480957e-01 1.774711370468139648e+00 1.928143739700317383e+00 -5.028394460678100586e-01 1.861253738403320312e+00 -1.496624350547790527e+00 -1.106590986251831055e+00 -1.251105070114135742e+00 1.661808133125305176e+00 -9.415322542190551758e-01 -8.664718866348266602e-01 -6.114189624786376953e-01 -2.779881060123443604e-01 -6.092861294746398926e-02 1.922842502593994141e+00 9.319142103195190430e-01 9.230980277061462402e-01 -4.599103033542633057e-01 -1.019802689552307129e+00 -2.746062278747558594e-01
-1.072775959968566895e+00 1.799812316894531250e+00 1.858794450759887695e+00 -5.316685438156127930e-01 1.796110630035400391e+00 -1.468884468078613281e+00 -1.108441352844238281e+00 -1.256604194641113281e+00 1.608292102813720703e+00 -1.004674077033996582e+00 -8.452234864234924316e-01 -5.267572999000549316e-01 -2.775859236717224121e-01 4.745222628116607666e-02 1.900419831275939941e+00 9.563911557197570801e-01 9.165831208229064941e-01 -4.757888913154602051e-01 -9.670603275299072266e-01 -2.845675945281982422e-01
-1.177041530609130859e+00 1.806377649307250977e+00 1.752853870391845703e+00 -5.692455172538757324e-01 1.715934753417968750e+00 -1.442967772483825684e+00 -1.054341793060302734e+00 -1.320592403411865234e+00 1.544068932533264160e+00 -1.058379411697387695e+00 -8.462364077568054199e-01 -4.536319673061370850e-01 -2.740299105644226074e-01 1.876767128705978394e-01 1.862995862960815430e+00 9.669203758239746094e-01 9.375770092010498047e-01 -5.166746377944946289e-01 -9.033113718032836914e-01 -3.029816746711730957e-01
-1.279547452926635742e+00 1.791589498519897461e+00 1.633844017982482910e+00 -6.324546337127685547e-01 1.613764762878417969e+00 -1.412402749061584473e+00 -9.602687954902648926e-01 -1.409435868263244629e+00 1.474262833595275879e+00 -1.085839748382568359e+00 -8.583100438117980957e-01 -3.942968547344207764e-01 -2.734646797180175781e-01 3.381248712539672852e-01 1.816294074058532715e+00 9.639047384262084961e-01 9.747975468635559082e-01 -5.533582568168640137e-01 -8.438063859939575195e-01 -3.352160453796386719e-01
-1.393459081649780273e+00 1.808988690376281738e+00 1.590691328048706055e+00 -7.477853894233703613e-01 1.600613474845886230e+00 -1.421499490737915039e+00 -8.794898986816406250e-01 -1.543577909469604492e+00 1.473707437515258789e+00 -1.128098487854003906e+00 -8.959203958511352539e-01 -3.788209557533264160e-01 -2.780624628067016602e-01 4.735639095306396484e-01 1.834310293197631836e+00 1.012736916542053223e+00 1.074178695678710938e+00 -5.885341167449951172e-01 -8.406209349632263184e-01 -3.730341494083404541e-01
-1.502570748329162598e+00 1.805764555931091309e+00 1.556295752525329590e+00 -8.550382256507873535e-01 1.595468401908874512e+00 -1.418986201286315918e+00 -8.307250142097473145e-01 -1.644488215446472168e+00 1.468942642211914062e+00 -1.163645267486572266e+00 -9.216858148574829102e-01 -3.570318818092346191e-01 -2.801582217216491699e-01 5.949292778968811035e-01 1.858823060989379883e+00 1.076467037200927734e+00 1.156977534294128418e+00 -6.180857419967651367e-01 -8.374690413475036621e-01 -3.931418955326080322e-01
-1.604686260223388672e+00 1.803868055343627930e+00 1.552087426185607910e+00 -9.331811070442199707e-01 1.589244127273559570e+00 -1.393413543701171875e+00 -8.602426052093505859e-01 -1.668407917022705078e+00 1.456194758415222168e+00 -1.210112571716308594e+00 -9.275700449943542480e-01 -3.145471215248107910e-01 -3.110527694225311279e-01 7.004451155662536621e-01 1.870847702026367188e+00 1.152429699897766113e+00 1.207950472831726074e+00 -6.092940568923950195e-01 -8.500751852989196777e-01 -3.847753107547760010e-01
-1.691162824630737305e+00 1.819030404090881348e+00 1.580624580383300781e+00 -9.808980226516723633e-01 1.581145763397216797e+00 -1.330823779106140137e+00 -9.945214390754699707e-01 -1.595766544342041016e+00 1.432884335517883301e+00 -1.265856027603149414e+00 -9.031918048858642578e-01 -2.621568143367767334e-01 -3.844113647937774658e-01 7.788076996803283691e-01 1.870078921318054199e+00 1.254503607749938965e+00 1.243866324424743652e+00 -5.452839732170104980e-01 -8.906853199005126953e-01 -3.528079390525817871e-01
-1.708566069602966309e+00 1.896948218345642090e+00 1.637941718101501465e+00 -1.025254964828491211e+00 1.643232107162475586e+00 -1.245117664337158203e+00 -1.245176672935485840e+00 -1.445346236228942871e+00 1.469437956809997559e+00 -1.312701463699340820e+00 -8.277325630187988281e-01 -2.434883415699005127e-01 -4.504917860031127930e-01 7.865573763847351074e-01 1.903498291969299316e+00 1.396305441856384277e+00 1.316935539245605469e+00 -4.413573443889617920e-01 -9.607230424880981445e-01 -3.227291107177734375e-01
-1.625020861625671387e+00 1.937803626060485840e+00 1.756639242172241211e+00 -1.074829936027526855e+00 1.766586899757385254e+00 -1.140877604484558105e+00 -1.562837600708007812e+00 -1.216203451156616211e+00 1.571602225303649902e+00 -1.312373399734497070e+00 -7.314820289611816406e-01 -2.358532249927520752e-01 -5.116776227951049805e-01 6.855837106704711914e-01 1.966370463371276855e+00 1.538400173187255859e+00 1.367283105850219727e+00 -2.786968350410461426e-01 -1.057173132896423340e+00 -2.892993092536926270e-01
-1.430249929428100586e+00 1.899231314659118652e+00 1.839284658432006836e+00 -1.111877799034118652e+00 1.839989781379699707e+00 -1.007012128829956055e+00 -1.772008061408996582e+00 -9.952336549758911133e-01 1.670750498771667480e+00 -1.210709571838378906e+00 -6.300569176673889160e-01 -2.947876453399658203e-01 -5.616953372955322266e-01 4.524332284927368164e-01 2.008261203765869141e+00 1.590792655944824219e+00 1.376523494720458984e+00 -1.127914339303970337e-01 -1.156647443771362305e+00 -2.702003717422485352e-01
-1.233771920204162598e+00 1.832348227500915527e+00 1.869381546974182129e+00 -1.137463927268981934e+00 1.881837368011474609e+00 -9.110119342803955078e-01 -1.854037880897521973e+00 -8.692851066589355469e-01 1.762840509414672852e+00 -1.079367160797119141e+00 -5.526654124259948730e-01 -4.080993831157684326e-01 -5.898554325103759766e-01 1.993381530046463013e-01 2.013231754302978516e+00 1.598464369773864746e+00 1.405120730400085449e+00 -8.290752768516540527e-03 -1.240996599197387695e+00 -2.643782198429107666e-01
-1.107277274131774902e+00 1.797962784767150879e+00 1.900794982910156250e+00 -1.176962614059448242e+00 1.967163562774658203e+00 -8.755791187286376953e-01 -1.892351150512695312e+00 -8.527911305427551270e-01 1.862190961837768555e+00 -9.865940213203430176e-01 -5.208370089530944824e-01 -5.180324316024780273e-01 -6.156008243560791016e-01 2.422572299838066101e-02 2.065756320953369141e+00 1.626946687698364258e+00 1.477687001228332520e+00 3.017831966280937195e-02 -1.317899823188781738e+00 -2.904582023620605469e-01
-1.026648402214050293e+00 1.768478631973266602e+00 1.917496562004089355e+00 -1.186956167221069336e+00 2.021334886550903320e+00 -8.658691644668579102e-01 -1.892348170280456543e+00 -8.468295335769653320e-01 1.937859416007995605e+00 -9.416819810867309570e-01 -5.104670524597167969e-01 -5.853796005249023438e-01 -6.180477142333984375e-01 -7.690438628196716309e-02 2.110525846481323242e+00 1.638517975807189941e+00 1.524763107299804688e+00 4.663175716996192932e-02 -1.348816037178039551e+00 -3.088679909706115723e-01
-9.704956412315368652e-01 1.748531222343444824e+00 1.921090722084045410e+00 -1.190484881401062012e+00 2.046386718750000000e+00 -8.562980890274047852e-01 -1.884554624557495117e+00 -8.403433561325073242e-01 1.985136747360229492e+00 -9.143182039260864258e-01 -5.045276284217834473e-01 -6.285955309867858887e-01 -6.204704046249389648e-01 -1.469451636075973511e-01 2.134173631668090820e+00 1.639060735702514648e+00 1.550608992576599121e+00 5.806190147995948792e-02 -1.366632699966430664e+00 -3.195149004459381104e-01
-9.345054626464843750e-01 1.737070202827453613e+00 1.923902153968811035e+00 -1.191341161727905273e+00 2.055703639984130859e+00 -8.500708341598510742e-01 -1.875789523124694824e+00 -8.345311284065246582e-01 2.016406536102294922e+00 -9.029324650764465332e-01 -5.088831186294555664e-01 -6.561684012413024902e-01 -6.288145780563354492e-01 -1.934949904680252075e-01 2.149527549743652344e+00 1.632287144660949707e+00 1.564870595932006836e+00 6.971114873886108398e-02 -1.380701184272766113e+00 -3.208028674125671387e-01
-9.222269058227539062e-01 1.736010313034057617e+00 1.932453036308288574e+00 -1.179147005081176758e+00 2.055199861526489258e+00 -8.483864068984985352e-01 -1.870489597320556641e+00 -8.269210457801818848e-01 2.035602569580078125e+00 -9.107896089553833008e-01 -5.163297653198242188e-01 -6.694407463073730469e-01 -6.369125843048095703e-01 -2.281966954469680786e-01 2.158941268920898438e+00 1.623788237571716309e+00 1.559462070465087891e+00 7.841250300407409668e-02 -1.392173290252685547e+00 -3.125767111778259277e-01
-9.317404627799987793e-01 1.740749478340148926e+00 1.950635313987731934e+00 -1.151142358779907227e+00 2.047350645065307617e+00 -8.517799377441406250e-01 -1.867349267005920410e+00 -8.173868060111999512e-01 2.042566537857055664e+00 -9.348636269569396973e-01 -5.292301774024963379e-01 -6.720893383026123047e-01 -6.454315185546875000e-01 -2.551899552345275879e-01 2.164151191711425781e+00 1.612122058868408203e+00 1.533898115158081055e+00 8.547328412532806396e-02 -1.403299093246459961e+00 -2.938201427459716797e-01
-9.601777195930480957e-01 1.748364329338073730e+00 1.977658152580261230e+00 -1.113307952880859375e+00 2.034675598144531250e+00 -8.606927394866943359e-01 -1.863885164260864258e+00 -8.114055395126342773e-01 2.037000179290771484e+00 -9.663359522819519043e-01 -5.511264801025390625e-01 -6.719425916671752930e-01 -6.552249193191528320e-01 -2.746073007583618164e-01 2.169834375381469727e+00 1.596347332000732422e+00 1.496199965476989746e+00 8.919404447078704834e-02 -1.415984153747558594e+00 -2.672768533229827881e-01
-1.000083923339843750e+00 1.755333781242370605e+00 2.008847475051879883e+00 -1.080784797668457031e+00 2.020087003707885742e+00 -8.744874000549316406e-01 -1.856601834297180176e+00 -8.173183798789978027e-01 2.020336151123046875e+00 -9.914703965187072754e-01 -5.877254009246826172e-01 -6.795948147773742676e-01 -6.697871685028076172e-01 -2.829712033271789551e-01 2.182680130004882812e+00 1.575312495231628418e+00 1.463720202445983887e+00 8.879561722278594971e-02 -1.432623147964477539e+00 -2.384940832853317261e-01
-1.037913322448730469e+00 1.750654935836791992e+00 2.038616657257080078e+00 -1.045044779777526855e+00 2.002503156661987305e+00 -8.852559328079223633e-01 -1.840289115905761719e+00 -8.242269158363342285e-01 1.991293907165527344e+00 -1.008655190467834473e+00 -6.276015043258666992e-01 -6.883532404899597168e-01 -6.848312616348266602e-01 -2.887941002845764160e-01 2.187386274337768555e+00 1.550149083137512207e+00 1.430006384849548340e+00 9.043887257575988770e-02 -1.449041843414306641e+00 -2.144269794225692749e-01
-1.064190983772277832e+00 1.739589929580688477e+00 2.065798997879028320e+00 -1.023869872093200684e+00 1.983421206474304199e+00 -8.966976404190063477e-01 -1.805967330932617188e+00 -8.383418321609497070e-01 1.961731791496276855e+00 -1.015436172485351562e+00 -6.638172864913940430e-01 -6.993963718414306641e-01 -7.015963792800903320e-01 -2.938651442527770996e-01 2.186841011047363281e+00 1.527017354965209961e+00 1.406139612197875977e+00 9.231126308441162109e-02 -1.468466281890869141e+00 -2.091031074523925781e-01
-1.083054423332214355e+00 1.715826749801635742e+00 2.085702896118164062e+00 -1.004013657569885254e+00 1.959782600402832031e+00 -8.982260227203369141e-01 -1.767475128173828125e+00 -8.480930924415588379e-01 1.925773262977600098e+00 -1.011705398559570312e+00 -6.952937245368957520e-01 -7.122957110404968262e-01 -7.162684202194213867e-01 -3.020281195640563965e-01 2.182062864303588867e+00 1.505587458610534668e+00 1.383922457695007324e+00 9.724141657352447510e-02 -1.485614061355590820e+00 -2.070428431034088135e-01
-1.094963550567626953e+00 1.683303236961364746e+00 2.098582267761230469e+00 -9.879774451255798340e-01 1.933441281318664551e+00 -8.899016380310058594e-01 -1.728330969810485840e+00 -8.536363840103149414e-01 1.887544155120849609e+00 -9.997165203094482422e-01 -7.209395170211791992e-01 -7.269437909126281738e-01 -7.295255661010742188e-01 -3.137693405151367188e-01 2.175496816635131836e+00 1.488593220710754395e+00 1.366008043289184570e+00 1.053536832332611084e-01 -1.501398563385009766e+00 -2.087288498878479004e-01
-1.101000070571899414e+00 1.645476937294006348e+00 2.105250120162963867e+00 -9.780449867248535156e-01 1.904878020286560059e+00 -8.728793859481811523e-01 -1.689696788787841797e+00 -8.559032678604125977e-01 1.849752187728881836e+00 -9.817515015602111816e-01 -7.403534650802612305e-01 -7.428591251373291016e-01 -7.422734498977661133e-01 -3.286612629890441895e-01 2.168712377548217773e+00 1.477423071861267090e+00 1.353693962097167969e+00 1.162808239459991455e-01 -1.516734242439270020e+00 -2.146157175302505493e-01
-1.106510639190673828e+00 1.609130978584289551e+00 2.110970735549926758e+00 -9.811956882476806641e-01 1.877756714820861816e+00 -8.503941297531127930e-01 -1.654607176780700684e+00 -8.575438857078552246e-01 1.818876028060913086e+00 -9.648033976554870605e-01 -7.541955113410949707e-01 -7.568070292472839355e-01 -7.576848268508911133e-01 -3.373746275901794434e-01 2.160795927047729492e+00 1.471453666687011719e+00 1.351111769676208496e+00 1.304038912057876587e-01 -1.532973051071166992e+00 -2.226348668336868286e-01
-1.109277486801147461e+00 1.580623149871826172e+00 2.114058017730712891e+00 -9.960323572158813477e-01 1.854982376098632812e+00 -8.273847103118896484e-01 -1.623968482017517090e+00 -8.641433119773864746e-01 1.794061183929443359e+00 -9.449357390403747559e-01 -7.623915672302246094e-01 -7.699294686317443848e-01 -7.729349136352539062e-01 -3.433015942573547363e-01 2.154850482940673828e+00 1.470127820968627930e+00 1.356020569801330566e+00 1.398642361164093018e-01 -1.550190925598144531e+00 -2.362862378358840942e-01
-1.107612133026123047e+00 1.561603307723999023e+00 2.111844778060913086e+00 -1.024047136306762695e+00 1.835925698280334473e+00 -8.040884733200073242e-01 -1.598835706710815430e+00 -8.755642175674438477e-01 1.776149868965148926e+00 -9.216578006744384766e-01 -7.621054649353027344e-01 -7.810541391372680664e-01 -7.871600389480590820e-01 -3.461496829986572266e-01 2.150349855422973633e+00 1.474390745162963867e+00 1.368850231170654297e+00 1.434467434883117676e-01 -1.566795825958251953e+00 -2.562988698482513428e-01
-1.097667098045349121e+00 1.550718069076538086e+00 2.098258972167968750e+00 -1.067342877388000488e+00 1.817391276359558105e+00 -7.776737213134765625e-01 -1.581092953681945801e+00 -8.872222304344177246e-01 1.766744375228881836e+00 -8.950119614601135254e-01 -7.468419671058654785e-01 -7.874774932861328125e-01 -7.990419864654541016e-01 -3.453168869018554688e-01 2.144541501998901367e+00 1.486707806587219238e+00 1.390956997871398926e+00 1.430674493312835693e-01 -1.578488469123840332e+00 -2.822074890136718750e-01
-1.068585157394409180e+00 1.558485150337219238e+00 2.064582586288452148e+00 -1.134841442108154297e+00 1.810033082962036133e+00 -7.523168325424194336e-01 -1.578709840774536133e+00 -9.016553759574890137e-01 1.776833891868591309e+00 -8.645267486572265625e-01 -7.072134017944335938e-01 -7.853758931159973145e-01 -8.060257434844970703e-01 -3.358507156372070312e-01 2.132508754730224609e+00 1.511674046516418457e+00 1.434958934783935547e+00 1.360855549573898315e-01 -1.579956054687500000e+00 -3.244401514530181885e-01
-1.017300248146057129e+00 1.618019461631774902e+00 1.991089940071105957e+00 -1.255254268646240234e+00 1.833293676376342773e+00 -7.431322336196899414e-01 -1.611497163772583008e+00 -9.407136440277099609e-01 1.827091336250305176e+00 -8.210647702217102051e-01 -6.321481466293334961e-01 -7.838840484619140625e-01 -7.972617149353027344e-01 -3.021631836891174316e-01 2.128834724426269531e+00 1.559340119361877441e+00 1.534125924110412598e+00 9.938456118106842041e-02 -1.559996247291564941e+00 -3.960040211677551270e-01
-9.194093942642211914e-01 1.701853394508361816e+00 1.858164906501770020e+00 -1.401508092880249023e+00 1.870698094367980957e+00 -7.533706426620483398e-01 -1.671711802482604980e+00 -9.760941863059997559e-01 1.905556678771972656e+00 -7.654337882995605469e-01 -5.221279859542846680e-01 -7.606793045997619629e-01 -7.653739452362060547e-01 -2.248279899358749390e-01 2.099975824356079102e+00 1.592715024948120117e+00 1.662086009979248047e+00 4.396489635109901428e-02 -1.486933827400207520e+00 -4.619462788105010986e-01
