-1.635515570640563965e+00 2.153542280197143555e+00 1.573211908340454102e+00 -1.482116580009460449e+00 1.485604763031005859e+00 -1.202932596206665039e+00 -9.924896955490112305e-01 -1.687191843986511230e+00 1.647291660308837891e+00 -1.146318435668945312e+00 -9.391439557075500488e-01 -2.496612519025802612e-01 -7.207561731338500977e-01 7.203085422515869141e-01 1.659218907356262207e+00 1.287307262420654297e+00 1.493831396102905273e+00 -4.312641024589538574e-01 -1.143035531044006348e+00 -9.287930727005004883e-01
-1.593025207519531250e+00 2.219842433929443359e+00 1.543657302856445312e+00 -1.434084534645080566e+00 1.512257099151611328e+00 -1.310515522956848145e+00 -9.950728416442871094e-01 -1.722048163414001465e+00 1.659925341606140137e+00 -1.154419898986816406e+00 -9.175810813903808594e-01 -1.967435479164123535e-01 -6.788300275802612305e-01 7.722854018211364746e-01 1.600718855857849121e+00 1.195493817329406738e+00 1.438761353492736816e+00 -5.038418769836425781e-01 -1.063182473182678223e+00 -9.180126190185546875e-01
-1.531089782714843750e+00 2.249469757080078125e+00 1.528586030006408691e+00 -1.374529719352722168e+00 1.576581835746765137e+00 -1.394589543342590332e+00 -9.882126450538635254e-01 -1.761421322822570801e+00 1.679464459419250488e+00 -1.136658430099487305e+00 -9.148483872413635254e-01 -1.808192729949951172e-01 -6.259307861328125000e-01 7.606693506240844727e-01 1.589181661605834961e+00 1.109955549240112305e+00 1.388812661170959473e+00 -5.674092769622802734e-01 -1.005616903305053711e+00 -9.009786248207092285e-01
-1.469725489616394043e+00 2.244911670684814453e+00 1.517259001731872559e+00 -1.282555222511291504e+00 1.643331408500671387e+00 -1.443722844123840332e+00 -9.840512275695800781e-01 -1.780487298965454102e+00 1.688742756843566895e+00 -1.109758853912353516e+00 -9.293340444564819336e-01 -1.875187754631042480e-01 -5.811436176300048828e-01 7.193325757980346680e-01 1.577660679817199707e+00 1.028484702110290527e+00 1.336054563522338867e+00 -6.052197813987731934e-01 -9.640529751777648926e-01 -8.727370500564575195e-01
-1.408160328865051270e+00 2.199809074401855469e+00 1.517048001289367676e+00 -1.136954903602600098e+00 1.724532008171081543e+00 -1.455526947975158691e+00 -9.928036332130432129e-01 -1.768050909042358398e+00 1.693530082702636719e+00 -1.080118060111999512e+00 -9.722834229469299316e-01 -2.200199812650680542e-01 -5.454868078231811523e-01 6.452718973159790039e-01 1.562471270561218262e+00 9.527795314788818359e-01 1.276774764060974121e+00 -6.073064208030700684e-01 -9.387425184249877930e-01 -8.260139822959899902e-01
-1.327657341957092285e+00 2.098291635513305664e+00 1.536725163459777832e+00 -9.454293251037597656e-01 1.833162665367126465e+00 -1.415105700492858887e+00 -1.030572056770324707e+00 -1.707572221755981445e+00 1.671331048011779785e+00 -1.033120155334472656e+00 -1.034628033638000488e+00 -2.854412198066711426e-01 -5.094012618064880371e-01 5.217245221138000488e-01 1.571791172027587891e+00 8.830495476722717285e-01 1.210919737815856934e+00 -5.524190068244934082e-01 -9.321252107620239258e-01 -7.513422966003417969e-01
-1.231178760528564453e+00 1.908608794212341309e+00 1.564747095108032227e+00 -7.312881946563720703e-01 1.934508204460144043e+00 -1.357457518577575684e+00 -9.674271941184997559e-01 -1.643410801887512207e+00 1.657742857933044434e+00 -9.658862948417663574e-01 -1.132878422737121582e+00 -4.065141081809997559e-01 -4.498883783817291260e-01 3.302261829376220703e-01 1.629177212715148926e+00 8.173993229866027832e-01 1.118152618408203125e+00 -4.799498915672302246e-01 -9.239196181297302246e-01 -6.516615152359008789e-01
-1.113170385360717773e+00 1.624437212944030762e+00 1.602779865264892578e+00 -5.032541155815124512e-01 2.024651050567626953e+00 -1.256182432174682617e+00 -8.658029437065124512e-01 -1.512542009353637695e+00 1.657213449478149414e+00 -8.741412758827209473e-01 -1.235859394073486328e+00 -5.969673395156860352e-01 -3.556750714778900146e-01 7.190146297216415405e-02 1.747890114784240723e+00 8.047813773155212402e-01 1.040997266769409180e+00 -3.806530237197875977e-01 -9.189947843551635742e-01 -5.109601020812988281e-01
-1.023136854171752930e+00 1.375214815139770508e+00 1.790856599807739258e+00 -3.763781487941741943e-01 2.150856494903564453e+00 -1.182653427124023438e+00 -8.882650732994079590e-01 -1.334789514541625977e+00 1.761882781982421875e+00 -8.391730189323425293e-01 -1.294908046722412109e+00 -8.185887336730957031e-01 -2.779789268970489502e-01 -2.014544159173965454e-01 1.971437454223632812e+00 9.201654791831970215e-01 1.053627252578735352e+00 -2.372904866933822632e-01 -1.006586909294128418e+00 -3.039397597312927246e-01
-9.737401008605957031e-01 1.171045064926147461e+00 1.930964827537536621e+00 -3.793951869010925293e-01 2.203622102737426758e+00 -1.092110276222229004e+00 -9.443191885948181152e-01 -1.183495402336120605e+00 1.829292416572570801e+00 -8.219006061553955078e-01 -1.275784730911254883e+00 -9.656895399093627930e-01 -2.683932185173034668e-01 -3.699776530265808105e-01 2.123076438903808594e+00 1.054752349853515625e+00 1.131066560745239258e+00 -1.056569367647171021e-01 -1.107547640800476074e+00 -1.330399513244628906e-01
-9.697762727737426758e-01 1.064788103103637695e+00 2.019299983978271484e+00 -4.549082219600677490e-01 2.234340429306030273e+00 -9.907653927803039551e-01 -1.035189986228942871e+00 -1.083470463752746582e+00 1.852341771125793457e+00 -8.237385153770446777e-01 -1.226370930671691895e+00 -1.036775827407836914e+00 -3.259999454021453857e-01 -4.562689661979675293e-01 2.244116544723510742e+00 1.203757524490356445e+00 1.224533081054687500e+00 -1.419106498360633850e-02 -1.214625239372253418e+00 -5.254372954368591309e-02
-9.940894842147827148e-01 1.037258505821228027e+00 2.096851825714111328e+00 -5.755432844161987305e-01 2.234103918075561523e+00 -8.841647505760192871e-01 -1.167046308517456055e+00 -9.860848784446716309e-01 1.854288339614868164e+00 -8.511753082275390625e-01 -1.154443502426147461e+00 -1.042680740356445312e+00 -4.157514274120330811e-01 -4.925640225410461426e-01 2.340074062347412109e+00 1.371863722801208496e+00 1.303154230117797852e+00 5.601232498884201050e-02 -1.328875541687011719e+00 -3.138922899961471558e-02
-9.885903596878051758e-01 1.047505974769592285e+00 2.145004272460937500e+00 -7.158253788948059082e-01 2.222015142440795898e+00 -7.956756949424743652e-01 -1.300272226333618164e+00 -8.837348222732543945e-01 1.847047328948974609e+00 -8.725025057792663574e-01 -1.056752443313598633e+00 -9.937047362327575684e-01 -4.940330386161804199e-01 -5.057733058929443359e-01 2.406519889831542969e+00 1.520763397216796875e+00 1.355519890785217285e+00 9.480576217174530029e-02 -1.419036149978637695e+00 -4.436538368463516235e-02
-9.654266834259033203e-01 1.098972201347351074e+00 2.166675567626953125e+00 -8.751125931739807129e-01 2.171033859252929688e+00 -7.222958803176879883e-01 -1.460539698600769043e+00 -7.757456302642822266e-01 1.815560102462768555e+00 -8.718047738075256348e-01 -9.131501913070678711e-01 -9.046484827995300293e-01 -5.848695039749145508e-01 -4.815557003021240234e-01 2.428195953369140625e+00 1.648185610771179199e+00 1.394436359405517578e+00 1.059737652540206909e-01 -1.500980377197265625e+00 -7.138218730688095093e-02
-9.533228278160095215e-01 1.198168992996215820e+00 2.179928541183471680e+00 -1.036347508430480957e+00 2.115564107894897461e+00 -7.239823937416076660e-01 -1.618458628654479980e+00 -7.608782052993774414e-01 1.802330732345581055e+00 -8.190592527389526367e-01 -7.787861227989196777e-01 -8.350973129272460938e-01 -6.586857438087463379e-01 -4.087015390396118164e-01 2.432672023773193359e+00 1.725708603858947754e+00 1.443184256553649902e+00 6.065310537815093994e-02 -1.568455219268798828e+00 -9.790352731943130493e-02
-9.220287203788757324e-01 1.283215045928955078e+00 2.138900756835937500e+00 -1.184185385704040527e+00 1.988519072532653809e+00 -7.465429902076721191e-01 -1.709542155265808105e+00 -7.626819014549255371e-01 1.761836171150207520e+00 -7.340183854103088379e-01 -6.388576626777648926e-01 -7.668573260307312012e-01 -7.148410081863403320e-01 -3.209369182586669922e-01 2.378567457199096680e+00 1.733601212501525879e+00 1.463904857635498047e+00 -1.953244209289550781e-03 -1.591009140014648438e+00 -1.246547773480415344e-01
-9.059680700302124023e-01 1.407914042472839355e+00 2.098880529403686523e+00 -1.395141363143920898e+00 1.853489637374877930e+00 -8.203132152557373047e-01 -1.732995986938476562e+00 -8.291441202163696289e-01 1.763944268226623535e+00 -6.405873894691467285e-01 -5.190994143486022949e-01 -7.398287653923034668e-01 -7.669107913970947266e-01 -1.962303370237350464e-01 2.334965229034423828e+00 1.710133314132690430e+00 1.537057518959045410e+00 -9.761449694633483887e-02 -1.613874793052673340e+00 -1.749473810195922852e-01
-8.813297152519226074e-01 1.483481764793395996e+00 2.070061206817626953e+00 -1.522000193595886230e+00 1.758412241935729980e+00 -8.824037313461303711e-01 -1.724196314811706543e+00 -8.744578361511230469e-01 1.769074797630310059e+00 -5.697381496429443359e-01 -4.412892758846282959e-01 -7.316097617149353027e-01 -8.010372519493103027e-01 -1.100774705410003662e-01 2.287369728088378906e+00 1.668132424354553223e+00 1.587109088897705078e+00 -1.625040173530578613e-01 -1.619819045066833496e+00 -2.043928802013397217e-01
-8.681348562240600586e-01 1.509041666984558105e+00 2.062217235565185547e+00 -1.579119801521301270e+00 1.716602921485900879e+00 -9.205325245857238770e-01 -1.710330963134765625e+00 -9.030764698982238770e-01 1.773290872573852539e+00 -5.272014141082763672e-01 -4.135318100452423096e-01 -7.435813546180725098e-01 -8.277494311332702637e-01 -7.025077939033508301e-02 2.264578104019165039e+00 1.633055090904235840e+00 1.618719816207885742e+00 -1.882929950952529907e-01 -1.624951124191284180e+00 -2.100574970245361328e-01
-8.637483716011047363e-01 1.511560320854187012e+00 2.073212623596191406e+00 -1.589273571968078613e+00 1.706602454185485840e+00 -9.461494684219360352e-01 -1.700134277343750000e+00 -9.170864224433898926e-01 1.777831673622131348e+00 -5.035628080368041992e-01 -4.135621190071105957e-01 -7.622366547584533691e-01 -8.500643372535705566e-01 -6.232081353664398193e-02 2.259872436523437500e+00 1.607919692993164062e+00 1.634108543395996094e+00 -1.937257349491119385e-01 -1.635641098022460938e+00 -2.011753618717193604e-01
-8.671343922615051270e-01 1.495780348777770996e+00 2.099653959274291992e+00 -1.562550306320190430e+00 1.722420454025268555e+00 -9.597323536872863770e-01 -1.692486882209777832e+00 -9.186807870864868164e-01 1.783592104911804199e+00 -4.970054328441619873e-01 -4.363988935947418213e-01 -7.859067916870117188e-01 -8.687256574630737305e-01 -7.912072539329528809e-02 2.270863533020019531e+00 1.594930171966552734e+00 1.637539029121398926e+00 -1.821160614490509033e-01 -1.652486324310302734e+00 -1.821109056472778320e-01
-8.654850721359252930e-01 1.456806898117065430e+00 2.137878417968750000e+00 -1.509855628013610840e+00 1.763286352157592773e+00 -9.620503187179565430e-01 -1.675275802612304688e+00 -9.126270413398742676e-01 1.793189167976379395e+00 -4.975945949554443359e-01 -4.757196009159088135e-01 -8.209372162818908691e-01 -8.816674351692199707e-01 -1.098418682813644409e-01 2.285994052886962891e+00 1.593820214271545410e+00 1.647034645080566406e+00 -1.523621529340744019e-01 -1.673863410949707031e+00 -1.661986112594604492e-01
-8.631040453910827637e-01 1.385834097862243652e+00 2.180313825607299805e+00 -1.424686193466186523e+00 1.816219210624694824e+00 -9.493384957313537598e-01 -1.636972427368164062e+00 -9.000129699707031250e-01 1.799136400222778320e+00 -5.058994293212890625e-01 -5.353286862373352051e-01 -8.709362149238586426e-01 -8.822638988494873047e-01 -1.528057307004928589e-01 2.302559852600097656e+00 1.601953506469726562e+00 1.656189918518066406e+00 -1.036099269986152649e-01 -1.696320533752441406e+00 -1.467159688472747803e-01
-8.630712032318115234e-01 1.258096575736999512e+00 2.215533733367919922e+00 -1.308187842369079590e+00 1.874196887016296387e+00 -9.107818007469177246e-01 -1.565684199333190918e+00 -8.882313370704650879e-01 1.787939310073852539e+00 -5.164685845375061035e-01 -6.186023950576782227e-01 -9.470739960670471191e-01 -8.643186092376708984e-01 -2.002646178007125854e-01 2.312763929367065430e+00 1.617362022399902344e+00 1.669641971588134766e+00 -2.642178162932395935e-02 -1.715964913368225098e+00 -1.175943240523338318e-01
-8.900319337844848633e-01 1.110576987266540527e+00 2.216022729873657227e+00 -1.215038895606994629e+00 1.895542621612548828e+00 -8.512067794799804688e-01 -1.431895732879638672e+00 -9.181720614433288574e-01 1.743580460548400879e+00 -5.268967747688293457e-01 -7.275312542915344238e-01 -1.026277303695678711e+00 -8.217977881431579590e-01 -2.267210334539413452e-01 2.306425571441650391e+00 1.609680175781250000e+00 1.684350252151489258e+00 5.588652938604354858e-02 -1.710778236389160156e+00 -9.970613569021224976e-02
-9.267056584358215332e-01 9.044674634933471680e-01 2.146269559860229492e+00 -1.151649355888366699e+00 1.852911233901977539e+00 -7.742540836334228516e-01 -1.217315316200256348e+00 -1.009238839149475098e+00 1.650672793388366699e+00 -4.860680699348449707e-01 -8.503279685974121094e-01 -1.123538494110107422e+00 -7.272592186927795410e-01 -2.224800735712051392e-01 2.268196821212768555e+00 1.562879920005798340e+00 1.692195415496826172e+00 1.244691610336303711e-01 -1.661768555641174316e+00 -7.439740747213363647e-02
-9.373865127563476562e-01 6.940650939941406250e-01 2.008529186248779297e+00 -1.156306385993957520e+00 1.732144355773925781e+00 -6.968371868133544922e-01 -9.647200107574462891e-01 -1.124382615089416504e+00 1.509594678878784180e+00 -3.859599828720092773e-01 -9.206495285034179688e-01 -1.214411020278930664e+00 -6.037197709083557129e-01 -1.839724779129028320e-01 2.195890188217163086e+00 1.479367971420288086e+00 1.703856706619262695e+00 1.424768716096878052e-01 -1.590599775314331055e+00 -6.331133097410202026e-02
-9.372413158416748047e-01 6.278107166290283203e-01 1.909865021705627441e+00 -1.285238862037658691e+00 1.662095665931701660e+00 -7.135275602340698242e-01 -7.495531439781188965e-01 -1.301549315452575684e+00 1.469313740730285645e+00 -2.941076755523681641e-01 -9.507451057434082031e-01 -1.295005440711975098e+00 -4.928479790687561035e-01 -1.264564543962478638e-01 2.178828001022338867e+00 1.401756763458251953e+00 1.763213157653808594e+00 7.967284321784973145e-02 -1.547900676727294922e+00 -1.112564429640769958e-01
-8.787612915039062500e-01 6.823245286941528320e-01 1.820841073989868164e+00 -1.475640773773193359e+00 1.643352985382080078e+00 -8.151531815528869629e-01 -6.071043610572814941e-01 -1.511071801185607910e+00 1.520433664321899414e+00 -1.782020777463912964e-01 -9.293021559715270996e-01 -1.351010441780090332e+00 -3.812069296836853027e-01 -8.740760385990142822e-02 2.183512687683105469e+00 1.334486961364746094e+00 1.855669736862182617e+00 -5.743300914764404297e-02 -1.521097064018249512e+00 -2.170585095882415771e-01
-8.113927841186523438e-01 7.769597768783569336e-01 1.784677505493164062e+00 -1.617169380187988281e+00 1.626943349838256836e+00 -9.259411096572875977e-01 -5.729449987411499023e-01 -1.630359053611755371e+00 1.563091754913330078e+00 -8.925066143274307251e-02 -8.660725355148315430e-01 -1.355334877967834473e+00 -3.183639049530029297e-01 -5.452661216259002686e-02 2.182764768600463867e+00 1.299180507659912109e+00 1.907679200172424316e+00 -1.714795678853988647e-01 -1.514434576034545898e+00 -3.140080273151397705e-01
-7.551547288894653320e-01 8.577184677124023438e-01 1.769161820411682129e+00 -1.693713784217834473e+00 1.620791077613830566e+00 -1.000525474548339844e+00 -6.016908288002014160e-01 -1.678860902786254883e+00 1.606793284416198730e+00 -3.274114057421684265e-02 -7.971037030220031738e-01 -1.356417775154113770e+00 -2.867570817470550537e-01 -4.568217694759368896e-02 2.187362670898437500e+00 1.284807562828063965e+00 1.941076993942260742e+00 -2.510563731193542480e-01 -1.521212458610534668e+00 -3.634676337242126465e-01
-7.040486931800842285e-01 9.162063598632812500e-01 1.764796495437622070e+00 -1.731042146682739258e+00 1.621590614318847656e+00 -1.049600481986999512e+00 -6.440343856811523438e-01 -1.686864256858825684e+00 1.643185496330261230e+00 1.916766166687011719e-03 -7.364748716354370117e-01 -1.352675914764404297e+00 -2.719086706638336182e-01 -5.458776652812957764e-02 2.189031124114990234e+00 1.277010202407836914e+00 1.956129074096679688e+00 -3.034278750419616699e-01 -1.528805613517761230e+00 -3.869105577468872070e-01
-6.761381626129150391e-01 9.522427320480346680e-01 1.769099116325378418e+00 -1.747828483581542969e+00 1.643982529640197754e+00 -1.077438354492187500e+00 -6.836674213409423828e-01 -1.680431842803955078e+00 1.679036617279052734e+00 4.195220768451690674e-03 -7.016784548759460449e-01 -1.349285483360290527e+00 -2.676343917846679688e-01 -6.385007500648498535e-02 2.194750785827636719e+00 1.287461042404174805e+00 1.972221255302429199e+00 -3.275255560874938965e-01 -1.539353489875793457e+00 -3.884022235870361328e-01
-6.473203897476196289e-01 9.642060995101928711e-01 1.771360278129577637e+00 -1.739194989204406738e+00 1.672538757324218750e+00 -1.094201803207397461e+00 -7.046275138854980469e-01 -1.664167642593383789e+00 1.707821607589721680e+00 -2.460367977619171143e-03 -6.828988194465637207e-01 -1.344807267189025879e+00 -2.569437026977539062e-01 -8.142450451850891113e-02 2.191585302352905273e+00 1.291456460952758789e+00 1.973095417022705078e+00 -3.364934325218200684e-01 -1.537727594375610352e+00 -3.833314180374145508e-01
-6.108049750328063965e-01 9.519188404083251953e-01 1.760254740715026855e+00 -1.706606507301330566e+00 1.700695157051086426e+00 -1.106687664985656738e+00 -6.935887932777404785e-01 -1.647488355636596680e+00 1.727093458175659180e+00 -9.866282343864440918e-03 -6.775404810905456543e-01 -1.337695717811584473e+00 -2.291606068611145020e-01 -1.052500456571578979e-01 2.170684576034545898e+00 1.278559803962707520e+00 1.954817533493041992e+00 -3.388369679450988770e-01 -1.514143943786621094e+00 -3.793181777000427246e-01
-5.629501342773437500e-01 9.148862361907958984e-01 1.721824765205383301e+00 -1.648899555206298828e+00 1.725216388702392578e+00 -1.121556878089904785e+00 -6.353455185890197754e-01 -1.638526558876037598e+00 1.732145428657531738e+00 -1.488308236002922058e-02 -6.855111122131347656e-01 -1.323398947715759277e+00 -1.742933243513107300e-01 -1.295863538980484009e-01 2.119842529296875000e+00 1.235392689704895020e+00 1.910631775856018066e+00 -3.428269028663635254e-01 -1.456102132797241211e+00 -3.801951408386230469e-01
-5.208379626274108887e-01 8.614190816879272461e-01 1.627282977104187012e+00 -1.556510210037231445e+00 1.747001290321350098e+00 -1.145308136940002441e+00 -5.262783169746398926e-01 -1.663634896278381348e+00 1.703552365303039551e+00 -1.703831553459167480e-02 -7.212403416633605957e-01 -1.286893010139465332e+00 -9.322707355022430420e-02 -1.260950416326522827e-01 2.021595239639282227e+00 1.145274400711059570e+00 1.836875319480895996e+00 -3.613741993904113770e-01 -1.347986578941345215e+00 -3.971176147460937500e-01
-5.205518603324890137e-01 8.188772201538085938e-01 1.414925456047058105e+00 -1.460544228553771973e+00 1.704043030738830566e+00 -1.180586695671081543e+00 -3.411771655082702637e-01 -1.766297817230224609e+00 1.620712280273437500e+00 -2.037647739052772522e-02 -7.710562348365783691e-01 -1.204921841621398926e+00 2.016074210405349731e-02 -6.367775797843933105e-02 1.845021605491638184e+00 1.011245131492614746e+00 1.739767909049987793e+00 -4.233129620552062988e-01 -1.163202762603759766e+00 -4.495338201522827148e-01
-6.328216195106506348e-01 8.815388679504394531e-01 1.199657559394836426e+00 -1.386971950531005859e+00 1.633451461791992188e+00 -1.284088253974914551e+00 -1.587303280830383301e-01 -1.959371566772460938e+00 1.553211569786071777e+00 -8.331853151321411133e-02 -8.512474894523620605e-01 -1.077110767364501953e+00 1.050122380256652832e-01 8.508516103029251099e-02 1.752557039260864258e+00 8.912388682365417480e-01 1.676170110702514648e+00 -5.530126094818115234e-01 -9.522314071655273438e-01 -5.203679800033569336e-01
-8.027260303497314453e-01 1.084293961524963379e+00 1.124744653701782227e+00 -1.407707452774047852e+00 1.580734848976135254e+00 -1.428910255432128906e+00 -1.689673364162445068e-01 -2.138702154159545898e+00 1.542106509208679199e+00 -1.594477891921997070e-01 -9.073616862297058105e-01 -9.608493447303771973e-01 7.559813559055328369e-02 2.872276306152343750e-01 1.721162915229797363e+00 7.816711068153381348e-01 1.660770297050476074e+00 -7.013336420059204102e-01 -8.602802753448486328e-01 -5.264189243316650391e-01
-9.325902462005615234e-01 1.284286022186279297e+00 1.120923161506652832e+00 -1.493349790573120117e+00 1.558501601219177246e+00 -1.533052682876586914e+00 -2.495839297771453857e-01 -2.258456230163574219e+00 1.585601449012756348e+00 -2.145698219537734985e-01 -9.286491870880126953e-01 -9.090009331703186035e-01 1.320013031363487244e-02 4.545925855636596680e-01 1.711051702499389648e+00 7.433006167411804199e-01 1.718435287475585938e+00 -7.751339673995971680e-01 -8.651943206787109375e-01 -5.303075313568115234e-01
-1.007324576377868652e+00 1.436715722084045410e+00 1.139129519462585449e+00 -1.603943467140197754e+00 1.540812611579895020e+00 -1.606286764144897461e+00 -3.616061210632324219e-01 -2.331743478775024414e+00 1.625380516052246094e+00 -2.227196991443634033e-01 -8.924210071563720703e-01 -8.989803194999694824e-01 -2.928760275244712830e-02 5.569330453872680664e-01 1.743157982826232910e+00 7.750919461250305176e-01 1.800134420394897461e+00 -8.186751604080200195e-01 -9.083055853843688965e-01 -5.395659804344177246e-01
-1.029965639114379883e+00 1.526617288589477539e+00 1.143487572669982910e+00 -1.729521751403808594e+00 1.506973147392272949e+00 -1.626597642898559570e+00 -4.662251174449920654e-01 -2.354300022125244141e+00 1.645677447319030762e+00 -1.934813559055328369e-01 -8.220093250274658203e-01 -9.085985422134399414e-01 -5.382455512881278992e-02 6.097666621208190918e-01 1.788809895515441895e+00 8.229824900627136230e-01 1.881411314010620117e+00 -8.421194553375244141e-01 -9.553731679916381836e-01 -5.428979396820068359e-01
-1.020843148231506348e+00 1.564577460289001465e+00 1.169480443000793457e+00 -1.842780232429504395e+00 1.474185585975646973e+00 -1.613130807876586914e+00 -5.540649890899658203e-01 -2.346811294555664062e+00 1.663415431976318359e+00 -1.387779712677001953e-01 -7.510697245597839355e-01 -9.508731365203857422e-01 -8.281686902046203613e-02 6.301742792129516602e-01 1.830131649971008301e+00 8.835319280624389648e-01 1.973860144615173340e+00 -8.368296623229980469e-01 -1.028890371322631836e+00 -5.545136928558349609e-01
-9.924717545509338379e-01 1.553213238716125488e+00 1.198923707008361816e+00 -1.930690407752990723e+00 1.458239436149597168e+00 -1.569049119949340820e+00 -6.205840110778808594e-01 -2.299803972244262695e+00 1.681607484817504883e+00 -9.389320015907287598e-02 -6.927091479301452637e-01 -9.918268918991088867e-01 -1.128226816654205322e-01 6.370874047279357910e-01 1.854585170745849609e+00 9.493929743766784668e-01 2.053846597671508789e+00 -7.955148816108703613e-01 -1.099317908287048340e+00 -5.585697293281555176e-01
-9.460041522979736328e-01 1.514931201934814453e+00 1.224098682403564453e+00 -1.981729030609130859e+00 1.463723897933959961e+00 -1.515736222267150879e+00 -6.586774587631225586e-01 -2.242897510528564453e+00 1.690670371055603027e+00 -4.846552759408950806e-02 -6.547771096229553223e-01 -1.030715227127075195e+00 -1.324820071458816528e-01 6.293404102325439453e-01 1.861049056053161621e+00 9.859282970428466797e-01 2.104524850845336914e+00 -7.541271448135375977e-01 -1.154760479927062988e+00 -5.544204711914062500e-01
-8.898078203201293945e-01 1.446658134460449219e+00 1.241682171821594238e+00 -1.991396427154541016e+00 1.486702799797058105e+00 -1.458901524543762207e+00 -6.598740220069885254e-01 -2.187687873840332031e+00 1.688371539115905762e+00 -5.344137549400329590e-03 -6.447849273681640625e-01 -1.071325540542602539e+00 -1.386929005384445190e-01 6.061426997184753418e-01 1.853757977485656738e+00 9.930210113525390625e-01 2.129183053970336914e+00 -7.115706801414489746e-01 -1.191031336784362793e+00 -5.409074425697326660e-01
-8.226775527000427246e-01 1.348085284233093262e+00 1.265608310699462891e+00 -1.956491589546203613e+00 1.533565163612365723e+00 -1.415269851684570312e+00 -6.047551631927490234e-01 -2.147762537002563477e+00 1.696898698806762695e+00 3.081161528825759888e-02 -6.763071417808532715e-01 -1.133253931999206543e+00 -1.286917924880981445e-01 5.580100417137145996e-01 1.848643660545349121e+00 9.831822514533996582e-01 2.152292728424072266e+00 -6.581006646156311035e-01 -1.209778428077697754e+00 -5.312091708183288574e-01
-7.514814138412475586e-01 1.232209444046020508e+00 1.296718835830688477e+00 -1.888911008834838867e+00 1.605938553810119629e+00 -1.394009947776794434e+00 -5.038344264030456543e-01 -2.131862401962280273e+00 1.721077084541320801e+00 5.610775947570800781e-02 -7.518742680549621582e-01 -1.210770964622497559e+00 -9.749539196491241455e-02 4.836600422859191895e-01 1.853157401084899902e+00 9.613744020462036133e-01 2.170497179031372070e+00 -6.003101468086242676e-01 -1.212583065032958984e+00 -5.239601135253906250e-01
-6.910278797149658203e-01 1.153426885604858398e+00 1.368566274642944336e+00 -1.809629559516906738e+00 1.710943937301635742e+00 -1.418603897094726562e+00 -3.838670551776885986e-01 -2.156859397888183594e+00 1.796044468879699707e+00 4.733534902334213257e-02 -8.783560395240783691e-01 -1.315893769264221191e+00 -3.997194394469261169e-02 3.542966246604919434e-01 1.904124498367309570e+00 9.509065747261047363e-01 2.190429925918579102e+00 -5.420234799385070801e-01 -1.216385841369628906e+00 -5.309320092201232910e-01
-6.362989544868469238e-01 1.056718826293945312e+00 1.466015100479125977e+00 -1.644385814666748047e+00 1.827431201934814453e+00 -1.488057136535644531e+00 -2.505888938903808594e-01 -2.169158220291137695e+00 1.873605370521545410e+00 1.726375520229339600e-02 -1.035051107406616211e+00 -1.395134329795837402e+00 3.046803735196590424e-02 2.035326659679412842e-01 1.939283728599548340e+00 9.081401824951171875e-01 2.136811017990112305e+00 -4.773598909378051758e-01 -1.186886072158813477e+00 -5.191288590431213379e-01
-6.380909085273742676e-01 1.006450057029724121e+00 1.575549840927124023e+00 -1.380386590957641602e+00 1.917575836181640625e+00 -1.602988362312316895e+00 -1.845055222511291504e-01 -2.175154447555541992e+00 1.888683319091796875e+00 -3.237925469875335693e-02 -1.147941470146179199e+00 -1.418043613433837891e+00 7.715591788291931152e-02 8.819863945245742798e-02 1.921800613403320312e+00 8.517166376113891602e-01 1.999674320220947266e+00 -4.307844042778015137e-01 -1.146965026855468750e+00 -4.837009012699127197e-01
-6.764135360717773438e-01 1.014305830001831055e+00 1.651034593582153320e+00 -1.120682477951049805e+00 1.954440832138061523e+00 -1.693486452102661133e+00 -2.024532258510589600e-01 -2.146995782852172852e+00 1.850544333457946777e+00 -9.071747213602066040e-02 -1.192584633827209473e+00 -1.364487171173095703e+00 9.196743369102478027e-02 4.893755540251731873e-02 1.847179174423217773e+00 7.726871371269226074e-01 1.812469840049743652e+00 -4.231838583946228027e-01 -1.097165226936340332e+00 -4.210804402828216553e-01
-7.422214150428771973e-01 1.086333990097045898e+00 1.686015844345092773e+00 -9.483222365379333496e-01 1.981090664863586426e+00 -1.733026504516601562e+00 -2.775556147098541260e-01 -2.125109910964965820e+00 1.827382087707519531e+00 -1.472482681274414062e-01 -1.197195172309875488e+00 -1.307803273200988770e+00 8.178880810737609863e-02 2.697189524769783020e-02 1.830501914024353027e+00 7.634770870208740234e-01 1.671931624412536621e+00 -4.657197594642639160e-01 -1.083705186843872070e+00 -3.928141891956329346e-01
-8.081420063972473145e-01 1.173087954521179199e+00 1.695168972015380859e+00 -8.149284720420837402e-01 1.940645217895507812e+00 -1.733888506889343262e+00 -3.942694067955017090e-01 -2.068809270858764648e+00 1.784841775894165039e+00 -2.012283653020858765e-01 -1.162934064865112305e+00 -1.234562754631042480e+00 5.297231301665306091e-02 1.091912761330604553e-02 1.804669499397277832e+00 7.628489732742309570e-01 1.538718104362487793e+00 -4.982275366783142090e-01 -1.074775338172912598e+00 -3.596071302890777588e-01
-8.509929180145263672e-01 1.251252412796020508e+00 1.685414195060729980e+00 -7.039732933044433594e-01 1.851572513580322266e+00 -1.710151791572570801e+00 -5.451402068138122559e-01 -1.973189830780029297e+00 1.715788364410400391e+00 -2.337937504053115845e-01 -1.086995482444763184e+00 -1.146943807601928711e+00 1.137237437069416046e-02 -1.741357147693634033e-03 1.766748547554016113e+00 7.562621831893920898e-01 1.405431866645812988e+00 -5.208674073219299316e-01 -1.068820476531982422e+00 -3.036224842071533203e-01
-8.940891623497009277e-01 1.321497559547424316e+00 1.657434225082397461e+00 -6.188822388648986816e-01 1.755427956581115723e+00 -1.635281562805175781e+00 -7.201600074768066406e-01 -1.836728096008300781e+00 1.625048756599426270e+00 -2.787742018699645996e-01 -9.910480380058288574e-01 -1.049414277076721191e+00 -4.763099178671836853e-02 -6.738759577274322510e-03 1.726251721382141113e+00 7.599489092826843262e-01 1.283499360084533691e+00 -5.188066959381103516e-01 -1.067630529403686523e+00 -2.359725832939147949e-01
-9.505358934402465820e-01 1.454003214836120605e+00 1.642070889472961426e+00 -6.155016422271728516e-01 1.722451925277709961e+00 -1.569256305694580078e+00 -9.489497542381286621e-01 -1.717929124832153320e+00 1.597906351089477539e+00 -3.647261857986450195e-01 -8.698045611381530762e-01 -9.511432647705078125e-01 -1.382000148296356201e-01 3.397457301616668701e-02 1.719822406768798828e+00 8.058472871780395508e-01 1.242556691169738770e+00 -5.204030871391296387e-01 -1.086355686187744141e+00 -1.827153265476226807e-01
-1.010216116905212402e+00 1.599013447761535645e+00 1.618581175804138184e+00 -6.380802989006042480e-01 1.710362195968627930e+00 -1.499219417572021484e+00 -1.174542903900146484e+00 -1.592892527580261230e+00 1.602811217308044434e+00 -4.858768582344055176e-01 -7.440682053565979004e-01 -8.436890244483947754e-01 -2.490496039390563965e-01 1.049171090126037598e-01 1.715221762657165527e+00 8.624546527862548828e-01 1.232908368110656738e+00 -5.218389034271240234e-01 -1.094051241874694824e+00 -1.267374455928802490e-01
-1.056296110153198242e+00 1.721650362014770508e+00 1.589346647262573242e+00 -6.790806651115417480e-01 1.711638927459716797e+00 -1.425093650817871094e+00 -1.345476388931274414e+00 -1.479909420013427734e+00 1.629177570343017578e+00 -6.124903559684753418e-01 -6.451169848442077637e-01 -7.501866817474365234e-01 -3.457643985748291016e-01 1.791105717420578003e-01 1.716210007667541504e+00 9.272481799125671387e-01 1.259361267089843750e+00 -5.167201757431030273e-01 -1.090000867843627930e+00 -9.985148161649703979e-02
-1.122338891029357910e+00 1.813447952270507812e+00 1.532913565635681152e+00 -7.685143947601318359e-01 1.699081420898437500e+00 -1.365300536155700684e+00 -1.441183686256408691e+00 -1.437592744827270508e+00 1.665209293365478516e+00 -7.255300283432006836e-01 -6.006684303283691406e-01 -6.788959503173828125e-01 -4.146283864974975586e-01 2.717367410659790039e-01 1.714636921882629395e+00 9.762538075447082520e-01 1.312358975410461426e+00 -5.157921314239501953e-01 -1.078954935073852539e+00 -7.920604199171066284e-02
-1.169353842735290527e+00 1.847403526306152344e+00 1.398113489151000977e+00 -8.563188910484313965e-01 1.666534423828125000e+00 -1.275960087776184082e+00 -1.434707641601562500e+00 -1.431985378265380859e+00 1.662016749382019043e+00 -8.015478849411010742e-01 -5.804837346076965332e-01 -6.150714755058288574e-01 -4.685294032096862793e-01 3.816611170768737793e-01 1.654138326644897461e+00 9.738546609878540039e-01 1.372948765754699707e+00 -5.244995355606079102e-01 -1.028154730796813965e+00 -9.096865355968475342e-02
-1.180216193199157715e+00 1.833947777748107910e+00 1.229492187500000000e+00 -9.983151555061340332e-01 1.671229004859924316e+00 -1.171639084815979004e+00 -1.324019670486450195e+00 -1.535812616348266602e+00 1.679111242294311523e+00 -7.838836312294006348e-01 -6.424670219421386719e-01 -6.421526074409484863e-01 -5.257230401039123535e-01 4.753578901290893555e-01 1.558040976524353027e+00 9.182503819465637207e-01 1.535547852516174316e+00 -5.313839316368103027e-01 -1.012628078460693359e+00 -2.073874175548553467e-01
-1.127352595329284668e+00 1.670277953147888184e+00 1.094500660896301270e+00 -1.184046387672424316e+00 1.620243072509765625e+00 -1.043039679527282715e+00 -1.062308907508850098e+00 -1.688230514526367188e+00 1.588545083999633789e+00 -6.117503046989440918e-01 -7.785990834236145020e-01 -7.163819074630737305e-01 -5.663527846336364746e-01 5.493094921112060547e-01 1.416374564170837402e+00 7.837240099906921387e-01 1.698680043220520020e+00 -4.898793101310729980e-01 -1.016201734542846680e+00 -4.183683991432189941e-01
-1.016719341278076172e+00 1.464236497879028320e+00 1.154750943183898926e+00 -1.413355946540832520e+00 1.596075296401977539e+00 -1.110747575759887695e+00 -6.503856182098388672e-01 -1.983006954193115234e+00 1.553665757179260254e+00 -3.385279178619384766e-01 -1.015209555625915527e+00 -9.586179256439208984e-01 -4.629780054092407227e-01 4.865186214447021484e-01 1.459443807601928711e+00 6.881847977638244629e-01 1.895730733871459961e+00 -4.188330769538879395e-01 -1.108287811279296875e+00 -6.359819769859313965e-01
-9.152805805206298828e-01 1.305565237998962402e+00 1.284926176071166992e+00 -1.578437089920043945e+00 1.654802799224853516e+00 -1.260441780090332031e+00 -4.294624328613281250e-01 -2.194550991058349609e+00 1.631842851638793945e+00 -1.499723196029663086e-01 -1.133736848831176758e+00 -1.181655645370483398e+00 -3.629221320152282715e-01 3.672531843185424805e-01 1.654979705810546875e+00 7.821787595748901367e-01 2.054214954376220703e+00 -3.988214135169982910e-01 -1.213700413703918457e+00 -6.874339580535888672e-01
-8.185186386108398438e-01 1.173262953758239746e+00 1.350054621696472168e+00 -1.605453252792358398e+00 1.645728111267089844e+00 -1.340471625328063965e+00 -2.897945344448089600e-01 -2.254877090454101562e+00 1.644544839859008789e+00 -2.056311443448066711e-02 -1.170594096183776855e+00 -1.312947154045104980e+00 -2.768644094467163086e-01 2.535529732704162598e-01 1.738438487052917480e+00 8.154791593551635742e-01 2.078321218490600586e+00 -3.903475999832153320e-01 -1.258216977119445801e+00 -6.626366972923278809e-01
-7.360690832138061523e-01 1.076555252075195312e+00 1.405389785766601562e+00 -1.584695458412170410e+00 1.625856518745422363e+00 -1.395629167556762695e+00 -2.175455093383789062e-01 -2.254998683929443359e+00 1.652863621711730957e+00 7.376614212989807129e-02 -1.179270029067993164e+00 -1.412827491760253906e+00 -2.077067792415618896e-01 1.448971480131149292e-01 1.788645505905151367e+00 8.290727734565734863e-01 2.066766023635864258e+00 -3.833419680595397949e-01 -1.292701363563537598e+00 -6.087030768394470215e-01
-6.939262151718139648e-01 1.020419120788574219e+00 1.510795354843139648e+00 -1.570843577384948730e+00 1.601844310760498047e+00 -1.447243332862854004e+00 -2.296229004859924316e-01 -2.225900173187255859e+00 1.667500734329223633e+00 1.402952820062637329e-01 -1.171789288520812988e+00 -1.500869989395141602e+00 -1.562578529119491577e-01 5.791144445538520813e-02 1.856197476387023926e+00 8.359298706054687500e-01 2.048450469970703125e+00 -3.668630123138427734e-01 -1.352987647056579590e+00 -5.139166116714477539e-01
-6.578354835510253906e-01 9.926583766937255859e-01 1.636865615844726562e+00 -1.542392373085021973e+00 1.585665822029113770e+00 -1.513527154922485352e+00 -2.705746889114379883e-01 -2.173316240310668945e+00 1.693485617637634277e+00 1.803098917007446289e-01 -1.156958937644958496e+00 -1.565465211868286133e+00 -1.097220480442047119e-01 -9.936936199665069580e-03 1.927613139152526855e+00 8.213005065917968750e-01 2.014042377471923828e+00 -3.593620657920837402e-01 -1.406292557716369629e+00 -3.932846486568450928e-01
-6.157715320587158203e-01 9.722640514373779297e-01 1.764431834220886230e+00 -1.468566656112670898e+00 1.541705608367919922e+00 -1.570595979690551758e+00 -3.495774865150451660e-01 -2.061784505844116211e+00 1.676730394363403320e+00 2.183074355125427246e-01 -1.108687281608581543e+00 -1.602091908454895020e+00 -6.239439174532890320e-02 -9.210233390331268311e-02 1.980695247650146484e+00 7.701455354690551758e-01 1.913563013076782227e+00 -3.574076890945434570e-01 -1.445875644683837891e+00 -2.299676835536956787e-01
-6.133620142936706543e-01 1.044428348541259766e+00 1.869914054870605469e+00 -1.315717697143554688e+00 1.424314975738525391e+00 -1.650741338729858398e+00 -5.570431351661682129e-01 -1.910049915313720703e+00 1.596303343772888184e+00 2.394868135452270508e-01 -9.783292412757873535e-01 -1.563341140747070312e+00 -4.057191684842109680e-02 -1.808965504169464111e-01 1.984840512275695801e+00 6.785469651222229004e-01 1.711191534996032715e+00 -4.028912186622619629e-01 -1.472713112831115723e+00 -1.531907916069030762e-02
-6.931919455528259277e-01 1.355337023735046387e+00 1.935271620750427246e+00 -1.020838022232055664e+00 1.327528595924377441e+00 -1.659711122512817383e+00 -9.765523672103881836e-01 -1.534952521324157715e+00 1.521391987800598145e+00 -2.613782882690429688e-02 -7.790500521659851074e-01 -1.160685896873474121e+00 -2.357226610183715820e-01 -1.690704971551895142e-01 1.850903749465942383e+00 6.268784999847412109e-01 1.318825721740722656e+00 -4.759595394134521484e-01 -1.404653668403625488e+00 5.603152886033058167e-02
-9.416986703872680664e-01 1.829879879951477051e+00 1.956128954887390137e+00 -8.190174102783203125e-01 1.632118225097656250e+00 -1.569387435913085938e+00 -1.397255539894104004e+00 -1.225205183029174805e+00 1.701974153518676758e+00 -6.708909869194030762e-01 -6.341345906257629395e-01 -6.129297018051147461e-01 -3.285800814628601074e-01 2.910305187106132507e-02 1.942349076271057129e+00 9.561718702316284180e-01 1.041787624359130859e+00 -5.444428920745849609e-01 -1.145577907562255859e+00 -1.351978778839111328e-01
-1.151939034461975098e+00 2.041706562042236328e+00 1.885892629623413086e+00 -7.996209263801574707e-01 1.817462921142578125e+00 -1.493504524230957031e+00 -1.490185499191284180e+00 -1.160465240478515625e+00 1.768347382545471191e+00 -1.081903219223022461e+00 -7.090145349502563477e-01 -2.706036567687988281e-01 -3.805567622184753418e-01 3.395121097564697266e-01 1.910775065422058105e+00 1.098322987556457520e+00 9.919874072074890137e-01 -5.228030681610107422e-01 -9.758243560791015625e-01 -2.699288725852966309e-01
-1.260256648063659668e+00 2.107721090316772461e+00 1.811353206634521484e+00 -8.327564597129821777e-01 1.922002911567687988e+00 -1.509818434715270996e+00 -1.400437235832214355e+00 -1.269928336143493652e+00 1.834061145782470703e+00 -1.237465500831604004e+00 -8.157667517662048340e-01 -1.591318994760513306e-01 -3.771357834339141846e-01 5.144046545028686523e-01 1.858287453651428223e+00 1.133671164512634277e+00 1.040552020072937012e+00 -5.355357527732849121e-01 -8.874352574348449707e-01 -3.934313356876373291e-01
-1.320031285285949707e+00 2.109390735626220703e+00 1.707540750503540039e+00 -8.632129430770874023e-01 1.969524860382080078e+00 -1.529446840286254883e+00 -1.262710690498352051e+00 -1.421547293663024902e+00 1.835982918739318848e+00 -1.275572061538696289e+00 -8.908061981201171875e-01 -1.222512125968933105e-01 -3.446867465972900391e-01 6.382401585578918457e-01 1.789835810661315918e+00 1.111195206642150879e+00 1.098858237266540527e+00 -5.726007819175720215e-01 -8.077346086502075195e-01 -4.903807938098907471e-01
-1.328849434852600098e+00 2.051566839218139648e+00 1.606406569480895996e+00 -8.888799548149108887e-01 1.974609017372131348e+00 -1.548617601394653320e+00 -1.102828621864318848e+00 -1.583855032920837402e+00 1.784953713417053223e+00 -1.221120834350585938e+00 -9.332220554351806641e-01 -1.468655765056610107e-01 -2.919178903102874756e-01 7.202326059341430664e-01 1.705693721771240234e+00 1.042999863624572754e+00 1.169342875480651855e+00 -6.102762818336486816e-01 -7.527630329132080078e-01 -5.610431432723999023e-01
-1.330513000488281250e+00 1.977544903755187988e+00 1.531402945518493652e+00 -9.680402278900146484e-01 1.949693202972412109e+00 -1.607223868370056152e+00 -9.117047786712646484e-01 -1.806038260459899902e+00 1.731414556503295898e+00 -1.075064897537231445e+00 -9.481387734413146973e-01 -2.465834468603134155e-01 -2.498655021190643311e-01 7.822591662406921387e-01 1.654161810874938965e+00 9.668804407119750977e-01 1.280146479606628418e+00 -6.746698617935180664e-01 -7.443842887878417969e-01 -6.265561580657958984e-01
-1.296758890151977539e+00 1.880680799484252930e+00 1.508927702903747559e+00 -1.112313628196716309e+00 1.936378836631774902e+00 -1.719860792160034180e+00 -7.049162983894348145e-01 -2.090247392654418945e+00 1.747251868247985840e+00 -8.440753817558288574e-01 -1.018863916397094727e+00 -4.896785020828247070e-01 -2.397557199001312256e-01 8.001298308372497559e-01 1.674484968185424805e+00 8.648271560668945312e-01 1.501723408699035645e+00 -7.203477621078491211e-01 -8.138101100921630859e-01 -6.302780508995056152e-01
-1.194425106048583984e+00 1.729377269744873047e+00 1.492996573448181152e+00 -1.246979117393493652e+00 1.863833904266357422e+00 -1.798521518707275391e+00 -5.206881761550903320e-01 -2.300780296325683594e+00 1.743374109268188477e+00 -5.502064228057861328e-01 -1.084358811378479004e+00 -7.779577374458312988e-01 -2.249669134616851807e-01 7.434455156326293945e-01 1.688886642456054688e+00 7.470583319664001465e-01 1.721098184585571289e+00 -7.204859852790832520e-01 -9.209653735160827637e-01 -5.959965586662292480e-01
-1.091995358467102051e+00 1.584801197052001953e+00 1.465931296348571777e+00 -1.353345751762390137e+00 1.790376067161560059e+00 -1.798476815223693848e+00 -4.087649583816528320e-01 -2.401206254959106445e+00 1.734202980995178223e+00 -3.169305920600891113e-01 -1.127745747566223145e+00 -1.015418052673339844e+00 -2.019126415252685547e-01 6.603032946586608887e-01 1.704664349555969238e+00 7.007267475128173828e-01 1.890906333923339844e+00 -6.885848641395568848e-01 -1.028752326965332031e+00 -5.441359877586364746e-01
-9.964170455932617188e-01 1.452243328094482422e+00 1.454401612281799316e+00 -1.400184273719787598e+00 1.703143835067749023e+00 -1.769436478614807129e+00 -3.487654626369476318e-01 -2.411139011383056641e+00 1.700587511062622070e+00 -1.315552592277526855e-01 -1.155201077461242676e+00 -1.191022515296936035e+00 -1.870085448026657104e-01 5.594897270202636719e-01 1.713155031204223633e+00 6.608704328536987305e-01 1.974237442016601562e+00 -6.369839310646057129e-01 -1.118866443634033203e+00 -4.772511422634124756e-01
-9.025572538375854492e-01 1.369171142578125000e+00 1.487843155860900879e+00 -1.399692058563232422e+00 1.648983120918273926e+00 -1.760556578636169434e+00 -3.554619848728179932e-01 -2.377158403396606445e+00 1.676369071006774902e+00 1.169563829898834229e-02 -1.170048713684082031e+00 -1.316444396972656250e+00 -1.674810796976089478e-01 4.317312240600585938e-01 1.739679694175720215e+00 6.484891176223754883e-01 1.992226243019104004e+00 -5.819702148437500000e-01 -1.197220206260681152e+00 -4.335402548313140869e-01
-8.072198629379272461e-01 1.324582934379577637e+00 1.559250354766845703e+00 -1.388060092926025391e+00 1.618349313735961914e+00 -1.748081088066101074e+00 -3.991554081439971924e-01 -2.317385911941528320e+00 1.678270936012268066e+00 1.297693997621536255e-01 -1.184862375259399414e+00 -1.430999040603637695e+00 -1.804547011852264404e-01 2.938371896743774414e-01 1.751009702682495117e+00 6.366061568260192871e-01 2.001179218292236328e+00 -5.191285610198974609e-01 -1.298824906349182129e+00 -4.078420102596282959e-01
-7.112218141555786133e-01 1.307500004768371582e+00 1.627108931541442871e+00 -1.364030480384826660e+00 1.589638233184814453e+00 -1.726551175117492676e+00 -4.605913460254669189e-01 -2.235246181488037109e+00 1.676713347434997559e+00 2.266591489315032959e-01 -1.183556795120239258e+00 -1.511059045791625977e+00 -2.188566327095031738e-01 1.670762151479721069e-01 1.741176724433898926e+00 6.121810674667358398e-01 1.985945463180541992e+00 -4.628666043281555176e-01 -1.393600940704345703e+00 -3.912522196769714355e-01
-6.382774114608764648e-01 1.361161470413208008e+00 1.735082030296325684e+00 -1.323020815849304199e+00 1.566173076629638672e+00 -1.712506651878356934e+00 -5.678415298461914062e-01 -2.118596553802490234e+00 1.678989052772521973e+00 2.595074176788330078e-01 -1.177114367485046387e+00 -1.534433364868164062e+00 -3.038538396358489990e-01 6.754365563392639160e-02 1.710121512413024902e+00 5.654907822608947754e-01 1.941233277320861816e+00 -3.929149508476257324e-01 -1.486693382263183594e+00 -3.857469260692596436e-01
-5.767009258270263672e-01 1.488488197326660156e+00 1.847435474395751953e+00 -1.253435969352722168e+00 1.559214949607849121e+00 -1.687942504882812500e+00 -6.871837973594665527e-01 -1.962271690368652344e+00 1.685809016227722168e+00 2.144558727741241455e-01 -1.179508209228515625e+00 -1.462877988815307617e+00 -4.469397962093353271e-01 -3.219902515411376953e-03 1.645949602127075195e+00 4.860479831695556641e-01 1.834286689758300781e+00 -3.397154808044433594e-01 -1.551288962364196777e+00 -4.336775243282318115e-01
-5.555022954940795898e-01 1.673375964164733887e+00 1.882374286651611328e+00 -1.153955936431884766e+00 1.586754083633422852e+00 -1.623314738273620605e+00 -7.729880809783935547e-01 -1.767277002334594727e+00 1.686818003654479980e+00 5.337412655353546143e-02 -1.208908200263977051e+00 -1.237529039382934570e+00 -6.295779943466186523e-01 -8.582316339015960693e-02 1.558574438095092773e+00 4.134265780448913574e-01 1.608282804489135742e+00 -3.644457459449768066e-01 -1.530347228050231934e+00 -5.934205055236816406e-01
-6.824002861976623535e-01 1.841037034988403320e+00 1.766908526420593262e+00 -9.926694035530090332e-01 1.620554447174072266e+00 -1.483088254928588867e+00 -8.319892287254333496e-01 -1.532921552658081055e+00 1.689231991767883301e+00 -3.180525898933410645e-01 -1.185621261596679688e+00 -7.853500843048095703e-01 -7.354564666748046875e-01 1.215867698192596436e-03 1.431210637092590332e+00 4.378963708877563477e-01 1.254309058189392090e+00 -4.161691665649414062e-01 -1.316679239273071289e+00 -7.725586891174316406e-01
-9.583668708801269531e-01 2.004118204116821289e+00 1.698218226432800293e+00 -9.216488599777221680e-01 1.754551887512207031e+00 -1.451669335365295410e+00 -8.810930252075195312e-01 -1.510296702384948730e+00 1.756772041320800781e+00 -7.753538489341735840e-01 -1.173624157905578613e+00 -4.417667388916015625e-01 -7.024714350700378418e-01 2.105541229248046875e-01 1.457652449607849121e+00 6.273204088211059570e-01 1.118280291557312012e+00 -4.418836832046508789e-01 -1.098000168800354004e+00 -8.734145760536193848e-01
-1.203958272933959961e+00 2.028887987136840820e+00 1.686120867729187012e+00 -9.128370285034179688e-01 1.873519420623779297e+00 -1.453351616859436035e+00 -8.667855262756347656e-01 -1.576504588127136230e+00 1.739824295043945312e+00 -1.089719414710998535e+00 -1.188129425048828125e+00 -2.572186589241027832e-01 -6.432913541793823242e-01 4.272962808609008789e-01 1.515396475791931152e+00 8.251513242721557617e-01 1.123598456382751465e+00 -4.223056435585021973e-01 -9.877834916114807129e-01 -8.604852557182312012e-01
-1.319139599800109863e+00 1.923708319664001465e+00 1.658900618553161621e+00 -9.140288233757019043e-01 1.913627862930297852e+00 -1.469035506248474121e+00 -7.874326109886169434e-01 -1.688541650772094727e+00 1.675216674804687500e+00 -1.153883099555969238e+00 -1.161619067192077637e+00 -2.437608838081359863e-01 -5.508587360382080078e-01 5.759702920913696289e-01 1.555336952209472656e+00 9.204658865928649902e-01 1.188200354576110840e+00 -4.198437333106994629e-01 -9.261196255683898926e-01 -7.976694703102111816e-01
-1.366416573524475098e+00 1.735104799270629883e+00 1.586016058921813965e+00 -9.093686938285827637e-01 1.915502309799194336e+00 -1.503312826156616211e+00 -6.494954824447631836e-01 -1.846274137496948242e+00 1.641371607780456543e+00 -1.060594081878662109e+00 -1.136786818504333496e+00 -3.763641715049743652e-01 -4.010597467422485352e-01 6.582362651824951172e-01 1.608641982078552246e+00 9.669128656387329102e-01 1.295269727706909180e+00 -4.474381208419799805e-01 -8.642512559890747070e-01 -6.832122206687927246e-01
-1.333224892616271973e+00 1.483610033988952637e+00 1.518720030784606934e+00 -8.614922761917114258e-01 1.877468228340148926e+00 -1.535232782363891602e+00 -5.025281906127929688e-01 -1.968110918998718262e+00 1.591689109802246094e+00 -8.704513907432556152e-01 -1.121553182601928711e+00 -5.705041885375976562e-01 -2.407285869121551514e-01 6.411351561546325684e-01 1.640486121177673340e+00 9.488042593002319336e-01 1.376702904701232910e+00 -4.696075320243835449e-01 -8.321341276168823242e-01 -5.337612032890319824e-01
-1.275234818458557129e+00 1.279522895812988281e+00 1.497349500656127930e+00 -7.865350842475891113e-01 1.816267609596252441e+00 -1.562908887863159180e+00 -4.404587745666503906e-01 -2.022996425628662109e+00 1.544851303100585938e+00 -6.689150929450988770e-01 -1.111668109893798828e+00 -7.643782496452331543e-01 -1.119249314069747925e-01 5.649693608283996582e-01 1.669603347778320312e+00 9.073247909545898438e-01 1.418898701667785645e+00 -4.701299667358398438e-01 -8.452581167221069336e-01 -3.726274073123931885e-01
-1.220984101295471191e+00 1.147265076637268066e+00 1.539868354797363281e+00 -6.821958422660827637e-01 1.766255855560302734e+00 -1.563979387283325195e+00 -4.811719059944152832e-01 -1.996543288230895996e+00 1.514239072799682617e+00 -5.077434778213500977e-01 -1.114292979240417480e+00 -9.089419245719909668e-01 -3.367556259036064148e-02 4.406750798225402832e-01 1.711744904518127441e+00 8.665142059326171875e-01 1.391805529594421387e+00 -4.484022855758666992e-01 -8.948150277137756348e-01 -2.400140464305877686e-01
-1.150524020195007324e+00 1.142481446266174316e+00 1.635672092437744141e+00 -5.553899407386779785e-01 1.829820752143859863e+00 -1.592920184135437012e+00 -5.893707275390625000e-01 -1.943686127662658691e+00 1.575326204299926758e+00 -4.243866205215454102e-01 -1.131168007850646973e+00 -1.031594038009643555e+00 1.274553500115871429e-02 2.679742276668548584e-01 1.777911186218261719e+00 8.607888817787170410e-01 1.361735224723815918e+00 -4.418143033981323242e-01 -9.561929106712341309e-01 -1.786890029907226562e-01
-1.085246324539184570e+00 1.227724790573120117e+00 1.739697456359863281e+00 -3.943015635013580322e-01 1.920583128929138184e+00 -1.592734336853027344e+00 -7.548518776893615723e-01 -1.815551996231079102e+00 1.638237953186035156e+00 -4.307443797588348389e-01 -1.136967301368713379e+00 -1.067657470703125000e+00 1.503959298133850098e-03 9.100674092769622803e-02 1.821502447128295898e+00 8.578467965126037598e-01 1.269662857055664062e+00 -4.313117265701293945e-01 -9.994233250617980957e-01 -1.581855416297912598e-01
-1.060060739517211914e+00 1.435325384140014648e+00 1.883723616600036621e+00 -3.445708453655242920e-01 2.030583620071411133e+00 -1.609281063079833984e+00 -9.037289023399353027e-01 -1.693928956985473633e+00 1.738886713981628418e+00 -5.534124970436096191e-01 -1.139010190963745117e+00 -1.008178830146789551e+00 -8.716405928134918213e-02 -1.763430237770080566e-02 1.906873345375061035e+00 8.826214075088500977e-01 1.176525712013244629e+00 -4.374021291732788086e-01 -1.047376275062561035e+00 -2.090224921703338623e-01
-1.049170851707458496e+00 1.650140643119812012e+00 1.968059182167053223e+00 -3.659058213233947754e-01 2.116470813751220703e+00 -1.575616836547851562e+00 -1.031295895576477051e+00 -1.551410555839538574e+00 1.827316522598266602e+00 -7.410108447074890137e-01 -1.127548575401306152e+00 -8.440002799034118652e-01 -2.317977845668792725e-01 -7.122294604778289795e-02 1.950890183448791504e+00 9.117862582206726074e-01 1.065693616867065430e+00 -4.408259987831115723e-01 -1.062112331390380859e+00 -3.115852177143096924e-01
-1.071391344070434570e+00 1.824461817741394043e+00 1.979358434677124023e+00 -4.501502215862274170e-01 2.129825115203857422e+00 -1.534671068191528320e+00 -1.129303574562072754e+00 -1.450018167495727539e+00 1.880075931549072266e+00 -9.072425961494445801e-01 -1.127907156944274902e+00 -6.887428760528564453e-01 -3.905095756053924561e-01 -5.285587906837463379e-02 1.938431262969970703e+00 9.207477569580078125e-01 1.026380419731140137e+00 -4.278998374938964844e-01 -1.081765770912170410e+00 -3.867214322090148926e-01
-1.112434864044189453e+00 1.968392848968505859e+00 1.934936046600341797e+00 -5.690090656280517578e-01 2.121925354003906250e+00 -1.482277870178222656e+00 -1.193724870681762695e+00 -1.385584831237792969e+00 1.912699699401855469e+00 -1.053563117980957031e+00 -1.109593152999877930e+00 -5.236331224441528320e-01 -4.816190004348754883e-01 2.091442793607711792e-02 1.906630396842956543e+00 9.519636034965515137e-01 1.012485742568969727e+00 -4.336313605308532715e-01 -1.068588495254516602e+00 -4.789043962955474854e-01
-1.141949176788330078e+00 2.054780244827270508e+00 1.859346270561218262e+00 -6.678912043571472168e-01 2.105837106704711914e+00 -1.434523344039916992e+00 -1.203288316726684570e+00 -1.365819931030273438e+00 1.916379928588867188e+00 -1.148510575294494629e+00 -1.100051999092102051e+00 -3.911460638046264648e-01 -5.271236896514892578e-01 1.087566316127777100e-01 1.846160054206848145e+00 9.594967365264892578e-01 1.008470416069030762e+00 -4.394619464874267578e-01 -1.028460025787353516e+00 -5.685864686965942383e-01
-1.159896254539489746e+00 2.102079868316650391e+00 1.777215361595153809e+00 -7.495601177215576172e-01 2.090797424316406250e+00 -1.399955153465270996e+00 -1.178455710411071777e+00 -1.385391592979431152e+00 1.907181620597839355e+00 -1.199707865715026855e+00 -1.100436091423034668e+00 -3.043071627616882324e-01 -5.465317368507385254e-01 1.911594867706298828e-01 1.776787161827087402e+00 9.513722062110900879e-01 1.025597929954528809e+00 -4.425813555717468262e-01 -9.850298166275024414e-01 -6.493179202079772949e-01
-1.157926082611083984e+00 2.128696441650390625e+00 1.712508678436279297e+00 -8.115980029106140137e-01 2.088934659957885742e+00 -1.387343406677246094e+00 -1.129829168319702148e+00 -1.426593184471130371e+00 1.902104854583740234e+00 -1.223260998725891113e+00 -1.103405237197875977e+00 -2.571523785591125488e-01 -5.448119044303894043e-01 2.463238537311553955e-01 1.713511347770690918e+00 9.340788125991821289e-01 1.053401470184326172e+00 -4.518247246742248535e-01 -9.514787793159484863e-01 -7.200016975402832031e-01
-1.155425190925598145e+00 2.130336761474609375e+00 1.687330126762390137e+00 -8.579048514366149902e-01 2.100682735443115234e+00 -1.395227074623107910e+00 -1.072662591934204102e+00 -1.485867381095886230e+00 1.899047255516052246e+00 -1.215991973876953125e+00 -1.125522494316101074e+00 -2.447821795940399170e-01 -5.322418212890625000e-01 2.863624095916748047e-01 1.681399464607238770e+00 9.137879014015197754e-01 1.089698791503906250e+00 -4.607607126235961914e-01 -9.350022673606872559e-01 -7.793917655944824219e-01
-1.135795116424560547e+00 2.101085901260375977e+00 1.652740597724914551e+00 -8.834574818611145020e-01 2.101004362106323242e+00 -1.410670757293701172e+00 -9.850985407829284668e-01 -1.562158703804016113e+00 1.880533099174499512e+00 -1.169069409370422363e+00 -1.144916176795959473e+00 -2.586772441864013672e-01 -5.036598443984985352e-01 3.142676949501037598e-01 1.641523718833923340e+00 8.758471608161926270e-01 1.130636096000671387e+00 -4.761397242546081543e-01 -9.147811532020568848e-01 -8.349304199218750000e-01
-1.077817916870117188e+00 2.026895284652709961e+00 1.602142810821533203e+00 -9.127494692802429199e-01 2.068320989608764648e+00 -1.455774426460266113e+00 -8.052558302879333496e-01 -1.673789024353027344e+00 1.855096220970153809e+00 -1.067385911941528320e+00 -1.153322219848632812e+00 -3.104113936424255371e-01 -4.595202803611755371e-01 3.278313279151916504e-01 1.589562296867370605e+00 8.115172982215881348e-01 1.182191610336303711e+00 -5.114976167678833008e-01 -8.903772234916687012e-01 -8.971897959709167480e-01
-9.731882810592651367e-01 1.853113889694213867e+00 1.557870984077453613e+00 -1.015753149986267090e+00 2.048074960708618164e+00 -1.560490489006042480e+00 -5.206881165504455566e-01 -1.906058430671691895e+00 1.845582723617553711e+00 -8.390756249427795410e-01 -1.195643663406372070e+00 -5.023331642150878906e-01 -3.963840603828430176e-01 3.476296663284301758e-01 1.606470823287963867e+00 7.330932021141052246e-01 1.347615838050842285e+00 -5.508893728256225586e-01 -8.833749890327453613e-01 -9.241802096366882324e-01
-8.233537673950195312e-01 1.401044130325317383e+00 1.545098185539245605e+00 -1.215751886367797852e+00 1.998450875282287598e+00 -1.635291337966918945e+00 -2.058374136686325073e-01 -2.202720880508422852e+00 1.831533074378967285e+00 -3.878703415393829346e-01 -1.271409749984741211e+00 -1.023987770080566406e+00 -1.938592791557312012e-01 2.277623713016510010e-01 1.786549210548400879e+00 7.662652134895324707e-01 1.734666228294372559e+00 -5.039491653442382812e-01 -9.947541952133178711e-01 -7.818443179130554199e-01
-6.275540590286254883e-01 8.221298456192016602e-01 1.638173222541809082e+00 -1.383269786834716797e+00 1.854460954666137695e+00 -1.502041935920715332e+00 -9.984400868415832520e-02 -2.166023731231689453e+00 1.814175009727478027e+00 6.002138555049896240e-02 -1.245353221893310547e+00 -1.570028305053710938e+00 2.541415393352508545e-02 -2.840915322303771973e-02 2.002462625503540039e+00 9.251675605773925781e-01 2.016785621643066406e+00 -3.079941272735595703e-01 -1.214121103286743164e+00 -4.651111364364624023e-01
-5.988907217979431152e-01 7.024419307708740234e-01 1.899702429771423340e+00 -1.453305363655090332e+00 1.834649920463562012e+00 -1.365845203399658203e+00 -3.252225816249847412e-01 -1.957153081893920898e+00 1.844038844108581543e+00 1.440478414297103882e-01 -1.174911975860595703e+00 -1.717835307121276855e+00 -3.151100501418113708e-02 -1.798895001411437988e-01 2.179871559143066406e+00 1.083278417587280273e+00 2.055727481842041016e+00 -1.807553768157958984e-01 -1.444263458251953125e+00 -2.884420156478881836e-01
-6.846317648887634277e-01 6.895083189010620117e-01 2.044524908065795898e+00 -1.440714001655578613e+00 1.816168665885925293e+00 -1.220797657966613770e+00 -5.524693727493286133e-01 -1.798386216163635254e+00 1.809051394462585449e+00 1.174030303955078125e-01 -1.099681735038757324e+00 -1.735121965408325195e+00 -1.761536449193954468e-01 -2.631748914718627930e-01 2.298055410385131836e+00 1.216595530509948730e+00 2.059870958328247070e+00 -1.152105033397674561e-01 -1.603697299957275391e+00 -1.864947676658630371e-01
-7.557544708251953125e-01 7.146123647689819336e-01 2.112509965896606445e+00 -1.389328002929687500e+00 1.807150483131408691e+00 -1.094596624374389648e+00 -7.730195522308349609e-01 -1.627631425857543945e+00 1.778954744338989258e+00 4.071544855833053589e-02 -1.003043174743652344e+00 -1.688977360725402832e+00 -3.419633209705352783e-01 -3.090248107910156250e-01 2.344862222671508789e+00 1.333882570266723633e+00 2.035432577133178711e+00 -6.891501694917678833e-02 -1.698601722717285156e+00 -1.128713414072990417e-01
-8.219370841979980469e-01 7.560138702392578125e-01 2.139676809310913086e+00 -1.337213039398193359e+00 1.808844089508056641e+00 -9.468944668769836426e-01 -9.687800407409667969e-01 -1.429229974746704102e+00 1.731387615203857422e+00 -8.208785951137542725e-02 -9.079682826995849609e-01 -1.573830723762512207e+00 -4.996516704559326172e-01 -3.154152631759643555e-01 2.345312356948852539e+00 1.448870778083801270e+00 1.982407569885253906e+00 -1.125941053032875061e-02 -1.746397137641906738e+00 -8.678197860717773438e-02
-8.615286350250244141e-01 8.263413906097412109e-01 2.116472482681274414e+00 -1.300363421440124512e+00 1.841377615928649902e+00 -8.163816928863525391e-01 -1.126179456710815430e+00 -1.253951787948608398e+00 1.688178181648254395e+00 -2.179268151521682739e-01 -8.141877055168151855e-01 -1.403946399688720703e+00 -6.106637716293334961e-01 -2.993760108947753906e-01 2.327751636505126953e+00 1.547964096069335938e+00 1.905264377593994141e+00 1.096545532345771790e-02 -1.744512319564819336e+00 -1.126716211438179016e-01
-9.165819883346557617e-01 9.742649793624877930e-01 2.061536550521850586e+00 -1.326018810272216797e+00 1.863110780715942383e+00 -6.967124938964843750e-01 -1.295747160911560059e+00 -1.090911984443664551e+00 1.644550323486328125e+00 -3.859381377696990967e-01 -7.081854343414306641e-01 -1.165965557098388672e+00 -6.922192573547363281e-01 -2.455669492483139038e-01 2.320439815521240234e+00 1.688318490982055664e+00 1.815552234649658203e+00 -1.585464924573898315e-03 -1.716870665550231934e+00 -2.076551616191864014e-01
-9.809339046478271484e-01 1.155825972557067871e+00 1.978214621543884277e+00 -1.401128530502319336e+00 1.850156068801879883e+00 -6.156804561614990234e-01 -1.435805916786193848e+00 -1.012486815452575684e+00 1.614585876464843750e+00 -5.098455548286437988e-01 -6.204980611801147461e-01 -9.753131866455078125e-01 -7.597953677177429199e-01 -1.734630465507507324e-01 2.297243356704711914e+00 1.790656208992004395e+00 1.773167848587036133e+00 -3.231474012136459351e-02 -1.696767091751098633e+00 -3.110398054122924805e-01
-1.043455004692077637e+00 1.331955313682556152e+00 1.883018732070922852e+00 -1.514615535736083984e+00 1.807627916336059570e+00 -5.932008028030395508e-01 -1.517711639404296875e+00 -1.017344594001770020e+00 1.620958685874938965e+00 -5.963775515556335449e-01 -5.633515715599060059e-01 -8.318464159965515137e-01 -7.876987457275390625e-01 -8.717359602451324463e-02 2.261169672012329102e+00 1.839102149009704590e+00 1.749492883682250977e+00 -6.982155144214630127e-02 -1.655207753181457520e+00 -4.015105664730072021e-01
-1.088238835334777832e+00 1.465944051742553711e+00 1.829236388206481934e+00 -1.644533753395080566e+00 1.774806857109069824e+00 -6.037762165069580078e-01 -1.547965884208679199e+00 -1.053881525993347168e+00 1.649773359298706055e+00 -6.503034830093383789e-01 -5.183077454566955566e-01 -7.434870600700378418e-01 -7.962481975555419922e-01 3.411799669265747070e-02 2.224751949310302734e+00 1.847506403923034668e+00 1.778536915779113770e+00 -1.079575568437576294e-01 -1.620909690856933594e+00 -4.630016088485717773e-01
-1.111227631568908691e+00 1.537215113639831543e+00 1.780524849891662598e+00 -1.751191377639770508e+00 1.742914080619812012e+00 -6.340120434761047363e-01 -1.537817597389221191e+00 -1.111258387565612793e+00 1.661394596099853516e+00 -6.594926118850708008e-01 -4.731335639953613281e-01 -6.992832422256469727e-01 -7.802179455757141113e-01 1.349287182092666626e-01 2.204473733901977539e+00 1.837256073951721191e+00 1.810553550720214844e+00 -1.594175994396209717e-01 -1.588008522987365723e+00 -4.902131259441375732e-01
-1.118123054504394531e+00 1.550807833671569824e+00 1.746629714965820312e+00 -1.823415160179138184e+00 1.710620522499084473e+00 -6.692135930061340332e-01 -1.513575911521911621e+00 -1.173005938529968262e+00 1.659304857254028320e+00 -6.291784048080444336e-01 -4.335533380508422852e-01 -7.028137445449829102e-01 -7.508311867713928223e-01 1.956407129764556885e-01 2.209843158721923828e+00 1.821551442146301270e+00 1.843708753585815430e+00 -2.126180082559585571e-01 -1.572413086891174316e+00 -4.795992076396942139e-01
-1.100349187850952148e+00 1.512217640876770020e+00 1.732654452323913574e+00 -1.849514007568359375e+00 1.680341124534606934e+00 -6.983401179313659668e-01 -1.495383024215698242e+00 -1.209272027015686035e+00 1.639823675155639648e+00 -5.680827498435974121e-01 -3.957825899124145508e-01 -7.367594242095947266e-01 -7.121163010597229004e-01 2.178201377391815186e-01 2.229694128036499023e+00 1.798803925514221191e+00 1.861608147621154785e+00 -2.519467473030090332e-01 -1.568044900894165039e+00 -4.332913458347320557e-01
-1.071489095687866211e+00 1.445623397827148438e+00 1.742220401763916016e+00 -1.835547804832458496e+00 1.653724074363708496e+00 -7.257161736488342285e-01 -1.496587753295898438e+00 -1.223616600036621094e+00 1.615417838096618652e+00 -4.925408065319061279e-01 -3.699679374694824219e-01 -7.990035414695739746e-01 -6.736500263214111328e-01 2.051721960306167603e-01 2.260382890701293945e+00 1.770343542098999023e+00 1.873066663742065430e+00 -2.708709239959716797e-01 -1.582036256790161133e+00 -3.526538610458374023e-01
-1.048489093780517578e+00 1.381325006484985352e+00 1.774056315422058105e+00 -1.800092458724975586e+00 1.636450529098510742e+00 -7.624060511589050293e-01 -1.518529653549194336e+00 -1.233752965927124023e+00 1.613488912582397461e+00 -4.232592284679412842e-01 -3.610938489437103271e-01 -8.816159963607788086e-01 -6.495410799980163574e-01 1.649533212184906006e-01 2.295785665512084961e+00 1.744735717773437500e+00 1.892380118370056152e+00 -2.744806408882141113e-01 -1.616918087005615234e+00 -2.530366778373718262e-01
-1.023911952972412109e+00 1.324456930160522461e+00 1.813491106033325195e+00 -1.734372019767761230e+00 1.625506162643432617e+00 -7.879647016525268555e-01 -1.562294006347656250e+00 -1.213012099266052246e+00 1.617685317993164062e+00 -3.735344707965850830e-01 -3.513309359550476074e-01 -9.482557773590087891e-01 -6.378908157348632812e-01 1.050577610731124878e-01 2.323585987091064453e+00 1.725730180740356445e+00 1.888050675392150879e+00 -2.649444341659545898e-01 -1.647427320480346680e+00 -1.532597541809082031e-01
-1.006729483604431152e+00 1.288032054901123047e+00 1.856784105300903320e+00 -1.640407562255859375e+00 1.621037721633911133e+00 -7.972342967987060547e-01 -1.634510636329650879e+00 -1.158942699432373047e+00 1.618970513343811035e+00 -3.534048497676849365e-01 -3.361716270446777344e-01 -9.896138906478881836e-01 -6.441054940223693848e-01 3.076133131980895996e-02 2.341698169708251953e+00 1.710042238235473633e+00 1.853658676147460938e+00 -2.480629831552505493e-01 -1.671694874763488770e+00 -5.342933535575866699e-02
-1.002134799957275391e+00 1.302453875541687012e+00 1.890755534172058105e+00 -1.530622720718383789e+00 1.630084395408630371e+00 -7.940172553062438965e-01 -1.730947732925415039e+00 -1.081951141357421875e+00 1.617182374000549316e+00 -3.784972727298736572e-01 -3.198013603687286377e-01 -9.850029945373535156e-01 -6.745673418045043945e-01 -5.240972340106964111e-02 2.341506481170654297e+00 1.692358851432800293e+00 1.790086030960083008e+00 -2.286998033523559570e-01 -1.677070975303649902e+00 1.762913167476654053e-02
-1.047280430793762207e+00 1.426497220993041992e+00 1.931928515434265137e+00 -1.428393959999084473e+00 1.666245579719543457e+00 -7.977368831634521484e-01 -1.853205204010009766e+00 -1.006435155868530273e+00 1.635946989059448242e+00 -4.948520064353942871e-01 -3.181147873401641846e-01 -9.163274765014648438e-01 -7.179530262947082520e-01 -1.217454224824905396e-01 2.354262351989746094e+00 1.689124584197998047e+00 1.697854399681091309e+00 -2.135704457759857178e-01 -1.656056165695190430e+00 3.922719508409500122e-02
