-7.099955677986145020e-01 1.631663203239440918e+00 1.421011328697204590e+00 -1.346201062202453613e+00 1.345694780349731445e+00 -1.398170709609985352e+00 -1.070896506309509277e+00 -1.936006546020507812e+00 1.505874514579772949e+00 2.229192256927490234e-01 -8.345441222190856934e-01 -1.348627328872680664e+00 -6.222054958343505859e-01 1.767637431621551514e-01 1.468411207199096680e+00 6.488010287284851074e-01 1.980931162834167480e+00 -4.602373242378234863e-01 -1.511094570159912109e+00 -4.036705493927001953e-01
-7.927699089050292969e-01 1.692782640457153320e+00 1.317597866058349609e+00 -1.309348464012145996e+00 1.387786746025085449e+00 -1.436888694763183594e+00 -1.095276474952697754e+00 -1.978119850158691406e+00 1.464142441749572754e+00 1.440983265638351440e-01 -8.404933214187622070e-01 -1.191702723503112793e+00 -6.262149214744567871e-01 3.645216822624206543e-01 1.357341766357421875e+00 5.831221938133239746e-01 1.927649974822998047e+00 -5.413576960563659668e-01 -1.390051722526550293e+00 -3.960161209106445312e-01
-8.629838228225708008e-01 1.752375006675720215e+00 1.237639665603637695e+00 -1.289169073104858398e+00 1.465541005134582520e+00 -1.471392154693603516e+00 -1.101297855377197266e+00 -2.000891447067260742e+00 1.488474726676940918e+00 1.557007431983947754e-02 -8.289309144020080566e-01 -1.032001256942749023e+00 -6.022014021873474121e-01 5.332047939300537109e-01 1.293851613998413086e+00 5.533357858657836914e-01 1.884171247482299805e+00 -6.185598373413085938e-01 -1.260219097137451172e+00 -3.907359838485717773e-01
-9.627416729927062988e-01 1.770046949386596680e+00 1.205719709396362305e+00 -1.289516091346740723e+00 1.613944292068481445e+00 -1.487108826637268066e+00 -1.094647288322448730e+00 -2.003279924392700195e+00 1.596409440040588379e+00 -1.893759518861770630e-01 -8.289563059806823730e-01 -8.903570175170898438e-01 -5.399311184883117676e-01 7.178552150726318359e-01 1.338192462921142578e+00 5.947237610816955566e-01 1.891826033592224121e+00 -6.653441786766052246e-01 -1.129609227180480957e+00 -3.460598587989807129e-01
-1.056743621826171875e+00 1.754883646965026855e+00 1.204453110694885254e+00 -1.289818048477172852e+00 1.765632867813110352e+00 -1.495374441146850586e+00 -1.086297988891601562e+00 -1.964631795883178711e+00 1.707725167274475098e+00 -4.188197851181030273e-01 -8.211995959281921387e-01 -7.308691143989562988e-01 -4.271117448806762695e-01 8.512713909149169922e-01 1.444456338882446289e+00 6.967326402664184570e-01 1.860876679420471191e+00 -6.966488361358642578e-01 -9.953860044479370117e-01 -2.983520328998565674e-01
-1.115533232688903809e+00 1.723267793655395508e+00 1.276260972023010254e+00 -1.273225188255310059e+00 1.929934978485107422e+00 -1.518022298812866211e+00 -1.090517640113830566e+00 -1.891175985336303711e+00 1.824304342269897461e+00 -6.329642534255981445e-01 -8.184362649917602539e-01 -5.680404901504516602e-01 -2.804633080959320068e-01 9.292663335800170898e-01 1.585045099258422852e+00 8.530343770980834961e-01 1.796038866043090820e+00 -7.001942396163940430e-01 -8.734883069992065430e-01 -3.055411279201507568e-01
-1.111449718475341797e+00 1.605373144149780273e+00 1.341469526290893555e+00 -1.220585465431213379e+00 2.046316862106323242e+00 -1.504833936691284180e+00 -1.044696688652038574e+00 -1.757802367210388184e+00 1.900663614273071289e+00 -7.981619834899902344e-01 -8.042280673980712891e-01 -4.184316396713256836e-01 -1.074568107724189758e-01 9.400802850723266602e-01 1.705115795135498047e+00 9.739188551902770996e-01 1.671665310859680176e+00 -6.791087985038757324e-01 -7.423232197761535645e-01 -2.956898808479309082e-01
-1.052097439765930176e+00 1.379574179649353027e+00 1.420607805252075195e+00 -1.105332016944885254e+00 2.134312152862548828e+00 -1.457637667655944824e+00 -9.399999380111694336e-01 -1.584113836288452148e+00 1.926059603691101074e+00 -9.041575193405151367e-01 -8.069619536399841309e-01 -3.202900290489196777e-01 7.537133991718292236e-02 8.623451590538024902e-01 1.812191247940063477e+00 1.060705423355102539e+00 1.500788092613220215e+00 -6.106123328208923340e-01 -6.259860992431640625e-01 -2.679458260536193848e-01
-9.439454078674316406e-01 1.107036709785461426e+00 1.517168045043945312e+00 -9.765086770057678223e-01 2.143546104431152344e+00 -1.373108625411987305e+00 -7.985304594039916992e-01 -1.416915535926818848e+00 1.896837949752807617e+00 -9.081410169601440430e-01 -8.239032626152038574e-01 -3.273236155509948730e-01 2.285899817943572998e-01 6.587649583816528320e-01 1.914627075195312500e+00 1.098013758659362793e+00 1.319013833999633789e+00 -4.931789040565490723e-01 -5.714930891990661621e-01 -2.428472936153411865e-01
-7.812405228614807129e-01 8.168914318084716797e-01 1.680234313011169434e+00 -8.417832851409912109e-01 2.218137264251708984e+00 -1.334287285804748535e+00 -5.559032559394836426e-01 -1.346928834915161133e+00 1.941784739494323730e+00 -8.416416645050048828e-01 -9.382022619247436523e-01 -5.099221467971801758e-01 3.618450462818145752e-01 3.028877079486846924e-01 2.099716901779174805e+00 1.113315463066101074e+00 1.206418633460998535e+00 -3.820690512657165527e-01 -5.804821252822875977e-01 -2.278926372528076172e-01
-6.337054967880249023e-01 6.187194585800170898e-01 1.830632925033569336e+00 -7.625263929367065430e-01 2.271580934524536133e+00 -1.334897518157958984e+00 -3.367113769054412842e-01 -1.355474948883056641e+00 1.974130749702453613e+00 -7.121471166610717773e-01 -1.094516515731811523e+00 -7.550579905509948730e-01 4.211221933364868164e-01 -4.591666162014007568e-02 2.274651288986206055e+00 1.110621213912963867e+00 1.172855734825134277e+00 -3.000177145004272461e-01 -6.503658890724182129e-01 -2.558922469615936279e-01
-5.520767569541931152e-01 5.472491979598999023e-01 1.925688385963439941e+00 -7.644842267036437988e-01 2.260945320129394531e+00 -1.348473668098449707e+00 -2.133593112230300903e-01 -1.435360074043273926e+00 1.980460762977600098e+00 -5.645260214805603027e-01 -1.224174857139587402e+00 -9.890750646591186523e-01 3.872975409030914307e-01 -2.893961668014526367e-01 2.372716665267944336e+00 1.093477129936218262e+00 1.229939937591552734e+00 -2.443552166223526001e-01 -7.666442990303039551e-01 -2.922024130821228027e-01
-5.439872741699218750e-01 5.797587037086486816e-01 1.980732440948486328e+00 -8.208841681480407715e-01 2.239724159240722656e+00 -1.347487449645996094e+00 -1.784933656454086304e-01 -1.524174571037292480e+00 2.020248413085937500e+00 -4.861849546432495117e-01 -1.321106076240539551e+00 -1.166626095771789551e+00 2.817972898483276367e-01 -3.895101249217987061e-01 2.377407550811767578e+00 1.056286454200744629e+00 1.351895809173583984e+00 -1.853529363870620728e-01 -8.955662846565246582e-01 -3.081822097301483154e-01
-5.673972368240356445e-01 6.267594099044799805e-01 1.996723532676696777e+00 -8.319501280784606934e-01 2.174398899078369141e+00 -1.335313200950622559e+00 -1.725395619869232178e-01 -1.590906381607055664e+00 2.002963066101074219e+00 -4.248957037925720215e-01 -1.372743606567382812e+00 -1.287895441055297852e+00 1.579160094261169434e-01 -4.070496559143066406e-01 2.293036937713623047e+00 1.020650863647460938e+00 1.451684355735778809e+00 -1.289558410644531250e-01 -1.011285185813903809e+00 -3.361406624317169189e-01
-6.303237676620483398e-01 6.723588705062866211e-01 1.955493688583374023e+00 -8.306751847267150879e-01 2.067242145538330078e+00 -1.288591384887695312e+00 -1.716867387294769287e-01 -1.626835703849792480e+00 1.938211917877197266e+00 -3.939245343208312988e-01 -1.390024662017822266e+00 -1.348873376846313477e+00 2.231992408633232117e-02 -3.694730103015899658e-01 2.171590566635131836e+00 1.003507971763610840e+00 1.535048484802246094e+00 -8.191464096307754517e-02 -1.096141576766967773e+00 -3.631321191787719727e-01
-7.397728562355041504e-01 7.089233398437500000e-01 1.862324833869934082e+00 -8.194853067398071289e-01 1.951264023780822754e+00 -1.199398636817932129e+00 -1.925654858350753784e-01 -1.648326516151428223e+00 1.837224483489990234e+00 -4.012775123119354248e-01 -1.389275193214416504e+00 -1.363200902938842773e+00 -1.257501840591430664e-01 -2.871421873569488525e-01 2.032387495040893555e+00 1.010684967041015625e+00 1.612621068954467773e+00 -3.843176364898681641e-02 -1.158028721809387207e+00 -3.767721652984619141e-01
-8.693843483924865723e-01 7.227254509925842285e-01 1.741930007934570312e+00 -7.878859043121337891e-01 1.837383508682250977e+00 -1.063366413116455078e+00 -2.468336820602416992e-01 -1.630020737648010254e+00 1.713763833045959473e+00 -4.337478280067443848e-01 -1.365113019943237305e+00 -1.343674421310424805e+00 -2.708281874656677246e-01 -1.973489522933959961e-01 1.898795843124389648e+00 1.040880918502807617e+00 1.667487144470214844e+00 8.180607110261917114e-03 -1.200187444686889648e+00 -3.675611317157745361e-01
-9.964234828948974609e-01 7.195988893508911133e-01 1.646226406097412109e+00 -7.449880242347717285e-01 1.748030304908752441e+00 -8.939792513847351074e-01 -3.559180200099945068e-01 -1.563457012176513672e+00 1.603089570999145508e+00 -4.771308898925781250e-01 -1.309779763221740723e+00 -1.331518530845642090e+00 -3.947448730468750000e-01 -1.550491452217102051e-01 1.822726249694824219e+00 1.101365447044372559e+00 1.704956650733947754e+00 5.721301585435867310e-02 -1.248197078704833984e+00 -3.107117414474487305e-01
-1.075138926506042480e+00 6.907849311828613281e-01 1.623322129249572754e+00 -6.883589029312133789e-01 1.728445172309875488e+00 -7.424179911613464355e-01 -5.175121426582336426e-01 -1.455524325370788574e+00 1.556614518165588379e+00 -5.125578641891479492e-01 -1.239841461181640625e+00 -1.337938785552978516e+00 -4.653179943561553955e-01 -1.972970068454742432e-01 1.842901229858398438e+00 1.180554389953613281e+00 1.708756685256958008e+00 9.811401367187500000e-02 -1.303708672523498535e+00 -2.028001248836517334e-01
-1.077445030212402344e+00 6.952103972434997559e-01 1.685451388359069824e+00 -6.664709448814392090e-01 1.825905919075012207e+00 -6.867134571075439453e-01 -6.929365396499633789e-01 -1.370646357536315918e+00 1.637695431709289551e+00 -5.369536280632019043e-01 -1.175425410270690918e+00 -1.366691350936889648e+00 -4.604103267192840576e-01 -3.098748028278350830e-01 1.978500127792358398e+00 1.269600033760070801e+00 1.704392075538635254e+00 9.631736576557159424e-02 -1.349909901618957520e+00 -1.007537171244621277e-01
-1.069162130355834961e+00 7.187774777412414551e-01 1.818010807037353516e+00 -6.465073227882385254e-01 1.988334298133850098e+00 -7.166813015937805176e-01 -8.634427189826965332e-01 -1.336709618568420410e+00 1.750291347503662109e+00 -5.502074956893920898e-01 -1.148114800453186035e+00 -1.400780797004699707e+00 -4.354873895645141602e-01 -4.090342819690704346e-01 2.163035392761230469e+00 1.351639270782470703e+00 1.699424147605895996e+00 7.513621449470520020e-02 -1.407857775688171387e+00 -3.137524425983428955e-02
-1.029017090797424316e+00 7.381888628005981445e-01 1.953524708747863770e+00 -6.325307488441467285e-01 2.151024580001831055e+00 -7.801264524459838867e-01 -9.797754287719726562e-01 -1.312899112701416016e+00 1.879256844520568848e+00 -5.566346645355224609e-01 -1.138892531394958496e+00 -1.428396224975585938e+00 -3.754862546920776367e-01 -4.933846592903137207e-01 2.332940340042114258e+00 1.400086760520935059e+00 1.685686111450195312e+00 4.878868907690048218e-02 -1.438684105873107910e+00 6.171403452754020691e-03
-9.818326234817504883e-01 7.277441620826721191e-01 2.039681911468505859e+00 -6.101815700531005859e-01 2.262541294097900391e+00 -8.428972363471984863e-01 -1.019889354705810547e+00 -1.296065092086791992e+00 1.968123912811279297e+00 -5.589954853057861328e-01 -1.152224063873291016e+00 -1.433225631713867188e+00 -3.019445240497589111e-01 -5.502104163169860840e-01 2.448002338409423828e+00 1.411158561706542969e+00 1.650689244270324707e+00 2.178594470024108887e-02 -1.423444509506225586e+00 2.405554056167602539e-02
-9.408335089683532715e-01 7.030690312385559082e-01 2.077988862991333008e+00 -5.865395665168762207e-01 2.335098743438720703e+00 -9.037549495697021484e-01 -9.974147677421569824e-01 -1.285349488258361816e+00 2.034295320510864258e+00 -5.764772891998291016e-01 -1.180178284645080566e+00 -1.403777241706848145e+00 -2.272244989871978760e-01 -5.707530379295349121e-01 2.509293794631958008e+00 1.405308842658996582e+00 1.602630615234375000e+00 -3.448508679866790771e-03 -1.366211414337158203e+00 1.619705557823181152e-02
-9.008358120918273926e-01 6.626771688461303711e-01 2.072840452194213867e+00 -5.599254965782165527e-01 2.366191148757934570e+00 -9.499502182006835938e-01 -9.216938018798828125e-01 -1.255075097084045410e+00 2.062375783920288086e+00 -6.164727210998535156e-01 -1.208005309104919434e+00 -1.324039697647094727e+00 -1.473332047462463379e-01 -5.504441261291503906e-01 2.525238513946533203e+00 1.390493035316467285e+00 1.524418473243713379e+00 -1.951993629336357117e-02 -1.266789436340332031e+00 -1.414968073368072510e-02
-8.499140143394470215e-01 6.072551608085632324e-01 2.017176866531372070e+00 -5.234811305999755859e-01 2.342744827270507812e+00 -9.789265990257263184e-01 -7.974950075149536133e-01 -1.196326971054077148e+00 2.042354583740234375e+00 -6.674590110778808594e-01 -1.215109467506408691e+00 -1.185043692588806152e+00 -5.857677012681961060e-02 -4.999875426292419434e-01 2.489207506179809570e+00 1.358295321464538574e+00 1.399172902107238770e+00 -3.688412159681320190e-02 -1.117683529853820801e+00 -7.307562977075576782e-02
-8.022097945213317871e-01 5.598741769790649414e-01 1.928481340408325195e+00 -4.839848875999450684e-01 2.298917293548583984e+00 -1.013044238090515137e+00 -6.425199508666992188e-01 -1.129929423332214355e+00 1.981089949607849121e+00 -7.417049407958984375e-01 -1.202043294906616211e+00 -9.769455194473266602e-01 4.343747720122337341e-02 -4.056668281555175781e-01 2.416826486587524414e+00 1.333151340484619141e+00 1.235783338546752930e+00 -6.251186877489089966e-02 -9.320663213729858398e-01 -1.689426898956298828e-01
-7.849981188774108887e-01 5.632032155990600586e-01 1.833873987197875977e+00 -4.980579912662506104e-01 2.230858325958251953e+00 -1.037011265754699707e+00 -5.015174746513366699e-01 -1.068542361259460449e+00 1.860101342201232910e+00 -8.484721183776855469e-01 -1.160906195640563965e+00 -7.175145745277404785e-01 1.163915619254112244e-01 -2.628865242004394531e-01 2.330981969833374023e+00 1.340899229049682617e+00 1.082348346710205078e+00 -9.155814349651336670e-02 -7.664718031883239746e-01 -2.978473305702209473e-01
-8.655059337615966797e-01 7.047442197799682617e-01 1.783517241477966309e+00 -6.662408709526062012e-01 2.122403621673583984e+00 -1.097267985343933105e+00 -4.443925619125366211e-01 -1.054752707481384277e+00 1.762218952178955078e+00 -9.931477308273315430e-01 -1.090252161026000977e+00 -4.114438891410827637e-01 1.387576460838317871e-01 -5.980551242828369141e-03 2.230190277099609375e+00 1.411839962005615234e+00 9.946900606155395508e-01 -1.237450018525123596e-01 -6.712694168090820312e-01 -4.557403922080993652e-01
-1.005672574043273926e+00 1.063933610916137695e+00 1.743503093719482422e+00 -1.001489281654357910e+00 2.000316619873046875e+00 -1.182626962661743164e+00 -4.766084253787994385e-01 -1.164432644844055176e+00 1.709476113319396973e+00 -1.084127187728881836e+00 -9.736590981483459473e-01 -2.076987326145172119e-01 7.772062718868255615e-02 2.370833456516265869e-01 2.188361406326293945e+00 1.490271568298339844e+00 1.035283207893371582e+00 -2.249294668436050415e-01 -6.768496632575988770e-01 -6.662092208862304688e-01
-1.151572585105895996e+00 1.426154851913452148e+00 1.719660401344299316e+00 -1.325519919395446777e+00 1.807099580764770508e+00 -1.217031240463256836e+00 -6.177507042884826660e-01 -1.247925996780395508e+00 1.642254829406738281e+00 -1.096737504005432129e+00 -8.382297158241271973e-01 -1.121659725904464722e-01 -6.109306216239929199e-02 4.084351956844329834e-01 2.140952110290527344e+00 1.562291979789733887e+00 1.126478314399719238e+00 -3.037073016166687012e-01 -7.789136171340942383e-01 -8.183483481407165527e-01
-1.241921663284301758e+00 1.676195859909057617e+00 1.705158114433288574e+00 -1.571113228797912598e+00 1.576310873031616211e+00 -1.191130280494689941e+00 -8.513799309730529785e-01 -1.284246444702148438e+00 1.551900625228881836e+00 -9.908533096313476562e-01 -7.077763676643371582e-01 -1.377184391021728516e-01 -2.461113035678863525e-01 4.778375029563903809e-01 2.052342176437377930e+00 1.605783343315124512e+00 1.236739158630371094e+00 -3.304837346076965332e-01 -9.538790583610534668e-01 -8.503842353820800781e-01
-1.229163765907287598e+00 1.843616127967834473e+00 1.650153398513793945e+00 -1.697001814842224121e+00 1.301462769508361816e+00 -1.095394372940063477e+00 -1.104131817817687988e+00 -1.243806838989257812e+00 1.418559193611145020e+00 -8.010525703430175781e-01 -5.193818211555480957e-01 -2.351727634668350220e-01 -4.287486374378204346e-01 4.093583524227142334e-01 1.928367376327514648e+00 1.560539960861206055e+00 1.298788666725158691e+00 -3.244633078575134277e-01 -1.132799267768859863e+00 -7.913097739219665527e-01
-1.148371934890747070e+00 1.905063748359680176e+00 1.583337068557739258e+00 -1.698493838310241699e+00 1.062120795249938965e+00 -9.880619049072265625e-01 -1.300225257873535156e+00 -1.135352015495300293e+00 1.299002647399902344e+00 -6.227842569351196289e-01 -3.546073436737060547e-01 -3.328301608562469482e-01 -5.770909190177917480e-01 3.057166635990142822e-01 1.796739816665649414e+00 1.449926495552062988e+00 1.309499382972717285e+00 -3.051882386207580566e-01 -1.251087784767150879e+00 -6.811289787292480469e-01
-1.068001151084899902e+00 1.842503428459167480e+00 1.595063567161560059e+00 -1.610783576965332031e+00 1.002868652343750000e+00 -9.360581636428833008e-01 -1.442105650901794434e+00 -1.061179399490356445e+00 1.276089191436767578e+00 -4.998962283134460449e-01 -3.066371679306030273e-01 -4.900719523429870605e-01 -6.769393682479858398e-01 1.693148314952850342e-01 1.770374298095703125e+00 1.352652549743652344e+00 1.351841449737548828e+00 -2.612321376800537109e-01 -1.343193292617797852e+00 -5.238891839981079102e-01
-1.021795272827148438e+00 1.771015524864196777e+00 1.617583870887756348e+00 -1.487249016761779785e+00 9.909043312072753906e-01 -9.162893295288085938e-01 -1.572224140167236328e+00 -1.023200392723083496e+00 1.282701134681701660e+00 -4.027727246284484863e-01 -3.029581308364868164e-01 -6.439006924629211426e-01 -7.626134753227233887e-01 6.297121942043304443e-02 1.745614528656005859e+00 1.249101758003234863e+00 1.393191695213317871e+00 -2.335099726915359497e-01 -1.423987627029418945e+00 -3.604412078857421875e-01
-1.000017762184143066e+00 1.778624773025512695e+00 1.656684994697570801e+00 -1.397451281547546387e+00 1.028562188148498535e+00 -9.623533487319946289e-01 -1.691049337387084961e+00 -1.060541152954101562e+00 1.336302399635314941e+00 -3.170383870601654053e-01 -3.308573365211486816e-01 -7.790169715881347656e-01 -8.311144709587097168e-01 2.261179313063621521e-02 1.725539684295654297e+00 1.144294261932373047e+00 1.457830548286437988e+00 -2.489462494850158691e-01 -1.500385284423828125e+00 -2.484042644500732422e-01
-9.974398612976074219e-01 1.825751900672912598e+00 1.684950590133666992e+00 -1.341720104217529297e+00 1.093597412109375000e+00 -1.048114657402038574e+00 -1.777519941329956055e+00 -1.139695882797241211e+00 1.402959227561950684e+00 -2.595212757587432861e-01 -3.804094791412353516e-01 -8.645817041397094727e-01 -8.646381497383117676e-01 5.046916380524635315e-02 1.697054147720336914e+00 1.044030189514160156e+00 1.520446777343750000e+00 -2.841281294822692871e-01 -1.540956258773803711e+00 -1.801635026931762695e-01
-1.009820580482482910e+00 1.889237284660339355e+00 1.676240682601928711e+00 -1.309434771537780762e+00 1.167822003364562988e+00 -1.124145030975341797e+00 -1.822422742843627930e+00 -1.215729236602783203e+00 1.453785181045532227e+00 -2.535785734653472900e-01 -4.316984713077545166e-01 -8.789075613021850586e-01 -8.693615198135375977e-01 1.335400938987731934e-01 1.648997545242309570e+00 9.682843089103698730e-01 1.557339668273925781e+00 -3.238654732704162598e-01 -1.529339432716369629e+00 -1.575479805469512939e-01
-1.041057109832763672e+00 1.968196868896484375e+00 1.640480041503906250e+00 -1.324653148651123047e+00 1.240539431571960449e+00 -1.179588079452514648e+00 -1.829169034957885742e+00 -1.285535812377929688e+00 1.489553213119506836e+00 -2.963692545890808105e-01 -4.589958786964416504e-01 -8.195151686668395996e-01 -8.615183234214782715e-01 2.611147165298461914e-01 1.605234861373901367e+00 9.474146962165832520e-01 1.571823120117187500e+00 -3.750091195106506348e-01 -1.483163952827453613e+00 -1.931712925434112549e-01
-1.108247399330139160e+00 2.071745634078979492e+00 1.623664379119873047e+00 -1.376541733741760254e+00 1.337837338447570801e+00 -1.248541831970214844e+00 -1.825613260269165039e+00 -1.373657822608947754e+00 1.534578800201416016e+00 -3.877344131469726562e-01 -4.902677834033966064e-01 -7.219474911689758301e-01 -8.570101857185363770e-01 3.958081007003784180e-01 1.599589347839355469e+00 9.882029891014099121e-01 1.592293500900268555e+00 -4.266502261161804199e-01 -1.429199814796447754e+00 -2.656105458736419678e-01
-1.192704796791076660e+00 2.175759553909301758e+00 1.616694808006286621e+00 -1.439960837364196777e+00 1.432574629783630371e+00 -1.316052913665771484e+00 -1.807057261466979980e+00 -1.443336009979248047e+00 1.577084302902221680e+00 -5.176852941513061523e-01 -5.293738245964050293e-01 -5.986912250518798828e-01 -8.384979367256164551e-01 5.373232364654541016e-01 1.608617067337036133e+00 1.068976879119873047e+00 1.609246611595153809e+00 -4.609704017639160156e-01 -1.366486430168151855e+00 -3.564230501651763916e-01
-1.300843238830566406e+00 2.255241870880126953e+00 1.623581886291503906e+00 -1.493731141090393066e+00 1.514171242713928223e+00 -1.385587811470031738e+00 -1.739557504653930664e+00 -1.483887314796447754e+00 1.624001741409301758e+00 -7.070797681808471680e-01 -5.821036696434020996e-01 -4.377052485942840576e-01 -7.921985387802124023e-01 7.058439850807189941e-01 1.654381752014160156e+00 1.186673164367675781e+00 1.612195372581481934e+00 -4.850773215293884277e-01 -1.273670434951782227e+00 -4.618355929851531982e-01
-1.404803991317749023e+00 2.289800643920898438e+00 1.627022385597229004e+00 -1.542083144187927246e+00 1.541249990463256836e+00 -1.418477296829223633e+00 -1.629120230674743652e+00 -1.469698548316955566e+00 1.620694994926452637e+00 -9.049576520919799805e-01 -6.260746717453002930e-01 -2.461792230606079102e-01 -7.436547279357910156e-01 8.531612753868103027e-01 1.690170049667358398e+00 1.319491028785705566e+00 1.567240715026855469e+00 -4.798288345336914062e-01 -1.174909949302673340e+00 -5.788485407829284668e-01
-1.504550933837890625e+00 2.294795751571655273e+00 1.662189245223999023e+00 -1.584643244743347168e+00 1.512667059898376465e+00 -1.427249073982238770e+00 -1.495586514472961426e+00 -1.449705004692077637e+00 1.583390951156616211e+00 -1.036954045295715332e+00 -6.843598484992980957e-01 -1.099464744329452515e-01 -7.205322980880737305e-01 9.228945374488830566e-01 1.742064237594604492e+00 1.448483586311340332e+00 1.515336394309997559e+00 -4.392454624176025391e-01 -1.132722139358520508e+00 -7.051760554313659668e-01
-1.561148047447204590e+00 2.180091619491577148e+00 1.713501214981079102e+00 -1.580317854881286621e+00 1.454117655754089355e+00 -1.319992423057556152e+00 -1.280858039855957031e+00 -1.368031382560729980e+00 1.494986057281494141e+00 -1.123671174049377441e+00 -7.666795253753662109e-01 -6.540235877037048340e-02 -6.849681138992309570e-01 8.377593159675598145e-01 1.834960937500000000e+00 1.567736029624938965e+00 1.422748446464538574e+00 -3.339538574218750000e-01 -1.139788985252380371e+00 -8.135715723037719727e-01
-1.549689412117004395e+00 1.849035978317260742e+00 1.841133475303649902e+00 -1.436318874359130859e+00 1.451708078384399414e+00 -1.160233378410339355e+00 -1.008069872856140137e+00 -1.256166100502014160e+00 1.385936379432678223e+00 -1.132131457328796387e+00 -9.039160013198852539e-01 -1.746878176927566528e-01 -6.246745586395263672e-01 5.900106430053710938e-01 1.975135564804077148e+00 1.674330711364746094e+00 1.326810479164123535e+00 -1.655523180961608887e-01 -1.202856063842773438e+00 -8.354063034057617188e-01
-1.327934145927429199e+00 1.387312769889831543e+00 2.011456251144409180e+00 -1.217132329940795898e+00 1.576395392417907715e+00 -9.722130894660949707e-01 -7.658463120460510254e-01 -1.131771802902221680e+00 1.368918538093566895e+00 -9.820154905319213867e-01 -9.935681819915771484e-01 -4.531745612621307373e-01 -5.462143421173095703e-01 1.802577078342437744e-01 2.146861314773559570e+00 1.704918861389160156e+00 1.306183218955993652e+00 -2.151215635240077972e-02 -1.317720055580139160e+00 -7.665930390357971191e-01
-1.071022272109985352e+00 1.076125144958496094e+00 2.174405336380004883e+00 -1.088894963264465332e+00 1.788485288619995117e+00 -8.795400261878967285e-01 -6.431126594543457031e-01 -1.124842166900634766e+00 1.486925840377807617e+00 -7.852598428726196289e-01 -1.038702249526977539e+00 -8.102656602859497070e-01 -5.269039869308471680e-01 -2.012717723846435547e-01 2.272502899169921875e+00 1.601140141487121582e+00 1.390384435653686523e+00 4.949911683797836304e-02 -1.468292355537414551e+00 -6.245545744895935059e-01
-9.720226526260375977e-01 9.419053196907043457e-01 2.278375864028930664e+00 -1.062118887901306152e+00 1.911522030830383301e+00 -8.980527520179748535e-01 -6.053283214569091797e-01 -1.273971557617187500e+00 1.632081866264343262e+00 -6.106681823730468750e-01 -1.145301103591918945e+00 -1.174275279045104980e+00 -5.330764055252075195e-01 -4.426351189613342285e-01 2.373525857925415039e+00 1.465189695358276367e+00 1.549161076545715332e+00 6.772805005311965942e-02 -1.615286111831665039e+00 -4.621145129203796387e-01
-9.017971158027648926e-01 8.582530617713928223e-01 2.321977138519287109e+00 -1.037879109382629395e+00 1.969028830528259277e+00 -9.214011430740356445e-01 -5.857481956481933594e-01 -1.359795331954956055e+00 1.724396705627441406e+00 -4.983327984809875488e-01 -1.209199786186218262e+00 -1.391672492027282715e+00 -5.206769108772277832e-01 -5.692570805549621582e-01 2.423536300659179688e+00 1.356877565383911133e+00 1.642308115959167480e+00 6.529403477907180786e-02 -1.681307077407836914e+00 -3.479043543338775635e-01
-8.578569293022155762e-01 8.538782000541687012e-01 2.357067346572875977e+00 -1.060818076133728027e+00 2.000673770904541016e+00 -9.576211571693420410e-01 -6.109918355941772461e-01 -1.445774197578430176e+00 1.807619690895080566e+00 -3.983102142810821533e-01 -1.252125859260559082e+00 -1.548525691032409668e+00 -5.213060975074768066e-01 -6.487309932708740234e-01 2.462184906005859375e+00 1.297362565994262695e+00 1.732909321784973145e+00 4.824811965227127075e-02 -1.749279260635375977e+00 -2.911950945854187012e-01
-8.154736161231994629e-01 8.552493453025817871e-01 2.362429857254028320e+00 -1.084605097770690918e+00 2.010796546936035156e+00 -9.840386509895324707e-01 -6.286958456039428711e-01 -1.502945661544799805e+00 1.861872076988220215e+00 -3.234386742115020752e-01 -1.277496099472045898e+00 -1.650272727012634277e+00 -5.321941375732421875e-01 -6.890357136726379395e-01 2.462681770324707031e+00 1.243190765380859375e+00 1.800818920135498047e+00 3.790542483329772949e-02 -1.791799187660217285e+00 -2.530817687511444092e-01
-7.797771096229553223e-01 8.570752143859863281e-01 2.345582723617553711e+00 -1.114516139030456543e+00 2.003905057907104492e+00 -9.986322522163391113e-01 -6.329334974288940430e-01 -1.538284063339233398e+00 1.891022801399230957e+00 -2.734187841415405273e-01 -1.295547842979431152e+00 -1.707808852195739746e+00 -5.491414666175842285e-01 -6.930361986160278320e-01 2.434942007064819336e+00 1.195294380187988281e+00 1.851369261741638184e+00 3.788714855909347534e-02 -1.815385818481445312e+00 -2.258148193359375000e-01
-7.246215939521789551e-01 8.600935935974121094e-01 2.296362876892089844e+00 -1.151827812194824219e+00 1.961760759353637695e+00 -1.011744976043701172e+00 -6.124025583267211914e-01 -1.555229067802429199e+00 1.891627073287963867e+00 -2.236992269754409790e-01 -1.289212226867675781e+00 -1.719449996948242188e+00 -5.649992227554321289e-01 -6.697654724121093750e-01 2.363083839416503906e+00 1.130357146263122559e+00 1.873405337333679199e+00 3.643674403429031372e-02 -1.809219241142272949e+00 -2.222630679607391357e-01
-6.243191957473754883e-01 8.764714002609252930e-01 2.182535886764526367e+00 -1.204101085662841797e+00 1.876377820968627930e+00 -1.043024659156799316e+00 -5.679360032081604004e-01 -1.549478173255920410e+00 1.848097085952758789e+00 -1.656413674354553223e-01 -1.220147609710693359e+00 -1.639155745506286621e+00 -5.537546277046203613e-01 -5.875359177589416504e-01 2.212921142578125000e+00 1.047538399696350098e+00 1.843444108963012695e+00 2.941995859146118164e-02 -1.732556223869323730e+00 -2.728278338909149170e-01
-5.193912982940673828e-01 1.136725783348083496e+00 1.806488633155822754e+00 -1.364854216575622559e+00 1.613788843154907227e+00 -1.122197747230529785e+00 -5.790599584579467773e-01 -1.556133985519409180e+00 1.753664970397949219e+00 -1.260675191879272461e-01 -9.171359539031982422e-01 -1.344543814659118652e+00 -5.012269616127014160e-01 -3.024676442146301270e-01 1.888314962387084961e+00 9.351226687431335449e-01 1.765901803970336914e+00 -9.308628737926483154e-02 -1.478242516517639160e+00 -4.658362269401550293e-01
-9.096733927726745605e-01 2.066815376281738281e+00 1.352755308151245117e+00 -1.757745504379272461e+00 1.309882760047912598e+00 -1.481828451156616211e+00 -9.429417848587036133e-01 -1.757379055023193359e+00 1.713965773582458496e+00 -5.189641714096069336e-01 -4.757393896579742432e-01 -4.946846067905426025e-01 -4.455161094665527344e-01 5.618019700050354004e-01 1.480868816375732422e+00 9.264537692070007324e-01 1.564402818679809570e+00 -5.227668285369873047e-01 -1.003014683723449707e+00 -7.672826051712036133e-01
-1.175065875053405762e+00 2.358649492263793945e+00 1.434898972511291504e+00 -1.865857362747192383e+00 1.428557276725769043e+00 -1.578034996986389160e+00 -1.125328063964843750e+00 -1.786574482917785645e+00 1.780254364013671875e+00 -8.053060770034790039e-01 -4.710298478603363037e-01 -2.200511544942855835e-01 -4.294754862785339355e-01 8.461124897003173828e-01 1.581395864486694336e+00 1.118006110191345215e+00 1.533259391784667969e+00 -6.725011467933654785e-01 -9.293589591979980469e-01 -8.514154553413391113e-01
-1.239952325820922852e+00 2.352045536041259766e+00 1.466360926628112793e+00 -1.825239181518554688e+00 1.458137869834899902e+00 -1.558655023574829102e+00 -1.172777295112609863e+00 -1.742720603942871094e+00 1.747611284255981445e+00 -8.614094257354736328e-01 -4.907404780387878418e-01 -1.643870621919631958e-01 -3.996139168739318848e-01 8.561511039733886719e-01 1.621547222137451172e+00 1.186779499053955078e+00 1.481091737747192383e+00 -6.597717404365539551e-01 -9.162757992744445801e-01 -8.431491851806640625e-01
-1.232070565223693848e+00 2.286169290542602539e+00 1.453264117240905762e+00 -1.749450564384460449e+00 1.417876839637756348e+00 -1.492165207862854004e+00 -1.154684305191040039e+00 -1.655554413795471191e+00 1.673876881599426270e+00 -8.632726669311523438e-01 -4.981304705142974854e-01 -1.338476687669754028e-01 -3.815032839775085449e-01 7.911351323127746582e-01 1.603880643844604492e+00 1.194040775299072266e+00 1.384305119514465332e+00 -6.222459077835083008e-01 -8.993137478828430176e-01 -8.361147046089172363e-01
-1.186319351196289062e+00 2.203000783920288086e+00 1.447960972785949707e+00 -1.660272002220153809e+00 1.349319934844970703e+00 -1.396064400672912598e+00 -1.126041173934936523e+00 -1.546605706214904785e+00 1.579478621482849121e+00 -8.354905843734741211e-01 -5.006074905395507812e-01 -1.413635015487670898e-01 -3.951648175716400146e-01 6.473398208618164062e-01 1.587841749191284180e+00 1.169718980789184570e+00 1.275313138961791992e+00 -5.646435618400573730e-01 -9.147157073020935059e-01 -8.101597428321838379e-01
-1.108633279800415039e+00 2.071207523345947266e+00 1.437940001487731934e+00 -1.530709624290466309e+00 1.262987256050109863e+00 -1.258939623832702637e+00 -1.085342407226562500e+00 -1.408539056777954102e+00 1.460154056549072266e+00 -7.758636474609375000e-01 -5.118939876556396484e-01 -1.937434971332550049e-01 -4.463793039321899414e-01 4.343682229518890381e-01 1.557913064956665039e+00 1.104781985282897949e+00 1.153871893882751465e+00 -4.827717542648315430e-01 -9.583120346069335938e-01 -7.507327795028686523e-01
-9.633344411849975586e-01 1.883168697357177734e+00 1.442628502845764160e+00 -1.330605626106262207e+00 1.199777841567993164e+00 -1.111141204833984375e+00 -1.017697811126708984e+00 -1.225263357162475586e+00 1.372813940048217773e+00 -6.947959661483764648e-01 -5.379727482795715332e-01 -3.159672617912292480e-01 -4.867516458034515381e-01 1.263354718685150146e-01 1.537953853607177734e+00 1.026811122894287109e+00 1.038929104804992676e+00 -3.688977360725402832e-01 -1.011375308036804199e+00 -6.652542352676391602e-01
-7.872610688209533691e-01 1.687086343765258789e+00 1.605868220329284668e+00 -1.072482228279113770e+00 1.251382112503051758e+00 -1.033408761024475098e+00 -9.455478787422180176e-01 -1.083274006843566895e+00 1.422138810157775879e+00 -6.072335243225097656e-01 -6.212021708488464355e-01 -5.725948810577392578e-01 -5.396465659141540527e-01 -2.474395930767059326e-01 1.605019569396972656e+00 9.751495718955993652e-01 1.039059877395629883e+00 -2.386901527643203735e-01 -1.156967759132385254e+00 -5.857313871383666992e-01
-7.288800477981567383e-01 1.572495102882385254e+00 1.834970474243164062e+00 -9.203876256942749023e-01 1.411461830139160156e+00 -1.007418751716613770e+00 -9.780793786048889160e-01 -1.082834482192993164e+00 1.617619991302490234e+00 -5.181627273559570312e-01 -7.398931384086608887e-01 -9.508178830146789551e-01 -6.382139921188354492e-01 -5.188879370689392090e-01 1.742964029312133789e+00 9.683013558387756348e-01 1.253418564796447754e+00 -1.275774240493774414e-01 -1.385754704475402832e+00 -4.554213285446166992e-01
-6.969990730285644531e-01 1.452841043472290039e+00 2.052862167358398438e+00 -8.811011314392089844e-01 1.615023255348205566e+00 -9.742577075958251953e-01 -1.029953956604003906e+00 -1.130561351776123047e+00 1.819212555885314941e+00 -4.380149245262145996e-01 -8.945370316505432129e-01 -1.303182721138000488e+00 -7.282679677009582520e-01 -7.312380671501159668e-01 1.936983585357666016e+00 1.017111778259277344e+00 1.505069017410278320e+00 -2.743397839367389679e-02 -1.621889352798461914e+00 -3.327236473560333252e-01
-7.208935618400573730e-01 1.341401934623718262e+00 2.188291788101196289e+00 -8.939864039421081543e-01 1.807701587677001953e+00 -9.305161237716674805e-01 -1.081085085868835449e+00 -1.200391054153442383e+00 1.947742819786071777e+00 -3.938477337360382080e-01 -1.050177812576293945e+00 -1.526430130004882812e+00 -7.966596484184265137e-01 -8.053132295608520508e-01 2.108437061309814453e+00 1.100416421890258789e+00 1.711217403411865234e+00 5.284504592418670654e-02 -1.780900597572326660e+00 -2.510579228401184082e-01
-7.263714075088500977e-01 1.232890844345092773e+00 2.227052450180053711e+00 -9.319306612014770508e-01 1.928772211074829102e+00 -8.883508443832397461e-01 -1.087799787521362305e+00 -1.236591696739196777e+00 1.996420145034790039e+00 -3.560000956058502197e-01 -1.147524952888488770e+00 -1.618830084800720215e+00 -8.410347700119018555e-01 -7.861225605010986328e-01 2.196037769317626953e+00 1.165740966796875000e+00 1.839896440505981445e+00 9.907968342304229736e-02 -1.850046873092651367e+00 -2.218536138534545898e-01
-7.252284288406372070e-01 1.102274894714355469e+00 2.175797224044799805e+00 -9.551263451576232910e-01 2.041066646575927734e+00 -8.232966661453247070e-01 -1.074578523635864258e+00 -1.232762575149536133e+00 2.000948905944824219e+00 -3.672464787960052490e-01 -1.180080413818359375e+00 -1.567707300186157227e+00 -8.000723123550415039e-01 -7.126361727714538574e-01 2.232286453247070312e+00 1.252311706542968750e+00 1.869940400123596191e+00 1.191579997539520264e-01 -1.803820133209228516e+00 -2.420887053012847900e-01
-7.239910960197448730e-01 9.277289509773254395e-01 1.975718736648559570e+00 -9.332057833671569824e-01 2.074655532836914062e+00 -6.948935985565185547e-01 -1.017630219459533691e+00 -1.128958582878112793e+00 1.888267755508422852e+00 -4.477608799934387207e-01 -1.133828759193420410e+00 -1.323748111724853516e+00 -6.775577068328857422e-01 -5.453217029571533203e-01 2.157625913619995117e+00 1.328272819519042969e+00 1.748273253440856934e+00 1.382372230291366577e-01 -1.588304758071899414e+00 -2.849940061569213867e-01
-7.788302898406982422e-01 7.474958300590515137e-01 1.709203004837036133e+00 -8.480851054191589355e-01 2.078757762908935547e+00 -6.378899216651916504e-01 -8.877004384994506836e-01 -9.812960028648376465e-01 1.757794618606567383e+00 -6.618775129318237305e-01 -1.049094200134277344e+00 -9.030309319496154785e-01 -4.221053123474121094e-01 -2.116103172302246094e-01 2.096343278884887695e+00 1.406928777694702148e+00 1.526689291000366211e+00 8.485911786556243896e-02 -1.175109267234802246e+00 -3.358203768730163574e-01
-9.252211451530456543e-01 7.590401768684387207e-01 1.534889459609985352e+00 -8.962311744689941406e-01 2.066120624542236328e+00 -7.033650279045104980e-01 -8.551164269447326660e-01 -9.504384994506835938e-01 1.710215687751770020e+00 -8.866355419158935547e-01 -9.242569804191589355e-01 -5.246018171310424805e-01 -2.078273892402648926e-01 1.536639034748077393e-01 2.075103282928466797e+00 1.495891332626342773e+00 1.387854099273681641e+00 -3.191665187478065491e-02 -8.538644909858703613e-01 -3.609475493431091309e-01
-1.038993120193481445e+00 8.475828170776367188e-01 1.513231992721557617e+00 -9.373475313186645508e-01 2.091444730758666992e+00 -8.400726318359375000e-01 -8.395878672599792480e-01 -1.018503904342651367e+00 1.747496604919433594e+00 -1.020593285560607910e+00 -8.656855225563049316e-01 -3.681438863277435303e-01 -4.801841080188751221e-02 3.576818406581878662e-01 2.126173019409179688e+00 1.537805199623107910e+00 1.362208724021911621e+00 -1.153025701642036438e-01 -7.022364139556884766e-01 -3.632824718952178955e-01
-1.099483370780944824e+00 9.075215458869934082e-01 1.549786686897277832e+00 -9.536023139953613281e-01 2.159774065017700195e+00 -9.511582255363464355e-01 -8.328785896301269531e-01 -1.087682366371154785e+00 1.805470585823059082e+00 -1.105922937393188477e+00 -8.698810935020446777e-01 -3.090724349021911621e-01 6.752882897853851318e-02 4.475011825561523438e-01 2.175950288772583008e+00 1.580312490463256836e+00 1.365550637245178223e+00 -1.656882762908935547e-01 -6.422952413558959961e-01 -3.768019974231719971e-01
-1.123063445091247559e+00 8.953570723533630371e-01 1.571079254150390625e+00 -9.064692854881286621e-01 2.191310644149780273e+00 -1.005837798118591309e+00 -8.065332174301147461e-01 -1.115523338317871094e+00 1.825411558151245117e+00 -1.147588133811950684e+00 -8.865380287170410156e-01 -2.860885262489318848e-01 1.653430163860321045e-01 4.670202732086181641e-01 2.188014030456542969e+00 1.580120086669921875e+00 1.325397014617919922e+00 -1.838902086019515991e-01 -5.953363180160522461e-01 -3.609145879745483398e-01
-1.112174034118652344e+00 8.216996788978576660e-01 1.581100702285766602e+00 -8.084821701049804688e-01 2.199972867965698242e+00 -1.029171466827392578e+00 -7.636538147926330566e-01 -1.116013646125793457e+00 1.818759560585021973e+00 -1.149819970130920410e+00 -9.176643490791320801e-01 -2.939815819263458252e-01 2.584609687328338623e-01 4.379335939884185791e-01 2.178273677825927734e+00 1.532709121704101562e+00 1.250191450119018555e+00 -1.818911135196685791e-01 -5.502959489822387695e-01 -3.066302835941314697e-01
-1.064077973365783691e+00 7.226937413215637207e-01 1.587111234664916992e+00 -6.991860866546630859e-01 2.202434539794921875e+00 -1.041348576545715332e+00 -7.365908026695251465e-01 -1.113759398460388184e+00 1.787965059280395508e+00 -1.091309309005737305e+00 -9.586498141288757324e-01 -3.464291095733642578e-01 3.229220509529113770e-01 3.833225369453430176e-01 2.156505107879638672e+00 1.432922601699829102e+00 1.177007436752319336e+00 -1.701173931360244751e-01 -5.273113846778869629e-01 -2.219134569168090820e-01
-9.907085299491882324e-01 6.480030417442321777e-01 1.634440779685974121e+00 -5.835733413696289062e-01 2.275297880172729492e+00 -1.098511219024658203e+00 -6.919426321983337402e-01 -1.159363985061645508e+00 1.826300263404846191e+00 -1.000197410583496094e+00 -1.009934902191162109e+00 -4.943404495716094971e-01 3.747620582580566406e-01 2.721522152423858643e-01 2.169427394866943359e+00 1.316704511642456055e+00 1.148384928703308105e+00 -1.980242580175399780e-01 -5.387586355209350586e-01 -1.330040395259857178e-01
-8.625576496124267578e-01 6.209394335746765137e-01 1.672556161880493164e+00 -4.592821896076202393e-01 2.331843614578247070e+00 -1.183177828788757324e+00 -6.349810957908630371e-01 -1.255053877830505371e+00 1.889786958694458008e+00 -8.214824199676513672e-01 -1.032347202301025391e+00 -7.301501631736755371e-01 4.148407876491546631e-01 8.188668638467788696e-02 2.155167818069458008e+00 1.132329463958740234e+00 1.134545326232910156e+00 -2.560257315635681152e-01 -5.847337245941162109e-01 -4.489459842443466187e-02
-7.867541313171386719e-01 7.432098984718322754e-01 1.773358106613159180e+00 -4.540288150310516357e-01 2.345989704132080078e+00 -1.335979223251342773e+00 -6.568855643272399902e-01 -1.422495007514953613e+00 1.985029458999633789e+00 -6.043589115142822266e-01 -1.052403688430786133e+00 -9.892070889472961426e-01 3.730857968330383301e-01 -9.877257794141769409e-02 2.160241603851318359e+00 9.923882484436035156e-01 1.215305447578430176e+00 -3.408477902412414551e-01 -7.405747175216674805e-01 -1.431832462549209595e-02
-7.281689047813415527e-01 9.593830704689025879e-01 1.861243486404418945e+00 -5.711402297019958496e-01 2.314233064651489258e+00 -1.475827455520629883e+00 -7.703937888145446777e-01 -1.591128587722778320e+00 2.047489643096923828e+00 -3.965612053871154785e-01 -1.038962125778198242e+00 -1.201464533805847168e+00 2.826616466045379639e-01 -2.206470966339111328e-01 2.149076223373413086e+00 8.847959637641906738e-01 1.346527457237243652e+00 -4.317219853401184082e-01 -9.415959119796752930e-01 -2.092096954584121704e-03
-6.983978748321533203e-01 1.150452375411987305e+00 1.881287217140197754e+00 -6.915336251258850098e-01 2.240132808685302734e+00 -1.570463776588439941e+00 -8.912885785102844238e-01 -1.718603610992431641e+00 2.059493780136108398e+00 -2.270920872688293457e-01 -9.980063438415527344e-01 -1.338921070098876953e+00 2.004364728927612305e-01 -2.552372813224792480e-01 2.088965654373168945e+00 7.930299043655395508e-01 1.456523895263671875e+00 -5.048501491546630859e-01 -1.099129080772399902e+00 3.456997871398925781e-02
-6.643882989883422852e-01 1.300405144691467285e+00 1.835809588432312012e+00 -8.314304351806640625e-01 2.115145444869995117e+00 -1.644707322120666504e+00 -9.942139983177185059e-01 -1.821128368377685547e+00 2.025691747665405273e+00 -6.478709727525711060e-02 -9.458813071250915527e-01 -1.399671912193298340e+00 1.165705770254135132e-01 -1.887921690940856934e-01 1.984666824340820312e+00 6.822199225425720215e-01 1.556339025497436523e+00 -5.699146389961242676e-01 -1.203127503395080566e+00 6.848542392253875732e-02
-6.646819710731506348e-01 1.426199316978454590e+00 1.730360031127929688e+00 -9.876062870025634766e-01 1.921599864959716797e+00 -1.705576419830322266e+00 -1.075979590415954590e+00 -1.897606849670410156e+00 1.938506722450256348e+00 6.683923304080963135e-02 -8.764926791191101074e-01 -1.367232799530029297e+00 3.006189689040184021e-02 -1.812142878770828247e-02 1.846420526504516602e+00 5.711421370506286621e-01 1.626330971717834473e+00 -6.441845893859863281e-01 -1.250524759292602539e+00 8.473004400730133057e-02
-7.500740289688110352e-01 1.533090591430664062e+00 1.618698000907897949e+00 -1.141714572906494141e+00 1.770867943763732910e+00 -1.739596366882324219e+00 -1.121542453765869141e+00 -2.005254745483398438e+00 1.861337184906005859e+00 1.062312722206115723e-01 -8.364401459693908691e-01 -1.298029422760009766e+00 -5.404339730739593506e-02 1.743208765983581543e-01 1.788216590881347656e+00 5.342919230461120605e-01 1.699515700340270996e+00 -7.228572964668273926e-01 -1.261570215225219727e+00 7.128560543060302734e-02
-8.702408075332641602e-01 1.583444237709045410e+00 1.537038445472717285e+00 -1.256718873977661133e+00 1.657006382942199707e+00 -1.730197906494140625e+00 -1.127304196357727051e+00 -2.086234807968139648e+00 1.786055326461791992e+00 8.795997500419616699e-02 -8.121436834335327148e-01 -1.224091291427612305e+00 -1.266477704048156738e-01 3.694628775119781494e-01 1.761973381042480469e+00 5.592544078826904297e-01 1.769231200218200684e+00 -7.729107141494750977e-01 -1.253428936004638672e+00 2.715688012540340424e-02
-9.630566239356994629e-01 1.605281949043273926e+00 1.496790051460266113e+00 -1.302702426910400391e+00 1.571853518486022949e+00 -1.716222047805786133e+00 -1.097294092178344727e+00 -2.095574855804443359e+00 1.730904221534729004e+00 1.226958632469177246e-02 -7.985572218894958496e-01 -1.110652685165405273e+00 -1.804908215999603271e-01 5.223341584205627441e-01 1.731430768966674805e+00 5.979076623916625977e-01 1.777643561363220215e+00 -7.817580103874206543e-01 -1.205893874168395996e+00 -4.215047508478164673e-02
-1.043711304664611816e+00 1.621884465217590332e+00 1.479083180427551270e+00 -1.301511526107788086e+00 1.522345781326293945e+00 -1.703817009925842285e+00 -1.057568192481994629e+00 -2.081480264663696289e+00 1.690507173538208008e+00 -9.031756222248077393e-02 -8.018471002578735352e-01 -9.969165325164794922e-01 -2.133617699146270752e-01 6.240100860595703125e-01 1.713322639465332031e+00 6.428542137145996094e-01 1.750020861625671387e+00 -7.798790335655212402e-01 -1.151129841804504395e+00 -1.125538423657417297e-01
-1.110049009323120117e+00 1.647743701934814453e+00 1.482108712196350098e+00 -1.291324973106384277e+00 1.520665764808654785e+00 -1.703291535377502441e+00 -1.017874240875244141e+00 -2.082710266113281250e+00 1.684848666191101074e+00 -1.925584077835083008e-01 -8.101010322570800781e-01 -9.233185052871704102e-01 -2.315403223037719727e-01 6.812370419502258301e-01 1.717541694641113281e+00 6.990401744842529297e-01 1.738316535949707031e+00 -7.842645645141601562e-01 -1.116809129714965820e+00 -1.772961616516113281e-01
-1.192820072174072266e+00 1.701456069946289062e+00 1.484864592552185059e+00 -1.297790288925170898e+00 1.519613385200500488e+00 -1.709789276123046875e+00 -9.930917024612426758e-01 -2.096663951873779297e+00 1.672341585159301758e+00 -3.013421297073364258e-01 -8.124004602432250977e-01 -8.409047126770019531e-01 -2.457427978515625000e-01 7.433739304542541504e-01 1.728238582611083984e+00 7.665827274322509766e-01 1.723927497863769531e+00 -8.023685812950134277e-01 -1.088238954544067383e+00 -2.485653162002563477e-01
-1.279657721519470215e+00 1.768962383270263672e+00 1.471281051635742188e+00 -1.312045574188232422e+00 1.508079767227172852e+00 -1.712507128715515137e+00 -9.635405540466308594e-01 -2.122275590896606445e+00 1.646811604499816895e+00 -4.060315191745758057e-01 -8.052771091461181641e-01 -7.619627714157104492e-01 -2.658345103263854980e-01 8.072258830070495605e-01 1.723253488540649414e+00 8.237950801849365234e-01 1.712484836578369141e+00 -8.291764259338378906e-01 -1.063127398490905762e+00 -3.214663565158843994e-01
-1.364960551261901855e+00 1.848171353340148926e+00 1.434210658073425293e+00 -1.340474367141723633e+00 1.475501775741577148e+00 -1.704581618309020996e+00 -9.264194965362548828e-01 -2.150746345520019531e+00 1.599694132804870605e+00 -5.053167343139648438e-01 -7.811810970306396484e-01 -6.787751913070678711e-01 -2.935891449451446533e-01 8.743325471878051758e-01 1.694622278213500977e+00 8.713529706001281738e-01 1.700416207313537598e+00 -8.609389066696166992e-01 -1.037372708320617676e+00 -4.019496738910675049e-01
-1.481457948684692383e+00 1.926195025444030762e+00 1.384123444557189941e+00 -1.402010560035705566e+00 1.458494544029235840e+00 -1.672571539878845215e+00 -8.910940289497375488e-01 -2.180682897567749023e+00 1.546197652816772461e+00 -6.352732181549072266e-01 -7.742990851402282715e-01 -5.910966396331787109e-01 -3.376459181308746338e-01 9.687466025352478027e-01 1.663451910018920898e+00 9.462476372718811035e-01 1.706271648406982422e+00 -8.646230101585388184e-01 -1.018418788909912109e+00 -4.632409512996673584e-01
-1.559303760528564453e+00 1.976240634918212891e+00 1.355402231216430664e+00 -1.480909466743469238e+00 1.455019950866699219e+00 -1.613458275794982910e+00 -8.534469008445739746e-01 -2.169016838073730469e+00 1.512805700302124023e+00 -7.543526887893676758e-01 -7.856101989746093750e-01 -5.107657909393310547e-01 -3.856605589389801025e-01 1.026322007179260254e+00 1.641676664352416992e+00 1.006498336791992188e+00 1.689415454864501953e+00 -8.468248844146728516e-01 -1.009608864784240723e+00 -5.103857517242431641e-01
-1.594283223152160645e+00 1.953758239746093750e+00 1.320209741592407227e+00 -1.538280844688415527e+00 1.474894165992736816e+00 -1.520266056060791016e+00 -8.239101171493530273e-01 -2.112911939620971680e+00 1.470406174659729004e+00 -8.443055152893066406e-01 -7.831866145133972168e-01 -4.443896114826202393e-01 -3.992085158824920654e-01 1.054304838180541992e+00 1.620070219039916992e+00 1.077139735221862793e+00 1.662893652915954590e+00 -7.794099450111389160e-01 -9.830846190452575684e-01 -5.405353903770446777e-01
-1.574382305145263672e+00 1.900886893272399902e+00 1.296377539634704590e+00 -1.590181708335876465e+00 1.470837950706481934e+00 -1.397527217864990234e+00 -8.041122555732727051e-01 -2.020292997360229492e+00 1.422351121902465820e+00 -8.831024169921875000e-01 -7.814486026763916016e-01 -4.060726463794708252e-01 -4.231386184692382812e-01 1.015491724014282227e+00 1.589063405990600586e+00 1.121335148811340332e+00 1.628448128700256348e+00 -6.749967336654663086e-01 -9.792647361755371094e-01 -5.758662223815917969e-01
-1.526418924331665039e+00 1.837847352027893066e+00 1.294117212295532227e+00 -1.631237268447875977e+00 1.455728530883789062e+00 -1.278144121170043945e+00 -7.886009812355041504e-01 -1.931980848312377930e+00 1.391135692596435547e+00 -8.696824312210083008e-01 -7.853778600692749023e-01 -4.272278547286987305e-01 -4.554311037063598633e-01 9.251269102096557617e-01 1.577936410903930664e+00 1.155012488365173340e+00 1.625305652618408203e+00 -5.637698173522949219e-01 -1.012579083442687988e+00 -6.047006249427795410e-01
-1.457327365875244141e+00 1.767664790153503418e+00 1.302086830139160156e+00 -1.635439157485961914e+00 1.451074481010437012e+00 -1.184143424034118652e+00 -7.553389072418212891e-01 -1.851656556129455566e+00 1.380547642707824707e+00 -8.443249464035034180e-01 -8.047322630882263184e-01 -4.747099876403808594e-01 -4.668828547000885010e-01 8.022080659866333008e-01 1.590596675872802734e+00 1.187060594558715820e+00 1.626283407211303711e+00 -4.625036716461181641e-01 -1.043720006942749023e+00 -6.383035182952880859e-01
-1.364405632019042969e+00 1.670769453048706055e+00 1.298642754554748535e+00 -1.617913842201232910e+00 1.436357855796813965e+00 -1.097379684448242188e+00 -7.064310908317565918e-01 -1.770853400230407715e+00 1.361313819885253906e+00 -7.943800687789916992e-01 -8.217485547065734863e-01 -5.325049161911010742e-01 -4.635914266109466553e-01 6.703975796699523926e-01 1.593173027038574219e+00 1.195683717727661133e+00 1.619770407676696777e+00 -3.689732551574707031e-01 -1.063221573829650879e+00 -6.612486839294433594e-01
-1.260119915008544922e+00 1.602018117904663086e+00 1.322890758514404297e+00 -1.601977348327636719e+00 1.467651605606079102e+00 -1.056627988815307617e+00 -6.694084405899047852e-01 -1.746768832206726074e+00 1.370456933975219727e+00 -7.191096544265747070e-01 -8.528280258178710938e-01 -6.196345686912536621e-01 -4.565521478652954102e-01 5.253741741180419922e-01 1.637549877166748047e+00 1.181535124778747559e+00 1.632729649543762207e+00 -3.195647001266479492e-01 -1.100004792213439941e+00 -6.739231348037719727e-01
-1.139298200607299805e+00 1.492855906486511230e+00 1.358104944229125977e+00 -1.581455588340759277e+00 1.524765610694885254e+00 -1.029582619667053223e+00 -5.949190855026245117e-01 -1.742489576339721680e+00 1.413248896598815918e+00 -6.363687515258789062e-01 -8.926823735237121582e-01 -7.393488287925720215e-01 -4.378380775451660156e-01 3.841411471366882324e-01 1.725675106048583984e+00 1.163999915122985840e+00 1.683157920837402344e+00 -2.864732742309570312e-01 -1.133743524551391602e+00 -6.761492490768432617e-01
-9.626399874687194824e-01 1.320587754249572754e+00 1.371603727340698242e+00 -1.515901207923889160e+00 1.558322906494140625e+00 -9.896934032440185547e-01 -4.835773408412933350e-01 -1.723990321159362793e+00 1.436321973800659180e+00 -5.067034363746643066e-01 -9.291560649871826172e-01 -8.893854618072509766e-01 -4.059574306011199951e-01 2.046296000480651855e-01 1.784301042556762695e+00 1.103694438934326172e+00 1.722299337387084961e+00 -2.434300780296325684e-01 -1.158482551574707031e+00 -6.619345545768737793e-01
-7.274910211563110352e-01 1.163269042968750000e+00 1.484893321990966797e+00 -1.458952546119689941e+00 1.671369433403015137e+00 -1.029016613960266113e+00 -4.085090160369873047e-01 -1.759731054306030273e+00 1.584735035896301270e+00 -2.969027161598205566e-01 -1.001510858535766602e+00 -1.176070332527160645e+00 -3.803417384624481201e-01 -2.887749671936035156e-02 1.851475477218627930e+00 1.010127425193786621e+00 1.867486834526062012e+00 -1.862092912197113037e-01 -1.256978988647460938e+00 -6.250100731849670410e-01
-5.269374847412109375e-01 1.051833391189575195e+00 1.707118868827819824e+00 -1.421401977539062500e+00 1.781517982482910156e+00 -1.136592864990234375e+00 -4.318421781063079834e-01 -1.802175045013427734e+00 1.773184180259704590e+00 -6.671445071697235107e-02 -1.068873524665832520e+00 -1.481959819793701172e+00 -3.584124147891998291e-01 -2.396685779094696045e-01 1.933037042617797852e+00 9.528697133064270020e-01 2.023838281631469727e+00 -1.412020921707153320e-01 -1.431326508522033691e+00 -5.620580315589904785e-01
-4.512200951576232910e-01 9.356942772865295410e-01 1.867520928382873535e+00 -1.351783990859985352e+00 1.851050615310668945e+00 -1.159156441688537598e+00 -5.149962306022644043e-01 -1.778778791427612305e+00 1.905630230903625488e+00 7.600566744804382324e-02 -1.158804059028625488e+00 -1.716655373573303223e+00 -3.656654953956604004e-01 -3.664577603340148926e-01 1.974934339523315430e+00 9.310246109962463379e-01 2.125190496444702148e+00 -7.134310901165008545e-02 -1.585519909858703613e+00 -4.115011692047119141e-01
-4.368687272071838379e-01 8.862136602401733398e-01 1.903458237648010254e+00 -1.275192022323608398e+00 1.835153937339782715e+00 -1.144638538360595703e+00 -6.494275927543640137e-01 -1.709045648574829102e+00 1.934779047966003418e+00 1.656052619218826294e-01 -1.154100775718688965e+00 -1.805061697959899902e+00 -3.677537441253662109e-01 -3.964357972145080566e-01 1.940755844116210938e+00 9.102444052696228027e-01 2.137700557708740234e+00 -3.661523014307022095e-02 -1.643121600151062012e+00 -2.854068279266357422e-01
-4.652125835418701172e-01 9.835997819900512695e-01 1.884650468826293945e+00 -1.234866738319396973e+00 1.783739089965820312e+00 -1.182948112487792969e+00 -8.263564109802246094e-01 -1.693823337554931641e+00 1.919454097747802734e+00 2.159746587276458740e-01 -1.094222545623779297e+00 -1.789093852043151855e+00 -4.023349285125732422e-01 -3.542448580265045166e-01 1.869694232940673828e+00 8.736678361892700195e-01 2.108500480651855469e+00 -8.536756038665771484e-02 -1.668625354766845703e+00 -2.146934866905212402e-01
-4.870225787162780762e-01 1.106102108955383301e+00 1.821115374565124512e+00 -1.217627763748168945e+00 1.669988036155700684e+00 -1.204246997833251953e+00 -9.733797311782836914e-01 -1.661988496780395508e+00 1.874082446098327637e+00 2.401570379734039307e-01 -9.910849332809448242e-01 -1.728912234306335449e+00 -4.532793164253234863e-01 -2.969215512275695801e-01 1.766199827194213867e+00 8.312228918075561523e-01 2.059204816818237305e+00 -1.367302983999252319e-01 -1.673367381095886230e+00 -1.660986244678497314e-01
-5.154009461402893066e-01 1.258764863014221191e+00 1.742254257202148438e+00 -1.239429235458374023e+00 1.524150729179382324e+00 -1.217965006828308105e+00 -1.096590399742126465e+00 -1.642912149429321289e+00 1.817802309989929199e+00 2.496042847633361816e-01 -8.632244467735290527e-01 -1.653971910476684570e+00 -5.082665681838989258e-01 -2.270753681659698486e-01 1.667689561843872070e+00 7.970182895660400391e-01 2.016729831695556641e+00 -1.944453120231628418e-01 -1.677072525024414062e+00 -1.443289816379547119e-01
-5.647789239883422852e-01 1.415977716445922852e+00 1.670071721076965332e+00 -1.287191748619079590e+00 1.395827054977416992e+00 -1.231962203979492188e+00 -1.202718019485473633e+00 -1.645101785659790039e+00 1.760635495185852051e+00 2.348563373088836670e-01 -7.431972026824951172e-01 -1.580343246459960938e+00 -5.637793540954589844e-01 -1.577476561069488525e-01 1.604750156402587891e+00 7.909155488014221191e-01 1.988133430480957031e+00 -2.439687848091125488e-01 -1.677384018898010254e+00 -1.487147808074951172e-01
-6.247034072875976562e-01 1.543433427810668945e+00 1.618659734725952148e+00 -1.347226262092590332e+00 1.301004528999328613e+00 -1.267264842987060547e+00 -1.293756961822509766e+00 -1.638158321380615234e+00 1.713358640670776367e+00 1.922972500324249268e-01 -6.289749741554260254e-01 -1.473858714103698730e+00 -6.034269332885742188e-01 -7.090985029935836792e-02 1.547575473785400391e+00 8.038993477821350098e-01 1.945919036865234375e+00 -2.925588488578796387e-01 -1.651600003242492676e+00 -1.656147539615631104e-01
-6.640621423721313477e-01 1.652601122856140137e+00 1.576191544532775879e+00 -1.399641513824462891e+00 1.225100278854370117e+00 -1.296760797500610352e+00 -1.351850152015686035e+00 -1.598447561264038086e+00 1.676026582717895508e+00 1.268909126520156860e-01 -5.202977657318115234e-01 -1.349030017852783203e+00 -6.350126862525939941e-01 6.571557372808456421e-03 1.495566844940185547e+00 8.180595636367797852e-01 1.889023303985595703e+00 -3.301231265068054199e-01 -1.599418401718139648e+00 -1.981039643287658691e-01
-6.925035715103149414e-01 1.730535268783569336e+00 1.564503312110900879e+00 -1.433636665344238281e+00 1.175422549247741699e+00 -1.308488488197326660e+00 -1.375076174736022949e+00 -1.518635392189025879e+00 1.647214055061340332e+00 4.224886000156402588e-02 -4.315514266490936279e-01 -1.211535692214965820e+00 -6.753911972045898438e-01 6.189908832311630249e-02 1.476335048675537109e+00 8.513988852500915527e-01 1.819883346557617188e+00 -3.512203097343444824e-01 -1.544565677642822266e+00 -2.451977133750915527e-01
-7.176201939582824707e-01 1.775309920310974121e+00 1.589435219764709473e+00 -1.454833149909973145e+00 1.163059592247009277e+00 -1.286416172981262207e+00 -1.393815636634826660e+00 -1.393884181976318359e+00 1.626322031021118164e+00 -7.590559124946594238e-02 -3.606664538383483887e-01 -1.039856195449829102e+00 -7.209889292716979980e-01 1.003253310918807983e-01 1.497265100479125977e+00 9.136052727699279785e-01 1.717971682548522949e+00 -3.523890972137451172e-01 -1.492569446563720703e+00 -2.863805592060089111e-01
-7.386769652366638184e-01 1.786747932434082031e+00 1.665845632553100586e+00 -1.451685190200805664e+00 1.231345295906066895e+00 -1.231718420982360840e+00 -1.425815939903259277e+00 -1.194757699966430664e+00 1.633478045463562012e+00 -2.511849999427795410e-01 -3.304169476032257080e-01 -8.184385895729064941e-01 -7.702577710151672363e-01 1.122234165668487549e-01 1.578816890716552734e+00 1.017571210861206055e+00 1.569294452667236328e+00 -3.298813700675964355e-01 -1.430109977722167969e+00 -3.248560130596160889e-01
-7.630764245986938477e-01 1.743199586868286133e+00 1.814596176147460938e+00 -1.297867417335510254e+00 1.519088625907897949e+00 -1.169621825218200684e+00 -1.461837291717529297e+00 -9.262867569923400879e-01 1.698979616165161133e+00 -5.520485639572143555e-01 -4.216769635677337646e-01 -5.251301527023315430e-01 -7.599621415138244629e-01 4.714711755514144897e-02 1.782048702239990234e+00 1.199513792991638184e+00 1.310925960540771484e+00 -2.610455751419067383e-01 -1.312004804611206055e+00 -3.669300675392150879e-01
-8.604884147644042969e-01 1.569288849830627441e+00 2.020750522613525391e+00 -9.900233745574951172e-01 2.014153718948364258e+00 -1.144539117813110352e+00 -1.375746250152587891e+00 -7.900481224060058594e-01 1.894879817962646484e+00 -9.363124370574951172e-01 -7.865021824836730957e-01 -3.765473365783691406e-01 -6.473089456558227539e-01 -2.756525576114654541e-02 2.113691091537475586e+00 1.365775823593139648e+00 1.158697485923767090e+00 -1.228537485003471375e-01 -1.169544577598571777e+00 -3.632044494152069092e-01
-9.212158918380737305e-01 1.273709654808044434e+00 2.053379297256469727e+00 -7.325052618980407715e-01 2.256217002868652344e+00 -1.086617469787597656e+00 -1.169691801071166992e+00 -7.670611739158630371e-01 1.935160040855407715e+00 -1.105091691017150879e+00 -1.084546327590942383e+00 -3.747401237487792969e-01 -4.658831655979156494e-01 -9.876184910535812378e-02 2.289178609848022461e+00 1.411949157714843750e+00 1.061645030975341797e+00 -5.740718543529510498e-02 -1.016435265541076660e+00 -3.290718495845794678e-01
-9.389629960060119629e-01 1.102564334869384766e+00 2.015815258026123047e+00 -6.038005948066711426e-01 2.309975385665893555e+00 -1.045801401138305664e+00 -1.050041556358337402e+00 -7.827961444854736328e-01 1.917016506195068359e+00 -1.128281712532043457e+00 -1.203810691833496094e+00 -4.172447621822357178e-01 -3.603099286556243896e-01 -1.135813519358634949e-01 2.318397521972656250e+00 1.405343651771545410e+00 1.045958876609802246e+00 -3.668728098273277283e-02 -9.395830035209655762e-01 -3.018447756767272949e-01
-9.393778443336486816e-01 1.025385260581970215e+00 1.979462742805480957e+00 -5.595214366912841797e-01 2.308345794677734375e+00 -1.025354623794555664e+00 -9.924844503402709961e-01 -7.993175387382507324e-01 1.904390215873718262e+00 -1.124116420745849609e+00 -1.231524109840393066e+00 -4.426747560501098633e-01 -3.109639286994934082e-01 -1.130231544375419617e-01 2.311803579330444336e+00 1.403598785400390625e+00 1.053408503532409668e+00 -2.549077197909355164e-02 -9.082581996917724609e-01 -2.924532294273376465e-01
-9.409765601158142090e-01 9.883790016174316406e-01 1.957238793373107910e+00 -5.461546778678894043e-01 2.297287464141845703e+00 -1.001066803932189941e+00 -9.761240482330322266e-01 -7.994685173034667969e-01 1.894145369529724121e+00 -1.120078802108764648e+00 -1.231461763381958008e+00 -4.569064378738403320e-01 -2.936875820159912109e-01 -1.161240860819816589e-01 2.304041624069213867e+00 1.417205572128295898e+00 1.064704060554504395e+00 -8.464016020298004150e-03 -9.024703502655029297e-01 -2.887354791164398193e-01
-9.490891098976135254e-01 9.741846323013305664e-01 1.958036303520202637e+00 -5.537080764770507812e-01 2.286418437957763672e+00 -9.715816378593444824e-01 -9.907397627830505371e-01 -7.901182770729064941e-01 1.890680432319641113e+00 -1.117132306098937988e+00 -1.219950914382934570e+00 -4.723302721977233887e-01 -3.019940853118896484e-01 -1.306990385055541992e-01 2.308890342712402344e+00 1.453519225120544434e+00 1.083932757377624512e+00 1.880415529012680054e-02 -9.254868030548095703e-01 -2.904354929924011230e-01
-9.609379768371582031e-01 9.747836589813232422e-01 1.978800773620605469e+00 -5.814338922500610352e-01 2.277805566787719727e+00 -9.324500560760498047e-01 -1.029633879661560059e+00 -7.766970992088317871e-01 1.889670252799987793e+00 -1.110597133636474609e+00 -1.204940199851989746e+00 -4.989244341850280762e-01 -3.343108594417572021e-01 -1.677186489105224609e-01 2.332705974578857422e+00 1.512323975563049316e+00 1.116720199584960938e+00 5.583022534847259521e-02 -9.801588058471679688e-01 -2.977604568004608154e-01
-9.801964163780212402e-01 9.906430244445800781e-01 2.026819705963134766e+00 -6.392800807952880859e-01 2.274664163589477539e+00 -8.809997439384460449e-01 -1.093444466590881348e+00 -7.679073214530944824e-01 1.891736030578613281e+00 -1.098841071128845215e+00 -1.193504691123962402e+00 -5.463140606880187988e-01 -3.984717726707458496e-01 -2.254837155342102051e-01 2.374099493026733398e+00 1.589121460914611816e+00 1.175571560859680176e+00 1.041016131639480591e-01 -1.077670335769653320e+00 -3.072918355464935303e-01
-1.003186821937561035e+00 1.025245547294616699e+00 2.107684850692749023e+00 -7.172935009002685547e-01 2.278094768524169922e+00 -8.317815661430358887e-01 -1.174476385116577148e+00 -7.791491746902465820e-01 1.892126560211181641e+00 -1.065095543861389160e+00 -1.183730602264404297e+00 -6.274676322937011719e-01 -4.868086874485015869e-01 -3.067479133605957031e-01 2.429870128631591797e+00 1.666363835334777832e+00 1.252454519271850586e+00 1.499530822038650513e-01 -1.219467997550964355e+00 -3.136680722236633301e-01
-1.018727183341979980e+00 1.066689729690551758e+00 2.207421064376831055e+00 -7.973428964614868164e-01 2.274876117706298828e+00 -7.932513356208801270e-01 -1.249406695365905762e+00 -8.205658197402954102e-01 1.874249577522277832e+00 -9.903895854949951172e-01 -1.175223708152770996e+00 -7.507934570312500000e-01 -5.860264897346496582e-01 -4.093246459960937500e-01 2.479679584503173828e+00 1.712185978889465332e+00 1.334276556968688965e+00 1.793545633554458618e-01 -1.392497897148132324e+00 -3.098804354667663574e-01
-1.010372996330261230e+00 1.066845059394836426e+00 2.289096593856811523e+00 -8.471612930297851562e-01 2.236378908157348633e+00 -7.595414519309997559e-01 -1.272514462471008301e+00 -8.723188042640686035e-01 1.825678944587707520e+00 -8.777295351028442383e-01 -1.165444493293762207e+00 -9.041096568107604980e-01 -6.726532578468322754e-01 -5.171821117401123047e-01 2.489581346511840820e+00 1.701116800308227539e+00 1.405668497085571289e+00 2.036945670843124390e-01 -1.551839709281921387e+00 -2.903788983821868896e-01
-9.988983273506164551e-01 1.016265034675598145e+00 2.357820034027099609e+00 -8.257935643196105957e-01 2.202764987945556641e+00 -7.783940434455871582e-01 -1.211155533790588379e+00 -9.382476806640625000e-01 1.798292875289916992e+00 -7.918232679367065430e-01 -1.186984419822692871e+00 -1.052110671997070312e+00 -6.989981532096862793e-01 -5.744462013244628906e-01 2.499456405639648438e+00 1.638962984085083008e+00 1.463646769523620605e+00 2.072392851114273071e-01 -1.634953379631042480e+00 -2.547183930873870850e-01
-9.808202981948852539e-01 9.372738003730773926e-01 2.392426729202270508e+00 -7.549077272415161133e-01 2.178058385848999023e+00 -8.096358180046081543e-01 -1.108845353126525879e+00 -9.979801177978515625e-01 1.777830243110656738e+00 -7.210128307342529297e-01 -1.223108768463134766e+00 -1.183819413185119629e+00 -6.811187267303466797e-01 -6.168364882469177246e-01 2.481940746307373047e+00 1.539075374603271484e+00 1.485876560211181641e+00 2.041529864072799683e-01 -1.661598443984985352e+00 -2.058235406875610352e-01
