-7.749323844909667969e-01 8.990141153335571289e-01 2.099575757980346680e+00 -1.745073556900024414e+00 1.561338782310485840e+00 -1.186643958091735840e+00 -7.427030205726623535e-01 -1.379420399665832520e+00 1.536744952201843262e+00 -1.677748858928680420e-01 -8.298934698104858398e-01 -8.452116250991821289e-01 -4.476838707923889160e-01 1.619187891483306885e-01 2.230746984481811523e+00 1.467739939689636230e+00 1.633654236793518066e+00 -1.827741861343383789e-01 -1.464057803153991699e+00 -5.468460321426391602e-01
-7.720690965652465820e-01 8.089206218719482422e-01 2.106093645095825195e+00 -1.696637630462646484e+00 1.614314079284667969e+00 -1.148785948753356934e+00 -7.177538871765136719e-01 -1.415738344192504883e+00 1.544408559799194336e+00 -1.188947260379791260e-01 -9.009298086166381836e-01 -9.725412726402282715e-01 -4.101065099239349365e-01 6.803222745656967163e-02 2.303454399108886719e+00 1.452532887458801270e+00 1.682587146759033203e+00 -1.682566106319427490e-01 -1.494389057159423828e+00 -4.809796512126922607e-01
-7.601606845855712891e-01 7.019361257553100586e-01 2.092782974243164062e+00 -1.615172982215881348e+00 1.667365908622741699e+00 -1.117725968360900879e+00 -6.778731346130371094e-01 -1.450241804122924805e+00 1.539841651916503906e+00 -6.775987148284912109e-02 -9.711676836013793945e-01 -1.094881534576416016e+00 -3.461216092109680176e-01 -1.261970400810241699e-02 2.343601942062377930e+00 1.412836551666259766e+00 1.718961119651794434e+00 -1.536252200603485107e-01 -1.495658874511718750e+00 -4.052585065364837646e-01
-7.448774576187133789e-01 5.835443735122680664e-01 2.071239233016967773e+00 -1.480272054672241211e+00 1.722625613212585449e+00 -1.088590502738952637e+00 -6.446476578712463379e-01 -1.498442411422729492e+00 1.538325309753417969e+00 -3.533236682415008545e-03 -1.043990373611450195e+00 -1.252193450927734375e+00 -2.676817178726196289e-01 -1.102022752165794373e-01 2.348922967910766602e+00 1.342138886451721191e+00 1.752530813217163086e+00 -1.258629858493804932e-01 -1.494612336158752441e+00 -2.979629039764404297e-01
-7.249939441680908203e-01 5.102635622024536133e-01 2.067208290100097656e+00 -1.311321735382080078e+00 1.814442396163940430e+00 -1.090591311454772949e+00 -6.637430191040039062e-01 -1.547513246536254883e+00 1.597523927688598633e+00 3.417617827653884888e-02 -1.112698912620544434e+00 -1.413110733032226562e+00 -1.923564374446868896e-01 -2.194598913192749023e-01 2.324196577072143555e+00 1.269854187965393066e+00 1.780792355537414551e+00 -8.343916386365890503e-02 -1.493336200714111328e+00 -1.772066503763198853e-01
-7.480118274688720703e-01 4.483380317687988281e-01 2.064826965332031250e+00 -1.077549457550048828e+00 1.920856952667236328e+00 -1.077702045440673828e+00 -7.339522838592529297e-01 -1.570785045623779297e+00 1.658559560775756836e+00 3.201182186603546143e-02 -1.182843565940856934e+00 -1.581862330436706543e+00 -1.448378264904022217e-01 -3.285362422466278076e-01 2.277530908584594727e+00 1.203952550888061523e+00 1.804290533065795898e+00 -2.514075301587581635e-02 -1.506591558456420898e+00 -1.211794465780258179e-02
-7.635077238082885742e-01 4.694240391254425049e-01 2.065952777862548828e+00 -8.498675823211669922e-01 1.974268674850463867e+00 -1.099897027015686035e+00 -7.683838009834289551e-01 -1.576956391334533691e+00 1.713370680809020996e+00 -6.343252956867218018e-03 -1.220505356788635254e+00 -1.683373808860778809e+00 -1.344081163406372070e-01 -4.355653524398803711e-01 2.202195882797241211e+00 1.114917874336242676e+00 1.759675502777099609e+00 -3.922134637832641602e-04 -1.517837643623352051e+00 1.036211997270584106e-01
-8.168122768402099609e-01 6.261308193206787109e-01 2.066078424453735352e+00 -6.675160527229309082e-01 2.033144474029541016e+00 -1.132927417755126953e+00 -8.551936149597167969e-01 -1.580066680908203125e+00 1.758271336555480957e+00 -8.475406467914581299e-02 -1.235872864723205566e+00 -1.721188902854919434e+00 -1.470394134521484375e-01 -5.159660577774047852e-01 2.172038793563842773e+00 1.057025790214538574e+00 1.693439364433288574e+00 -3.285633027553558350e-02 -1.517066240310668945e+00 1.460108011960983276e-01
-8.851894140243530273e-01 7.939149141311645508e-01 2.073750495910644531e+00 -5.396072268486022949e-01 2.065341472625732422e+00 -1.143047332763671875e+00 -9.407641887664794922e-01 -1.548839569091796875e+00 1.777558207511901855e+00 -1.925569772720336914e-01 -1.211423754692077637e+00 -1.697038888931274414e+00 -1.745944917201995850e-01 -5.467472076416015625e-01 2.165480375289916992e+00 1.032273650169372559e+00 1.617638111114501953e+00 -6.715501844882965088e-02 -1.508487939834594727e+00 1.604555249214172363e-01
-9.367152452468872070e-01 9.615180492401123047e-01 2.081814527511596680e+00 -4.537495970726013184e-01 2.074257373809814453e+00 -1.127072215080261230e+00 -1.060211300849914551e+00 -1.456990361213684082e+00 1.773389339447021484e+00 -3.147274851799011230e-01 -1.146816730499267578e+00 -1.602842211723327637e+00 -2.476443648338317871e-01 -5.578273534774780273e-01 2.158030509948730469e+00 1.041955947875976562e+00 1.526046395301818848e+00 -8.815418928861618042e-02 -1.496976375579833984e+00 1.490671038627624512e-01
-9.673300981521606445e-01 1.118199944496154785e+00 2.100498199462890625e+00 -4.319381117820739746e-01 2.079952239990234375e+00 -1.086996912956237793e+00 -1.206261754035949707e+00 -1.322948694229125977e+00 1.760013341903686523e+00 -4.436725974082946777e-01 -1.076417803764343262e+00 -1.461844921112060547e+00 -3.670589327812194824e-01 -5.398521423339843750e-01 2.162820816040039062e+00 1.081522107124328613e+00 1.452440023422241211e+00 -7.712210714817047119e-02 -1.496584653854370117e+00 1.174055859446525574e-01
-1.010185837745666504e+00 1.277520060539245605e+00 2.132564306259155273e+00 -4.612253010272979736e-01 2.069739103317260742e+00 -1.041659116744995117e+00 -1.355373620986938477e+00 -1.177887678146362305e+00 1.756810784339904785e+00 -6.042681932449340820e-01 -1.005063533782958984e+00 -1.281512856483459473e+00 -4.937136173248291016e-01 -5.185027122497558594e-01 2.181256055831909180e+00 1.158027887344360352e+00 1.371071577072143555e+00 -4.745708033442497253e-02 -1.496344327926635742e+00 6.462947279214859009e-02
-1.065132141113281250e+00 1.479575157165527344e+00 2.181516170501708984e+00 -5.705798268318176270e-01 2.055639266967773438e+00 -1.045496225357055664e+00 -1.522805571556091309e+00 -1.076063513755798340e+00 1.787795901298522949e+00 -7.697771191596984863e-01 -9.457337260246276855e-01 -1.086927652359008789e+00 -5.893759131431579590e-01 -4.850142002105712891e-01 2.232806444168090820e+00 1.265256404876708984e+00 1.317151427268981934e+00 -3.172820806503295898e-02 -1.513187408447265625e+00 -1.128296926617622375e-02
-1.107372879981994629e+00 1.668845772743225098e+00 2.185832262039184570e+00 -7.003245949745178223e-01 1.994125962257385254e+00 -1.049123525619506836e+00 -1.668664336204528809e+00 -9.640531539916992188e-01 1.779798626899719238e+00 -9.187162518501281738e-01 -8.619594573974609375e-01 -8.472864031791687012e-01 -6.548019647598266602e-01 -4.161955118179321289e-01 2.255159854888916016e+00 1.371950030326843262e+00 1.237560629844665527e+00 -3.420999273657798767e-02 -1.492076635360717773e+00 -1.069897264242172241e-01
-1.140354394912719727e+00 1.800567030906677246e+00 2.137630224227905273e+00 -8.058276176452636719e-01 1.895024538040161133e+00 -1.048782587051391602e+00 -1.746265053749084473e+00 -8.739045262336730957e-01 1.741854667663574219e+00 -1.035936713218688965e+00 -7.832540869712829590e-01 -6.155184507369995117e-01 -6.758648753166198730e-01 -3.227072060108184814e-01 2.236952781677246094e+00 1.444744467735290527e+00 1.140597462654113770e+00 -4.238383844494819641e-02 -1.418475508689880371e+00 -1.911479532718658447e-01
-1.166248559951782227e+00 1.922464609146118164e+00 2.085349082946777344e+00 -9.041313529014587402e-01 1.801594257354736328e+00 -1.080040812492370605e+00 -1.766488671302795410e+00 -8.581705689430236816e-01 1.737439751625061035e+00 -1.101744174957275391e+00 -7.287488579750061035e-01 -4.603557884693145752e-01 -6.773058772087097168e-01 -2.100929915904998779e-01 2.198735713958740234e+00 1.483278155326843262e+00 1.108390450477600098e+00 -6.355368345975875854e-02 -1.344505667686462402e+00 -2.753116786479949951e-01
-1.211123347282409668e+00 2.024766683578491211e+00 2.016323328018188477e+00 -1.005146861076354980e+00 1.715184211730957031e+00 -1.117215037345886230e+00 -1.760923862457275391e+00 -8.749353289604187012e-01 1.733114719390869141e+00 -1.163576602935791016e+00 -6.752952933311462402e-01 -3.164291679859161377e-01 -6.589198708534240723e-01 -2.380624413490295410e-02 2.115964174270629883e+00 1.479647636413574219e+00 1.098319411277770996e+00 -1.017960757017135620e-01 -1.248925447463989258e+00 -3.300048708915710449e-01
-1.259091258049011230e+00 2.123552560806274414e+00 1.919690132141113281e+00 -1.120726585388183594e+00 1.640984177589416504e+00 -1.183274269104003906e+00 -1.705629110336303711e+00 -9.602816700935363770e-01 1.728077292442321777e+00 -1.194508790969848633e+00 -6.282297372817993164e-01 -2.112881243228912354e-01 -6.189774274826049805e-01 1.880121678113937378e-01 2.040822982788085938e+00 1.453477025032043457e+00 1.118519544601440430e+00 -1.871847212314605713e-01 -1.146538972854614258e+00 -3.935793936252593994e-01
-1.288053035736083984e+00 2.195408344268798828e+00 1.816636919975280762e+00 -1.216616749763488770e+00 1.609098553657531738e+00 -1.285427689552307129e+00 -1.600394487380981445e+00 -1.108410000801086426e+00 1.757306933403015137e+00 -1.203266501426696777e+00 -5.940718650817871094e-01 -1.683699190616607666e-01 -5.474207997322082520e-01 3.669350743293762207e-01 1.967967748641967773e+00 1.411273837089538574e+00 1.173174977302551270e+00 -3.060479760169982910e-01 -1.050923466682434082e+00 -4.405469596385955811e-01
-1.286137342453002930e+00 2.212580919265747070e+00 1.689703583717346191e+00 -1.247549295425415039e+00 1.603525996208190918e+00 -1.410285949707031250e+00 -1.446410417556762695e+00 -1.286120891571044922e+00 1.787714719772338867e+00 -1.179936528205871582e+00 -5.622737407684326172e-01 -1.537748128175735474e-01 -4.208210706710815430e-01 5.213483572006225586e-01 1.880568861961364746e+00 1.321518182754516602e+00 1.203612208366394043e+00 -4.514363408088684082e-01 -9.262274503707885742e-01 -4.551635980606079102e-01
-1.246169924736022949e+00 2.150997638702392578e+00 1.551295399665832520e+00 -1.192421317100524902e+00 1.616732597351074219e+00 -1.523879885673522949e+00 -1.257780075073242188e+00 -1.451920032501220703e+00 1.796117663383483887e+00 -1.128299355506896973e+00 -5.417733788490295410e-01 -1.706348955631256104e-01 -2.617981433868408203e-01 6.314339637756347656e-01 1.778227925300598145e+00 1.180204391479492188e+00 1.195015311241149902e+00 -5.913051366806030273e-01 -7.822954654693603516e-01 -4.227649569511413574e-01
-1.227355122566223145e+00 2.090423345565795898e+00 1.505798339843750000e+00 -1.127588629722595215e+00 1.681230902671813965e+00 -1.648362755775451660e+00 -1.085923194885253906e+00 -1.651036977767944336e+00 1.834657430648803711e+00 -1.040306091308593750e+00 -5.896818041801452637e-01 -2.644921839237213135e-01 -1.479001343250274658e-01 6.681452989578247070e-01 1.767267584800720215e+00 1.038926482200622559e+00 1.230567812919616699e+00 -7.161653041839599609e-01 -7.399087548255920410e-01 -3.842000067234039307e-01
-1.175150871276855469e+00 1.971780896186828613e+00 1.497266054153442383e+00 -1.023404955863952637e+00 1.734914183616638184e+00 -1.739544749259948730e+00 -9.423497319221496582e-01 -1.851120233535766602e+00 1.857057571411132812e+00 -8.395688533782958984e-01 -6.999518871307373047e-01 -4.883088469505310059e-01 -7.767195999622344971e-02 5.925271511077880859e-01 1.765659809112548828e+00 8.538653254508972168e-01 1.300301790237426758e+00 -7.804903984069824219e-01 -7.910168170928955078e-01 -3.058125674724578857e-01
-1.051809310913085938e+00 1.773669123649597168e+00 1.538897275924682617e+00 -8.653938770294189453e-01 1.816936016082763672e+00 -1.772082567214965820e+00 -8.261739611625671387e-01 -1.952286005020141602e+00 1.864408135414123535e+00 -6.145585775375366211e-01 -8.340154290199279785e-01 -7.480047941207885742e-01 -1.412935182452201843e-02 3.865122497081756592e-01 1.779402136802673340e+00 6.912529468536376953e-01 1.322324514389038086e+00 -7.603211998939514160e-01 -8.659359216690063477e-01 -2.144095301628112793e-01
-9.608252048492431641e-01 1.668502688407897949e+00 1.642541527748107910e+00 -7.632215023040771484e-01 1.982171654701232910e+00 -1.789937615394592285e+00 -7.652496099472045898e-01 -1.987339258193969727e+00 1.935053229331970215e+00 -5.162240266799926758e-01 -9.903234243392944336e-01 -9.469788670539855957e-01 4.805962368845939636e-02 1.651122123003005981e-01 1.884933590888977051e+00 6.880592107772827148e-01 1.351271033287048340e+00 -7.258390784263610840e-01 -9.379726648330688477e-01 -2.125216871500015259e-01
-8.648843765258789062e-01 1.585468530654907227e+00 1.699784994125366211e+00 -6.699658632278442383e-01 2.098172426223754883e+00 -1.757161498069763184e+00 -7.090099453926086426e-01 -1.952393531799316406e+00 1.979290127754211426e+00 -4.670578837394714355e-01 -1.101394653320312500e+00 -1.080780506134033203e+00 8.382000029087066650e-02 -4.184883087873458862e-02 1.952097415924072266e+00 6.987211108207702637e-01 1.343633413314819336e+00 -6.844274997711181641e-01 -9.769937396049499512e-01 -2.327320873737335205e-01
-7.790639400482177734e-01 1.530542373657226562e+00 1.710237741470336914e+00 -5.969404578208923340e-01 2.151685476303100586e+00 -1.681047916412353516e+00 -6.592053174972534180e-01 -1.868263363838195801e+00 1.984210848808288574e+00 -4.638696908950805664e-01 -1.159832239151000977e+00 -1.138555765151977539e+00 8.490461111068725586e-02 -2.134620547294616699e-01 1.967299103736877441e+00 7.003327608108520508e-01 1.295052289962768555e+00 -6.356651186943054199e-01 -9.869158864021301270e-01 -2.675352096557617188e-01
-7.128126621246337891e-01 1.542867541313171387e+00 1.709430456161499023e+00 -5.844473838806152344e-01 2.173210144042968750e+00 -1.575434207916259766e+00 -6.287316679954528809e-01 -1.786047339439392090e+00 1.995161294937133789e+00 -4.989191889762878418e-01 -1.203819990158081055e+00 -1.144894719123840332e+00 2.399398013949394226e-02 -3.690565228462219238e-01 1.968889355659484863e+00 6.870784163475036621e-01 1.245922803878784180e+00 -5.773425102233886719e-01 -1.013998508453369141e+00 -3.489165604114532471e-01
-6.661902666091918945e-01 1.608518838882446289e+00 1.670870184898376465e+00 -6.323840618133544922e-01 2.149227380752563477e+00 -1.456205368041992188e+00 -5.884972810745239258e-01 -1.703883409500122070e+00 1.994435191154479980e+00 -5.749461650848388672e-01 -1.211196422576904297e+00 -1.083755970001220703e+00 -7.057491689920425415e-02 -4.572084546089172363e-01 1.922169446945190430e+00 6.626091599464416504e-01 1.197641849517822266e+00 -5.248885154724121094e-01 -1.024326920509338379e+00 -4.688232243061065674e-01
-6.591293811798095703e-01 1.691355466842651367e+00 1.591025710105895996e+00 -7.399281859397888184e-01 2.102719306945800781e+00 -1.339165449142456055e+00 -5.517637729644775391e-01 -1.634775638580322266e+00 1.997302651405334473e+00 -6.953170895576477051e-01 -1.164517402648925781e+00 -9.504488706588745117e-01 -1.619049012660980225e-01 -4.521291851997375488e-01 1.851117849349975586e+00 6.802908182144165039e-01 1.170076251029968262e+00 -4.781715869903564453e-01 -1.008727669715881348e+00 -6.079078912734985352e-01
-6.846634149551391602e-01 1.810242295265197754e+00 1.488759160041809082e+00 -9.441541433334350586e-01 2.003611326217651367e+00 -1.237562537193298340e+00 -5.164130926132202148e-01 -1.568114519119262695e+00 1.992093801498413086e+00 -8.512815237045288086e-01 -1.066008329391479492e+00 -7.349693179130554199e-01 -2.590115964412689209e-01 -3.193898797035217285e-01 1.725928902626037598e+00 7.182370424270629883e-01 1.176678657531738281e+00 -4.264599084854125977e-01 -9.725170135498046875e-01 -7.778111696243286133e-01
-7.682561874389648438e-01 1.904914855957031250e+00 1.399741530418395996e+00 -1.231443524360656738e+00 1.819819927215576172e+00 -1.168079495429992676e+00 -5.093783140182495117e-01 -1.521757602691650391e+00 1.946443796157836914e+00 -9.596034884452819824e-01 -9.483177661895751953e-01 -5.003497004508972168e-01 -3.361628651618957520e-01 -5.580010265111923218e-02 1.608170747756958008e+00 7.867071628570556641e-01 1.210343837738037109e+00 -3.899393677711486816e-01 -9.353196620941162109e-01 -9.064232110977172852e-01
-8.254868984222412109e-01 1.939219355583190918e+00 1.345235228538513184e+00 -1.524247884750366211e+00 1.631930589675903320e+00 -1.163868665695190430e+00 -5.063381195068359375e-01 -1.503538966178894043e+00 1.911629676818847656e+00 -9.563823938369750977e-01 -8.015027642250061035e-01 -3.772580921649932861e-01 -3.700123131275177002e-01 1.999311447143554688e-01 1.528096556663513184e+00 8.705052137374877930e-01 1.310368061065673828e+00 -3.908735513687133789e-01 -9.185621738433837891e-01 -9.658097028732299805e-01
-8.145021200180053711e-01 1.914559364318847656e+00 1.312089323997497559e+00 -1.762410521507263184e+00 1.494184136390686035e+00 -1.183788895606994629e+00 -4.969018697738647461e-01 -1.500222325325012207e+00 1.884910583496093750e+00 -8.649648427963256836e-01 -6.866210103034973145e-01 -3.596325218677520752e-01 -3.922193944454193115e-01 3.989007174968719482e-01 1.481469392776489258e+00 9.231041669845581055e-01 1.451185584068298340e+00 -4.012804627418518066e-01 -9.166440367698669434e-01 -9.808733463287353516e-01
-7.852115631103515625e-01 1.836658120155334473e+00 1.346694827079772949e+00 -1.898268103599548340e+00 1.405095934867858887e+00 -1.204020857810974121e+00 -5.083994865417480469e-01 -1.479826807975769043e+00 1.845080971717834473e+00 -7.368294000625610352e-01 -6.132549047470092773e-01 -3.787998259067535400e-01 -4.298644065856933594e-01 5.229119062423706055e-01 1.462115764617919922e+00 9.832245707511901855e-01 1.559625983238220215e+00 -3.944149017333984375e-01 -9.579870104789733887e-01 -9.847322702407836914e-01
-7.249103784561157227e-01 1.724340438842773438e+00 1.391519308090209961e+00 -1.974236845970153809e+00 1.367294907569885254e+00 -1.205378532409667969e+00 -5.182157754898071289e-01 -1.447579383850097656e+00 1.808394193649291992e+00 -5.959290266036987305e-01 -5.675392150878906250e-01 -4.258444905281066895e-01 -4.734733104705810547e-01 5.786083936691284180e-01 1.479321241378784180e+00 1.018849968910217285e+00 1.644950509071350098e+00 -3.996911048889160156e-01 -1.016196727752685547e+00 -9.521856307983398438e-01
-6.712744235992431641e-01 1.610293269157409668e+00 1.448750019073486328e+00 -1.972679138183593750e+00 1.372840642929077148e+00 -1.187490701675415039e+00 -5.219230055809020996e-01 -1.395153045654296875e+00 1.784651875495910645e+00 -5.093501806259155273e-01 -5.846721529960632324e-01 -4.816927313804626465e-01 -5.279694795608520508e-01 5.601590871810913086e-01 1.527134776115417480e+00 1.041270494461059570e+00 1.690809011459350586e+00 -3.727797865867614746e-01 -1.074278950691223145e+00 -9.048209190368652344e-01
-6.176869869232177734e-01 1.480635881423950195e+00 1.514735341072082520e+00 -1.923993468284606934e+00 1.396661758422851562e+00 -1.153035044670104980e+00 -5.507804155349731445e-01 -1.310305595397949219e+00 1.759929299354553223e+00 -4.417861104011535645e-01 -6.079284548759460449e-01 -5.261473059654235840e-01 -5.807020068168640137e-01 5.229647755622863770e-01 1.571332335472106934e+00 1.054523348808288574e+00 1.705762863159179688e+00 -3.221150040626525879e-01 -1.128545641899108887e+00 -8.332632780075073242e-01
-5.883558988571166992e-01 1.347547411918640137e+00 1.606638312339782715e+00 -1.835423111915588379e+00 1.450497746467590332e+00 -1.113044142723083496e+00 -6.358448863029479980e-01 -1.211970210075378418e+00 1.741900920867919922e+00 -3.971367478370666504e-01 -6.401444673538208008e-01 -5.616030097007751465e-01 -6.213533878326416016e-01 4.716753661632537842e-01 1.633794546127319336e+00 1.081185221672058105e+00 1.691753745079040527e+00 -2.505725026130676270e-01 -1.185987591743469238e+00 -7.406677007675170898e-01
-5.872967839241027832e-01 1.253191471099853516e+00 1.677770853042602539e+00 -1.744358301162719727e+00 1.501337647438049316e+00 -1.049921274185180664e+00 -7.404174208641052246e-01 -1.112027645111083984e+00 1.718385934829711914e+00 -3.939344286918640137e-01 -6.780540943145751953e-01 -5.751828551292419434e-01 -6.719739437103271484e-01 4.108194410800933838e-01 1.692793846130371094e+00 1.107213854789733887e+00 1.658427953720092773e+00 -1.747653037309646606e-01 -1.231684803962707520e+00 -6.555548906326293945e-01
-6.215053796768188477e-01 1.190139532089233398e+00 1.716463327407836914e+00 -1.642352104187011719e+00 1.558731794357299805e+00 -9.584403634071350098e-01 -8.671001195907592773e-01 -1.019019246101379395e+00 1.692035675048828125e+00 -4.312569499015808105e-01 -7.211475372314453125e-01 -5.701577663421630859e-01 -7.342579364776611328e-01 3.573984503746032715e-01 1.725845336914062500e+00 1.131340742111206055e+00 1.617341637611389160e+00 -9.202264249324798584e-02 -1.268470287322998047e+00 -5.717637538909912109e-01
-7.045035362243652344e-01 1.178216218948364258e+00 1.718641996383666992e+00 -1.538482189178466797e+00 1.647122740745544434e+00 -8.509524464607238770e-01 -1.014625191688537598e+00 -9.761670827865600586e-01 1.689908623695373535e+00 -5.010231733322143555e-01 -7.894347906112670898e-01 -5.707635283470153809e-01 -8.140489459037780762e-01 3.167387247085571289e-01 1.741072654724121094e+00 1.162792801856994629e+00 1.610393404960632324e+00 -1.511645317077636719e-02 -1.311746835708618164e+00 -5.113927125930786133e-01
-8.571029901504516602e-01 1.202735662460327148e+00 1.643387913703918457e+00 -1.415974140167236328e+00 1.752501368522644043e+00 -7.040485739707946777e-01 -1.156541228294372559e+00 -9.854166507720947266e-01 1.680385708808898926e+00 -6.295797228813171387e-01 -8.772882819175720215e-01 -5.655575394630432129e-01 -8.936643600463867188e-01 2.983677685260772705e-01 1.714444279670715332e+00 1.200634956359863281e+00 1.621908187866210938e+00 5.808626115322113037e-02 -1.330442428588867188e+00 -4.745076000690460205e-01
-1.080242872238159180e+00 1.352843999862670898e+00 1.510162711143493652e+00 -1.304849267005920410e+00 1.802859306335449219e+00 -5.714635848999023438e-01 -1.251973032951354980e+00 -1.077983617782592773e+00 1.650838613510131836e+00 -8.045801520347595215e-01 -9.544507265090942383e-01 -5.967630147933959961e-01 -9.268925786018371582e-01 2.505290210247039795e-01 1.654047489166259766e+00 1.221500992774963379e+00 1.647296071052551270e+00 6.129336357116699219e-02 -1.330433011054992676e+00 -4.986959397792816162e-01
-1.333514928817749023e+00 1.496764063835144043e+00 1.387533187866210938e+00 -1.251549243927001953e+00 1.792951226234436035e+00 -5.291763544082641602e-01 -1.233619928359985352e+00 -1.272702813148498535e+00 1.616179704666137695e+00 -9.500074982643127441e-01 -1.006502985954284668e+00 -6.665503978729248047e-01 -8.748649358749389648e-01 2.247627377510070801e-01 1.643455147743225098e+00 1.278011798858642578e+00 1.687640786170959473e+00 -3.037888556718826294e-03 -1.324049592018127441e+00 -5.449311733245849609e-01
-1.505844950675964355e+00 1.538165688514709473e+00 1.296069741249084473e+00 -1.202166676521301270e+00 1.708813190460205078e+00 -5.278947353363037109e-01 -1.166498661041259766e+00 -1.426733255386352539e+00 1.552634716033935547e+00 -9.981136918067932129e-01 -1.006176233291625977e+00 -7.392138838768005371e-01 -7.959614992141723633e-01 2.351068556308746338e-01 1.623335838317871094e+00 1.323371052742004395e+00 1.711004495620727539e+00 -5.933408066630363464e-02 -1.307073950767517090e+00 -5.640947818756103516e-01
-1.547632813453674316e+00 1.519575834274291992e+00 1.231368184089660645e+00 -1.190541625022888184e+00 1.610982418060302734e+00 -5.183865427970886230e-01 -1.076211452484130859e+00 -1.501531600952148438e+00 1.481575489044189453e+00 -9.693837165832519531e-01 -9.740733504295349121e-01 -7.806308269500732422e-01 -7.230440974235534668e-01 2.321949005126953125e-01 1.570438623428344727e+00 1.327132225036621094e+00 1.694820404052734375e+00 -9.140539169311523438e-02 -1.280794620513916016e+00 -5.891073942184448242e-01
-1.519288301467895508e+00 1.466588735580444336e+00 1.192789912223815918e+00 -1.192982554435729980e+00 1.525303721427917480e+00 -4.969407916069030762e-01 -9.919277429580688477e-01 -1.528392910957336426e+00 1.417049765586853027e+00 -9.006307721138000488e-01 -9.184374213218688965e-01 -8.327854871749877930e-01 -6.833912134170532227e-01 1.968539953231811523e-01 1.546984910964965820e+00 1.326489210128784180e+00 1.694216370582580566e+00 -1.144565120339393616e-01 -1.282255411148071289e+00 -6.002012491226196289e-01
-1.439730763435363770e+00 1.385036468505859375e+00 1.175344467163085938e+00 -1.202785491943359375e+00 1.456220269203186035e+00 -4.785419106483459473e-01 -9.066079258918762207e-01 -1.527110934257507324e+00 1.371408820152282715e+00 -7.985098958015441895e-01 -8.579828143119812012e-01 -9.110502004623413086e-01 -6.706101298332214355e-01 1.550888717174530029e-01 1.528880715370178223e+00 1.327010154724121094e+00 1.731176257133483887e+00 -1.179339215159416199e-01 -1.305991053581237793e+00 -6.044960021972656250e-01
-1.341257095336914062e+00 1.299577951431274414e+00 1.191658854484558105e+00 -1.224648237228393555e+00 1.399479150772094727e+00 -4.801684617996215820e-01 -8.456322550773620605e-01 -1.553771257400512695e+00 1.361413359642028809e+00 -6.441286206245422363e-01 -8.081021904945373535e-01 -1.048407077789306641e+00 -6.963289976119995117e-01 1.148856133222579956e-01 1.529569625854492188e+00 1.329557776451110840e+00 1.839720487594604492e+00 -1.000812500715255737e-01 -1.387868523597717285e+00 -5.890616178512573242e-01
-1.203435063362121582e+00 1.170757293701171875e+00 1.217423558235168457e+00 -1.244704365730285645e+00 1.350843310356140137e+00 -4.735121130943298340e-01 -7.720326781272888184e-01 -1.545936465263366699e+00 1.347894668579101562e+00 -4.726450443267822266e-01 -7.630605101585388184e-01 -1.165012121200561523e+00 -7.195404171943664551e-01 1.004649847745895386e-01 1.516822099685668945e+00 1.307488083839416504e+00 1.936733722686767578e+00 -6.240890547633171082e-02 -1.455040097236633301e+00 -5.595564842224121094e-01
-1.064274787902832031e+00 1.060607910156250000e+00 1.312442898750305176e+00 -1.354942679405212402e+00 1.372198939323425293e+00 -5.483237504959106445e-01 -7.033765316009521484e-01 -1.558317542076110840e+00 1.402397513389587402e+00 -2.927899360656738281e-01 -7.767750024795532227e-01 -1.281791925430297852e+00 -7.288205623626708984e-01 1.257660984992980957e-01 1.570855021476745605e+00 1.278762340545654297e+00 2.072629690170288086e+00 -5.393186584115028381e-02 -1.522614359855651855e+00 -5.342181921005249023e-01
-9.515385627746582031e-01 9.300124645233154297e-01 1.437712669372558594e+00 -1.462151885032653809e+00 1.427692294120788574e+00 -6.552971601486206055e-01 -6.447204947471618652e-01 -1.571163296699523926e+00 1.467270374298095703e+00 -1.312415450811386108e-01 -8.442621231079101562e-01 -1.367845177650451660e+00 -7.021400928497314453e-01 1.532492041587829590e-01 1.687590241432189941e+00 1.263643503189086914e+00 2.167574644088745117e+00 -6.310434639453887939e-02 -1.573980927467346191e+00 -5.001616477966308594e-01
-8.865109682083129883e-01 8.580845594406127930e-01 1.542569398880004883e+00 -1.586303949356079102e+00 1.450262427330017090e+00 -7.562214136123657227e-01 -6.143268346786499023e-01 -1.590748310089111328e+00 1.490350484848022461e+00 -2.566602826118469238e-02 -8.989030718803405762e-01 -1.367451786994934082e+00 -6.716615557670593262e-01 2.167583703994750977e-01 1.801608085632324219e+00 1.264704346656799316e+00 2.203023195266723633e+00 -8.682328462600708008e-02 -1.597402691841125488e+00 -4.963950216770172119e-01
-8.788374662399291992e-01 8.384138345718383789e-01 1.599766254425048828e+00 -1.673831939697265625e+00 1.446747422218322754e+00 -8.541231751441955566e-01 -6.059765815734863281e-01 -1.637612581253051758e+00 1.481546401977539062e+00 1.858679950237274170e-02 -9.381523728370666504e-01 -1.316866040229797363e+00 -6.537182331085205078e-01 3.129814565181732178e-01 1.845916032791137695e+00 1.237899422645568848e+00 2.186667680740356445e+00 -1.104535460472106934e-01 -1.588537216186523438e+00 -4.959469139575958252e-01
-9.109051227569580078e-01 8.606418371200561523e-01 1.607347130775451660e+00 -1.750987887382507324e+00 1.462702035903930664e+00 -9.802725911140441895e-01 -5.679472684860229492e-01 -1.684198021888732910e+00 1.496284723281860352e+00 -3.415353596210479736e-02 -9.807054996490478516e-01 -1.176698446273803711e+00 -6.209943294525146484e-01 5.133640766143798828e-01 1.845389366149902344e+00 1.183336377143859863e+00 2.153313636779785156e+00 -1.663809120655059814e-01 -1.491544723510742188e+00 -5.020110607147216797e-01
-9.525723457336425781e-01 9.292178153991699219e-01 1.558934330940246582e+00 -1.807483673095703125e+00 1.479410886764526367e+00 -1.113334417343139648e+00 -5.247693657875061035e-01 -1.731936454772949219e+00 1.509488582611083984e+00 -1.248525381088256836e-01 -9.970165491104125977e-01 -1.003632307052612305e+00 -5.664511919021606445e-01 7.226921916007995605e-01 1.817934155464172363e+00 1.117151260375976562e+00 2.109710693359375000e+00 -2.581164240837097168e-01 -1.348571062088012695e+00 -5.117388963699340820e-01
-1.003396272659301758e+00 1.031980752944946289e+00 1.468102812767028809e+00 -1.816903352737426758e+00 1.499577879905700684e+00 -1.234176397323608398e+00 -5.027771592140197754e-01 -1.785321354866027832e+00 1.510594487190246582e+00 -2.246041446924209595e-01 -9.751968979835510254e-01 -8.382132649421691895e-01 -4.843570590019226074e-01 8.809843063354492188e-01 1.787459135055541992e+00 1.065638542175292969e+00 2.050200700759887695e+00 -3.707738518714904785e-01 -1.185094118118286133e+00 -5.318530797958374023e-01
-1.071906447410583496e+00 1.175653576850891113e+00 1.413486957550048828e+00 -1.807590723037719727e+00 1.534314990043640137e+00 -1.349468588829040527e+00 -5.199807882308959961e-01 -1.859777808189392090e+00 1.518895268440246582e+00 -3.155656158924102783e-01 -9.519119262695312500e-01 -7.143709659576416016e-01 -3.958595693111419678e-01 9.954143762588500977e-01 1.761462688446044922e+00 9.982565045356750488e-01 1.974692702293395996e+00 -4.966266155242919922e-01 -1.062239408493041992e+00 -5.354897975921630859e-01
-1.139696478843688965e+00 1.339990019798278809e+00 1.398218274116516113e+00 -1.787864089012145996e+00 1.557004809379577637e+00 -1.456144928932189941e+00 -5.493730902671813965e-01 -1.959294080734252930e+00 1.547762751579284668e+00 -3.928580284118652344e-01 -9.330031871795654297e-01 -6.521896123886108398e-01 -3.280993103981018066e-01 1.031636357307434082e+00 1.757394194602966309e+00 9.403816461563110352e-01 1.911150693893432617e+00 -6.001501679420471191e-01 -9.930579662322998047e-01 -5.401920080184936523e-01
-1.180983662605285645e+00 1.478173255920410156e+00 1.381427168846130371e+00 -1.754928112030029297e+00 1.549264907836914062e+00 -1.543228983879089355e+00 -5.625815391540527344e-01 -2.049582958221435547e+00 1.571073055267333984e+00 -4.364079833030700684e-01 -9.113575220108032227e-01 -6.333529353141784668e-01 -2.706136703491210938e-01 1.017699837684631348e+00 1.744767785072326660e+00 8.834283947944641113e-01 1.854952931404113770e+00 -6.813231110572814941e-01 -9.458181262016296387e-01 -5.444691181182861328e-01
-1.186880946159362793e+00 1.578521609306335449e+00 1.361670494079589844e+00 -1.719034314155578613e+00 1.537882804870605469e+00 -1.611263751983642578e+00 -5.593459010124206543e-01 -2.134506702423095703e+00 1.603710532188415527e+00 -4.401710033416748047e-01 -8.889685869216918945e-01 -6.598533391952514648e-01 -2.185697853565216064e-01 9.644915461540222168e-01 1.734358549118041992e+00 8.275801539421081543e-01 1.821213603019714355e+00 -7.478746175765991211e-01 -9.195827245712280273e-01 -5.418529510498046875e-01
-1.165307164192199707e+00 1.637793421745300293e+00 1.337861299514770508e+00 -1.665998697280883789e+00 1.528565168380737305e+00 -1.658630371093750000e+00 -5.383130908012390137e-01 -2.211639881134033203e+00 1.642251729965209961e+00 -4.147726893424987793e-01 -8.803195357322692871e-01 -7.294905185699462891e-01 -1.629342138767242432e-01 8.764765858650207520e-01 1.720867395401000977e+00 7.634193897247314453e-01 1.803459763526916504e+00 -7.904337048530578613e-01 -9.067714214324951172e-01 -5.232361555099487305e-01
-1.125264763832092285e+00 1.659780979156494141e+00 1.307951688766479492e+00 -1.595347642898559570e+00 1.513182640075683594e+00 -1.681127548217773438e+00 -5.101651549339294434e-01 -2.268692255020141602e+00 1.671883940696716309e+00 -3.708393573760986328e-01 -8.880912661552429199e-01 -8.245399594306945801e-01 -9.831876307725906372e-02 7.596437931060791016e-01 1.703126311302185059e+00 6.997098326683044434e-01 1.785212397575378418e+00 -8.054589629173278809e-01 -9.025312662124633789e-01 -4.818409979343414307e-01
-1.049985408782958984e+00 1.638007998466491699e+00 1.266892790794372559e+00 -1.495769500732421875e+00 1.478484034538269043e+00 -1.676044344902038574e+00 -4.770624637603759766e-01 -2.288167715072631836e+00 1.681581258773803711e+00 -2.953870296478271484e-01 -9.015479683876037598e-01 -9.320144057273864746e-01 -2.063214406371116638e-02 6.044548153877258301e-01 1.671164989471435547e+00 6.256732344627380371e-01 1.743756175041198730e+00 -8.005385398864746094e-01 -8.988147377967834473e-01 -4.207583069801330566e-01
-9.277673959732055664e-01 1.578117132186889648e+00 1.281399250030517578e+00 -1.375749111175537109e+00 1.500688314437866211e+00 -1.657564163208007812e+00 -4.633254408836364746e-01 -2.255214452743530273e+00 1.712368369102478027e+00 -2.043240517377853394e-01 -9.295292496681213379e-01 -1.083785653114318848e+00 4.611990973353385925e-02 3.708919882774353027e-01 1.669659256935119629e+00 5.668857693672180176e-01 1.712088227272033691e+00 -7.688698768615722656e-01 -9.334691166877746582e-01 -3.314635455608367920e-01
-7.871271371841430664e-01 1.482630133628845215e+00 1.318370938301086426e+00 -1.212876677513122559e+00 1.569137573242187500e+00 -1.606165289878845215e+00 -4.553836882114410400e-01 -2.169046878814697266e+00 1.750985383987426758e+00 -1.390997469425201416e-01 -1.004848003387451172e+00 -1.232281088829040527e+00 9.122496843338012695e-02 9.974173456430435181e-02 1.689528465270996094e+00 5.151028037071228027e-01 1.659222126007080078e+00 -7.012714743614196777e-01 -9.788421988487243652e-01 -2.330474257469177246e-01
-7.094062566757202148e-01 1.356632947921752930e+00 1.398751258850097656e+00 -1.030442833900451660e+00 1.647037863731384277e+00 -1.566205978393554688e+00 -5.054390430450439453e-01 -2.083368301391601562e+00 1.762549161911010742e+00 -7.468885928392410278e-02 -1.094930052757263184e+00 -1.342718482017517090e+00 1.176201924681663513e-01 -9.029472619295120239e-02 1.726441860198974609e+00 4.956415891647338867e-01 1.590173840522766113e+00 -6.110032200813293457e-01 -1.039020895957946777e+00 -1.396325379610061646e-01
-6.832888126373291016e-01 1.258331775665283203e+00 1.457248210906982422e+00 -9.328808188438415527e-01 1.711496710777282715e+00 -1.526426196098327637e+00 -5.735204815864562988e-01 -2.028720140457153320e+00 1.748015522956848145e+00 -2.042667195200920105e-02 -1.172836303710937500e+00 -1.396743535995483398e+00 1.061400473117828369e-01 -1.621228158473968506e-01 1.756539106369018555e+00 4.796838164329528809e-01 1.557127952575683594e+00 -5.460919737815856934e-01 -1.091143250465393066e+00 -7.579217851161956787e-02
-7.058125734329223633e-01 1.181997776031494141e+00 1.472504377365112305e+00 -9.262010455131530762e-01 1.746772408485412598e+00 -1.488563299179077148e+00 -6.292648911476135254e-01 -2.008181571960449219e+00 1.696179986000061035e+00 9.258590638637542725e-03 -1.227623701095581055e+00 -1.366266608238220215e+00 6.099790334701538086e-02 -9.709153324365615845e-02 1.748815774917602539e+00 4.563378989696502686e-01 1.547891139984130859e+00 -5.197095870971679688e-01 -1.112993836402893066e+00 -4.315758496522903442e-02
-7.617943286895751953e-01 1.111553192138671875e+00 1.429064035415649414e+00 -1.003200769424438477e+00 1.704572558403015137e+00 -1.439214944839477539e+00 -6.496049165725708008e-01 -1.997809052467346191e+00 1.581802248954772949e+00 1.744692772626876831e-02 -1.234512209892272949e+00 -1.233361124992370605e+00 -2.681135386228561401e-02 1.149134337902069092e-01 1.660298466682434082e+00 4.181620478630065918e-01 1.547589659690856934e+00 -5.119345784187316895e-01 -1.102188587188720703e+00 -4.597226530313491821e-02
-8.906176090240478516e-01 1.127807497978210449e+00 1.327541947364807129e+00 -1.184015870094299316e+00 1.578964591026306152e+00 -1.378034353256225586e+00 -6.744853854179382324e-01 -2.019347429275512695e+00 1.431281089782714844e+00 -2.234535291790962219e-02 -1.174343705177307129e+00 -1.024974226951599121e+00 -1.553636491298675537e-01 4.338827133178710938e-01 1.552668333053588867e+00 4.443884193897247314e-01 1.582012653350830078e+00 -5.337901115417480469e-01 -1.076286196708679199e+00 -1.403008252382278442e-01
-9.990317821502685547e-01 1.232669591903686523e+00 1.278773665428161621e+00 -1.429467678070068359e+00 1.482568144798278809e+00 -1.339583277702331543e+00 -6.860247850418090820e-01 -2.013935565948486328e+00 1.371214151382446289e+00 -1.072138696908950806e-01 -1.056552410125732422e+00 -8.621282577514648438e-01 -3.024592101573944092e-01 6.911662220954895020e-01 1.503401517868041992e+00 6.033515334129333496e-01 1.701286673545837402e+00 -5.562549233436584473e-01 -1.097930788993835449e+00 -3.366473019123077393e-01
-1.158037066459655762e+00 1.362568378448486328e+00 1.359404325485229492e+00 -1.761143326759338379e+00 1.390388727188110352e+00 -1.254803061485290527e+00 -7.611339092254638672e-01 -1.896516561508178711e+00 1.335838794708251953e+00 -2.352091521024703979e-01 -9.009014368057250977e-01 -6.906610131263732910e-01 -4.898519515991210938e-01 9.046637415885925293e-01 1.589028239250183105e+00 9.537856578826904297e-01 1.840527057647705078e+00 -5.491699576377868652e-01 -1.227279424667358398e+00 -5.586634874343872070e-01
-1.227540016174316406e+00 1.416032791137695312e+00 1.462341070175170898e+00 -1.982498526573181152e+00 1.274607777595520020e+00 -1.147951602935791016e+00 -8.137744665145874023e-01 -1.751978993415832520e+00 1.305487990379333496e+00 -2.770823836326599121e-01 -7.917630076408386230e-01 -6.017690300941467285e-01 -6.451303362846374512e-01 9.448287487030029297e-01 1.651607990264892578e+00 1.208026885986328125e+00 1.886360406875610352e+00 -4.844152927398681641e-01 -1.341938614845275879e+00 -7.183208465576171875e-01
-1.234264850616455078e+00 1.491366028785705566e+00 1.605989098548889160e+00 -2.078109025955200195e+00 1.224764585494995117e+00 -1.069904088973999023e+00 -8.876259326934814453e-01 -1.662557959556579590e+00 1.330256223678588867e+00 -2.897574603557586670e-01 -7.138783931732177734e-01 -6.405560970306396484e-01 -7.546443343162536621e-01 8.297151923179626465e-01 1.706485629081726074e+00 1.358112454414367676e+00 1.907472133636474609e+00 -3.964846730232238770e-01 -1.480806589126586914e+00 -8.068299293518066406e-01
-1.181793451309204102e+00 1.524690628051757812e+00 1.725575089454650879e+00 -2.096361637115478516e+00 1.227554559707641602e+00 -1.018560409545898438e+00 -9.317708015441894531e-01 -1.590791940689086914e+00 1.354165077209472656e+00 -2.709204554557800293e-01 -6.652904152870178223e-01 -6.997197270393371582e-01 -8.046286702156066895e-01 6.526321172714233398e-01 1.787796258926391602e+00 1.454537153244018555e+00 1.893937945365905762e+00 -3.228531479835510254e-01 -1.566484451293945312e+00 -8.678289651870727539e-01
-1.083439350128173828e+00 1.516955256462097168e+00 1.804156184196472168e+00 -2.055052042007446289e+00 1.234716653823852539e+00 -9.889969825744628906e-01 -9.290359616279602051e-01 -1.514326453208923340e+00 1.392779469490051270e+00 -2.444842308759689331e-01 -6.333220601081848145e-01 -7.523350119590759277e-01 -8.011119961738586426e-01 4.743554890155792236e-01 1.858999133110046387e+00 1.492518067359924316e+00 1.861529231071472168e+00 -2.730354666709899902e-01 -1.598611354827880859e+00 -9.094722270965576172e-01
-9.587763547897338867e-01 1.467104077339172363e+00 1.829844355583190918e+00 -1.971965432167053223e+00 1.219249010086059570e+00 -9.405388832092285156e-01 -9.033768773078918457e-01 -1.419834256172180176e+00 1.406969189643859863e+00 -2.015835642814636230e-01 -6.013833284378051758e-01 -8.035324215888977051e-01 -7.801542282104492188e-01 2.950210571289062500e-01 1.884590625762939453e+00 1.479977846145629883e+00 1.808419823646545410e+00 -2.215058654546737671e-01 -1.597073554992675781e+00 -9.220263957977294922e-01
-8.145031929016113281e-01 1.430420160293579102e+00 1.855629920959472656e+00 -1.884794116020202637e+00 1.270391106605529785e+00 -9.207749366760253906e-01 -8.847726583480834961e-01 -1.348922729492187500e+00 1.454247713088989258e+00 -1.591543555259704590e-01 -6.091364026069641113e-01 -8.672775030136108398e-01 -7.612252831459045410e-01 1.225568950176239014e-01 1.916291713714599609e+00 1.448300361633300781e+00 1.789420485496520996e+00 -1.837615370750427246e-01 -1.595716118812561035e+00 -9.389492273330688477e-01
-6.827412843704223633e-01 1.394790887832641602e+00 1.895914793014526367e+00 -1.800696969032287598e+00 1.346183061599731445e+00 -9.323599934577941895e-01 -8.670344948768615723e-01 -1.297609210014343262e+00 1.538351178169250488e+00 -1.245009973645210266e-01 -6.355543732643127441e-01 -9.404727220535278320e-01 -7.490139603614807129e-01 -8.097663521766662598e-04 1.925204277038574219e+00 1.392463803291320801e+00 1.806732773780822754e+00 -1.536733359098434448e-01 -1.602323770523071289e+00 -9.278224706649780273e-01
-5.372793078422546387e-01 1.316007852554321289e+00 1.873493552207946777e+00 -1.670424103736877441e+00 1.461677432060241699e+00 -9.556808471679687500e-01 -8.136984109878540039e-01 -1.287755250930786133e+00 1.640037178993225098e+00 -6.612055003643035889e-02 -6.984226107597351074e-01 -1.057179450988769531e+00 -6.850714683532714844e-01 -1.241642162203788757e-01 1.916235446929931641e+00 1.295803308486938477e+00 1.848996639251708984e+00 -1.365217566490173340e-01 -1.570293664932250977e+00 -8.737604618072509766e-01
-4.147593379020690918e-01 1.215481758117675781e+00 1.758487343788146973e+00 -1.401780605316162109e+00 1.649294972419738770e+00 -1.012245416641235352e+00 -7.747122049331665039e-01 -1.384004235267639160e+00 1.797163724899291992e+00 -3.612355515360832214e-02 -8.064710497856140137e-01 -1.223967075347900391e+00 -4.481783509254455566e-01 -2.718326449394226074e-01 1.847094416618347168e+00 1.118805050849914551e+00 1.826140999794006348e+00 -1.192682757973670959e-01 -1.439488291740417480e+00 -7.004261016845703125e-01
-3.899989128112792969e-01 1.222140073776245117e+00 1.485674142837524414e+00 -1.002503395080566406e+00 1.873840928077697754e+00 -1.176083922386169434e+00 -7.396615147590637207e-01 -1.613256335258483887e+00 1.889210104942321777e+00 -6.081014871597290039e-02 -9.466656446456909180e-01 -1.306632637977600098e+00 -9.100409597158432007e-02 -3.329662978649139404e-01 1.711806654930114746e+00 8.036199808120727539e-01 1.655909061431884766e+00 -2.788796424865722656e-01 -1.166316270828247070e+00 -4.281976819038391113e-01
-6.314120292663574219e-01 1.345562100410461426e+00 1.402903556823730469e+00 -7.269171476364135742e-01 2.032791852951049805e+00 -1.415564894676208496e+00 -7.643933892250061035e-01 -1.844361782073974609e+00 1.893834471702575684e+00 -2.150939404964447021e-01 -1.109444499015808105e+00 -1.203167557716369629e+00 6.696639955043792725e-02 -1.750442087650299072e-01 1.796781539916992188e+00 6.608335971832275391e-01 1.528041362762451172e+00 -5.026762485504150391e-01 -9.737355709075927734e-01 -2.684511542320251465e-01
-8.642423152923583984e-01 1.472227573394775391e+00 1.459379315376281738e+00 -7.631950974464416504e-01 2.137067317962646484e+00 -1.534437298774719238e+00 -8.329165577888488770e-01 -2.027866601943969727e+00 1.905725717544555664e+00 -3.330085873603820801e-01 -1.153402686119079590e+00 -1.099194765090942383e+00 5.211877822875976562e-02 5.327565968036651611e-02 1.887158870697021484e+00 6.687629222869873047e-01 1.538038611412048340e+00 -6.285721659660339355e-01 -9.573948383331298828e-01 -2.535070478916168213e-01
-1.012338161468505859e+00 1.518347024917602539e+00 1.492889523506164551e+00 -7.785189151763916016e-01 2.153459310531616211e+00 -1.601594448089599609e+00 -8.573781251907348633e-01 -2.119134664535522461e+00 1.861950039863586426e+00 -3.982859849929809570e-01 -1.151023864746093750e+00 -1.015719532966613770e+00 3.441536426544189453e-02 2.227378189563751221e-01 1.908101677894592285e+00 6.846317648887634277e-01 1.528301477432250977e+00 -6.884786486625671387e-01 -9.442121386528015137e-01 -2.467638254165649414e-01
-1.103602647781372070e+00 1.522052526473999023e+00 1.509196758270263672e+00 -7.863786220550537109e-01 2.129909753799438477e+00 -1.643133640289306641e+00 -8.509371280670166016e-01 -2.167237997055053711e+00 1.808134436607360840e+00 -4.262505173683166504e-01 -1.141110181808471680e+00 -9.607670903205871582e-01 2.758785709738731384e-02 3.362615108489990234e-01 1.908469915390014648e+00 6.938900947570800781e-01 1.510671734809875488e+00 -7.234031558036804199e-01 -9.297177791595458984e-01 -2.380102872848510742e-01
-1.161599516868591309e+00 1.498144984245300293e+00 1.523278236389160156e+00 -7.848103046417236328e-01 2.086524486541748047e+00 -1.673888564109802246e+00 -8.246355652809143066e-01 -2.193972587585449219e+00 1.752609133720397949e+00 -4.284352064132690430e-01 -1.133796811103820801e+00 -9.343279004096984863e-01 3.078489378094673157e-02 4.049947857856750488e-01 1.906369447708129883e+00 7.013462781906127930e-01 1.488522887229919434e+00 -7.435116767883300781e-01 -9.194908142089843750e-01 -2.250677943229675293e-01
-1.194011449813842773e+00 1.443655252456665039e+00 1.541197538375854492e+00 -7.666296362876892090e-01 2.028553485870361328e+00 -1.690779447555541992e+00 -7.791995406150817871e-01 -2.198884010314941406e+00 1.694265246391296387e+00 -4.122301936149597168e-01 -1.132819175720214844e+00 -9.376612901687622070e-01 4.465894401073455811e-02 4.259379208087921143e-01 1.907679915428161621e+00 7.111463546752929688e-01 1.457437634468078613e+00 -7.456638813018798828e-01 -9.149118661880493164e-01 -2.042353004217147827e-01
-1.195175051689147949e+00 1.360333561897277832e+00 1.566388010978698730e+00 -7.292610406875610352e-01 1.968448877334594727e+00 -1.678391695022583008e+00 -7.231858372688293457e-01 -2.166276931762695312e+00 1.650629639625549316e+00 -3.857066631317138672e-01 -1.131032943725585938e+00 -9.827358126640319824e-01 7.312118262052536011e-02 3.822926282882690430e-01 1.917988657951354980e+00 7.328293323516845703e-01 1.425873756408691406e+00 -7.206057310104370117e-01 -9.231755137443542480e-01 -1.754694432020187378e-01
-1.147837638854980469e+00 1.227818846702575684e+00 1.613366007804870605e+00 -6.603106856346130371e-01 1.864716529846191406e+00 -1.603573441505432129e+00 -6.615363359451293945e-01 -2.049477100372314453e+00 1.594966888427734375e+00 -3.451561927795410156e-01 -1.111991882324218750e+00 -1.093829035758972168e+00 9.339947998523712158e-02 2.165061831474304199e-01 1.939147830009460449e+00 7.677218317985534668e-01 1.382608294486999512e+00 -6.366005539894104004e-01 -9.698066711425781250e-01 -1.092918664216995239e-01
-1.041996836662292480e+00 1.046328425407409668e+00 1.671163320541381836e+00 -5.585677027702331543e-01 1.722929596900939941e+00 -1.438597798347473145e+00 -6.013467907905578613e-01 -1.808906674385070801e+00 1.535340428352355957e+00 -3.219356536865234375e-01 -1.076265215873718262e+00 -1.235438704490661621e+00 8.086872845888137817e-02 -5.931235849857330322e-02 1.933384060859680176e+00 8.018414378166198730e-01 1.313585877418518066e+00 -4.725692272186279297e-01 -1.039575457572937012e+00 -4.727117717266082764e-03
-9.742499589920043945e-01 9.510821104049682617e-01 1.826089501380920410e+00 -5.368876457214355469e-01 1.663463711738586426e+00 -1.239902377128601074e+00 -6.458482146263122559e-01 -1.550404548645019531e+00 1.532033681869506836e+00 -3.547712564468383789e-01 -1.072374582290649414e+00 -1.353836059570312500e+00 -6.154597550630569458e-02 -3.253261148929595947e-01 1.980349302291870117e+00 8.825730681419372559e-01 1.320413231849670410e+00 -2.640914320945739746e-01 -1.200513720512390137e+00 6.603252887725830078e-02
-9.794129133224487305e-01 9.797852039337158203e-01 2.003589630126953125e+00 -6.363292336463928223e-01 1.693374395370483398e+00 -1.055724740028381348e+00 -8.249860405921936035e-01 -1.416976690292358398e+00 1.601352095603942871e+00 -3.705623745918273926e-01 -1.091837167739868164e+00 -1.479518532752990723e+00 -3.319249153137207031e-01 -5.683752298355102539e-01 2.099492073059082031e+00 1.031125664710998535e+00 1.443117737770080566e+00 -1.016279160976409912e-01 -1.477445960044860840e+00 3.693457320332527161e-02
-9.641360044479370117e-01 1.002657532691955566e+00 2.085241317749023438e+00 -6.367616653442382812e-01 1.744965672492980957e+00 -9.348252415657043457e-01 -9.449204206466674805e-01 -1.305869579315185547e+00 1.683937191963195801e+00 -4.217097759246826172e-01 -1.127224683761596680e+00 -1.543869495391845703e+00 -4.884745478630065918e-01 -7.387502789497375488e-01 2.166285991668701172e+00 1.087631702423095703e+00 1.491740703582763672e+00 -4.040211439132690430e-03 -1.616773128509521484e+00 3.028969280421733856e-02
-9.560885429382324219e-01 1.073118686676025391e+00 2.118470191955566406e+00 -6.248494982719421387e-01 1.854831218719482422e+00 -9.085856676101684570e-01 -1.019966006278991699e+00 -1.273836493492126465e+00 1.801340937614440918e+00 -5.026979446411132812e-01 -1.156562089920043945e+00 -1.569506883621215820e+00 -5.252415537834167480e-01 -8.122349381446838379e-01 2.224828481674194336e+00 1.096554160118103027e+00 1.515515089035034180e+00 1.224056258797645569e-02 -1.660856962203979492e+00 2.679702080786228180e-02
-9.135307073593139648e-01 1.144102334976196289e+00 2.053861141204833984e+00 -5.658443570137023926e-01 1.948401212692260742e+00 -9.281103014945983887e-01 -1.066203594207763672e+00 -1.259375095367431641e+00 1.866724252700805664e+00 -5.649889707565307617e-01 -1.148930668830871582e+00 -1.526062011718750000e+00 -4.762960672378540039e-01 -8.069791197776794434e-01 2.190546274185180664e+00 1.034962773323059082e+00 1.469901919364929199e+00 -2.612491324543952942e-02 -1.601765513420104980e+00 3.891979157924652100e-02
-9.043087959289550781e-01 1.233733177185058594e+00 1.930217504501342773e+00 -4.820762276649475098e-01 2.012531757354736328e+00 -9.996882677078247070e-01 -1.122841715812683105e+00 -1.271270513534545898e+00 1.843085527420043945e+00 -6.024684309959411621e-01 -1.129581451416015625e+00 -1.381638407707214355e+00 -4.179618954658508301e-01 -6.894235610961914062e-01 2.105130910873413086e+00 9.456290006637573242e-01 1.366168856620788574e+00 -1.166640445590019226e-01 -1.476321578025817871e+00 2.974419854581356049e-02
-9.383924007415771484e-01 1.316766738891601562e+00 1.844556808471679688e+00 -4.150361418724060059e-01 2.066888093948364258e+00 -1.119766831398010254e+00 -1.167928099632263184e+00 -1.304333925247192383e+00 1.799342036247253418e+00 -6.482070684432983398e-01 -1.088952898979187012e+00 -1.183372974395751953e+00 -3.513795435428619385e-01 -4.728013873100280762e-01 2.047343015670776367e+00 9.170148372650146484e-01 1.272425651550292969e+00 -2.380196005105972290e-01 -1.338254451751708984e+00 -9.000498801469802856e-03
-9.784311056137084961e-01 1.370247006416320801e+00 1.768905878067016602e+00 -3.860766291618347168e-01 2.093847274780273438e+00 -1.231626152992248535e+00 -1.199871659278869629e+00 -1.347398400306701660e+00 1.732079744338989258e+00 -6.747684478759765625e-01 -1.016698002815246582e+00 -9.846205115318298340e-01 -2.937257587909698486e-01 -2.505876719951629639e-01 1.992241501808166504e+00 9.228374361991882324e-01 1.185465335845947266e+00 -3.566653132438659668e-01 -1.207737326622009277e+00 -4.702179878950119019e-02
-1.040608167648315430e+00 1.475173354148864746e+00 1.777798891067504883e+00 -4.336163103580474854e-01 2.126685142517089844e+00 -1.369479060173034668e+00 -1.259660124778747559e+00 -1.376506805419921875e+00 1.707081556320190430e+00 -7.476772665977478027e-01 -9.458994865417480469e-01 -7.658482789993286133e-01 -2.507402300834655762e-01 1.175707578659057617e-02 1.965151190757751465e+00 9.796908497810363770e-01 1.134810328483581543e+00 -4.481257200241088867e-01 -1.099650502204895020e+00 -9.921231865882873535e-02
-1.101427197456359863e+00 1.584102392196655273e+00 1.804584622383117676e+00 -5.269231200218200684e-01 2.093162059783935547e+00 -1.496685028076171875e+00 -1.345326781272888184e+00 -1.366800546646118164e+00 1.665045619010925293e+00 -8.096171617507934570e-01 -8.654298186302185059e-01 -5.591762065887451172e-01 -2.436873912811279297e-01 2.684563696384429932e-01 1.925294637680053711e+00 1.040698170661926270e+00 1.104332923889160156e+00 -5.046045184135437012e-01 -1.030544281005859375e+00 -1.279731541872024536e-01
-1.129482746124267578e+00 1.691523432731628418e+00 1.810460925102233887e+00 -6.532162427902221680e-01 2.017603635787963867e+00 -1.534795641899108887e+00 -1.439107656478881836e+00 -1.295342206954956055e+00 1.625781178474426270e+00 -8.784580230712890625e-01 -7.633722424507141113e-01 -3.651204407215118408e-01 -2.622115910053253174e-01 4.665387570858001709e-01 1.867630600929260254e+00 1.119063138961791992e+00 1.080249905586242676e+00 -5.227081179618835449e-01 -9.892300963401794434e-01 -1.670803725719451904e-01
-1.133164405822753906e+00 1.786960601806640625e+00 1.816851258277893066e+00 -8.242548704147338867e-01 1.880910873413085938e+00 -1.528327822685241699e+00 -1.517428398132324219e+00 -1.168012261390686035e+00 1.579447031021118164e+00 -9.513564109802246094e-01 -6.326999068260192871e-01 -1.819629818201065063e-01 -3.206110596656799316e-01 6.172804832458496094e-01 1.791618227958679199e+00 1.215695023536682129e+00 1.065895557403564453e+00 -4.864951968193054199e-01 -9.688364863395690918e-01 -2.126369029283523560e-01
-1.203183889389038086e+00 1.926039457321166992e+00 1.874906182289123535e+00 -1.112541675567626953e+00 1.721802711486816406e+00 -1.507957458496093750e+00 -1.571065545082092285e+00 -1.096507072448730469e+00 1.574690699577331543e+00 -9.909052848815917969e-01 -5.255095958709716797e-01 -9.819249808788299561e-02 -4.713820219039916992e-01 7.222325205802917480e-01 1.807625651359558105e+00 1.391563892364501953e+00 1.179446339607238770e+00 -4.269481301307678223e-01 -1.050079226493835449e+00 -3.167935609817504883e-01
-1.279374241828918457e+00 1.999639868736267090e+00 1.879510402679443359e+00 -1.414176702499389648e+00 1.533497691154479980e+00 -1.422625422477722168e+00 -1.554339408874511719e+00 -1.061553359031677246e+00 1.559835314750671387e+00 -9.959530830383300781e-01 -4.683235883712768555e-01 -8.021955192089080811e-02 -6.430715322494506836e-01 7.702835202217102051e-01 1.820960164070129395e+00 1.503831386566162109e+00 1.316580533981323242e+00 -3.371477127075195312e-01 -1.139636635780334473e+00 -4.214017093181610107e-01
-1.307078003883361816e+00 2.001890897750854492e+00 1.835216760635375977e+00 -1.646290063858032227e+00 1.383957862854003906e+00 -1.285567760467529297e+00 -1.481126785278320312e+00 -1.072645545005798340e+00 1.569859981536865234e+00 -9.528487920761108398e-01 -4.627847075462341309e-01 -1.397667080163955688e-01 -7.839944958686828613e-01 7.460797429084777832e-01 1.791416049003601074e+00 1.538244009017944336e+00 1.454814672470092773e+00 -2.605934143066406250e-01 -1.243267297744750977e+00 -5.179806947708129883e-01
-1.296213150024414062e+00 1.984573960304260254e+00 1.759460091590881348e+00 -1.826378822326660156e+00 1.378622770309448242e+00 -1.124692440032958984e+00 -1.395611763000488281e+00 -1.153885126113891602e+00 1.637259006500244141e+00 -8.993561267852783203e-01 -4.814969897270202637e-01 -2.813768088817596436e-01 -8.723307251930236816e-01 6.620349884033203125e-01 1.795494437217712402e+00 1.560057759284973145e+00 1.633208394050598145e+00 -2.266481965780258179e-01 -1.349941253662109375e+00 -6.068044900894165039e-01
-1.275023341178894043e+00 1.941653728485107422e+00 1.676116466522216797e+00 -1.895444393157958984e+00 1.405081272125244141e+00 -9.928349852561950684e-01 -1.308833599090576172e+00 -1.234009385108947754e+00 1.688870787620544434e+00 -8.473378419876098633e-01 -5.254119634628295898e-01 -4.210730791091918945e-01 -9.109817743301391602e-01 5.712146162986755371e-01 1.783384084701538086e+00 1.517619729042053223e+00 1.744516491889953613e+00 -2.220575660467147827e-01 -1.417400598526000977e+00 -6.404057741165161133e-01
-1.227038741111755371e+00 1.839259743690490723e+00 1.573900938034057617e+00 -1.876899242401123047e+00 1.424350857734680176e+00 -8.590488433837890625e-01 -1.211292862892150879e+00 -1.269846320152282715e+00 1.705894470214843750e+00 -7.958678603172302246e-01 -5.654582977294921875e-01 -5.423688292503356934e-01 -9.205900430679321289e-01 4.756379425525665283e-01 1.735476255416870117e+00 1.439653992652893066e+00 1.799668550491333008e+00 -2.056221961975097656e-01 -1.440614581108093262e+00 -6.335412263870239258e-01
-1.157393693923950195e+00 1.710702776908874512e+00 1.491513013839721680e+00 -1.793744325637817383e+00 1.451258063316345215e+00 -7.484241127967834473e-01 -1.123339176177978516e+00 -1.277645826339721680e+00 1.717773675918579102e+00 -7.429840564727783203e-01 -6.010603904724121094e-01 -6.635815501213073730e-01 -9.119315743446350098e-01 3.691984713077545166e-01 1.690075993537902832e+00 1.357704281806945801e+00 1.832871079444885254e+00 -1.769515126943588257e-01 -1.445956945419311523e+00 -6.017723083496093750e-01
-1.072699546813964844e+00 1.560451984405517578e+00 1.438674330711364746e+00 -1.647556781768798828e+00 1.480621814727783203e+00 -6.645396351814270020e-01 -1.054997801780700684e+00 -1.254649281501770020e+00 1.707345485687255859e+00 -6.854196190834045410e-01 -6.240307092666625977e-01 -7.706733345985412598e-01 -8.905265331268310547e-01 2.534764111042022705e-01 1.647625684738159180e+00 1.284321546554565430e+00 1.826704382896423340e+00 -1.385874152183532715e-01 -1.442899107933044434e+00 -5.528556108474731445e-01
-9.485934972763061523e-01 1.398306488990783691e+00 1.465324282646179199e+00 -1.458707094192504883e+00 1.549817681312561035e+00 -6.109722852706909180e-01 -1.003006219863891602e+00 -1.192734479904174805e+00 1.742122530937194824e+00 -6.237849593162536621e-01 -6.709864735603332520e-01 -9.102047085762023926e-01 -8.615293502807617188e-01 7.450363785028457642e-02 1.661155462265014648e+00 1.227085113525390625e+00 1.816965579986572266e+00 -8.513115346431732178e-02 -1.469639420509338379e+00 -4.884815514087677002e-01
-7.759015560150146484e-01 1.157112360000610352e+00 1.626707077026367188e+00 -1.194666624069213867e+00 1.720550537109375000e+00 -6.069418787956237793e-01 -9.812477827072143555e-01 -1.102739453315734863e+00 1.823709964752197266e+00 -5.285647511482238770e-01 -7.657473087310791016e-01 -1.118982672691345215e+00 -7.647661566734313965e-01 -2.351411283016204834e-01 1.802368760108947754e+00 1.222881674766540527e+00 1.776914596557617188e+00 -5.041036754846572876e-03 -1.526601672172546387e+00 -3.800449073314666748e-01
-6.672921180725097656e-01 9.185521602630615234e-01 1.912072420120239258e+00 -9.393197298049926758e-01 2.009974241256713867e+00 -6.628559231758117676e-01 -1.011409282684326172e+00 -1.055937290191650391e+00 1.936129927635192871e+00 -4.663010835647583008e-01 -9.250946640968322754e-01 -1.339116334915161133e+00 -6.567744016647338867e-01 -5.129992365837097168e-01 2.050697803497314453e+00 1.246949434280395508e+00 1.755968809127807617e+00 7.499694079160690308e-02 -1.602394819259643555e+00 -2.169679403305053711e-01
-6.923991441726684570e-01 8.080165386199951172e-01 2.240942478179931641e+00 -8.051366806030273438e-01 2.261529922485351562e+00 -8.043532371520996094e-01 -1.091710329055786133e+00 -1.118400931358337402e+00 2.035902738571166992e+00 -4.492238759994506836e-01 -1.124165773391723633e+00 -1.513487696647644043e+00 -5.181752443313598633e-01 -7.437894940376281738e-01 2.389443874359130859e+00 1.328858137130737305e+00 1.722167491912841797e+00 1.060370951890945435e-01 -1.662155628204345703e+00 -7.503025978803634644e-02
-6.809544563293457031e-01 7.579199075698852539e-01 2.415344238281250000e+00 -7.451778054237365723e-01 2.361199617385864258e+00 -1.011393189430236816e+00 -1.067886829376220703e+00 -1.220916032791137695e+00 2.027436494827270508e+00 -3.966191411018371582e-01 -1.236243247985839844e+00 -1.538435816764831543e+00 -3.686245083808898926e-01 -8.174974918365478516e-01 2.540454626083374023e+00 1.347598314285278320e+00 1.639209747314453125e+00 8.289860188961029053e-02 -1.633198738098144531e+00 -4.365422576665878296e-02
-6.708563566207885742e-01 7.771228551864624023e-01 2.439727306365966797e+00 -7.088798880577087402e-01 2.360772132873535156e+00 -1.152931809425354004e+00 -1.022428750991821289e+00 -1.273438811302185059e+00 1.952242732048034668e+00 -3.699204921722412109e-01 -1.258813858032226562e+00 -1.449034571647644043e+00 -2.590304613113403320e-01 -7.800828814506530762e-01 2.531730890274047852e+00 1.305494070053100586e+00 1.512531042098999023e+00 2.716382592916488647e-02 -1.545360684394836426e+00 -6.200446188449859619e-02
-6.689873933792114258e-01 8.253866434097290039e-01 2.394130945205688477e+00 -6.842773556709289551e-01 2.305991888046264648e+00 -1.230538606643676758e+00 -1.018949151039123535e+00 -1.284614443778991699e+00 1.881730914115905762e+00 -3.518156409263610840e-01 -1.218932867050170898e+00 -1.345245599746704102e+00 -1.934254765510559082e-01 -7.186846733093261719e-01 2.469894647598266602e+00 1.254833817481994629e+00 1.408210158348083496e+00 -2.013413980603218079e-02 -1.457216143608093262e+00 -7.868675142526626587e-02
-6.686252355575561523e-01 8.602370023727416992e-01 2.316958904266357422e+00 -6.597745418548583984e-01 2.227529525756835938e+00 -1.262127041816711426e+00 -1.007185816764831543e+00 -1.270439863204956055e+00 1.800065159797668457e+00 -3.464186191558837891e-01 -1.169858574867248535e+00 -1.239029765129089355e+00 -1.521326899528503418e-01 -6.521299481391906738e-01 2.380914449691772461e+00 1.203175425529479980e+00 1.311540365219116211e+00 -5.093535035848617554e-02 -1.370067596435546875e+00 -9.370993077754974365e-02
-6.682368516921997070e-01 8.913372755050659180e-01 2.219980478286743164e+00 -6.334604620933532715e-01 2.139175415039062500e+00 -1.271790981292724609e+00 -9.916565418243408203e-01 -1.248296618461608887e+00 1.712802767753601074e+00 -3.496086597442626953e-01 -1.113541603088378906e+00 -1.131508588790893555e+00 -1.186662539839744568e-01 -5.800186395645141602e-01 2.275142908096313477e+00 1.151604652404785156e+00 1.220841646194458008e+00 -7.509604096412658691e-02 -1.281676888465881348e+00 -1.076705455780029297e-01
-6.846586465835571289e-01 9.484071731567382812e-01 2.106804132461547852e+00 -6.086692214012145996e-01 2.030510663986206055e+00 -1.276578545570373535e+00 -9.715707898139953613e-01 -1.231409668922424316e+00 1.631938695907592773e+00 -3.795413970947265625e-01 -1.053930163383483887e+00 -1.016690015792846680e+00 -8.513142913579940796e-02 -5.015066266059875488e-01 2.167386293411254883e+00 1.095108270645141602e+00 1.127241373062133789e+00 -1.019761338829994202e-01 -1.179815053939819336e+00 -1.286272704601287842e-01
-7.209837436676025391e-01 1.039901494979858398e+00 1.962124824523925781e+00 -5.940484404563903809e-01 1.895559668540954590e+00 -1.281412839889526367e+00 -9.534632563591003418e-01 -1.213049173355102539e+00 1.543993592262268066e+00 -4.405265450477600098e-01 -9.782612919807434082e-01 -8.594255447387695312e-01 -3.616995364427566528e-02 -3.831838071346282959e-01 2.043973922729492188e+00 1.044489264488220215e+00 1.017454743385314941e+00 -1.428399235010147095e-01 -1.047090053558349609e+00 -1.682341396808624268e-01
-7.930452823638916016e-01 1.185609102249145508e+00 1.734066963195800781e+00 -6.140009760856628418e-01 1.696182131767272949e+00 -1.268805265426635742e+00 -9.413979053497314453e-01 -1.214988589286804199e+00 1.428956627845764160e+00 -5.139889717102050781e-01 -8.867775797843933105e-01 -6.676605939865112305e-01 3.867350518703460693e-03 -1.788815557956695557e-01 1.872530698776245117e+00 9.790634512901306152e-01 9.202952980995178223e-01 -2.085603028535842896e-01 -8.791820406913757324e-01 -2.340253889560699463e-01
-1.017682909965515137e+00 1.513927936553955078e+00 1.401724100112915039e+00 -8.068444132804870605e-01 1.500004529953002930e+00 -1.268328666687011719e+00 -9.766090512275695801e-01 -1.367877602577209473e+00 1.352789402008056641e+00 -6.866106390953063965e-01 -7.691745758056640625e-01 -3.955526649951934814e-01 -5.759879946708679199e-02 2.748555541038513184e-01 1.619892954826354980e+00 9.232742190361022949e-01 9.700974225997924805e-01 -3.455924391746520996e-01 -7.024805545806884766e-01 -3.616710007190704346e-01
-1.258550047874450684e+00 1.971710801124572754e+00 1.353572845458984375e+00 -1.313619256019592285e+00 1.608558535575866699e+00 -1.446937561035156250e+00 -9.813703298568725586e-01 -1.764785885810852051e+00 1.681696057319641113e+00 -9.128358960151672363e-01 -6.912699937820434570e-01 -3.277947902679443359e-01 -1.867671012878417969e-01 6.954290866851806641e-01 1.622316002845764160e+00 1.046203851699829102e+00 1.405287981033325195e+00 -5.590369701385498047e-01 -7.605417370796203613e-01 -6.025297641754150391e-01
-1.318519711494445801e+00 2.145507097244262695e+00 1.299972891807556152e+00 -1.696900606155395508e+00 1.605469942092895508e+00 -1.454255580902099609e+00 -9.180529117584228516e-01 -1.903643965721130371e+00 1.876447319984436035e+00 -9.810335636138916016e-01 -5.953589677810668945e-01 -3.463558554649353027e-01 -3.288954496383666992e-01 8.989038467407226562e-01 1.597005844116210938e+00 1.084961652755737305e+00 1.703694939613342285e+00 -6.618186831474304199e-01 -8.533067107200622559e-01 -7.072327136993408203e-01
-1.306102037429809570e+00 2.098085403442382812e+00 1.268364429473876953e+00 -1.822468042373657227e+00 1.562779903411865234e+00 -1.390628576278686523e+00 -8.781768679618835449e-01 -1.903648138046264648e+00 1.913871526718139648e+00 -9.377087354660034180e-01 -5.641940832138061523e-01 -4.154644310474395752e-01 -4.227350950241088867e-01 9.325724840164184570e-01 1.558278679847717285e+00 1.112897276878356934e+00 1.833449244499206543e+00 -6.381223797798156738e-01 -9.301181435585021973e-01 -7.304296493530273438e-01
-1.258046627044677734e+00 2.003777265548706055e+00 1.258614420890808105e+00 -1.870157241821289062e+00 1.503245949745178223e+00 -1.321860909461975098e+00 -8.566114902496337891e-01 -1.850118756294250488e+00 1.894296050071716309e+00 -8.631870746612548828e-01 -5.589820742607116699e-01 -4.748092591762542725e-01 -4.952808022499084473e-01 9.202359914779663086e-01 1.518608689308166504e+00 1.125378370285034180e+00 1.891945719718933105e+00 -5.751099586486816406e-01 -9.952361583709716797e-01 -7.320293188095092773e-01
