-1.139008164405822754e+00 1.958045125007629395e+00 1.288406133651733398e+00 -1.543713808059692383e+00 2.037529706954956055e+00 -1.587579846382141113e+00 -1.232654929161071777e+00 -2.004487991333007812e+00 2.023007869720458984e+00 -6.660916209220886230e-01 -5.430162549018859863e-01 -5.717390179634094238e-01 -1.814873665571212769e-01 9.735828638076782227e-01 1.705249905586242676e+00 9.826421737670898438e-01 1.942997932434082031e+00 -7.787998318672180176e-01 -8.412438631057739258e-01 -4.116712212562561035e-01
-1.058263063430786133e+00 1.853372931480407715e+00 1.289548635482788086e+00 -1.502083182334899902e+00 2.008760690689086914e+00 -1.639122009277343750e+00 -1.069502592086791992e+00 -2.094179630279541016e+00 1.980276823043823242e+00 -5.436873435974121094e-01 -6.465911865234375000e-01 -6.581782102584838867e-01 -1.783949136734008789e-01 8.995772004127502441e-01 1.678226709365844727e+00 8.258726596832275391e-01 1.928390145301818848e+00 -8.149612545967102051e-01 -8.694157600402832031e-01 -3.904675245285034180e-01
-9.814236164093017578e-01 1.732637047767639160e+00 1.288309454917907715e+00 -1.454307436943054199e+00 1.977972984313964844e+00 -1.646557569503784180e+00 -9.299363493919372559e-01 -2.128431081771850586e+00 1.911478519439697266e+00 -4.446323513984680176e-01 -7.583749890327453613e-01 -7.205127477645874023e-01 -1.851829886436462402e-01 8.166356682777404785e-01 1.647818446159362793e+00 7.076908946037292480e-01 1.893833041191101074e+00 -8.153675794601440430e-01 -9.012912511825561523e-01 -3.657826185226440430e-01
-9.169099926948547363e-01 1.582308769226074219e+00 1.290799736976623535e+00 -1.395441174507141113e+00 1.932037472724914551e+00 -1.618605375289916992e+00 -8.035279512405395508e-01 -2.145598649978637695e+00 1.826634645462036133e+00 -3.366431593894958496e-01 -8.913815021514892578e-01 -7.907233834266662598e-01 -1.874710172414779663e-01 7.098836898803710938e-01 1.617107391357421875e+00 6.169411540031433105e-01 1.832614183425903320e+00 -7.930063605308532715e-01 -9.424207210540771484e-01 -3.354007005691528320e-01
-8.340145945549011230e-01 1.426378011703491211e+00 1.333290815353393555e+00 -1.305582404136657715e+00 1.909405112266540527e+00 -1.562240123748779297e+00 -6.723612546920776367e-01 -2.128499984741210938e+00 1.766891241073608398e+00 -2.386053502559661865e-01 -1.038075923919677734e+00 -9.164049625396728516e-01 -2.018502801656723022e-01 5.251931548118591309e-01 1.607592105865478516e+00 5.560014843940734863e-01 1.788050293922424316e+00 -7.293086051940917969e-01 -1.015145778656005859e+00 -3.259451389312744141e-01
-7.544836997985839844e-01 1.266956448554992676e+00 1.460031867027282715e+00 -1.184942722320556641e+00 1.951183915138244629e+00 -1.522845745086669922e+00 -5.508549213409423828e-01 -2.103039503097534180e+00 1.768548250198364258e+00 -1.611171662807464600e-01 -1.216325640678405762e+00 -1.114232897758483887e+00 -2.173785716295242310e-01 2.859011590480804443e-01 1.661246418952941895e+00 5.566198229789733887e-01 1.790175318717956543e+00 -6.224887371063232422e-01 -1.129428505897521973e+00 -3.338004946708679199e-01
-6.942048668861389160e-01 1.135094523429870605e+00 1.602588891983032227e+00 -1.073860406875610352e+00 1.990243554115295410e+00 -1.478421330451965332e+00 -4.761008024215698242e-01 -2.052423238754272461e+00 1.804525613784790039e+00 -1.041516885161399841e-01 -1.362740874290466309e+00 -1.314275145530700684e+00 -2.129807919263839722e-01 5.328348278999328613e-02 1.746895790100097656e+00 5.916818380355834961e-01 1.799427747726440430e+00 -5.165100097656250000e-01 -1.244876384735107422e+00 -3.352551758289337158e-01
-6.450253129005432129e-01 1.030377388000488281e+00 1.726491451263427734e+00 -9.680899381637573242e-01 1.998504042625427246e+00 -1.445360779762268066e+00 -4.510238766670227051e-01 -1.987815856933593750e+00 1.841019868850708008e+00 -5.971278622746467590e-02 -1.433594465255737305e+00 -1.474715352058410645e+00 -2.037914544343948364e-01 -1.465662121772766113e-01 1.828750014305114746e+00 6.537589430809020996e-01 1.797928690910339355e+00 -4.228660464286804199e-01 -1.340156078338623047e+00 -3.176127374172210693e-01
-6.369109153747558594e-01 9.756951928138732910e-01 1.856433629989624023e+00 -9.009791612625122070e-01 1.992830514907836914e+00 -1.425009846687316895e+00 -4.650475382804870605e-01 -1.908789634704589844e+00 1.876797676086425781e+00 -6.719230115413665771e-02 -1.450212955474853516e+00 -1.577146172523498535e+00 -2.086270600557327271e-01 -2.631887793540954590e-01 1.885024428367614746e+00 7.092154026031494141e-01 1.797344565391540527e+00 -3.336853086948394775e-01 -1.416534781455993652e+00 -2.682546675205230713e-01
-6.302150487899780273e-01 9.597898721694946289e-01 1.976361989974975586e+00 -8.434289693832397461e-01 1.965298533439636230e+00 -1.421588182449340820e+00 -4.951207339763641357e-01 -1.805251121520996094e+00 1.879562854766845703e+00 -9.938338398933410645e-02 -1.426056623458862305e+00 -1.603976607322692871e+00 -2.096529901027679443e-01 -3.477920889854431152e-01 1.924585103988647461e+00 7.640464901924133301e-01 1.752550601959228516e+00 -2.586693763732910156e-01 -1.453052163124084473e+00 -2.410760968923568726e-01
-6.329950094223022461e-01 9.748853445053100586e-01 2.050683498382568359e+00 -7.891589403152465820e-01 1.912998318672180176e+00 -1.441504240036010742e+00 -5.103185176849365234e-01 -1.701970100402832031e+00 1.850414037704467773e+00 -1.476515531539916992e-01 -1.367383360862731934e+00 -1.556799411773681641e+00 -1.936084926128387451e-01 -3.753003776073455811e-01 1.934562206268310547e+00 8.035754561424255371e-01 1.667146086692810059e+00 -2.246304452419281006e-01 -1.435341596603393555e+00 -2.319230288267135620e-01
-6.794762015342712402e-01 1.094425559043884277e+00 2.072124242782592773e+00 -7.741917371749877930e-01 1.808143734931945801e+00 -1.497510194778442383e+00 -5.304699540138244629e-01 -1.640963077545166016e+00 1.796241283416748047e+00 -2.265311479568481445e-01 -1.295101642608642578e+00 -1.419263839721679688e+00 -1.954135596752166748e-01 -3.341055214405059814e-01 1.918572068214416504e+00 8.128899335861206055e-01 1.545187830924987793e+00 -2.490362823009490967e-01 -1.380942225456237793e+00 -2.748042941093444824e-01
-7.432886362075805664e-01 1.287078142166137695e+00 1.980179786682128906e+00 -8.075295686721801758e-01 1.631455898284912109e+00 -1.565408945083618164e+00 -5.698390007019042969e-01 -1.618085861206054688e+00 1.719799995422363281e+00 -3.094684481620788574e-01 -1.150480866432189941e+00 -1.192422509193420410e+00 -2.046564817428588867e-01 -2.117877900600433350e-01 1.845612764358520508e+00 7.889993190765380859e-01 1.394353985786437988e+00 -3.484856188297271729e-01 -1.273582220077514648e+00 -3.320742249488830566e-01
-8.748643398284912109e-01 1.579473853111267090e+00 1.800865650177001953e+00 -9.502291679382324219e-01 1.434371590614318848e+00 -1.640889167785644531e+00 -7.072505354881286621e-01 -1.656887531280517578e+00 1.658789157867431641e+00 -4.266561865806579590e-01 -9.218096137046813965e-01 -8.808074593544006348e-01 -2.575507760047912598e-01 8.745766431093215942e-02 1.696892261505126953e+00 7.226033806800842285e-01 1.290775537490844727e+00 -4.962512254714965820e-01 -1.127991437911987305e+00 -3.403381705284118652e-01
-1.012008070945739746e+00 1.825299382209777832e+00 1.564823508262634277e+00 -1.122141122817993164e+00 1.337950468063354492e+00 -1.656004428863525391e+00 -8.438148498535156250e-01 -1.753814220428466797e+00 1.603959083557128906e+00 -5.153447985649108887e-01 -7.667563557624816895e-01 -6.430124044418334961e-01 -3.341598212718963623e-01 4.015083611011505127e-01 1.566884517669677734e+00 6.572337150573730469e-01 1.290614128112792969e+00 -6.319583654403686523e-01 -9.949247241020202637e-01 -3.575107157230377197e-01
-1.083608388900756836e+00 2.041977167129516602e+00 1.522995948791503906e+00 -1.288576483726501465e+00 1.409784913063049316e+00 -1.690377116203308105e+00 -9.825882911682128906e-01 -1.866037845611572266e+00 1.698425769805908203e+00 -5.580390095710754395e-01 -7.088035941123962402e-01 -6.420785188674926758e-01 -4.166603386402130127e-01 5.422630906105041504e-01 1.582910776138305664e+00 6.687413454055786133e-01 1.465453505516052246e+00 -7.006973028182983398e-01 -1.022835373878479004e+00 -3.835401833057403564e-01
-1.118061423301696777e+00 2.142774343490600586e+00 1.473438024520874023e+00 -1.397874832153320312e+00 1.459417819976806641e+00 -1.671135187149047852e+00 -1.080520629882812500e+00 -1.937048912048339844e+00 1.739295959472656250e+00 -5.436066389083862305e-01 -6.965706944465637207e-01 -6.745650172233581543e-01 -4.963581860065460205e-01 6.213825941085815430e-01 1.575328707695007324e+00 6.594846248626708984e-01 1.604299306869506836e+00 -7.369216084480285645e-01 -1.068997979164123535e+00 -3.838220238685607910e-01
-1.134687304496765137e+00 2.159422159194946289e+00 1.420617461204528809e+00 -1.442132353782653809e+00 1.522789001464843750e+00 -1.620657801628112793e+00 -1.173543095588684082e+00 -1.991542339324951172e+00 1.753799200057983398e+00 -4.998708665370941162e-01 -7.169429063796997070e-01 -7.347630262374877930e-01 -5.567045807838439941e-01 6.431703567504882812e-01 1.560996532440185547e+00 6.698911786079406738e-01 1.717290997505187988e+00 -7.459431886672973633e-01 -1.125309348106384277e+00 -3.702421188354492188e-01
-1.134155988693237305e+00 2.107782602310180664e+00 1.348043560981750488e+00 -1.440835952758789062e+00 1.571109056472778320e+00 -1.510571599006652832e+00 -1.253313660621643066e+00 -2.003499746322631836e+00 1.739334583282470703e+00 -4.385329782962799072e-01 -7.622061371803283691e-01 -8.191305994987487793e-01 -6.285914778709411621e-01 6.264214515686035156e-01 1.516568303108215332e+00 6.715869903564453125e-01 1.817051649093627930e+00 -7.172099351882934570e-01 -1.193848729133605957e+00 -3.328987658023834229e-01
-1.104538559913635254e+00 1.987162709236145020e+00 1.257288694381713867e+00 -1.392913818359375000e+00 1.593600153923034668e+00 -1.325193405151367188e+00 -1.321708202362060547e+00 -1.955779314041137695e+00 1.699454545974731445e+00 -3.565225303173065186e-01 -8.305423855781555176e-01 -9.190102219581604004e-01 -7.157244682312011719e-01 5.499283671379089355e-01 1.435431718826293945e+00 6.528159976005554199e-01 1.886628270149230957e+00 -6.368081569671630859e-01 -1.276467442512512207e+00 -2.924655675888061523e-01
-1.071391820907592773e+00 1.837215065956115723e+00 1.222576260566711426e+00 -1.352086186408996582e+00 1.606337904930114746e+00 -1.152912497520446777e+00 -1.342599034309387207e+00 -1.885797500610351562e+00 1.658204317092895508e+00 -2.907041609287261963e-01 -8.894888162612915039e-01 -1.006777167320251465e+00 -8.049728274345397949e-01 4.730797111988067627e-01 1.366720795631408691e+00 6.708168387413024902e-01 1.936383485794067383e+00 -5.250056982040405273e-01 -1.375566720962524414e+00 -2.779053747653961182e-01
-1.020871162414550781e+00 1.630419373512268066e+00 1.207483887672424316e+00 -1.279768943786621094e+00 1.601383924484252930e+00 -9.717767834663391113e-01 -1.321314692497253418e+00 -1.754900455474853516e+00 1.608510017395019531e+00 -2.504962086677551270e-01 -9.261102080345153809e-01 -1.072283387184143066e+00 -8.615334630012512207e-01 3.872216939926147461e-01 1.312003731727600098e+00 7.048909664154052734e-01 1.944529414176940918e+00 -3.873497545719146729e-01 -1.441611409187316895e+00 -2.489655762910842896e-01
-9.862221479415893555e-01 1.407181620597839355e+00 1.311078667640686035e+00 -1.222191572189331055e+00 1.691470503807067871e+00 -8.334239125251770020e-01 -1.325208067893981934e+00 -1.627627134323120117e+00 1.645794630050659180e+00 -2.501898705959320068e-01 -9.598088860511779785e-01 -1.210358381271362305e+00 -8.790374398231506348e-01 2.649805545806884766e-01 1.403635263442993164e+00 8.157175183296203613e-01 2.014693498611450195e+00 -2.331652641296386719e-01 -1.541133880615234375e+00 -1.666195690631866455e-01
-9.660270810127258301e-01 1.232778191566467285e+00 1.399018287658691406e+00 -1.170676350593566895e+00 1.746325612068176270e+00 -7.259833216667175293e-01 -1.342224121093750000e+00 -1.496782541275024414e+00 1.671710729598999023e+00 -2.625252008438110352e-01 -9.362936615943908691e-01 -1.309402942657470703e+00 -8.650373816490173340e-01 1.687702536582946777e-01 1.494158387184143066e+00 9.295763969421386719e-01 2.057030200958251953e+00 -1.120276153087615967e-01 -1.601437926292419434e+00 -7.805489003658294678e-02
-9.637837409973144531e-01 1.135919451713562012e+00 1.464356303215026855e+00 -1.132128953933715820e+00 1.775879502296447754e+00 -6.741096377372741699e-01 -1.391505241394042969e+00 -1.390308856964111328e+00 1.691465377807617188e+00 -2.836431860923767090e-01 -8.497382402420043945e-01 -1.361526370048522949e+00 -8.140450716018676758e-01 1.145009100437164307e-01 1.579010963439941406e+00 1.044887781143188477e+00 2.075580835342407227e+00 -4.152229428291320801e-02 -1.616201519966125488e+00 7.542615756392478943e-03
-9.408717155456542969e-01 1.091032862663269043e+00 1.507661581039428711e+00 -1.084003806114196777e+00 1.813080906867980957e+00 -7.147022485733032227e-01 -1.475291252136230469e+00 -1.299636125564575195e+00 1.703215599060058594e+00 -3.009345829486846924e-01 -6.973018050193786621e-01 -1.316264271736145020e+00 -6.902247667312622070e-01 1.141074746847152710e-01 1.637466788291931152e+00 1.162226080894470215e+00 2.028509855270385742e+00 -3.239761292934417725e-02 -1.544186830520629883e+00 6.944669783115386963e-02
-9.273091554641723633e-01 1.133938312530517578e+00 1.528828859329223633e+00 -1.037035226821899414e+00 1.842220306396484375e+00 -8.765907883644104004e-01 -1.554840803146362305e+00 -1.229044437408447266e+00 1.721985578536987305e+00 -3.702682852745056152e-01 -5.128517150878906250e-01 -1.128316879272460938e+00 -4.855161607265472412e-01 2.311834096908569336e-01 1.697731971740722656e+00 1.263247728347778320e+00 1.913842439651489258e+00 -1.165859103202819824e-01 -1.350682020187377930e+00 9.656362235546112061e-02
-9.163841009140014648e-01 1.214641451835632324e+00 1.481803178787231445e+00 -9.877610206604003906e-01 1.815849184989929199e+00 -1.073782324790954590e+00 -1.567380905151367188e+00 -1.190370559692382812e+00 1.689395189285278320e+00 -4.463874101638793945e-01 -3.623650670051574707e-01 -8.473398089408874512e-01 -2.682329714298248291e-01 4.147884547710418701e-01 1.694590210914611816e+00 1.259775161743164062e+00 1.725954174995422363e+00 -2.511025071144104004e-01 -1.077261090278625488e+00 7.709041237831115723e-02
-9.065909385681152344e-01 1.343745470046997070e+00 1.373761057853698730e+00 -9.781037569046020508e-01 1.738303303718566895e+00 -1.207186460494995117e+00 -1.498293042182922363e+00 -1.210543870925903320e+00 1.633742094039916992e+00 -5.186154246330261230e-01 -2.968045771121978760e-01 -5.995510220527648926e-01 -1.033827513456344604e-01 5.491844415664672852e-01 1.649319052696228027e+00 1.168527960777282715e+00 1.535410284996032715e+00 -3.997783958911895752e-01 -8.299096226692199707e-01 -3.055211156606674194e-03
-9.215230941772460938e-01 1.506539940834045410e+00 1.332873582839965820e+00 -1.088956475257873535e+00 1.645158290863037109e+00 -1.356753945350646973e+00 -1.367530941963195801e+00 -1.310632228851318359e+00 1.615318536758422852e+00 -5.679362416267395020e-01 -2.916754186153411865e-01 -4.256716966629028320e-01 -2.139669656753540039e-02 6.789028048515319824e-01 1.640161514282226562e+00 1.069562911987304688e+00 1.415559172630310059e+00 -5.422192215919494629e-01 -6.909419894218444824e-01 -1.215483695268630981e-01
-9.485863447189331055e-01 1.676692724227905273e+00 1.404515147209167480e+00 -1.261340975761413574e+00 1.608439445495605469e+00 -1.544026136398315430e+00 -1.250061154365539551e+00 -1.464235544204711914e+00 1.656350851058959961e+00 -5.862258672714233398e-01 -3.194874227046966553e-01 -3.513568341732025146e-01 -2.514528110623359680e-02 7.812221646308898926e-01 1.680128574371337891e+00 1.033220887184143066e+00 1.397951483726501465e+00 -6.519137024879455566e-01 -6.898289322853088379e-01 -2.605402767658233643e-01
-9.707940220832824707e-01 1.800605773925781250e+00 1.450763463973999023e+00 -1.420639157295227051e+00 1.561806917190551758e+00 -1.664183735847473145e+00 -1.152913451194763184e+00 -1.582046031951904297e+00 1.681928396224975586e+00 -5.825111269950866699e-01 -3.614459037780761719e-01 -3.160100877285003662e-01 -7.311227917671203613e-02 8.580518364906311035e-01 1.700938105583190918e+00 9.986085891723632812e-01 1.410795331001281738e+00 -7.257213592529296875e-01 -7.191719412803649902e-01 -3.708138763904571533e-01
-9.818715453147888184e-01 1.880357980728149414e+00 1.482447743415832520e+00 -1.573527574539184570e+00 1.497378230094909668e+00 -1.720428109169006348e+00 -1.075322389602661133e+00 -1.649769067764282227e+00 1.691869974136352539e+00 -5.606505274772644043e-01 -4.113233387470245361e-01 -3.100175261497497559e-01 -1.592236906290054321e-01 9.083016514778137207e-01 1.705286502838134766e+00 9.707961678504943848e-01 1.446023225784301758e+00 -7.585200667381286621e-01 -7.771536707878112793e-01 -4.574242234230041504e-01
-9.480855464935302734e-01 1.895518302917480469e+00 1.487766861915588379e+00 -1.721858501434326172e+00 1.405124783515930176e+00 -1.682223320007324219e+00 -1.000468492507934570e+00 -1.626051902770996094e+00 1.668198108673095703e+00 -5.140239000320434570e-01 -4.547227323055267334e-01 -3.162262141704559326e-01 -2.740125358104705811e-01 9.148778319358825684e-01 1.672838091850280762e+00 9.462128281593322754e-01 1.479396700859069824e+00 -7.374923229217529297e-01 -8.517892360687255859e-01 -5.387811064720153809e-01
-8.251774907112121582e-01 1.803868293762207031e+00 1.441540002822875977e+00 -1.848383188247680664e+00 1.322863698005676270e+00 -1.497743725776672363e+00 -9.146877527236938477e-01 -1.494668245315551758e+00 1.651623010635375977e+00 -4.329658746719360352e-01 -4.990560114383697510e-01 -3.507845103740692139e-01 -3.950487673282623291e-01 8.241319656372070312e-01 1.610344648361206055e+00 9.407101273536682129e-01 1.515650629997253418e+00 -6.537312269210815430e-01 -9.487843513488769531e-01 -6.281957030296325684e-01
-6.999983191490173340e-01 1.600595712661743164e+00 1.412189006805419922e+00 -1.873735189437866211e+00 1.290177702903747559e+00 -1.240963220596313477e+00 -8.763979077339172363e-01 -1.293415069580078125e+00 1.592878818511962891e+00 -3.479739129543304443e-01 -5.164259076118469238e-01 -4.223998486995697021e-01 -4.852372705936431885e-01 6.620911955833435059e-01 1.569363236427307129e+00 9.848213195800781250e-01 1.532051324844360352e+00 -4.922321438789367676e-01 -1.046835660934448242e+00 -6.482976675033569336e-01
-6.217927932739257812e-01 1.338411211967468262e+00 1.437995672225952148e+00 -1.803706169128417969e+00 1.326361179351806641e+00 -1.011542439460754395e+00 -9.048497080802917480e-01 -1.090159177780151367e+00 1.541116476058959961e+00 -2.938055694103240967e-01 -5.225338935852050781e-01 -5.037987828254699707e-01 -5.075271129608154297e-01 4.946315884590148926e-01 1.602446317672729492e+00 1.073019266128540039e+00 1.530305385589599609e+00 -3.186269402503967285e-01 -1.118738174438476562e+00 -5.859209895133972168e-01
-6.159816384315490723e-01 1.191566705703735352e+00 1.526278734207153320e+00 -1.704318404197692871e+00 1.519145369529724121e+00 -9.271247386932373047e-01 -9.948365092277526855e-01 -1.034889221191406250e+00 1.610129594802856445e+00 -3.067726194858551025e-01 -5.648477673530578613e-01 -6.148999929428100586e-01 -4.921901524066925049e-01 3.662668764591217041e-01 1.728585720062255859e+00 1.214063167572021484e+00 1.611562371253967285e+00 -2.285875678062438965e-01 -1.194833278656005859e+00 -5.376213788986206055e-01
-6.343607306480407715e-01 1.097629904747009277e+00 1.580717563629150391e+00 -1.600202560424804688e+00 1.693846821784973145e+00 -9.082559943199157715e-01 -1.076447725296020508e+00 -1.026079177856445312e+00 1.668633222579956055e+00 -3.435821533203125000e-01 -5.711596608161926270e-01 -6.795964837074279785e-01 -4.149347245693206787e-01 2.985529899597167969e-01 1.845574498176574707e+00 1.325940847396850586e+00 1.655667066574096680e+00 -1.889870166778564453e-01 -1.193785548210144043e+00 -4.718059003353118896e-01
-6.594950556755065918e-01 1.013928532600402832e+00 1.585914492607116699e+00 -1.497914671897888184e+00 1.822452306747436523e+00 -9.127774834632873535e-01 -1.128246426582336426e+00 -1.032887101173400879e+00 1.694449901580810547e+00 -3.842518329620361328e-01 -5.496007800102233887e-01 -7.024439573287963867e-01 -3.040107786655426025e-01 2.779295146465301514e-01 1.925239682197570801e+00 1.402807593345642090e+00 1.662667393684387207e+00 -1.726932972669601440e-01 -1.133461952209472656e+00 -3.941580653190612793e-01
-6.824561357498168945e-01 9.360378384590148926e-01 1.555185914039611816e+00 -1.403269410133361816e+00 1.905842185020446777e+00 -9.233206510543823242e-01 -1.140560030937194824e+00 -1.048182725906372070e+00 1.700114488601684570e+00 -4.227020442485809326e-01 -5.248514413833618164e-01 -6.981604695320129395e-01 -1.873524934053421021e-01 2.864363789558410645e-01 1.965978264808654785e+00 1.441257476806640625e+00 1.647302746772766113e+00 -1.686688810586929321e-01 -1.045866012573242188e+00 -3.270523846149444580e-01
-7.032359838485717773e-01 8.641440868377685547e-01 1.501513600349426270e+00 -1.323123335838317871e+00 1.951205849647521973e+00 -9.234786629676818848e-01 -1.112011551856994629e+00 -1.073977231979370117e+00 1.692152500152587891e+00 -4.542639553546905518e-01 -5.165308117866516113e-01 -6.878365874290466309e-01 -8.599103987216949463e-02 3.016198575496673584e-01 1.973844408988952637e+00 1.444467902183532715e+00 1.623729586601257324e+00 -1.641473770141601562e-01 -9.581978321075439453e-01 -2.837326228618621826e-01
-7.158834338188171387e-01 7.888280749320983887e-01 1.438291311264038086e+00 -1.254261493682861328e+00 1.974804520606994629e+00 -9.107692241668701172e-01 -1.035870075225830078e+00 -1.106304407119750977e+00 1.670275211334228516e+00 -4.785127937793731689e-01 -5.303172469139099121e-01 -6.857416629791259766e-01 -1.710269600152969360e-03 3.175303041934967041e-01 1.959586858749389648e+00 1.426488399505615234e+00 1.601704239845275879e+00 -1.605137735605239868e-01 -8.780140876770019531e-01 -2.611272931098937988e-01
-7.195391654968261719e-01 7.051127552986145020e-01 1.378918170928955078e+00 -1.197316527366638184e+00 1.984493970870971680e+00 -8.707414269447326660e-01 -9.132294058799743652e-01 -1.142660379409790039e+00 1.635520458221435547e+00 -4.919140636920928955e-01 -5.808359384536743164e-01 -7.064082622528076172e-01 5.005892738699913025e-02 3.197984695434570312e-01 1.926076650619506836e+00 1.390146374702453613e+00 1.587379932403564453e+00 -1.506129950284957886e-01 -8.263339400291442871e-01 -2.641051709651947021e-01
-7.246119976043701172e-01 6.215930581092834473e-01 1.301990270614624023e+00 -1.160799384117126465e+00 1.963731765747070312e+00 -8.205092549324035645e-01 -7.203109860420227051e-01 -1.215895891189575195e+00 1.590725183486938477e+00 -4.857670962810516357e-01 -6.639728546142578125e-01 -7.741087675094604492e-01 6.503847986459732056e-02 2.976121604442596436e-01 1.874510049819946289e+00 1.335819482803344727e+00 1.610162138938903809e+00 -1.455382853746414185e-01 -8.025707006454467773e-01 -2.913326621055603027e-01
-7.128994464874267578e-01 5.975160598754882812e-01 1.256920933723449707e+00 -1.145142912864685059e+00 1.886582136154174805e+00 -8.046707510948181152e-01 -5.487611293792724609e-01 -1.300397634506225586e+00 1.537307500839233398e+00 -4.348445236682891846e-01 -7.520219683647155762e-01 -8.669415116310119629e-01 1.389168016612529755e-02 2.412720620632171631e-01 1.813238143920898438e+00 1.268689393997192383e+00 1.655374050140380859e+00 -1.355282664299011230e-01 -8.275175094604492188e-01 -3.527920246124267578e-01
-7.244753241539001465e-01 6.394060254096984863e-01 1.269149065017700195e+00 -1.142044425010681152e+00 1.794236183166503906e+00 -7.841022014617919922e-01 -4.278053045272827148e-01 -1.422774791717529297e+00 1.507534503936767578e+00 -3.527219891548156738e-01 -9.034785628318786621e-01 -1.016070842742919922e+00 -1.559044718742370605e-01 1.403165459632873535e-01 1.735763669013977051e+00 1.164405226707458496e+00 1.734831929206848145e+00 -9.668067097663879395e-02 -9.621672034263610840e-01 -4.454126954078674316e-01
-7.549219727516174316e-01 7.291646003723144531e-01 1.349403381347656250e+00 -1.146368861198425293e+00 1.711596131324768066e+00 -7.878802418708801270e-01 -3.898758292198181152e-01 -1.545475721359252930e+00 1.520305633544921875e+00 -2.665682733058929443e-01 -1.054852128028869629e+00 -1.184868216514587402e+00 -3.719753921031951904e-01 4.061295837163925171e-02 1.659096598625183105e+00 1.057555198669433594e+00 1.826628446578979492e+00 -4.763280600309371948e-02 -1.155605316162109375e+00 -5.101112723350524902e-01
-7.740285992622375488e-01 8.096725940704345703e-01 1.472518444061279297e+00 -1.140322566032409668e+00 1.698411464691162109e+00 -8.216226100921630859e-01 -4.334748387336730957e-01 -1.618149757385253906e+00 1.586067676544189453e+00 -2.045939564704895020e-01 -1.159102201461791992e+00 -1.320956945419311523e+00 -4.957922399044036865e-01 -3.814494609832763672e-02 1.658093571662902832e+00 1.012513875961303711e+00 1.909025788307189941e+00 5.546845495700836182e-04 -1.311772465705871582e+00 -5.401560664176940918e-01
-7.475689649581909180e-01 8.612644672393798828e-01 1.593376278877258301e+00 -1.124914288520812988e+00 1.705525279045104980e+00 -8.455542922019958496e-01 -4.988238513469696045e-01 -1.642978668212890625e+00 1.668034791946411133e+00 -1.316613256931304932e-01 -1.227498054504394531e+00 -1.454694986343383789e+00 -5.717025399208068848e-01 -1.402128636837005615e-01 1.671838402748107910e+00 9.609094858169555664e-01 1.973364591598510742e+00 4.030716791749000549e-02 -1.446332097053527832e+00 -5.305513143539428711e-01
-6.746139526367187500e-01 8.837329745292663574e-01 1.730525135993957520e+00 -1.094787240028381348e+00 1.729538321495056152e+00 -8.647235035896301270e-01 -5.723105072975158691e-01 -1.623857498168945312e+00 1.755441904067993164e+00 -5.300208181142807007e-02 -1.289374828338623047e+00 -1.586618661880493164e+00 -6.135519742965698242e-01 -2.904714345932006836e-01 1.716937065124511719e+00 8.965674638748168945e-01 1.997655868530273438e+00 7.021786272525787354e-02 -1.567259550094604492e+00 -4.833528697490692139e-01
-6.036294698715209961e-01 8.775753974914550781e-01 1.882797598838806152e+00 -1.080184102058410645e+00 1.766949653625488281e+00 -8.917470574378967285e-01 -6.363213062286376953e-01 -1.584519386291503906e+00 1.843456506729125977e+00 1.120701432228088379e-03 -1.337035894393920898e+00 -1.705952882766723633e+00 -6.243230700492858887e-01 -4.330382347106933594e-01 1.794867992401123047e+00 8.641730546951293945e-01 2.007797956466674805e+00 1.028915345668792725e-01 -1.680912852287292480e+00 -3.928069472312927246e-01
-5.583323836326599121e-01 9.091350436210632324e-01 2.048802375793457031e+00 -1.087777018547058105e+00 1.827870368957519531e+00 -9.521570205688476562e-01 -7.530778646469116211e-01 -1.533098697662353516e+00 1.920040130615234375e+00 2.301267534494400024e-02 -1.358995795249938965e+00 -1.774865627288818359e+00 -6.446617245674133301e-01 -5.391452312469482422e-01 1.911900281906127930e+00 8.671531677246093750e-01 2.001897573471069336e+00 1.031978726387023926e-01 -1.778138756752014160e+00 -2.910846471786499023e-01
-5.585484504699707031e-01 9.278764724731445312e-01 2.183740615844726562e+00 -1.072826266288757324e+00 1.929198026657104492e+00 -1.017167091369628906e+00 -8.900343775749206543e-01 -1.483145236968994141e+00 1.967831373214721680e+00 3.725290298461914062e-08 -1.341135025024414062e+00 -1.774650335311889648e+00 -6.225964426994323730e-01 -5.965635776519775391e-01 2.045347929000854492e+00 9.123163223266601562e-01 1.961499571800231934e+00 8.095592260360717773e-02 -1.814173221588134766e+00 -1.765004098415374756e-01
-5.958864688873291016e-01 9.412316083908081055e-01 2.284037113189697266e+00 -1.040117383003234863e+00 2.007294893264770508e+00 -1.074924588203430176e+00 -1.028095245361328125e+00 -1.435563564300537109e+00 1.981938600540161133e+00 -5.250559747219085693e-02 -1.277308225631713867e+00 -1.728489756584167480e+00 -5.680102109909057617e-01 -6.293323040008544922e-01 2.185046434402465820e+00 1.001894712448120117e+00 1.893362164497375488e+00 5.861399695277214050e-02 -1.805027127265930176e+00 -7.560001313686370850e-02
-6.418327689170837402e-01 9.214261174201965332e-01 2.339018583297729492e+00 -9.813929796218872070e-01 2.028500318527221680e+00 -1.082365989685058594e+00 -1.111266136169433594e+00 -1.358599662780761719e+00 1.948765754699707031e+00 -1.200418397784233093e-01 -1.211503982543945312e+00 -1.658466219902038574e+00 -5.242668390274047852e-01 -6.623854041099548340e-01 2.283849239349365234e+00 1.088454961776733398e+00 1.798707485198974609e+00 5.822159722447395325e-02 -1.770881533622741699e+00 -3.918137401342391968e-03
-6.982286572456359863e-01 8.950489759445190430e-01 2.386651515960693359e+00 -9.142591953277587891e-01 2.034724712371826172e+00 -1.065791726112365723e+00 -1.142071843147277832e+00 -1.283038854598999023e+00 1.893661260604858398e+00 -2.040444016456604004e-01 -1.165192246437072754e+00 -1.584874868392944336e+00 -5.180984735488891602e-01 -6.869731545448303223e-01 2.343996763229370117e+00 1.189265727996826172e+00 1.722481727600097656e+00 8.636903762817382812e-02 -1.750673055648803711e+00 -2.230715006589889526e-03
-7.648184895515441895e-01 8.867850899696350098e-01 2.422145843505859375e+00 -8.404303789138793945e-01 2.028800249099731445e+00 -1.027352333068847656e+00 -1.135586500167846680e+00 -1.207794666290283203e+00 1.824568510055541992e+00 -3.024173974990844727e-01 -1.136076569557189941e+00 -1.501070380210876465e+00 -5.300362706184387207e-01 -7.051950693130493164e-01 2.377326250076293945e+00 1.275749206542968750e+00 1.636743068695068359e+00 1.120810806751251221e-01 -1.731014966964721680e+00 -4.175549373030662537e-02
-8.581922054290771484e-01 8.977597951889038086e-01 2.441513538360595703e+00 -7.993453741073608398e-01 2.007877588272094727e+00 -9.682431221008300781e-01 -1.076019406318664551e+00 -1.131853580474853516e+00 1.751630544662475586e+00 -4.464458525180816650e-01 -1.124493360519409180e+00 -1.388767123222351074e+00 -5.687015652656555176e-01 -6.814501881599426270e-01 2.387847900390625000e+00 1.374190449714660645e+00 1.556364417076110840e+00 1.510890424251556396e-01 -1.716147899627685547e+00 -1.119766533374786377e-01
-9.458264708518981934e-01 9.291548132896423340e-01 2.423779010772705078e+00 -7.820217609405517578e-01 1.942378282546997070e+00 -9.037418961524963379e-01 -1.009649276733398438e+00 -1.051371335983276367e+00 1.662974596023559570e+00 -5.876587033271789551e-01 -1.102196097373962402e+00 -1.245275020599365234e+00 -6.219481229782104492e-01 -6.216166615486145020e-01 2.362382411956787109e+00 1.456831932067871094e+00 1.472167134284973145e+00 1.881750673055648804e-01 -1.688138723373413086e+00 -1.988840252161026001e-01
-1.017703533172607422e+00 1.022056102752685547e+00 2.389430522918701172e+00 -8.244876861572265625e-01 1.863878607749938965e+00 -8.697853088378906250e-01 -9.758936762809753418e-01 -1.004439711570739746e+00 1.594019174575805664e+00 -6.983352899551391602e-01 -1.074275851249694824e+00 -1.086289167404174805e+00 -6.713430881500244141e-01 -5.363039374351501465e-01 2.337244033813476562e+00 1.538591980934143066e+00 1.409888505935668945e+00 1.964717656373977661e-01 -1.662486672401428223e+00 -3.182714283466339111e-01
-1.086448550224304199e+00 1.166112303733825684e+00 2.335763931274414062e+00 -8.913704156875610352e-01 1.748202443122863770e+00 -8.483189344406127930e-01 -9.570041298866271973e-01 -9.836131930351257324e-01 1.535725593566894531e+00 -7.944141030311584473e-01 -1.033073425292968750e+00 -9.405326843261718750e-01 -7.199444174766540527e-01 -4.634661376476287842e-01 2.294722795486450195e+00 1.586474895477294922e+00 1.349777102470397949e+00 1.890078186988830566e-01 -1.635349988937377930e+00 -4.405773878097534180e-01
-1.144972443580627441e+00 1.316273212432861328e+00 2.267190217971801758e+00 -9.675302505493164062e-01 1.613510966300964355e+00 -8.446502685546875000e-01 -9.484563469886779785e-01 -9.690543413162231445e-01 1.478024721145629883e+00 -8.739066123962402344e-01 -9.862774610519409180e-01 -8.023617267608642578e-01 -7.556661367416381836e-01 -3.826233446598052979e-01 2.232755184173583984e+00 1.600938916206359863e+00 1.293694138526916504e+00 1.754673868417739868e-01 -1.602514028549194336e+00 -5.367839932441711426e-01
-1.195499777793884277e+00 1.457243680953979492e+00 2.173854589462280273e+00 -1.041601419448852539e+00 1.473060250282287598e+00 -8.504436612129211426e-01 -9.410379528999328613e-01 -9.632568359375000000e-01 1.417171239852905273e+00 -9.357960820198059082e-01 -9.304642677307128906e-01 -6.591880321502685547e-01 -7.655131220817565918e-01 -2.942095398902893066e-01 2.163940191268920898e+00 1.593703866004943848e+00 1.217625141143798828e+00 1.450645625591278076e-01 -1.535726428031921387e+00 -6.142159700393676758e-01
-1.238437891006469727e+00 1.595270395278930664e+00 2.056954383850097656e+00 -1.124050259590148926e+00 1.343059182167053223e+00 -8.797914385795593262e-01 -9.429609179496765137e-01 -9.642475843429565430e-01 1.374747276306152344e+00 -9.860158562660217285e-01 -8.593631386756896973e-01 -5.145866870880126953e-01 -7.349845767021179199e-01 -1.844354569911956787e-01 2.112425804138183594e+00 1.584748983383178711e+00 1.148716807365417480e+00 8.267721533775329590e-02 -1.431524634361267090e+00 -6.801036596298217773e-01
-1.264094710350036621e+00 1.746967434883117676e+00 1.942434787750244141e+00 -1.210770130157470703e+00 1.244921565055847168e+00 -9.539971947669982910e-01 -9.984526038169860840e-01 -9.874224066734313965e-01 1.361798286437988281e+00 -1.010573506355285645e+00 -7.592722773551940918e-01 -3.769114613533020020e-01 -6.833744645118713379e-01 -7.011514157056808472e-02 2.076901435852050781e+00 1.575176119804382324e+00 1.098889231681823730e+00 -1.054990664124488831e-02 -1.325746417045593262e+00 -7.244172692298889160e-01
-1.303861975669860840e+00 1.917425632476806641e+00 1.877486586570739746e+00 -1.315014243125915527e+00 1.209979057312011719e+00 -1.062325000762939453e+00 -1.116431951522827148e+00 -1.040272951126098633e+00 1.401841878890991211e+00 -1.040886163711547852e+00 -6.598927974700927734e-01 -2.524271309375762939e-01 -6.436128020286560059e-01 9.470295161008834839e-02 2.033929347991943359e+00 1.556261658668518066e+00 1.094162821769714355e+00 -1.052340865135192871e-01 -1.244419574737548828e+00 -7.318460345268249512e-01
-1.322880268096923828e+00 2.067897081375122070e+00 1.846958994865417480e+00 -1.397252321243286133e+00 1.242581844329833984e+00 -1.184303522109985352e+00 -1.226145029067993164e+00 -1.123709917068481445e+00 1.475162982940673828e+00 -1.042599320411682129e+00 -5.811255574226379395e-01 -1.910526603460311890e-01 -5.965119004249572754e-01 2.447677552700042725e-01 2.018620967864990234e+00 1.542658209800720215e+00 1.135541558265686035e+00 -2.105160951614379883e-01 -1.185749650001525879e+00 -7.368324995040893555e-01
-1.325861215591430664e+00 2.159900903701782227e+00 1.822115898132324219e+00 -1.436519026756286621e+00 1.296504735946655273e+00 -1.281453132629394531e+00 -1.306895375251770020e+00 -1.197855234146118164e+00 1.532080411911010742e+00 -1.026240706443786621e+00 -5.267689824104309082e-01 -1.649089008569717407e-01 -5.466443300247192383e-01 3.592363595962524414e-01 2.009577989578247070e+00 1.520186185836791992e+00 1.174949169158935547e+00 -2.988444566726684570e-01 -1.134886741638183594e+00 -7.242745161056518555e-01
-1.328113198280334473e+00 2.176884651184082031e+00 1.797904729843139648e+00 -1.438328862190246582e+00 1.339250922203063965e+00 -1.325380444526672363e+00 -1.352697134017944336e+00 -1.240146398544311523e+00 1.553583145141601562e+00 -1.005284786224365234e+00 -5.004552006721496582e-01 -1.619907319545745850e-01 -5.091676115989685059e-01 4.251233339309692383e-01 2.004274606704711914e+00 1.505648255348205566e+00 1.200396418571472168e+00 -3.421933352947235107e-01 -1.099440813064575195e+00 -6.979753375053405762e-01
-1.335548639297485352e+00 2.128461599349975586e+00 1.785073161125183105e+00 -1.409815788269042969e+00 1.368427157402038574e+00 -1.312716364860534668e+00 -1.363655924797058105e+00 -1.245634317398071289e+00 1.540270090103149414e+00 -9.890658855438232422e-01 -5.087679028511047363e-01 -1.776705533266067505e-01 -4.902958571910858154e-01 4.375329613685607910e-01 2.012331724166870117e+00 1.511361598968505859e+00 1.210528969764709473e+00 -3.316548168659210205e-01 -1.087499380111694336e+00 -6.714005470275878906e-01
-1.353736877441406250e+00 2.011474132537841797e+00 1.781331181526184082e+00 -1.354735016822814941e+00 1.378887295722961426e+00 -1.236548066139221191e+00 -1.329472303390502930e+00 -1.217760562896728516e+00 1.490986108779907227e+00 -9.798299670219421387e-01 -5.568199157714843750e-01 -2.163267731666564941e-01 -4.958377182483673096e-01 3.903428912162780762e-01 2.032676219940185547e+00 1.540241360664367676e+00 1.209236860275268555e+00 -2.645187973976135254e-01 -1.104505062103271484e+00 -6.489363312721252441e-01
-1.363226652145385742e+00 1.810236811637878418e+00 1.772891759872436523e+00 -1.261582255363464355e+00 1.362659454345703125e+00 -1.084258675575256348e+00 -1.235398292541503906e+00 -1.141453981399536133e+00 1.398076057434082031e+00 -9.699947834014892578e-01 -6.436169743537902832e-01 -2.784627676010131836e-01 -5.233460664749145508e-01 2.770555913448333740e-01 2.044548511505126953e+00 1.567331790924072266e+00 1.183617949485778809e+00 -1.414455175399780273e-01 -1.141526818275451660e+00 -6.232464909553527832e-01
-1.348682045936584473e+00 1.583759665489196777e+00 1.764710426330566406e+00 -1.157495379447937012e+00 1.362712740898132324e+00 -9.090248346328735352e-01 -1.097228169441223145e+00 -1.070684194564819336e+00 1.299486398696899414e+00 -9.416396617889404297e-01 -7.445206642150878906e-01 -3.727751076221466064e-01 -5.571850538253784180e-01 1.279273033142089844e-01 2.051950454711914062e+00 1.575757622718811035e+00 1.158864855766296387e+00 -2.414408139884471893e-02 -1.194189548492431641e+00 -6.052641868591308594e-01
-1.323995351791381836e+00 1.454396367073059082e+00 1.814563274383544922e+00 -1.097447872161865234e+00 1.433428287506103516e+00 -8.186376690864562988e-01 -9.776729941368103027e-01 -1.051769018173217773e+00 1.312980890274047852e+00 -9.412373304367065430e-01 -8.415287137031555176e-01 -4.940775632858276367e-01 -6.031658053398132324e-01 2.494908124208450317e-02 2.066733121871948242e+00 1.572787880897521973e+00 1.213189482688903809e+00 5.643919482827186584e-02 -1.262179374694824219e+00 -5.936300754547119141e-01
-1.294597387313842773e+00 1.399008154869079590e+00 1.859991788864135742e+00 -1.061031818389892578e+00 1.482846975326538086e+00 -7.868239879608154297e-01 -9.341324567794799805e-01 -1.057360649108886719e+00 1.359119892120361328e+00 -9.233570098876953125e-01 -8.812753558158874512e-01 -6.036261320114135742e-01 -6.344534754753112793e-01 -5.556849390268325806e-02 2.078125000000000000e+00 1.573004961013793945e+00 1.278788447380065918e+00 1.002326607704162598e-01 -1.328010678291320801e+00 -5.773217678070068359e-01
-1.276842713356018066e+00 1.372251510620117188e+00 1.893142461776733398e+00 -1.045142769813537598e+00 1.489281773567199707e+00 -7.684389352798461914e-01 -9.107388854026794434e-01 -1.061505317687988281e+00 1.382276773452758789e+00 -9.013343453407287598e-01 -9.043316245079040527e-01 -6.718658804893493652e-01 -6.678670048713684082e-01 -9.841176122426986694e-02 2.063496828079223633e+00 1.565119981765747070e+00 1.316939949989318848e+00 1.230378895998001099e-01 -1.383164644241333008e+00 -5.760843157768249512e-01
-1.264950156211853027e+00 1.371496677398681641e+00 1.908404946327209473e+00 -1.039684414863586426e+00 1.477505683898925781e+00 -7.653911709785461426e-01 -8.931692242622375488e-01 -1.062112569808959961e+00 1.394051313400268555e+00 -8.951832652091979980e-01 -9.118080735206604004e-01 -6.956671476364135742e-01 -6.867013573646545410e-01 -1.170367971062660217e-01 2.047513723373413086e+00 1.551718354225158691e+00 1.325528025627136230e+00 1.282685995101928711e-01 -1.406368613243103027e+00 -5.821872949600219727e-01
-1.258203148841857910e+00 1.392714381217956543e+00 1.908814311027526855e+00 -1.044682979583740234e+00 1.449709534645080566e+00 -7.743104100227355957e-01 -8.828107714653015137e-01 -1.061390876770019531e+00 1.393740177154541016e+00 -8.989428281784057617e-01 -9.042232632637023926e-01 -6.844816207885742188e-01 -6.948017477989196777e-01 -1.180583760142326355e-01 2.028120279312133789e+00 1.535314321517944336e+00 1.309948801994323730e+00 1.211744397878646851e-01 -1.406172513961791992e+00 -5.943875312805175781e-01
-1.253054499626159668e+00 1.431951999664306641e+00 1.894588470458984375e+00 -1.060671210289001465e+00 1.402925968170166016e+00 -7.975463271141052246e-01 -8.786460757255554199e-01 -1.058675646781921387e+00 1.379280090332031250e+00 -9.060605168342590332e-01 -8.813705444335937500e-01 -6.420493721961975098e-01 -6.931620240211486816e-01 -1.019544973969459534e-01 2.002685785293579102e+00 1.512837648391723633e+00 1.271312117576599121e+00 1.014568060636520386e-01 -1.384863972663879395e+00 -6.099706888198852539e-01
-1.241667747497558594e+00 1.486648321151733398e+00 1.867756009101867676e+00 -1.086902737617492676e+00 1.343820691108703613e+00 -8.426414728164672852e-01 -8.798191547393798828e-01 -1.054018735885620117e+00 1.356823682785034180e+00 -9.128971695899963379e-01 -8.420985937118530273e-01 -5.722804069519042969e-01 -6.747385859489440918e-01 -6.907933205366134644e-02 1.972362399101257324e+00 1.481967687606811523e+00 1.212064385414123535e+00 6.689685583114624023e-02 -1.340072751045227051e+00 -6.262447237968444824e-01
-1.215458512306213379e+00 1.553357481956481934e+00 1.848970293998718262e+00 -1.115909218788146973e+00 1.306296348571777344e+00 -9.287621378898620605e-01 -8.890268206596374512e-01 -1.055507540702819824e+00 1.357379674911499023e+00 -9.235329627990722656e-01 -7.930509448051452637e-01 -4.915561079978942871e-01 -6.228927373886108398e-01 -2.168768644332885742e-02 1.956004977226257324e+00 1.451079368591308594e+00 1.149106144905090332e+00 1.648924127221107483e-02 -1.272855639457702637e+00 -6.391952037811279297e-01
-1.192551136016845703e+00 1.647538185119628906e+00 1.860777854919433594e+00 -1.145157337188720703e+00 1.312855839729309082e+00 -1.081967234611511230e+00 -9.492492079734802246e-01 -1.117199659347534180e+00 1.386068105697631836e+00 -9.025370478630065918e-01 -7.403465509414672852e-01 -4.202078282833099365e-01 -5.400186777114868164e-01 5.727750435471534729e-02 1.963497042655944824e+00 1.418276309967041016e+00 1.099307656288146973e+00 -7.554550468921661377e-02 -1.215375423431396484e+00 -6.405752301216125488e-01
-1.153807282447814941e+00 1.646715283393859863e+00 1.883072376251220703e+00 -1.154358744621276855e+00 1.382468700408935547e+00 -1.233198404312133789e+00 -9.627409577369689941e-01 -1.194903135299682617e+00 1.417211294174194336e+00 -8.641837239265441895e-01 -7.167372703552246094e-01 -3.628754317760467529e-01 -4.093645811080932617e-01 1.251081824302673340e-01 2.005980253219604492e+00 1.397220134735107422e+00 1.045851945877075195e+00 -1.786378771066665649e-01 -1.141541123390197754e+00 -6.280201673507690430e-01
-1.118174195289611816e+00 1.529684901237487793e+00 1.911885619163513184e+00 -1.131577610969543457e+00 1.474771738052368164e+00 -1.314149379730224609e+00 -9.083256125450134277e-01 -1.238288402557373047e+00 1.434359073638916016e+00 -8.377387523651123047e-01 -7.423819899559020996e-01 -3.396826088428497314e-01 -2.858920395374298096e-01 1.590675711631774902e-01 2.064406633377075195e+00 1.402451992034912109e+00 1.010668039321899414e+00 -2.206670939922332764e-01 -1.074834108352661133e+00 -6.041256189346313477e-01
-1.099707484245300293e+00 1.343811750411987305e+00 1.944723844528198242e+00 -1.083980917930603027e+00 1.578181862831115723e+00 -1.300710082054138184e+00 -8.080171346664428711e-01 -1.233152866363525391e+00 1.451491832733154297e+00 -8.441926240921020508e-01 -8.133975267410278320e-01 -3.622022569179534912e-01 -2.020473331212997437e-01 1.484597027301788330e-01 2.128788471221923828e+00 1.440900325775146484e+00 1.017772436141967773e+00 -1.816340982913970947e-01 -1.038574218750000000e+00 -5.834922194480895996e-01
-1.100324153900146484e+00 1.160319566726684570e+00 1.979062676429748535e+00 -1.039843201637268066e+00 1.689154982566833496e+00 -1.220931172370910645e+00 -6.994514465332031250e-01 -1.212030887603759766e+00 1.470031261444091797e+00 -8.685867190361022949e-01 -9.045653939247131348e-01 -4.255999028682708740e-01 -1.757836192846298218e-01 1.043350994586944580e-01 2.193611621856689453e+00 1.499849081039428711e+00 1.067019701004028320e+00 -1.037539690732955933e-01 -1.045113682746887207e+00 -5.736721158027648926e-01
-1.115616679191589355e+00 1.080265879631042480e+00 2.023000001907348633e+00 -1.014086842536926270e+00 1.805175185203552246e+00 -1.161740183830261230e+00 -6.706541776657104492e-01 -1.226085186004638672e+00 1.521349906921386719e+00 -8.824782967567443848e-01 -9.693706035614013672e-01 -5.263622403144836426e-01 -1.920750886201858521e-01 4.474637657403945923e-02 2.263502359390258789e+00 1.564733982086181641e+00 1.162423968315124512e+00 -4.603689536452293396e-02 -1.099913716316223145e+00 -5.619718432426452637e-01
-1.134191274642944336e+00 1.041397809982299805e+00 2.026182413101196289e+00 -9.920789003372192383e-01 1.858907341957092285e+00 -1.087140083312988281e+00 -6.678630709648132324e-01 -1.224609851837158203e+00 1.542789459228515625e+00 -8.905318379402160645e-01 -1.001200675964355469e+00 -6.063059568405151367e-01 -2.338670045137405396e-01 -2.729766070842742920e-03 2.285201549530029297e+00 1.600864052772521973e+00 1.239234685897827148e+00 5.297087132930755615e-03 -1.147302269935607910e+00 -5.479292273521423340e-01
-1.152988433837890625e+00 1.030077099800109863e+00 1.999032258987426758e+00 -9.754040241241455078e-01 1.867737412452697754e+00 -1.010426402091979980e+00 -6.773359179496765137e-01 -1.212717056274414062e+00 1.538416147232055664e+00 -8.964923024177551270e-01 -1.010174632072448730e+00 -6.569063663482666016e-01 -2.829751372337341309e-01 -3.199942409992218018e-02 2.270403146743774414e+00 1.612235426902770996e+00 1.289171099662780762e+00 4.568691179156303406e-02 -1.178074598312377930e+00 -5.357487201690673828e-01
-1.177181005477905273e+00 1.038382291793823242e+00 1.957325220108032227e+00 -9.710570573806762695e-01 1.839669227600097656e+00 -9.417979717254638672e-01 -7.020573616027832031e-01 -1.199323654174804688e+00 1.514474630355834961e+00 -8.922869563102722168e-01 -1.006198287010192871e+00 -6.887235641479492188e-01 -3.413363397121429443e-01 -3.844604641199111938e-02 2.230349302291870117e+00 1.609341263771057129e+00 1.325567126274108887e+00 7.435077428817749023e-02 -1.206364750862121582e+00 -5.258524417877197266e-01
-1.204308271408081055e+00 1.058293104171752930e+00 1.899077773094177246e+00 -9.690657854080200195e-01 1.794805169105529785e+00 -8.720566034317016602e-01 -7.358611226081848145e-01 -1.184919595718383789e+00 1.476905345916748047e+00 -8.889130353927612305e-01 -9.912083148956298828e-01 -7.019616961479187012e-01 -3.982115089893341064e-01 -3.058497607707977295e-02 2.171389102935791016e+00 1.594918847084045410e+00 1.345735192298889160e+00 9.719365835189819336e-02 -1.222900867462158203e+00 -5.160024166107177734e-01
-1.226270437240600586e+00 1.091862797737121582e+00 1.818854808807373047e+00 -9.704755544662475586e-01 1.744802236557006836e+00 -7.932493090629577637e-01 -7.800152897834777832e-01 -1.163177967071533203e+00 1.433892250061035156e+00 -8.895947933197021484e-01 -9.645361304283142090e-01 -6.994790434837341309e-01 -4.522058665752410889e-01 -1.539473980665206909e-02 2.097670078277587891e+00 1.563748717308044434e+00 1.353285312652587891e+00 1.131050139665603638e-01 -1.225626349449157715e+00 -5.025185346603393555e-01
-1.246526598930358887e+00 1.144730091094970703e+00 1.701620221138000488e+00 -9.794580936431884766e-01 1.687526941299438477e+00 -6.998026967048645020e-01 -8.406028747558593750e-01 -1.141877174377441406e+00 1.389122724533081055e+00 -8.899089097976684570e-01 -9.145947098731994629e-01 -6.877780556678771973e-01 -5.013665556907653809e-01 1.231971383094787598e-02 1.997333288192749023e+00 1.514555096626281738e+00 1.360753893852233887e+00 1.188573986291885376e-01 -1.214350819587707520e+00 -4.855965077877044678e-01
-1.279264330863952637e+00 1.237304329872131348e+00 1.576436519622802734e+00 -1.032175302505493164e+00 1.647300243377685547e+00 -6.173205971717834473e-01 -9.263940453529357910e-01 -1.153892040252685547e+00 1.381080865859985352e+00 -8.971944451332092285e-01 -8.508564233779907227e-01 -6.833778619766235352e-01 -5.602228641510009766e-01 7.325348258018493652e-02 1.865510106086730957e+00 1.445483326911926270e+00 1.408232331275939941e+00 1.091514527797698975e-01 -1.210768699645996094e+00 -4.587092101573944092e-01
-1.312973618507385254e+00 1.334291458129882812e+00 1.467200756072998047e+00 -1.109930038452148438e+00 1.602770328521728516e+00 -5.780170559883117676e-01 -1.068493843078613281e+00 -1.196854114532470703e+00 1.408668994903564453e+00 -8.708598017692565918e-01 -7.554856538772583008e-01 -6.880110502243041992e-01 -5.879148244857788086e-01 1.594386398792266846e-01 1.734161019325256348e+00 1.355270743370056152e+00 1.474626064300537109e+00 6.097952648997306824e-02 -1.210192680358886719e+00 -3.974610567092895508e-01
-1.293371677398681641e+00 1.448245286941528320e+00 1.359889984130859375e+00 -1.209432840347290039e+00 1.543390274047851562e+00 -5.939643979072570801e-01 -1.207758426666259766e+00 -1.267184734344482422e+00 1.474840164184570312e+00 -8.019821047782897949e-01 -6.430144906044006348e-01 -7.097178697586059570e-01 -6.185378432273864746e-01 2.454635202884674072e-01 1.589217185974121094e+00 1.237332105636596680e+00 1.571150422096252441e+00 -2.341148070991039276e-02 -1.207596421241760254e+00 -3.466104865074157715e-01
-1.233564019203186035e+00 1.578868627548217773e+00 1.273802638053894043e+00 -1.327440381050109863e+00 1.453782439231872559e+00 -6.876437067985534668e-01 -1.278360366821289062e+00 -1.406048774719238281e+00 1.550478219985961914e+00 -6.731846928596496582e-01 -6.089087128639221191e-01 -7.854565978050231934e-01 -6.810716390609741211e-01 3.213472664356231689e-01 1.463861823081970215e+00 1.080313563346862793e+00 1.701558113098144531e+00 -1.251502335071563721e-01 -1.256453394889831543e+00 -3.204728066921234131e-01
-1.125093579292297363e+00 1.641718983650207520e+00 1.243559002876281738e+00 -1.439187765121459961e+00 1.328244805335998535e+00 -8.249470591545104980e-01 -1.263782978057861328e+00 -1.552167654037475586e+00 1.559713363647460938e+00 -4.612459242343902588e-01 -6.277583241462707520e-01 -9.012408256530761719e-01 -6.997115612030029297e-01 3.268104195594787598e-01 1.370784759521484375e+00 9.262610077857971191e-01 1.794532060623168945e+00 -2.175262272357940674e-01 -1.339424014091491699e+00 -3.417447507381439209e-01
-9.921339750289916992e-01 1.507051825523376465e+00 1.283037781715393066e+00 -1.527526021003723145e+00 1.173136353492736816e+00 -8.780518174171447754e-01 -1.080730676651000977e+00 -1.617370843887329102e+00 1.495350360870361328e+00 -2.138616442680358887e-01 -7.157784104347229004e-01 -1.042741417884826660e+00 -7.069786190986633301e-01 2.538093030452728271e-01 1.347774863243103027e+00 8.270729184150695801e-01 1.827445030212402344e+00 -2.142204344272613525e-01 -1.443100929260253906e+00 -3.896217644214630127e-01
-8.237803578376770020e-01 1.235635519027709961e+00 1.473948001861572266e+00 -1.515953898429870605e+00 1.095928311347961426e+00 -9.024732112884521484e-01 -6.853256821632385254e-01 -1.580387353897094727e+00 1.450314998626708984e+00 -4.158545657992362976e-02 -8.882744908332824707e-01 -1.222661018371582031e+00 -6.778572201728820801e-01 6.383618712425231934e-02 1.464323878288269043e+00 8.458321094512939453e-01 1.826965689659118652e+00 -1.278802454471588135e-01 -1.541290402412414551e+00 -5.105822086334228516e-01
-7.571189999580383301e-01 1.016486287117004395e+00 1.784904718399047852e+00 -1.451857566833496094e+00 1.226934432983398438e+00 -9.667370915412902832e-01 -4.783082306385040283e-01 -1.516738653182983398e+00 1.499571800231933594e+00 -1.272965595126152039e-02 -1.030195474624633789e+00 -1.309506654739379883e+00 -6.287421584129333496e-01 -9.187849611043930054e-02 1.726623415946960449e+00 9.712579250335693359e-01 1.795938491821289062e+00 -8.318844437599182129e-02 -1.631971001625061035e+00 -5.768316388130187988e-01
-7.731522321701049805e-01 9.772984385490417480e-01 2.024249315261840820e+00 -1.400356292724609375e+00 1.377957463264465332e+00 -1.056534886360168457e+00 -4.466074407100677490e-01 -1.458435535430908203e+00 1.572903156280517578e+00 -1.135384067893028259e-01 -1.076120734214782715e+00 -1.254108428955078125e+00 -5.745435953140258789e-01 -1.307443976402282715e-01 1.938596844673156738e+00 1.122304797172546387e+00 1.732495546340942383e+00 -6.243915483355522156e-02 -1.636878848075866699e+00 -6.226943731307983398e-01
-8.172172307968139648e-01 1.002109527587890625e+00 2.167433977127075195e+00 -1.363359808921813965e+00 1.475420236587524414e+00 -1.127469539642333984e+00 -4.431048035621643066e-01 -1.439445257186889648e+00 1.626546859741210938e+00 -2.180111408233642578e-01 -1.094555377960205078e+00 -1.193009376525878906e+00 -5.362623929977416992e-01 -1.583593189716339111e-01 2.091789484024047852e+00 1.242853403091430664e+00 1.676749467849731445e+00 -6.528243422508239746e-02 -1.621449828147888184e+00 -6.641502380371093750e-01
-8.487557172775268555e-01 1.018457651138305664e+00 2.251737833023071289e+00 -1.338334679603576660e+00 1.531802654266357422e+00 -1.174201130867004395e+00 -4.422478377819061279e-01 -1.421561002731323242e+00 1.647691726684570312e+00 -2.877188026905059814e-01 -1.091504335403442383e+00 -1.138681173324584961e+00 -5.154564380645751953e-01 -1.711472570896148682e-01 2.184334039688110352e+00 1.316777348518371582e+00 1.627738714218139648e+00 -7.616405189037322998e-02 -1.601005315780639648e+00 -6.830721497535705566e-01
-8.589560985565185547e-01 1.023220539093017578e+00 2.306607961654663086e+00 -1.320318698883056641e+00 1.564509749412536621e+00 -1.210830807685852051e+00 -4.442534744739532471e-01 -1.399370431900024414e+00 1.648136854171752930e+00 -3.256111443042755127e-01 -1.075996637344360352e+00 -1.091356873512268066e+00 -5.019440054893493652e-01 -1.760381758213043213e-01 2.240327358245849609e+00 1.356362342834472656e+00 1.582865118980407715e+00 -8.908243477344512939e-02 -1.577860832214355469e+00 -6.874450445175170898e-01
-8.403532505035400391e-01 1.008501291275024414e+00 2.339321136474609375e+00 -1.304688572883605957e+00 1.581260323524475098e+00 -1.244921803474426270e+00 -4.479206502437591553e-01 -1.370246171951293945e+00 1.628607749938964844e+00 -3.296778202056884766e-01 -1.048591017723083496e+00 -1.050694346427917480e+00 -4.903364479541778564e-01 -1.767864525318145752e-01 2.265447854995727539e+00 1.359979271888732910e+00 1.538590192794799805e+00 -1.054728180170059204e-01 -1.548107385635375977e+00 -6.722940802574157715e-01
-7.834272980690002441e-01 9.261395931243896484e-01 2.338406801223754883e+00 -1.255636930465698242e+00 1.609917879104614258e+00 -1.275707244873046875e+00 -4.802520871162414551e-01 -1.309751272201538086e+00 1.576685190200805664e+00 -2.908398211002349854e-01 -9.937517046928405762e-01 -1.010295271873474121e+00 -4.431642293930053711e-01 -1.575937569141387939e-01 2.256564140319824219e+00 1.323375821113586426e+00 1.477675199508666992e+00 -1.092828065156936646e-01 -1.478471755981445312e+00 -5.833508372306823730e-01
-6.768244504928588867e-01 8.276681900024414062e-01 2.209980010986328125e+00 -1.156628966331481934e+00 1.675426125526428223e+00 -1.310956597328186035e+00 -6.089068055152893066e-01 -1.273846387863159180e+00 1.476847887039184570e+00 -1.470372378826141357e-01 -9.227356910705566406e-01 -1.003675103187561035e+00 -3.596369922161102295e-01 -9.174171835184097290e-02 2.154871702194213867e+00 1.153214693069458008e+00 1.416584014892578125e+00 -1.599782556295394897e-01 -1.349094986915588379e+00 -3.644548058509826660e-01
-6.381673812866210938e-01 9.691821932792663574e-01 1.871268272399902344e+00 -9.924477338790893555e-01 1.758367657661437988e+00 -1.374254941940307617e+00 -1.104675292968750000e+00 -1.350918054580688477e+00 1.443440198898315430e+00 9.368076920509338379e-03 -8.113846778869628906e-01 -9.987347722053527832e-01 -3.181093633174896240e-01 3.040925413370132446e-02 1.962687253952026367e+00 8.822273015975952148e-01 1.391771912574768066e+00 -3.167124092578887939e-01 -1.221718430519104004e+00 -1.093288138508796692e-02
-6.498980522155761719e-01 1.157309651374816895e+00 1.557082533836364746e+00 -9.293379783630371094e-01 1.763472795486450195e+00 -1.341527581214904785e+00 -1.356699347496032715e+00 -1.424714088439941406e+00 1.493343114852905273e+00 3.238973766565322876e-02 -7.308439016342163086e-01 -9.974983334541320801e-01 -3.035422861576080322e-01 1.139845550060272217e-01 1.761062145233154297e+00 6.902515292167663574e-01 1.425038337707519531e+00 -4.205709397792816162e-01 -1.145030498504638672e+00 1.469866782426834106e-01
-6.982778906822204590e-01 1.281390309333801270e+00 1.478999495506286621e+00 -9.500566720962524414e-01 1.818230509757995605e+00 -1.362034201622009277e+00 -1.421847343444824219e+00 -1.524906396865844727e+00 1.642923355102539062e+00 -1.457804441452026367e-02 -7.095735073089599609e-01 -1.075871229171752930e+00 -3.373008966445922852e-01 1.899845898151397705e-01 1.685988426208496094e+00 6.805998086929321289e-01 1.597094893455505371e+00 -4.596133530139923096e-01 -1.180365562438964844e+00 1.748907715082168579e-01
-7.298399209976196289e-01 1.296436429023742676e+00 1.445505499839782715e+00 -9.646799564361572266e-01 1.862463474273681641e+00 -1.364657402038574219e+00 -1.409725785255432129e+00 -1.601334333419799805e+00 1.740560770034790039e+00 -4.143372923135757446e-02 -7.308373451232910156e-01 -1.164464354515075684e+00 -3.448617160320281982e-01 2.146767675876617432e-01 1.661264657974243164e+00 6.941899061203002930e-01 1.726770162582397461e+00 -4.621205925941467285e-01 -1.217620849609375000e+00 2.031169831752777100e-01
-7.600774765014648438e-01 1.267885088920593262e+00 1.463670611381530762e+00 -9.953792095184326172e-01 1.907582163810729980e+00 -1.366341948509216309e+00 -1.349338054656982422e+00 -1.684741258621215820e+00 1.818802356719970703e+00 -5.620793253183364868e-02 -8.092029690742492676e-01 -1.258820891380310059e+00 -3.396537601947784424e-01 2.025035619735717773e-01 1.682855129241943359e+00 7.131800055503845215e-01 1.834803700447082520e+00 -4.445424973964691162e-01 -1.264582514762878418e+00 2.069759219884872437e-01
-7.686242461204528809e-01 1.173261880874633789e+00 1.497412562370300293e+00 -1.015374660491943359e+00 1.922999382019042969e+00 -1.345422387123107910e+00 -1.234295725822448730e+00 -1.743392229080200195e+00 1.863331556320190430e+00 -5.412702262401580811e-02 -9.133780598640441895e-01 -1.346277475357055664e+00 -3.213188350200653076e-01 1.659291386604309082e-01 1.692234158515930176e+00 7.273992896080017090e-01 1.905087590217590332e+00 -4.072012901306152344e-01 -1.306005716323852539e+00 1.885078847408294678e-01
-7.657320499420166016e-01 1.042130708694458008e+00 1.512955427169799805e+00 -1.023516297340393066e+00 1.882882356643676758e+00 -1.293493509292602539e+00 -1.044950962066650391e+00 -1.776649951934814453e+00 1.866582155227661133e+00 -6.332566589117050171e-02 -1.028014540672302246e+00 -1.407501339912414551e+00 -2.837158739566802979e-01 1.071071922779083252e-01 1.683071017265319824e+00 7.279305458068847656e-01 1.920826077461242676e+00 -3.636689186096191406e-01 -1.318108916282653809e+00 1.402782797813415527e-01
-7.426329255104064941e-01 9.263586401939392090e-01 1.526859164237976074e+00 -1.010123491287231445e+00 1.825369358062744141e+00 -1.249703049659729004e+00 -7.811521291732788086e-01 -1.784794807434082031e+00 1.862358570098876953e+00 -1.031613647937774658e-01 -1.148051381111145020e+00 -1.437524080276489258e+00 -2.317446917295455933e-01 5.725575238466262817e-02 1.667297244071960449e+00 7.276259064674377441e-01 1.916996955871582031e+00 -3.272780478000640869e-01 -1.290508866310119629e+00 3.498335927724838257e-02
-7.255323529243469238e-01 8.818359971046447754e-01 1.514493823051452637e+00 -1.037384033203125000e+00 1.750591158866882324e+00 -1.238727331161499023e+00 -5.417498350143432617e-01 -1.795343637466430664e+00 1.837919712066650391e+00 -1.504247486591339111e-01 -1.208387255668640137e+00 -1.394199252128601074e+00 -1.865262091159820557e-01 7.411955296993255615e-02 1.639924407005310059e+00 7.132685780525207520e-01 1.882037997245788574e+00 -3.379588723182678223e-01 -1.233954429626464844e+00 -8.880859613418579102e-02
-7.279919385910034180e-01 9.410305619239807129e-01 1.491527438163757324e+00 -1.114137172698974609e+00 1.679690003395080566e+00 -1.253148436546325684e+00 -4.012362658977508545e-01 -1.821417093276977539e+00 1.817289590835571289e+00 -1.932149827480316162e-01 -1.201401710510253906e+00 -1.317124724388122559e+00 -1.855036318302154541e-01 1.210799738764762878e-01 1.610625386238098145e+00 6.807212829589843750e-01 1.845735669136047363e+00 -3.820038735866546631e-01 -1.194664835929870605e+00 -2.072206139564514160e-01
-7.473879456520080566e-01 1.095472455024719238e+00 1.477522611618041992e+00 -1.203207015991210938e+00 1.637697219848632812e+00 -1.305548906326293945e+00 -4.103567600250244141e-01 -1.854705810546875000e+00 1.802783966064453125e+00 -2.302003502845764160e-01 -1.152509331703186035e+00 -1.215137720108032227e+00 -2.188777476549148560e-01 1.973219513893127441e-01 1.585816621780395508e+00 6.484836935997009277e-01 1.821547031402587891e+00 -4.477589726448059082e-01 -1.170163035392761230e+00 -2.904200255870819092e-01
-7.737110853195190430e-01 1.269330024719238281e+00 1.445951938629150391e+00 -1.271062016487121582e+00 1.631319880485534668e+00 -1.369914531707763672e+00 -5.118793845176696777e-01 -1.890056133270263672e+00 1.792106866836547852e+00 -2.521619200706481934e-01 -1.084183812141418457e+00 -1.115899443626403809e+00 -2.646992504596710205e-01 2.946844398975372314e-01 1.555259466171264648e+00 6.145717501640319824e-01 1.813429951667785645e+00 -5.221876502037048340e-01 -1.148308634757995605e+00 -3.215263485908508301e-01
-8.032496571540832520e-01 1.418635249137878418e+00 1.408998250961303711e+00 -1.305528402328491211e+00 1.662177443504333496e+00 -1.422314882278442383e+00 -6.618632674217224121e-01 -1.918072938919067383e+00 1.788605690002441406e+00 -2.679363489151000977e-01 -1.029545068740844727e+00 -1.035176873207092285e+00 -3.201350569725036621e-01 3.834465146064758301e-01 1.529306888580322266e+00 5.880784392356872559e-01 1.816753745079040527e+00 -5.754265189170837402e-01 -1.133427023887634277e+00 -3.159782886505126953e-01
-8.214693069458007812e-01 1.529281616210937500e+00 1.376340985298156738e+00 -1.324701189994812012e+00 1.704888939857482910e+00 -1.455467939376831055e+00 -8.294500708580017090e-01 -1.928046703338623047e+00 1.791020393371582031e+00 -2.648020088672637939e-01 -9.679245352745056152e-01 -9.743095040321350098e-01 -3.698613047599792480e-01 4.526371359825134277e-01 1.516021370887756348e+00 5.808365941047668457e-01 1.823795914649963379e+00 -6.185171008110046387e-01 -1.131346225738525391e+00 -2.871187329292297363e-01
-8.286060690879821777e-01 1.618407964706420898e+00 1.361558914184570312e+00 -1.323598027229309082e+00 1.759264230728149414e+00 -1.475690126419067383e+00 -9.680069088935852051e-01 -1.927482366561889648e+00 1.809022188186645508e+00 -2.637044787406921387e-01 -9.163292050361633301e-01 -9.533755779266357422e-01 -4.106433689594268799e-01 4.849712252616882324e-01 1.517560482025146484e+00 5.893014669418334961e-01 1.850487828254699707e+00 -6.408284306526184082e-01 -1.136942028999328613e+00 -2.670921385288238525e-01
-8.301131129264831543e-01 1.679202795028686523e+00 1.347898483276367188e+00 -1.311686992645263672e+00 1.807139992713928223e+00 -1.478032946586608887e+00 -1.078761219978332520e+00 -1.916103601455688477e+00 1.823324441909790039e+00 -2.624036967754364014e-01 -8.709233403205871582e-01 -9.488945603370666504e-01 -4.410169720649719238e-01 4.946125745773315430e-01 1.519409537315368652e+00 6.022280454635620117e-01 1.874767661094665527e+00 -6.489307284355163574e-01 -1.142491459846496582e+00 -2.487142235040664673e-01
-8.252907395362854004e-01 1.713565707206726074e+00 1.331460356712341309e+00 -1.293141603469848633e+00 1.844859719276428223e+00 -1.471092104911804199e+00 -1.161688089370727539e+00 -1.898751020431518555e+00 1.833591699600219727e+00 -2.593041062355041504e-01 -8.342390656471252441e-01 -9.497153759002685547e-01 -4.602019190788269043e-01 4.941382706165313721e-01 1.516398072242736816e+00 6.144068241119384766e-01 1.892377138137817383e+00 -6.498684287071228027e-01 -1.144502401351928711e+00 -2.305189222097396851e-01
-8.155946135520935059e-01 1.732193946838378906e+00 1.317005157470703125e+00 -1.279625654220581055e+00 1.873544216156005859e+00 -1.464511275291442871e+00 -1.213868856430053711e+00 -1.884457111358642578e+00 1.846390962600708008e+00 -2.561292946338653564e-01 -8.046392798423767090e-01 -9.541837573051452637e-01 -4.715664088726043701e-01 4.880341589450836182e-01 1.513552665710449219e+00 6.264853477478027344e-01 1.907381296157836914e+00 -6.489602923393249512e-01 -1.146312832832336426e+00 -2.181039899587631226e-01
-8.029512166976928711e-01 1.739980101585388184e+00 1.305284619331359863e+00 -1.271190643310546875e+00 1.897399187088012695e+00 -1.460299849510192871e+00 -1.242106080055236816e+00 -1.875108718872070312e+00 1.862858533859252930e+00 -2.534995973110198975e-01 -7.819594144821166992e-01 -9.615274667739868164e-01 -4.762124717235565186e-01 4.787722527980804443e-01 1.512348532676696777e+00 6.385821104049682617e-01 1.921827673912048340e+00 -6.476777195930480957e-01 -1.148049950599670410e+00 -2.109296023845672607e-01
-7.930584549903869629e-01 1.742141127586364746e+00 1.300530791282653809e+00 -1.268493413925170898e+00 1.926597595214843750e+00 -1.460524797439575195e+00 -1.257186651229858398e+00 -1.875005960464477539e+00 1.885709524154663086e+00 -2.532798051834106445e-01 -7.687333822250366211e-01 -9.736681580543518066e-01 -4.727073013782501221e-01 4.705448150634765625e-01 1.519329905509948730e+00 6.541109085083007812e-01 1.941477298736572266e+00 -6.466479301452636719e-01 -1.150899648666381836e+00 -2.070499658584594727e-01
-7.805544137954711914e-01 1.733403921127319336e+00 1.296577334403991699e+00 -1.263281345367431641e+00 1.957396984100341797e+00 -1.462370395660400391e+00 -1.257256984710693359e+00 -1.878717660903930664e+00 1.911342382431030273e+00 -2.531664371490478516e-01 -7.643005251884460449e-01 -9.883469343185424805e-01 -4.605979323387145996e-01 4.588923156261444092e-01 1.527244806289672852e+00 6.683185696601867676e-01 1.960408568382263184e+00 -6.452848315238952637e-01 -1.150978803634643555e+00 -2.047797143459320068e-01
