-1.713769555091857910e+00 1.858828425407409668e+00 1.442251682281494141e+00 -1.633555173873901367e+00 1.383431196212768555e+00 -1.285073637962341309e+00 -9.778183698654174805e-01 -1.818319797515869141e+00 1.399709343910217285e+00 -9.699836969375610352e-01 -7.639307379722595215e-01 -3.618076741695404053e-01 -4.992919862270355225e-01 1.043577313423156738e+00 1.800517797470092773e+00 1.414141058921813965e+00 1.683995962142944336e+00 -5.428979396820068359e-01 -1.027424216270446777e+00 -6.227450370788574219e-01
-1.686965584754943848e+00 1.812525033950805664e+00 1.354094862937927246e+00 -1.607928514480590820e+00 1.387484192848205566e+00 -1.152344822883605957e+00 -1.080697298049926758e+00 -1.720795750617980957e+00 1.404852151870727539e+00 -9.701467156410217285e-01 -7.373642325401306152e-01 -3.888290524482727051e-01 -5.360132455825805664e-01 1.021067380905151367e+00 1.754840731620788574e+00 1.415198802947998047e+00 1.734619617462158203e+00 -4.855030179023742676e-01 -1.020375847816467285e+00 -5.417698025703430176e-01
-1.599895000457763672e+00 1.698663830757141113e+00 1.246209263801574707e+00 -1.509461998939514160e+00 1.409529924392700195e+00 -9.924708604812622070e-01 -1.156817317008972168e+00 -1.593641638755798340e+00 1.402901053428649902e+00 -9.368531107902526855e-01 -7.193700671195983887e-01 -4.397051632404327393e-01 -5.322956442832946777e-01 9.199181795120239258e-01 1.697010397911071777e+00 1.385094523429870605e+00 1.743891119956970215e+00 -4.105672240257263184e-01 -9.964380860328674316e-01 -4.440183341503143311e-01
-1.474367260932922363e+00 1.487301945686340332e+00 1.154811143875122070e+00 -1.324500560760498047e+00 1.467539548873901367e+00 -8.121944665908813477e-01 -1.205582022666931152e+00 -1.462612152099609375e+00 1.385486602783203125e+00 -8.586509823799133301e-01 -7.195606231689453125e-01 -5.304666161537170410e-01 -5.080364942550659180e-01 7.458565831184387207e-01 1.630196928977966309e+00 1.348752737045288086e+00 1.700070142745971680e+00 -2.979259490966796875e-01 -9.784995913505554199e-01 -3.220496773719787598e-01
-1.324522852897644043e+00 1.265206098556518555e+00 1.140392899513244629e+00 -1.098370194435119629e+00 1.539519548416137695e+00 -7.009363174438476562e-01 -1.175970911979675293e+00 -1.380497217178344727e+00 1.393907189369201660e+00 -7.589419484138488770e-01 -7.240921258926391602e-01 -6.841035485267639160e-01 -4.908020794391632080e-01 4.829196631908416748e-01 1.615674614906311035e+00 1.317157745361328125e+00 1.644029736518859863e+00 -1.847366690635681152e-01 -1.014900088310241699e+00 -2.205236852169036865e-01
-1.102207779884338379e+00 1.118119955062866211e+00 1.281712055206298828e+00 -8.694642782211303711e-01 1.747331023216247559e+00 -7.111461162567138672e-01 -1.123957276344299316e+00 -1.333265542984008789e+00 1.536467432975769043e+00 -6.616871953010559082e-01 -8.060355782508850098e-01 -9.348996281623840332e-01 -4.743910133838653564e-01 8.310009539127349854e-02 1.722462058067321777e+00 1.276333808898925781e+00 1.625852465629577637e+00 -9.783700108528137207e-02 -1.123399853706359863e+00 -1.439605653285980225e-01
-9.838315844535827637e-01 1.072897315025329590e+00 1.483291268348693848e+00 -7.212527990341186523e-01 1.943855881690979004e+00 -7.800730466842651367e-01 -1.117340087890625000e+00 -1.304365038871765137e+00 1.685684442520141602e+00 -6.393586993217468262e-01 -9.293038845062255859e-01 -1.093797683715820312e+00 -4.375050365924835205e-01 -1.670801043510437012e-01 1.869724869728088379e+00 1.226113200187683105e+00 1.587896704673767090e+00 -5.939384177327156067e-02 -1.203902363777160645e+00 -7.778560370206832886e-02
-9.490090012550354004e-01 1.132835149765014648e+00 1.595567464828491211e+00 -6.243808269500732422e-01 2.062929153442382812e+00 -8.749290108680725098e-01 -1.116857051849365234e+00 -1.290296196937561035e+00 1.784144878387451172e+00 -6.915783286094665527e-01 -1.039113640785217285e+00 -1.105483174324035645e+00 -3.888858854770660400e-01 -2.492588460445404053e-01 1.957058072090148926e+00 1.146976947784423828e+00 1.503134250640869141e+00 -8.315830677747726440e-02 -1.186023592948913574e+00 -5.824829638004302979e-02
-9.805242419242858887e-01 1.245315194129943848e+00 1.574639201164245605e+00 -5.417646169662475586e-01 2.049273490905761719e+00 -9.522623419761657715e-01 -1.091067910194396973e+00 -1.252529263496398926e+00 1.765885829925537109e+00 -8.033145666122436523e-01 -1.094448328018188477e+00 -9.373989701271057129e-01 -3.615521192550659180e-01 -1.759905517101287842e-01 1.942106008529663086e+00 1.048624873161315918e+00 1.345237851142883301e+00 -1.524401009082794189e-01 -1.070047259330749512e+00 -9.553474932909011841e-02
-1.129229307174682617e+00 1.490287661552429199e+00 1.542499661445617676e+00 -5.910713672637939453e-01 1.976697802543640137e+00 -1.080605626106262207e+00 -1.150035619735717773e+00 -1.284818053245544434e+00 1.670830726623535156e+00 -9.680556058883666992e-01 -1.046050906181335449e+00 -5.929017663002014160e-01 -3.788157999515533447e-01 1.328045725822448730e-01 1.857144474983215332e+00 1.061952948570251465e+00 1.204820156097412109e+00 -2.767446339130401611e-01 -9.675495624542236328e-01 -2.539383471012115479e-01
-1.233784914016723633e+00 1.746803641319274902e+00 1.504867553710937500e+00 -7.409275174140930176e-01 1.889458775520324707e+00 -1.220245718955993652e+00 -1.210450053215026855e+00 -1.322852015495300293e+00 1.606452822685241699e+00 -1.117122292518615723e+00 -9.351201057434082031e-01 -2.521611750125885010e-01 -3.831506967544555664e-01 4.810673594474792480e-01 1.707939028739929199e+00 1.087085723876953125e+00 1.134438157081604004e+00 -3.777628839015960693e-01 -8.645405769348144531e-01 -4.152994751930236816e-01
-1.297408938407897949e+00 1.960635185241699219e+00 1.492756366729736328e+00 -9.517271518707275391e-01 1.818138718605041504e+00 -1.390206456184387207e+00 -1.166857719421386719e+00 -1.458210587501525879e+00 1.652842879295349121e+00 -1.174205303192138672e+00 -8.631539940834045410e-01 -1.149528026580810547e-01 -3.733922243118286133e-01 6.977880001068115234e-01 1.658730387687683105e+00 1.124797701835632324e+00 1.183226466178894043e+00 -4.963959455490112305e-01 -8.144242167472839355e-01 -5.449029207229614258e-01
-1.342013120651245117e+00 2.108463048934936523e+00 1.510348320007324219e+00 -1.166768789291381836e+00 1.768531799316406250e+00 -1.514710783958435059e+00 -1.133480668067932129e+00 -1.591113209724426270e+00 1.706320166587829590e+00 -1.168250441551208496e+00 -8.138301968574523926e-01 -8.137526363134384155e-02 -3.717172443866729736e-01 8.307101726531982422e-01 1.680937409400939941e+00 1.163081049919128418e+00 1.272105216979980469e+00 -5.830911993980407715e-01 -8.174448609352111816e-01 -6.355506181716918945e-01
-1.360032677650451660e+00 2.190506935119628906e+00 1.527649998664855957e+00 -1.321702957153320312e+00 1.731542825698852539e+00 -1.588017821311950684e+00 -1.111632943153381348e+00 -1.674020648002624512e+00 1.735345602035522461e+00 -1.145218253135681152e+00 -7.785188555717468262e-01 -7.511629909276962280e-02 -3.670767247676849365e-01 9.051625728607177734e-01 1.705173611640930176e+00 1.185078382492065430e+00 1.336028933525085449e+00 -6.318178772926330566e-01 -8.252260088920593262e-01 -6.925255060195922852e-01
-1.366675734519958496e+00 2.255178928375244141e+00 1.548243284225463867e+00 -1.433357596397399902e+00 1.706640839576721191e+00 -1.636435508728027344e+00 -1.093739867210388184e+00 -1.725508809089660645e+00 1.749774098396301270e+00 -1.122467279434204102e+00 -7.466964721679687500e-01 -7.595143467187881470e-02 -3.691888153553009033e-01 9.341397285461425781e-01 1.728681921958923340e+00 1.191895365715026855e+00 1.369799494743347168e+00 -6.697961688041687012e-01 -8.355463743209838867e-01 -7.396008968353271484e-01
-1.360505580902099609e+00 2.302644252777099609e+00 1.571255207061767578e+00 -1.497448921203613281e+00 1.682257890701293945e+00 -1.678494691848754883e+00 -1.070361137390136719e+00 -1.758753776550292969e+00 1.762374877929687500e+00 -1.096028566360473633e+00 -7.238062024116516113e-01 -8.172774314880371094e-02 -3.669926524162292480e-01 9.297922849655151367e-01 1.748322963714599609e+00 1.189631462097167969e+00 1.376257300376892090e+00 -7.047410607337951660e-01 -8.445411324501037598e-01 -7.799444198608398438e-01
-1.307489037513732910e+00 2.326461553573608398e+00 1.592878580093383789e+00 -1.508563637733459473e+00 1.636828541755676270e+00 -1.718936800956726074e+00 -1.013482451438903809e+00 -1.759874105453491211e+00 1.753835201263427734e+00 -1.045776247978210449e+00 -6.980654001235961914e-01 -8.299398422241210938e-02 -3.469744920730590820e-01 8.701556921005249023e-01 1.746458411216735840e+00 1.150707006454467773e+00 1.318292975425720215e+00 -7.417696714401245117e-01 -8.377007246017456055e-01 -8.254706263542175293e-01
-1.107872843742370605e+00 2.234768867492675781e+00 1.596557497978210449e+00 -1.384053826332092285e+00 1.523573756217956543e+00 -1.723568320274353027e+00 -8.664698004722595215e-01 -1.636463642120361328e+00 1.691272020339965820e+00 -8.939698338508605957e-01 -6.650790572166442871e-01 -1.247379183769226074e-01 -2.834800779819488525e-01 6.558063030242919922e-01 1.670032620429992676e+00 1.022170186042785645e+00 1.126325249671936035e+00 -7.467783093452453613e-01 -7.995076775550842285e-01 -8.640241622924804688e-01
-6.197749376296997070e-01 1.772864937782287598e+00 1.869551777839660645e+00 -9.830564856529235840e-01 1.614400863647460938e+00 -1.657322525978088379e+00 -5.795368552207946777e-01 -1.409294605255126953e+00 1.731990694999694824e+00 -4.857805073261260986e-01 -8.561520576477050781e-01 -6.756656169891357422e-01 -2.163326144218444824e-01 -1.064957603812217712e-01 1.711468219757080078e+00 8.110415935516357422e-01 1.042648196220397949e+00 -5.462360382080078125e-01 -1.058012962341308594e+00 -7.397156357765197754e-01
-5.386427640914916992e-01 1.274770021438598633e+00 2.271926403045654297e+00 -9.222056269645690918e-01 2.010086297988891602e+00 -1.523243665695190430e+00 -6.330959200859069824e-01 -1.482028365135192871e+00 1.924576878547668457e+00 -2.397272884845733643e-01 -1.182707428932189941e+00 -1.308580279350280762e+00 -2.641132175922393799e-01 -5.664013624191284180e-01 2.059137582778930664e+00 9.565364122390747070e-01 1.411016345024108887e+00 -2.487758994102478027e-01 -1.493998765945434570e+00 -4.580565989017486572e-01
-6.239057183265686035e-01 1.083860516548156738e+00 2.409834384918212891e+00 -9.223787188529968262e-01 2.172419548034667969e+00 -1.413859248161315918e+00 -7.433804273605346680e-01 -1.545115470886230469e+00 2.021219015121459961e+00 -2.061225473880767822e-01 -1.282654762268066406e+00 -1.571737647056579590e+00 -3.024426102638244629e-01 -6.727913022041320801e-01 2.272280693054199219e+00 1.068995237350463867e+00 1.629721403121948242e+00 -1.195464208722114563e-01 -1.652077913284301758e+00 -2.840158343315124512e-01
-6.927009820938110352e-01 1.000198245048522949e+00 2.454818248748779297e+00 -9.030694365501403809e-01 2.222010135650634766e+00 -1.341178774833679199e+00 -8.143823742866516113e-01 -1.559754610061645508e+00 2.035768747329711914e+00 -2.090449333190917969e-01 -1.318486094474792480e+00 -1.675970196723937988e+00 -3.390311598777770996e-01 -7.045599818229675293e-01 2.363280773162841797e+00 1.121582508087158203e+00 1.715882539749145508e+00 -5.320339277386665344e-02 -1.718472361564636230e+00 -1.930182278156280518e-01
-7.432255148887634277e-01 9.472455978393554688e-01 2.481317520141601562e+00 -8.756064176559448242e-01 2.246152400970458984e+00 -1.297013640403747559e+00 -8.625322580337524414e-01 -1.556663036346435547e+00 2.029864311218261719e+00 -2.243166863918304443e-01 -1.334704279899597168e+00 -1.717215061187744141e+00 -3.689863681793212891e-01 -7.091408967971801758e-01 2.409182071685791016e+00 1.155201315879821777e+00 1.750372409820556641e+00 -8.773669600486755371e-03 -1.750787377357482910e+00 -1.383763253688812256e-01
-7.895598411560058594e-01 9.037868380546569824e-01 2.500911712646484375e+00 -8.396162986755371094e-01 2.256975889205932617e+00 -1.262356877326965332e+00 -9.030519723892211914e-01 -1.539022445678710938e+00 2.008754968643188477e+00 -2.512184381484985352e-01 -1.339619040489196777e+00 -1.721721649169921875e+00 -4.009234607219696045e-01 -6.956436038017272949e-01 2.433060884475708008e+00 1.183411121368408203e+00 1.756653189659118652e+00 3.103107959032058716e-02 -1.766239404678344727e+00 -1.002832427620887756e-01
-8.372439146041870117e-01 8.555863499641418457e-01 2.501774787902832031e+00 -7.878987193107604980e-01 2.243651866912841797e+00 -1.219717502593994141e+00 -9.421649575233459473e-01 -1.491487145423889160e+00 1.957402586936950684e+00 -2.969121634960174561e-01 -1.323802828788757324e+00 -1.676682591438293457e+00 -4.435925483703613281e-01 -6.538725495338439941e-01 2.427187204360961914e+00 1.208899617195129395e+00 1.728229999542236328e+00 7.609470933675765991e-02 -1.757716655731201172e+00 -7.112356275320053101e-02
-8.775275945663452148e-01 7.820818424224853516e-01 2.415980339050292969e+00 -7.023211717605590820e-01 2.143610954284667969e+00 -1.131083130836486816e+00 -9.697531461715698242e-01 -1.358967661857604980e+00 1.814634323120117188e+00 -3.766235113143920898e-01 -1.241863012313842773e+00 -1.505623817443847656e+00 -5.054754614830017090e-01 -5.403307080268859863e-01 2.325839757919311523e+00 1.213523864746093750e+00 1.610410690307617188e+00 1.313870847225189209e-01 -1.672522902488708496e+00 -5.443155020475387573e-02
-9.708242416381835938e-01 7.697439789772033691e-01 2.067761421203613281e+00 -6.537013053894042969e-01 1.924542903900146484e+00 -9.287965893745422363e-01 -1.020694017410278320e+00 -1.089902043342590332e+00 1.490332365036010742e+00 -6.007649898529052734e-01 -1.045877456665039062e+00 -9.887238144874572754e-01 -5.855925679206848145e-01 -1.426374912261962891e-01 2.016923189163208008e+00 1.228302955627441406e+00 1.352417826652526855e+00 1.693548262119293213e-01 -1.403570771217346191e+00 -9.141022711992263794e-02
-1.167659759521484375e+00 1.099275946617126465e+00 1.688682079315185547e+00 -9.147478342056274414e-01 1.771954059600830078e+00 -9.739836454391479492e-01 -1.151416182518005371e+00 -1.138274192810058594e+00 1.441594719886779785e+00 -8.462359309196472168e-01 -8.930653333663940430e-01 -4.910669326782226562e-01 -5.854418277740478516e-01 4.375409781932830811e-01 1.778616070747375488e+00 1.307397961616516113e+00 1.347096443176269531e+00 4.379531741142272949e-02 -1.143233299255371094e+00 -2.047917246818542480e-01
-1.218856096267700195e+00 1.495474576950073242e+00 1.513538122177124023e+00 -1.277140974998474121e+00 1.791703820228576660e+00 -1.115929484367370605e+00 -1.158394694328308105e+00 -1.311812639236450195e+00 1.632586002349853516e+00 -9.751792550086975098e-01 -7.870140671730041504e-01 -3.223140537738800049e-01 -5.488660335540771484e-01 7.447444796562194824e-01 1.701724767684936523e+00 1.354364156723022461e+00 1.564914464950561523e+00 -1.557829976081848145e-01 -1.019497156143188477e+00 -4.118396937847137451e-01
-1.259842634201049805e+00 1.715220212936401367e+00 1.442590713500976562e+00 -1.499125003814697266e+00 1.778559327125549316e+00 -1.176262617111206055e+00 -1.179420232772827148e+00 -1.410849332809448242e+00 1.744364619255065918e+00 -1.028157949447631836e+00 -7.262982726097106934e-01 -2.626457810401916504e-01 -5.431864857673645020e-01 8.775230050086975098e-01 1.693729519844055176e+00 1.381393074989318848e+00 1.675953984260559082e+00 -2.584949731826782227e-01 -9.801571369171142578e-01 -5.170178413391113281e-01
-1.255104184150695801e+00 1.825465798377990723e+00 1.397891998291015625e+00 -1.633177876472473145e+00 1.756981372833251953e+00 -1.190028548240661621e+00 -1.181136846542358398e+00 -1.454036474227905273e+00 1.806177973747253418e+00 -1.029820084571838379e+00 -6.828066706657409668e-01 -2.418540120124816895e-01 -5.389314293861389160e-01 9.187376499176025391e-01 1.689679980278015137e+00 1.379969954490661621e+00 1.725781917572021484e+00 -3.098432421684265137e-01 -9.647230505943298340e-01 -5.778852105140686035e-01
-1.208453655242919922e+00 1.881989002227783203e+00 1.363996624946594238e+00 -1.737832546234130859e+00 1.729756116867065430e+00 -1.175143599510192871e+00 -1.158868312835693359e+00 -1.457487702369689941e+00 1.841477394104003906e+00 -9.976717233657836914e-01 -6.464986801147460938e-01 -2.441641390323638916e-01 -5.324208736419677734e-01 9.001855850219726562e-01 1.683313012123107910e+00 1.357956886291503906e+00 1.749785900115966797e+00 -3.432275056838989258e-01 -9.604405164718627930e-01 -6.289139389991760254e-01
-1.120367169380187988e+00 1.888235807418823242e+00 1.344291925430297852e+00 -1.852615594863891602e+00 1.706823945045471191e+00 -1.118713140487670898e+00 -1.116592168807983398e+00 -1.440498232841491699e+00 1.857124447822570801e+00 -9.153102636337280273e-01 -5.972909331321716309e-01 -2.836067378520965576e-01 -5.367245674133300781e-01 8.126637339591979980e-01 1.703578829765319824e+00 1.343525409698486328e+00 1.769599914550781250e+00 -3.687047064304351807e-01 -9.901083111763000488e-01 -6.842288374900817871e-01
-9.829485416412353516e-01 1.808434844017028809e+00 1.338845014572143555e+00 -1.919809222221374512e+00 1.643469095230102539e+00 -1.004213094711303711e+00 -1.026016116142272949e+00 -1.377693653106689453e+00 1.806564450263977051e+00 -7.619366645812988281e-01 -5.481619238853454590e-01 -3.737792968750000000e-01 -5.565249919891357422e-01 6.081144809722900391e-01 1.737574219703674316e+00 1.317723393440246582e+00 1.740216732025146484e+00 -3.707700371742248535e-01 -1.064009308815002441e+00 -7.346395254135131836e-01
-8.186131119728088379e-01 1.559517145156860352e+00 1.409659028053283691e+00 -1.832190632820129395e+00 1.492691874504089355e+00 -8.933115005493164062e-01 -8.804464936256408691e-01 -1.296418786048889160e+00 1.664286851882934570e+00 -4.911946654319763184e-01 -5.415480136871337891e-01 -6.185750365257263184e-01 -5.749980211257934570e-01 2.695249617099761963e-01 1.798181176185607910e+00 1.250198602676391602e+00 1.698578000068664551e+00 -3.117124736309051514e-01 -1.228083372116088867e+00 -6.863210201263427734e-01
-6.363478899002075195e-01 1.237914800643920898e+00 1.657751560211181641e+00 -1.571101427078247070e+00 1.448902249336242676e+00 -8.993969559669494629e-01 -7.229945063591003418e-01 -1.242462158203125000e+00 1.615094900131225586e+00 -2.184986770153045654e-01 -6.502452492713928223e-01 -1.033129453659057617e+00 -5.494547486305236816e-01 -1.627193093299865723e-01 1.946645140647888184e+00 1.190406203269958496e+00 1.728846073150634766e+00 -2.025803923606872559e-01 -1.445297718048095703e+00 -5.581112504005432129e-01
-7.099307179450988770e-01 9.993679523468017578e-01 1.918022513389587402e+00 -1.384671688079833984e+00 1.440437793731689453e+00 -9.232962131500244141e-01 -6.990622282028198242e-01 -1.278843402862548828e+00 1.540810227394104004e+00 -8.380862325429916382e-02 -8.119169473648071289e-01 -1.318087339401245117e+00 -6.063061356544494629e-01 -3.129101395606994629e-01 2.047543764114379883e+00 1.161751627922058105e+00 1.785169720649719238e+00 -1.019578725099563599e-01 -1.658805131912231445e+00 -3.716241717338562012e-01
-8.572496771812438965e-01 8.839835524559020996e-01 2.063393115997314453e+00 -1.280182123184204102e+00 1.410844564437866211e+00 -9.436747431755065918e-01 -7.393332123756408691e-01 -1.337851285934448242e+00 1.454927325248718262e+00 -4.005783051252365112e-02 -9.065549373626708984e-01 -1.446106553077697754e+00 -6.410964131355285645e-01 -3.148839771747589111e-01 2.100548028945922852e+00 1.205436110496520996e+00 1.809501171112060547e+00 -3.885880112648010254e-02 -1.777259230613708496e+00 -2.642754018306732178e-01
-9.840162396430969238e-01 8.283446431159973145e-01 2.109918117523193359e+00 -1.203431129455566406e+00 1.348205089569091797e+00 -9.432322978973388672e-01 -7.963558435440063477e-01 -1.343806743621826172e+00 1.366893410682678223e+00 -3.595786914229393005e-02 -9.250857234001159668e-01 -1.457688093185424805e+00 -6.869655251502990723e-01 -2.348357141017913818e-01 2.074317693710327148e+00 1.238226652145385742e+00 1.800477266311645508e+00 1.728832721710205078e-04 -1.820887565612792969e+00 -2.088507711887359619e-01
-1.111438393592834473e+00 8.058948516845703125e-01 2.065384387969970703e+00 -1.136159300804138184e+00 1.259491443634033203e+00 -9.384288787841796875e-01 -8.479432463645935059e-01 -1.357236504554748535e+00 1.218789219856262207e+00 -3.451506793498992920e-02 -9.233140349388122559e-01 -1.368831753730773926e+00 -7.290514707565307617e-01 -7.955392450094223022e-02 1.994292020797729492e+00 1.239697575569152832e+00 1.744556665420532227e+00 -3.806792199611663818e-03 -1.800585627555847168e+00 -2.053696215152740479e-01
-1.259457111358642578e+00 8.064849376678466797e-01 1.934426665306091309e+00 -1.085405707359313965e+00 1.132101774215698242e+00 -9.296516776084899902e-01 -8.805374503135681152e-01 -1.368210792541503906e+00 1.035116434097290039e+00 -7.140063494443893433e-02 -8.933247327804565430e-01 -1.183478236198425293e+00 -7.394806742668151855e-01 1.573351919651031494e-01 1.887453675270080566e+00 1.240612626075744629e+00 1.653381347656250000e+00 -5.456143990159034729e-02 -1.698994874954223633e+00 -2.332141101360321045e-01
-1.414364457130432129e+00 9.634192585945129395e-01 1.849290370941162109e+00 -1.127988696098327637e+00 1.139962673187255859e+00 -1.013743758201599121e+00 -9.733199477195739746e-01 -1.460065603256225586e+00 1.029388189315795898e+00 -1.950691342353820801e-01 -8.676091432571411133e-01 -1.012000322341918945e+00 -7.054948210716247559e-01 4.078463912010192871e-01 1.871583938598632812e+00 1.306643486022949219e+00 1.658070206642150879e+00 -1.682462990283966064e-01 -1.603551387786865234e+00 -2.774937748908996582e-01
-1.555252909660339355e+00 1.174853563308715820e+00 1.740511298179626465e+00 -1.234568953514099121e+00 1.189623236656188965e+00 -1.094217658042907715e+00 -1.063763976097106934e+00 -1.568112969398498535e+00 1.095321297645568848e+00 -3.635027408599853516e-01 -8.318269848823547363e-01 -8.390765786170959473e-01 -6.463892459869384766e-01 6.713057160377502441e-01 1.850634574890136719e+00 1.352405428886413574e+00 1.690830707550048828e+00 -2.983587682247161865e-01 -1.482451796531677246e+00 -2.996985912322998047e-01
-1.640032529830932617e+00 1.360357761383056641e+00 1.614732623100280762e+00 -1.361214399337768555e+00 1.225909113883972168e+00 -1.176764011383056641e+00 -1.103774070739746094e+00 -1.683318853378295898e+00 1.176998972892761230e+00 -4.903407692909240723e-01 -7.861822843551635742e-01 -7.103214263916015625e-01 -5.711671113967895508e-01 8.697161078453063965e-01 1.836680173873901367e+00 1.348079919815063477e+00 1.726189494132995605e+00 -4.257723689079284668e-01 -1.343518495559692383e+00 -3.047141432762145996e-01
-1.627883315086364746e+00 1.489386677742004395e+00 1.486645936965942383e+00 -1.505070090293884277e+00 1.260454654693603516e+00 -1.267400622367858887e+00 -1.054926395416259766e+00 -1.801071882247924805e+00 1.286540985107421875e+00 -5.585421323776245117e-01 -7.385606169700622559e-01 -6.551572680473327637e-01 -4.746787846088409424e-01 9.846910238265991211e-01 1.827280998229980469e+00 1.310165286064147949e+00 1.804854273796081543e+00 -5.228328704833984375e-01 -1.196403622627258301e+00 -3.351625800132751465e-01
-1.506469249725341797e+00 1.519008755683898926e+00 1.342289924621582031e+00 -1.636816143989562988e+00 1.261176466941833496e+00 -1.295043945312500000e+00 -9.402467012405395508e-01 -1.897585511207580566e+00 1.408407211303710938e+00 -5.126882195472717285e-01 -6.971422433853149414e-01 -7.121153473854064941e-01 -3.488204777240753174e-01 9.323952198028564453e-01 1.815466165542602539e+00 1.212421774864196777e+00 1.869472503662109375e+00 -5.868157148361206055e-01 -1.087530136108398438e+00 -3.484409451484680176e-01
-1.319389104843139648e+00 1.496505141258239746e+00 1.271423697471618652e+00 -1.704219818115234375e+00 1.318759799003601074e+00 -1.322663426399230957e+00 -8.324840068817138672e-01 -1.984198570251464844e+00 1.556445121765136719e+00 -3.929615020751953125e-01 -6.433073282241821289e-01 -8.606753349304199219e-01 -1.993542760610580444e-01 7.554918527603149414e-01 1.829322695732116699e+00 1.131623625755310059e+00 1.930691003799438477e+00 -6.208627820014953613e-01 -1.062474370002746582e+00 -3.633858859539031982e-01
-1.136650085449218750e+00 1.401640772819519043e+00 1.233147501945495605e+00 -1.698578000068664551e+00 1.321645975112915039e+00 -1.303495883941650391e+00 -7.169409990310668945e-01 -1.984347462654113770e+00 1.610376596450805664e+00 -2.640015184879302979e-01 -5.968876481056213379e-01 -9.886549115180969238e-01 -1.132465451955795288e-01 5.614626407623291016e-01 1.804356455802917480e+00 1.055595159530639648e+00 1.927874326705932617e+00 -6.046589612960815430e-01 -1.067870378494262695e+00 -3.598573207855224609e-01
-1.000521421432495117e+00 1.293446898460388184e+00 1.206452727317810059e+00 -1.674199938774108887e+00 1.302849531173706055e+00 -1.262027621269226074e+00 -6.157302260398864746e-01 -1.947186231613159180e+00 1.608778476715087891e+00 -1.645611524581909180e-01 -5.786671638488769531e-01 -1.068454623222351074e+00 -7.075566053390502930e-02 4.117357134819030762e-01 1.777420043945312500e+00 9.982305765151977539e-01 1.891097426414489746e+00 -5.816944241523742676e-01 -1.075644731521606445e+00 -3.485100269317626953e-01
-9.232556223869323730e-01 1.235557436943054199e+00 1.238454699516296387e+00 -1.674085497856140137e+00 1.314449191093444824e+00 -1.255954027175903320e+00 -5.572132468223571777e-01 -1.934365630149841309e+00 1.625848412513732910e+00 -1.031500175595283508e-01 -5.869301557540893555e-01 -1.150668263435363770e+00 -5.889253690838813782e-02 3.030246496200561523e-01 1.798378348350524902e+00 9.928888678550720215e-01 1.898595690727233887e+00 -5.632382035255432129e-01 -1.120063066482543945e+00 -3.392460048198699951e-01
-8.885738849639892578e-01 1.201363563537597656e+00 1.287774562835693359e+00 -1.687612891197204590e+00 1.319245696067810059e+00 -1.267202258110046387e+00 -5.197511315345764160e-01 -1.937829136848449707e+00 1.638875842094421387e+00 -5.942102894186973572e-02 -6.028383374214172363e-01 -1.217591404914855957e+00 -6.378231942653656006e-02 2.362616658210754395e-01 1.835193634033203125e+00 1.009073138236999512e+00 1.920907616615295410e+00 -5.528494715690612793e-01 -1.170633196830749512e+00 -3.379058241844177246e-01
-8.877674937248229980e-01 1.180929660797119141e+00 1.327493071556091309e+00 -1.708416938781738281e+00 1.308927893638610840e+00 -1.278272271156311035e+00 -5.005444884300231934e-01 -1.952289342880249023e+00 1.630201458930969238e+00 -2.657305821776390076e-02 -6.192247271537780762e-01 -1.259403347969055176e+00 -8.434154093265533447e-02 2.078799307346343994e-01 1.867111921310424805e+00 1.030086874961853027e+00 1.941481113433837891e+00 -5.495356917381286621e-01 -1.217080831527709961e+00 -3.399020135402679443e-01
-8.996918201446533203e-01 1.161442041397094727e+00 1.362430691719055176e+00 -1.725985407829284668e+00 1.288158059120178223e+00 -1.284087777137756348e+00 -4.904310405254364014e-01 -1.966224312782287598e+00 1.611911296844482422e+00 2.216242253780364990e-03 -6.347163915634155273e-01 -1.294292330741882324e+00 -1.118294000625610352e-01 1.914705038070678711e-01 1.891836524009704590e+00 1.051004767417907715e+00 1.959842681884765625e+00 -5.441086292266845703e-01 -1.262245416641235352e+00 -3.372243344783782959e-01
-9.060510396957397461e-01 1.133955836296081543e+00 1.398800849914550781e+00 -1.729822993278503418e+00 1.267870664596557617e+00 -1.281013965606689453e+00 -4.864655137062072754e-01 -1.972557067871093750e+00 1.589199304580688477e+00 3.499402850866317749e-02 -6.554434895515441895e-01 -1.335417389869689941e+00 -1.436809599399566650e-01 1.658977568149566650e-01 1.908180713653564453e+00 1.065610408782958984e+00 1.974978804588317871e+00 -5.274121761322021484e-01 -1.311098217964172363e+00 -3.272868692874908447e-01
-8.882241845130920410e-01 1.091252803802490234e+00 1.448039293289184570e+00 -1.708598494529724121e+00 1.264453172683715820e+00 -1.262661457061767578e+00 -4.933913946151733398e-01 -1.960427522659301758e+00 1.570497393608093262e+00 7.780604809522628784e-02 -6.909453868865966797e-01 -1.397374391555786133e+00 -1.772754043340682983e-01 1.052300184965133667e-01 1.919675469398498535e+00 1.073240280151367188e+00 1.986767411231994629e+00 -4.872575700283050537e-01 -1.373030066490173340e+00 -3.073256313800811768e-01
-8.200764060020446777e-01 1.020375609397888184e+00 1.537115812301635742e+00 -1.631194353103637695e+00 1.318914651870727539e+00 -1.216820359230041504e+00 -5.254351496696472168e-01 -1.918354392051696777e+00 1.577747344970703125e+00 1.354387998580932617e-01 -7.613509893417358398e-01 -1.511019945144653320e+00 -2.174989879131317139e-01 -4.433652758598327637e-02 1.947999477386474609e+00 1.070598363876342773e+00 1.998131036758422852e+00 -4.018373489379882812e-01 -1.466794371604919434e+00 -2.622127234935760498e-01
-6.999102830886840820e-01 9.446591138839721680e-01 1.738930344581604004e+00 -1.462431788444519043e+00 1.520722746849060059e+00 -1.170951843261718750e+00 -5.927681922912597656e-01 -1.812555551528930664e+00 1.729456543922424316e+00 1.158241555094718933e-01 -9.236128330230712891e-01 -1.641966462135314941e+00 -2.713026702404022217e-01 -2.520270347595214844e-01 2.006547927856445312e+00 1.027481198310852051e+00 2.010200738906860352e+00 -2.346561551094055176e-01 -1.572609782218933105e+00 -1.939105391502380371e-01
-5.367507934570312500e-01 9.265043735504150391e-01 1.984507083892822266e+00 -1.207375168800354004e+00 1.841696739196777344e+00 -1.113930463790893555e+00 -7.357929944992065430e-01 -1.620251893997192383e+00 1.956957578659057617e+00 9.635314345359802246e-03 -1.094307184219360352e+00 -1.735638260841369629e+00 -3.532735407352447510e-01 -5.294223427772521973e-01 2.053600549697875977e+00 9.307867288589477539e-01 1.950271368026733398e+00 -3.915535658597946167e-02 -1.654289960861206055e+00 -1.138924136757850647e-01
-4.686108231544494629e-01 1.074017047882080078e+00 2.132974624633789062e+00 -1.066600441932678223e+00 2.139945983886718750e+00 -1.153615355491638184e+00 -9.216867089271545410e-01 -1.539547801017761230e+00 2.165534496307373047e+00 -9.577846527099609375e-02 -1.202532887458801270e+00 -1.760146260261535645e+00 -4.297728538513183594e-01 -7.005626559257507324e-01 2.131498098373413086e+00 8.990892767906188965e-01 1.923046469688415527e+00 -1.154736801981925964e-02 -1.684198141098022461e+00 -1.189762577414512634e-01
-4.488260447978973389e-01 1.247459173202514648e+00 2.224424839019775391e+00 -9.955784678459167480e-01 2.346138954162597656e+00 -1.228379487991333008e+00 -1.041664600372314453e+00 -1.508660554885864258e+00 2.305286884307861328e+00 -2.073759436607360840e-01 -1.259344696998596191e+00 -1.708744764328002930e+00 -4.559492766857147217e-01 -7.781137824058532715e-01 2.208256483078002930e+00 9.048511981964111328e-01 1.869264364242553711e+00 -4.194416850805282593e-02 -1.674092650413513184e+00 -1.701758205890655518e-01
-4.427998960018157959e-01 1.353454589843750000e+00 2.259937763214111328e+00 -9.786407947540283203e-01 2.452435016632080078e+00 -1.285135030746459961e+00 -1.096543788909912109e+00 -1.499600648880004883e+00 2.388689994812011719e+00 -2.749024629592895508e-01 -1.262490034103393555e+00 -1.657483696937561035e+00 -4.549867808818817139e-01 -7.992510795593261719e-01 2.255276203155517578e+00 9.207586050033569336e-01 1.834038376808166504e+00 -8.445350825786590576e-02 -1.655531287193298340e+00 -2.059650421142578125e-01
-4.394717812538146973e-01 1.420867323875427246e+00 2.270903110504150391e+00 -9.724856615066528320e-01 2.513437986373901367e+00 -1.322632908821105957e+00 -1.137986540794372559e+00 -1.492858290672302246e+00 2.434855222702026367e+00 -3.111487030982971191e-01 -1.246199727058410645e+00 -1.616716623306274414e+00 -4.488407969474792480e-01 -7.995034456253051758e-01 2.279353380203247070e+00 9.364586472511291504e-01 1.813489317893981934e+00 -1.198225244879722595e-01 -1.638408064842224121e+00 -2.262925207614898682e-01
-4.340916275978088379e-01 1.470928192138671875e+00 2.270587921142578125e+00 -9.729336500167846680e-01 2.552007436752319336e+00 -1.351113319396972656e+00 -1.177293777465820312e+00 -1.488727569580078125e+00 2.462802171707153320e+00 -3.289039731025695801e-01 -1.218584895133972168e+00 -1.584807872772216797e+00 -4.422650039196014404e-01 -7.889720201492309570e-01 2.288719892501831055e+00 9.487718939781188965e-01 1.803488612174987793e+00 -1.494820117950439453e-01 -1.624143004417419434e+00 -2.359509766101837158e-01
-4.278580546379089355e-01 1.515343070030212402e+00 2.262223720550537109e+00 -9.787386655807495117e-01 2.575267791748046875e+00 -1.375735521316528320e+00 -1.221948266029357910e+00 -1.485594987869262695e+00 2.479828596115112305e+00 -3.348551690578460693e-01 -1.179308533668518066e+00 -1.556035757064819336e+00 -4.380734264850616455e-01 -7.681931853294372559e-01 2.286877155303955078e+00 9.587504267692565918e-01 1.800440192222595215e+00 -1.777813434600830078e-01 -1.612232923507690430e+00 -2.370982170104980469e-01
-4.217540621757507324e-01 1.561147212982177734e+00 2.242266654968261719e+00 -9.881660342216491699e-01 2.581219434738159180e+00 -1.398297309875488281e+00 -1.278106331825256348e+00 -1.479848623275756836e+00 2.484571456909179688e+00 -3.318276703357696533e-01 -1.122780084609985352e+00 -1.522077083587646484e+00 -4.378268122673034668e-01 -7.325819730758666992e-01 2.270043373107910156e+00 9.654850959777832031e-01 1.798893928527832031e+00 -2.088711559772491455e-01 -1.599147081375122070e+00 -2.294780611991882324e-01
-4.168685376644134521e-01 1.610699415206909180e+00 2.196327209472656250e+00 -9.965426325798034668e-01 2.553989648818969727e+00 -1.415813565254211426e+00 -1.350639700889587402e+00 -1.462887167930603027e+00 2.462836027145385742e+00 -3.197511732578277588e-01 -1.035871624946594238e+00 -1.467414379119873047e+00 -4.418147504329681396e-01 -6.700629591941833496e-01 2.222614765167236328e+00 9.637265801429748535e-01 1.786595582962036133e+00 -2.475819587707519531e-01 -1.574939131736755371e+00 -2.094608843326568604e-01
-4.502488076686859131e-01 1.646966338157653809e+00 2.092489242553710938e+00 -1.006083011627197266e+00 2.453868389129638672e+00 -1.421447515487670898e+00 -1.423727393150329590e+00 -1.442070960998535156e+00 2.359680891036987305e+00 -2.985740900039672852e-01 -9.385347366333007812e-01 -1.375411987304687500e+00 -4.662961661815643311e-01 -5.551673173904418945e-01 2.133341073989868164e+00 9.423695802688598633e-01 1.753796577453613281e+00 -2.875556647777557373e-01 -1.520708203315734863e+00 -1.757147610187530518e-01
-5.305579304695129395e-01 1.614205837249755859e+00 1.855919480323791504e+00 -9.667577743530273438e-01 2.163362979888916016e+00 -1.352521777153015137e+00 -1.468969821929931641e+00 -1.355142235755920410e+00 2.074251174926757812e+00 -2.791166007518768311e-01 -7.838567495346069336e-01 -1.191306591033935547e+00 -4.977519810199737549e-01 -3.517968058586120605e-01 1.914667010307312012e+00 8.794847726821899414e-01 1.618994235992431641e+00 -3.137287199497222900e-01 -1.381690263748168945e+00 -1.082291677594184875e-01
-7.583377957344055176e-01 1.529819011688232422e+00 1.580862879753112793e+00 -8.846728801727294922e-01 1.735297322273254395e+00 -1.283349156379699707e+00 -1.391503810882568359e+00 -1.236236572265625000e+00 1.710293650627136230e+00 -4.199997186660766602e-01 -6.433326601982116699e-01 -8.233934044837951660e-01 -4.851373136043548584e-01 1.434387564659118652e-01 1.629058122634887695e+00 7.839887738227844238e-01 1.412703752517700195e+00 -3.618273437023162842e-01 -1.098286390304565430e+00 -2.648613229393959045e-02
-1.054506063461303711e+00 1.593972802162170410e+00 1.381252408027648926e+00 -9.886255264282226562e-01 1.528506398200988770e+00 -1.238014340400695801e+00 -1.209963917732238770e+00 -1.381878852844238281e+00 1.544728279113769531e+00 -6.014565825462341309e-01 -6.500235199928283691e-01 -6.162292361259460449e-01 -4.308843314647674561e-01 5.001786947250366211e-01 1.601764678955078125e+00 8.301765322685241699e-01 1.394034981727600098e+00 -5.232651233673095703e-01 -9.321342706680297852e-01 -1.177840903401374817e-01
-1.264796376228332520e+00 1.642955780029296875e+00 1.381281614303588867e+00 -9.787792563438415527e-01 1.457319021224975586e+00 -1.260923385620117188e+00 -1.054633855819702148e+00 -1.476125121116638184e+00 1.469831824302673340e+00 -7.891958355903625488e-01 -7.261493206024169922e-01 -4.905079007148742676e-01 -3.759152591228485107e-01 6.290825009346008301e-01 1.633805036544799805e+00 9.084329605102539062e-01 1.303350090980529785e+00 -5.862475633621215820e-01 -8.703912496566772461e-01 -1.944977045059204102e-01
-1.309229373931884766e+00 1.664518833160400391e+00 1.474777698516845703e+00 -8.254319429397583008e-01 1.504910588264465332e+00 -1.280209302902221680e+00 -9.157393574714660645e-01 -1.497553586959838867e+00 1.477061033248901367e+00 -9.188094735145568848e-01 -8.523396849632263184e-01 -4.547190964221954346e-01 -3.213753104209899902e-01 5.381560325622558594e-01 1.667120814323425293e+00 8.660285472869873047e-01 1.157297492027282715e+00 -5.653526782989501953e-01 -8.441338539123535156e-01 -2.668830156326293945e-01
-1.190529942512512207e+00 1.599864840507507324e+00 1.634537816047668457e+00 -6.081220507621765137e-01 1.636755943298339844e+00 -1.310667991638183594e+00 -7.529543042182922363e-01 -1.481549978256225586e+00 1.524353504180908203e+00 -9.146286249160766602e-01 -1.094077348709106445e+00 -5.792930722236633301e-01 -2.888875603675842285e-01 2.551063001155853271e-01 1.748058557510375977e+00 7.233061790466308594e-01 1.034287691116333008e+00 -4.488150477409362793e-01 -8.621839880943298340e-01 -3.397878706455230713e-01
-9.767816662788391113e-01 1.560631990432739258e+00 1.877449870109558105e+00 -4.625002741813659668e-01 1.907658219337463379e+00 -1.412389039993286133e+00 -6.339369416236877441e-01 -1.484232783317565918e+00 1.735187530517578125e+00 -8.640011548995971680e-01 -1.324925780296325684e+00 -8.091987371444702148e-01 -2.401145994663238525e-01 -1.918960511684417725e-01 1.945186972618103027e+00 6.777280569076538086e-01 9.747761487960815430e-01 -3.750950098037719727e-01 -9.556630253791809082e-01 -4.150071144104003906e-01
-8.132441639900207520e-01 1.532184600830078125e+00 2.059813022613525391e+00 -4.521406888961791992e-01 2.120666027069091797e+00 -1.466206908226013184e+00 -6.458349823951721191e-01 -1.482997059822082520e+00 1.962643504142761230e+00 -7.784999608993530273e-01 -1.409109234809875488e+00 -1.031828522682189941e+00 -2.016167789697647095e-01 -5.151326656341552734e-01 2.113330125808715820e+00 7.466266155242919922e-01 1.044657945632934570e+00 -3.185274302959442139e-01 -1.093273878097534180e+00 -4.330011606216430664e-01
-7.320545911788940430e-01 1.521184206008911133e+00 2.162492752075195312e+00 -4.915404319763183594e-01 2.243217706680297852e+00 -1.483182549476623535e+00 -6.844329833984375000e-01 -1.476893424987792969e+00 2.088522911071777344e+00 -7.245807647705078125e-01 -1.425225019454956055e+00 -1.131360292434692383e+00 -2.079929262399673462e-01 -6.525392532348632812e-01 2.179090261459350586e+00 7.975500226020812988e-01 1.111111998558044434e+00 -2.821583449840545654e-01 -1.182764410972595215e+00 -4.425975382328033447e-01
-6.840904355049133301e-01 1.516990423202514648e+00 2.202487945556640625e+00 -5.085228085517883301e-01 2.307947397232055664e+00 -1.482247591018676758e+00 -7.281420826911926270e-01 -1.455732226371765137e+00 2.137375354766845703e+00 -6.859762072563171387e-01 -1.420507431030273438e+00 -1.156909584999084473e+00 -2.268903553485870361e-01 -7.042311429977416992e-01 2.200659751892089844e+00 8.293259739875793457e-01 1.140075325965881348e+00 -2.668985426425933838e-01 -1.227515459060668945e+00 -4.570917785167694092e-01
-6.446982622146606445e-01 1.521306395530700684e+00 2.211929798126220703e+00 -5.086880922317504883e-01 2.341531991958618164e+00 -1.471156954765319824e+00 -7.710131406784057617e-01 -1.410369634628295898e+00 2.156311273574829102e+00 -6.662405133247375488e-01 -1.390280127525329590e+00 -1.133003115653991699e+00 -2.426187098026275635e-01 -7.126592397689819336e-01 2.194305181503295898e+00 8.544664978981018066e-01 1.138738274574279785e+00 -2.621101140975952148e-01 -1.238694787025451660e+00 -4.806031882762908936e-01
-6.112976074218750000e-01 1.567731261253356934e+00 2.207924365997314453e+00 -5.435313582420349121e-01 2.382264375686645508e+00 -1.474401950836181641e+00 -8.291637301445007324e-01 -1.362508416175842285e+00 2.197913646697998047e+00 -6.875629425048828125e-01 -1.325888037681579590e+00 -1.065039515495300293e+00 -2.696217596530914307e-01 -6.650228500366210938e-01 2.164692163467407227e+00 9.032751321792602539e-01 1.160707712173461914e+00 -2.586020529270172119e-01 -1.241967201232910156e+00 -5.347823500633239746e-01
-5.764384269714355469e-01 1.613564491271972656e+00 2.133544921875000000e+00 -6.213744282722473145e-01 2.354291677474975586e+00 -1.450527429580688477e+00 -8.873220682144165039e-01 -1.265340566635131836e+00 2.192885875701904297e+00 -7.478432655334472656e-01 -1.194507956504821777e+00 -8.995758295059204102e-01 -3.141590058803558350e-01 -5.051662325859069824e-01 2.043046474456787109e+00 9.617269635200500488e-01 1.182894706726074219e+00 -2.296182811260223389e-01 -1.205254793167114258e+00 -6.085308790206909180e-01
-6.145831346511840820e-01 1.636874556541442871e+00 1.836693048477172852e+00 -8.532504439353942871e-01 2.097197055816650391e+00 -1.324181199073791504e+00 -9.867742657661437988e-01 -1.116260886192321777e+00 1.951576828956604004e+00 -8.287497162818908691e-01 -9.436528086662292480e-01 -4.847154915332794189e-01 -3.771247267723083496e-01 -2.637194097042083740e-02 1.736922979354858398e+00 1.053754210472106934e+00 1.163892030715942383e+00 -1.770680546760559082e-01 -1.034801244735717773e+00 -7.099515795707702637e-01
-9.225546717643737793e-01 1.646780729293823242e+00 1.391988039016723633e+00 -1.329818725585937500e+00 1.631937742233276367e+00 -1.203716158866882324e+00 -1.127060055732727051e+00 -1.202507376670837402e+00 1.661732435226440430e+00 -7.883194088935852051e-01 -6.410270333290100098e-01 -2.500303685665130615e-01 -5.167350172996520996e-01 6.493086218833923340e-01 1.498680114746093750e+00 1.220233559608459473e+00 1.456223249435424805e+00 -2.629586160182952881e-01 -9.616225361824035645e-01 -6.392944455146789551e-01
-1.170733928680419922e+00 1.672012209892272949e+00 1.319811940193176270e+00 -1.704539656639099121e+00 1.543321013450622559e+00 -1.194796681404113770e+00 -1.194555163383483887e+00 -1.438943028450012207e+00 1.626992702484130859e+00 -7.140626311302185059e-01 -5.507833957672119141e-01 -3.592756688594818115e-01 -6.039783954620361328e-01 9.455015659332275391e-01 1.597391009330749512e+00 1.427494525909423828e+00 1.835544466972351074e+00 -3.669046759605407715e-01 -1.078643560409545898e+00 -6.214153766632080078e-01
-1.289154291152954102e+00 1.672954082489013672e+00 1.316599845886230469e+00 -1.873726010322570801e+00 1.522037148475646973e+00 -1.174349308013916016e+00 -1.210262537002563477e+00 -1.559056282043457031e+00 1.626028060913085938e+00 -6.770831942558288574e-01 -5.386351943016052246e-01 -4.489645063877105713e-01 -6.307117938995361328e-01 1.026517391204833984e+00 1.709069371223449707e+00 1.517986059188842773e+00 2.005138158798217773e+00 -4.325686395168304443e-01 -1.158552050590515137e+00 -5.946077108383178711e-01
-1.358397483825683594e+00 1.682881355285644531e+00 1.318885326385498047e+00 -1.959813237190246582e+00 1.524979233741760254e+00 -1.161467552185058594e+00 -1.219789743423461914e+00 -1.638684868812561035e+00 1.630176067352294922e+00 -6.559395194053649902e-01 -5.414674282073974609e-01 -5.096483230590820312e-01 -6.333497762680053711e-01 1.055349111557006836e+00 1.785923242568969727e+00 1.557455539703369141e+00 2.090114355087280273e+00 -4.867914021015167236e-01 -1.206385493278503418e+00 -5.719202160835266113e-01
-1.396306276321411133e+00 1.683828473091125488e+00 1.312004208564758301e+00 -2.013701915740966797e+00 1.534940004348754883e+00 -1.138248324394226074e+00 -1.223104476928710938e+00 -1.688887953758239746e+00 1.637321949005126953e+00 -6.431197524070739746e-01 -5.409817099571228027e-01 -5.544949173927307129e-01 -6.264517903327941895e-01 1.059747815132141113e+00 1.837999701499938965e+00 1.577746748924255371e+00 2.142580986022949219e+00 -5.237936973571777344e-01 -1.232644200325012207e+00 -5.509988665580749512e-01
-1.416569113731384277e+00 1.678941726684570312e+00 1.297298073768615723e+00 -2.046000480651855469e+00 1.552597880363464355e+00 -1.107990860939025879e+00 -1.223458647727966309e+00 -1.720319271087646484e+00 1.648046255111694336e+00 -6.398429274559020996e-01 -5.358012914657592773e-01 -5.881159901618957520e-01 -6.108206510543823242e-01 1.052745938301086426e+00 1.871252059936523438e+00 1.589227914810180664e+00 2.175487279891967773e+00 -5.487751960754394531e-01 -1.243001461029052734e+00 -5.305974483489990234e-01
-1.428072929382324219e+00 1.671485543251037598e+00 1.284192204475402832e+00 -2.047604322433471680e+00 1.584687948226928711e+00 -1.080638527870178223e+00 -1.224441766738891602e+00 -1.739304304122924805e+00 1.661812543869018555e+00 -6.519434452056884766e-01 -5.248389244079589844e-01 -6.097248792648315430e-01 -5.872476696968078613e-01 1.040916204452514648e+00 1.884793162345886230e+00 1.599169373512268066e+00 2.188241004943847656e+00 -5.605180859565734863e-01 -1.240889906883239746e+00 -5.109237432479858398e-01
-1.409211397171020508e+00 1.649029374122619629e+00 1.254428267478942871e+00 -2.009112834930419922e+00 1.624124288558959961e+00 -1.037528991699218750e+00 -1.213466167449951172e+00 -1.722635746002197266e+00 1.678241014480590820e+00 -6.840468645095825195e-01 -5.127182006835937500e-01 -6.110590100288391113e-01 -5.412423610687255859e-01 1.005433320999145508e+00 1.868574380874633789e+00 1.583850383758544922e+00 2.159410715103149414e+00 -5.506449937820434570e-01 -1.202877521514892578e+00 -4.819141924381256104e-01
-1.322248339653015137e+00 1.595853328704833984e+00 1.203808307647705078e+00 -1.889284372329711914e+00 1.701376676559448242e+00 -9.851623177528381348e-01 -1.162901520729064941e+00 -1.657315254211425781e+00 1.699088692665100098e+00 -7.429862022399902344e-01 -5.109516978263854980e-01 -5.640511512756347656e-01 -4.403052926063537598e-01 9.151134490966796875e-01 1.819227457046508789e+00 1.522957086563110352e+00 2.035676240921020508e+00 -5.169868469238281250e-01 -1.087026715278625488e+00 -4.628235697746276855e-01
-1.160969614982604980e+00 1.515539050102233887e+00 1.176650285720825195e+00 -1.656714320182800293e+00 1.835333228111267090e+00 -9.252555966377258301e-01 -1.062828540802001953e+00 -1.516723871231079102e+00 1.734356760978698730e+00 -8.603196144104003906e-01 -5.871452689170837402e-01 -4.784019291400909424e-01 -3.075241744518280029e-01 7.174306511878967285e-01 1.773163676261901855e+00 1.397912859916687012e+00 1.793215155601501465e+00 -4.306777715682983398e-01 -9.141253829002380371e-01 -4.467615783214569092e-01
-9.951815009117126465e-01 1.459870576858520508e+00 1.175553679466247559e+00 -1.389836311340332031e+00 1.883356094360351562e+00 -9.136759042739868164e-01 -9.554163813591003418e-01 -1.330237507820129395e+00 1.741650342941284180e+00 -9.623690843582153320e-01 -7.132044434547424316e-01 -3.686315715312957764e-01 -2.192330658435821533e-01 5.057653188705444336e-01 1.709849119186401367e+00 1.248520255088806152e+00 1.503290295600891113e+00 -3.360907733440399170e-01 -7.648375034332275391e-01 -4.545898735523223877e-01
-9.072381854057312012e-01 1.483305692672729492e+00 1.299697279930114746e+00 -1.159126043319702148e+00 1.962610363960266113e+00 -1.008050680160522461e+00 -9.101233482360839844e-01 -1.221541404724121094e+00 1.781069397926330566e+00 -1.053634643554687500e+00 -8.516426682472229004e-01 -2.910929322242736816e-01 -1.964305192232131958e-01 3.646207153797149658e-01 1.680101633071899414e+00 1.194030165672302246e+00 1.302159428596496582e+00 -2.541544139385223389e-01 -7.282018065452575684e-01 -5.185200572013854980e-01
-8.838881254196166992e-01 1.546799778938293457e+00 1.413761138916015625e+00 -1.028970837593078613e+00 2.044304370880126953e+00 -1.118044257164001465e+00 -8.998942375183105469e-01 -1.197100043296813965e+00 1.808555960655212402e+00 -1.123990058898925781e+00 -9.465690851211547852e-01 -2.181922197341918945e-01 -1.992543786764144897e-01 3.219032883644104004e-01 1.682309031486511230e+00 1.187792778015136719e+00 1.181580185890197754e+00 -2.263590693473815918e-01 -7.230403423309326172e-01 -5.947155356407165527e-01
-9.034680128097534180e-01 1.618721246719360352e+00 1.482628583908081055e+00 -9.712628722190856934e-01 2.089561700820922852e+00 -1.205576062202453613e+00 -8.977789878845214844e-01 -1.225014090538024902e+00 1.811271429061889648e+00 -1.166170001029968262e+00 -9.992791414260864258e-01 -1.641661226749420166e-01 -2.133733034133911133e-01 3.324537277221679688e-01 1.699308991432189941e+00 1.193611741065979004e+00 1.120198130607604980e+00 -2.261475324630737305e-01 -7.280736565589904785e-01 -6.665120720863342285e-01
-9.458861351013183594e-01 1.672876834869384766e+00 1.522066235542297363e+00 -9.470474123954772949e-01 2.103759288787841797e+00 -1.270107746124267578e+00 -8.906611800193786621e-01 -1.267305493354797363e+00 1.797282576560974121e+00 -1.194569826126098633e+00 -1.032640576362609863e+00 -1.259232461452484131e-01 -2.288844287395477295e-01 3.811105191707611084e-01 1.712570190429687500e+00 1.207616209983825684e+00 1.102266788482666016e+00 -2.318964898586273193e-01 -7.322795987129211426e-01 -7.270041704177856445e-01
-9.982497692108154297e-01 1.702998042106628418e+00 1.542025089263916016e+00 -9.435855150222778320e-01 2.107995271682739258e+00 -1.304019689559936523e+00 -8.864343762397766113e-01 -1.314849615097045898e+00 1.768079757690429688e+00 -1.210358858108520508e+00 -1.054377317428588867e+00 -1.015010252594947815e-01 -2.437072694301605225e-01 4.315897524356842041e-01 1.735125303268432617e+00 1.220334649085998535e+00 1.101611018180847168e+00 -2.415743470191955566e-01 -7.376648187637329102e-01 -7.653689980506896973e-01
-1.043287515640258789e+00 1.710222244262695312e+00 1.558868169784545898e+00 -9.441869854927062988e-01 2.120101928710937500e+00 -1.320602655410766602e+00 -8.900572061538696289e-01 -1.357078313827514648e+00 1.744571089744567871e+00 -1.213190197944641113e+00 -1.067075848579406738e+00 -1.055031567811965942e-01 -2.450093328952789307e-01 4.624221026897430420e-01 1.765200734138488770e+00 1.236551403999328613e+00 1.118050217628479004e+00 -2.499808073043823242e-01 -7.485029101371765137e-01 -7.807151079177856445e-01
-1.095795154571533203e+00 1.682429313659667969e+00 1.589325666427612305e+00 -9.383573532104492188e-01 2.124368906021118164e+00 -1.315413951873779297e+00 -9.110842943191528320e-01 -1.382730007171630859e+00 1.712130069732666016e+00 -1.191158175468444824e+00 -1.073673129081726074e+00 -1.401519477367401123e-01 -2.335125207901000977e-01 4.723489582538604736e-01 1.814665317535400391e+00 1.250203967094421387e+00 1.135328412055969238e+00 -2.566222548484802246e-01 -7.735843658447265625e-01 -7.592678666114807129e-01
-1.125715255737304688e+00 1.606787562370300293e+00 1.581787705421447754e+00 -9.164529442787170410e-01 2.072832822799682617e+00 -1.278307318687438965e+00 -9.316282868385314941e-01 -1.374854207038879395e+00 1.641617298126220703e+00 -1.119422912597656250e+00 -1.050165772438049316e+00 -2.032118141651153564e-01 -2.098321616649627686e-01 4.581339359283447266e-01 1.831192731857299805e+00 1.225093483924865723e+00 1.137950420379638672e+00 -2.699448466300964355e-01 -7.911111712455749512e-01 -6.881529092788696289e-01
-1.114308953285217285e+00 1.480697154998779297e+00 1.524662613868713379e+00 -8.555109500885009766e-01 1.973524451255798340e+00 -1.189058423042297363e+00 -9.398676156997680664e-01 -1.323455572128295898e+00 1.538233160972595215e+00 -1.010573983192443848e+00 -9.821264147758483887e-01 -2.888172864913940430e-01 -1.616281419992446899e-01 3.972695171833038330e-01 1.798495888710021973e+00 1.149335622787475586e+00 1.103156208992004395e+00 -2.814979553222656250e-01 -7.822926640510559082e-01 -5.646910071372985840e-01
-1.050545692443847656e+00 1.369610190391540527e+00 1.435471653938293457e+00 -7.828315496444702148e-01 1.861235260963439941e+00 -1.094517350196838379e+00 -9.503755569458007812e-01 -1.264155626296997070e+00 1.455065369606018066e+00 -8.767712116241455078e-01 -8.735622763633728027e-01 -4.073430895805358887e-01 -1.148467212915420532e-01 2.789589762687683105e-01 1.745698690414428711e+00 1.037121057510375977e+00 1.061407804489135742e+00 -3.020648658275604248e-01 -7.658590674400329590e-01 -4.115272164344787598e-01
-9.673854708671569824e-01 1.291296839714050293e+00 1.387763142585754395e+00 -7.235504984855651855e-01 1.788807988166809082e+00 -1.040556073188781738e+00 -9.479976296424865723e-01 -1.254249930381774902e+00 1.444198369979858398e+00 -7.312221527099609375e-01 -8.061162829399108887e-01 -5.775548815727233887e-01 -7.345034182071685791e-02 1.290084719657897949e-01 1.709645748138427734e+00 9.347193837165832520e-01 1.062946438789367676e+00 -3.080175518989562988e-01 -7.756059765815734863e-01 -2.755339145660400391e-01
-9.028028249740600586e-01 1.261159420013427734e+00 1.380383491516113281e+00 -6.780681610107421875e-01 1.726994156837463379e+00 -1.021434426307678223e+00 -9.595729112625122070e-01 -1.257077455520629883e+00 1.460110545158386230e+00 -6.240126490592956543e-01 -7.661383748054504395e-01 -7.431110143661499023e-01 -5.205646529793739319e-02 -1.079121977090835571e-02 1.680565834045410156e+00 8.503065109252929688e-01 1.089802861213684082e+00 -2.925243973731994629e-01 -8.182574510574340820e-01 -1.502434015274047852e-01
-8.594136834144592285e-01 1.265006899833679199e+00 1.393980264663696289e+00 -6.377883553504943848e-01 1.697777986526489258e+00 -1.020835995674133301e+00 -9.795929193496704102e-01 -1.260133028030395508e+00 1.478578209877014160e+00 -5.676445960998535156e-01 -7.466851472854614258e-01 -8.469915390014648438e-01 -4.526011273264884949e-02 -1.177525147795677185e-01 1.664593100547790527e+00 8.043416142463684082e-01 1.097416758537292480e+00 -2.763757705688476562e-01 -8.564540147781372070e-01 -7.448743283748626709e-02
-8.324052691459655762e-01 1.301793217658996582e+00 1.433384656906127930e+00 -6.093786954879760742e-01 1.686941385269165039e+00 -1.049609661102294922e+00 -9.961320757865905762e-01 -1.266787171363830566e+00 1.496035575866699219e+00 -5.490428805351257324e-01 -7.490442991256713867e-01 -8.942315578460693359e-01 -6.315776705741882324e-02 -1.960326731204986572e-01 1.664596080780029297e+00 7.919230461120605469e-01 1.084354996681213379e+00 -2.655487954616546631e-01 -8.967117071151733398e-01 -5.497326701879501343e-02
-7.923476099967956543e-01 1.341496467590332031e+00 1.526396870613098145e+00 -5.769654512405395508e-01 1.712309718132019043e+00 -1.118767976760864258e+00 -9.977790713310241699e-01 -1.278479456901550293e+00 1.544892430305480957e+00 -5.439757704734802246e-01 -7.843928337097167969e-01 -9.405168294906616211e-01 -1.056803762912750244e-01 -2.955353558063507080e-01 1.703782558441162109e+00 8.092339038848876953e-01 1.083206892013549805e+00 -2.503955662250518799e-01 -9.572912454605102539e-01 -7.100379467010498047e-02
-7.549194097518920898e-01 1.377975106239318848e+00 1.653968572616577148e+00 -5.367868542671203613e-01 1.747983694076538086e+00 -1.197244048118591309e+00 -9.788057208061218262e-01 -1.287523746490478516e+00 1.597830057144165039e+00 -5.420125126838684082e-01 -8.514039516448974609e-01 -9.940064549446105957e-01 -1.634987592697143555e-01 -4.090673923492431641e-01 1.768399596214294434e+00 8.375399708747863770e-01 1.082118988037109375e+00 -2.277806699275970459e-01 -1.030477523803710938e+00 -1.122606024146080017e-01
-7.463928461074829102e-01 1.439463853836059570e+00 1.815484762191772461e+00 -5.393992662429809570e-01 1.824269413948059082e+00 -1.272092461585998535e+00 -9.624329209327697754e-01 -1.314876317977905273e+00 1.700652956962585449e+00 -5.594279170036315918e-01 -9.330974221229553223e-01 -1.067270040512084961e+00 -2.387136220932006836e-01 -4.951040148735046387e-01 1.856478333473205566e+00 8.834250569343566895e-01 1.141812801361083984e+00 -2.033033668994903564e-01 -1.132584095001220703e+00 -1.757533848285675049e-01
-7.452214956283569336e-01 1.451736450195312500e+00 1.953651428222656250e+00 -5.548418760299682617e-01 1.852356791496276855e+00 -1.314094424247741699e+00 -9.030349254608154297e-01 -1.328615903854370117e+00 1.773946046829223633e+00 -5.591104626655578613e-01 -1.011804699897766113e+00 -1.137357950210571289e+00 -3.178322017192840576e-01 -5.640692114830017090e-01 1.925963401794433594e+00 9.191486239433288574e-01 1.200901150703430176e+00 -1.746983230113983154e-01 -1.234118223190307617e+00 -2.402279973030090332e-01
-7.580353617668151855e-01 1.420723199844360352e+00 2.083012580871582031e+00 -5.857895016670227051e-01 1.823517441749572754e+00 -1.309423565864562988e+00 -8.319699168205261230e-01 -1.334193229675292969e+00 1.801823377609252930e+00 -5.292909145355224609e-01 -1.088400483131408691e+00 -1.206508994102478027e+00 -4.138922691345214844e-01 -5.965638756752014160e-01 1.943427801132202148e+00 9.415737390518188477e-01 1.257056593894958496e+00 -1.306083798408508301e-01 -1.359367609024047852e+00 -3.109729886054992676e-01
-7.693586349487304688e-01 1.354617714881896973e+00 2.170107364654541016e+00 -6.245034933090209961e-01 1.769162893295288086e+00 -1.284534931182861328e+00 -7.775224447250366211e-01 -1.337431788444519043e+00 1.790552973747253418e+00 -4.812870919704437256e-01 -1.144971489906311035e+00 -1.258001089096069336e+00 -4.906656444072723389e-01 -5.948920249938964844e-01 1.942357301712036133e+00 9.526483416557312012e-01 1.310434937477111816e+00 -7.993720471858978271e-02 -1.460463404655456543e+00 -3.488403856754302979e-01
-7.846021056175231934e-01 1.263276696205139160e+00 2.208772182464599609e+00 -6.770135164260864258e-01 1.690097689628601074e+00 -1.238623380661010742e+00 -7.253872752189636230e-01 -1.337653279304504395e+00 1.748999953269958496e+00 -4.231839478015899658e-01 -1.181766748428344727e+00 -1.293831110000610352e+00 -5.506156682968139648e-01 -5.605381131172180176e-01 1.929185867309570312e+00 9.543013572692871094e-01 1.362818479537963867e+00 -3.352630883455276489e-02 -1.536231279373168945e+00 -3.608746528625488281e-01
-8.135678768157958984e-01 1.160633087158203125e+00 2.211943149566650391e+00 -7.479850053787231445e-01 1.583325982093811035e+00 -1.191567063331604004e+00 -6.811364293098449707e-01 -1.337148189544677734e+00 1.678966999053955078e+00 -3.518128693103790283e-01 -1.188456654548645020e+00 -1.313446998596191406e+00 -5.895116925239562988e-01 -4.845142960548400879e-01 1.908282876014709473e+00 9.580685496330261230e-01 1.416354060173034668e+00 4.151053726673126221e-04 -1.590340971946716309e+00 -3.562421202659606934e-01
-8.600883483886718750e-01 1.056355118751525879e+00 2.159914970397949219e+00 -8.327910900115966797e-01 1.430383324623107910e+00 -1.131282567977905273e+00 -6.436651349067687988e-01 -1.337553024291992188e+00 1.551800131797790527e+00 -2.688473761081695557e-01 -1.174797773361206055e+00 -1.296120762825012207e+00 -6.386818289756774902e-01 -3.543155491352081299e-01 1.855505466461181641e+00 9.469494819641113281e-01 1.461657285690307617e+00 1.688904315233230591e-02 -1.622938990592956543e+00 -3.502169549465179443e-01
-9.381765723228454590e-01 9.491937160491943359e-01 2.026763200759887695e+00 -9.448786377906799316e-01 1.218122482299804688e+00 -1.051375389099121094e+00 -6.089348196983337402e-01 -1.349139809608459473e+00 1.361192464828491211e+00 -1.833903938531875610e-01 -1.123756289482116699e+00 -1.227721095085144043e+00 -7.070988416671752930e-01 -1.502329111099243164e-01 1.760069012641906738e+00 9.302023649215698242e-01 1.506292104721069336e+00 5.279418081045150757e-03 -1.624784469604492188e+00 -3.402716815471649170e-01
-1.056448817253112793e+00 9.056783318519592285e-01 1.808337211608886719e+00 -1.138308763504028320e+00 9.806643724441528320e-01 -9.854115843772888184e-01 -6.013029813766479492e-01 -1.407399296760559082e+00 1.138168096542358398e+00 -1.017930880188941956e-01 -1.012204408645629883e+00 -1.099434018135070801e+00 -7.415215969085693359e-01 1.372527778148651123e-01 1.664344906806945801e+00 9.582474827766418457e-01 1.568261027336120605e+00 -8.502168953418731689e-02 -1.578039169311523438e+00 -3.683471679687500000e-01
-1.211213946342468262e+00 1.129849076271057129e+00 1.642386674880981445e+00 -1.485562801361083984e+00 9.517983794212341309e-01 -1.063741087913513184e+00 -7.076348662376403809e-01 -1.575628399848937988e+00 1.124242544174194336e+00 -1.435495913028717041e-01 -8.896669745445251465e-01 -9.302587509155273438e-01 -7.257796525955200195e-01 4.887332022190093994e-01 1.679738879203796387e+00 1.083045721054077148e+00 1.735771775245666504e+00 -2.851668298244476318e-01 -1.518100380897521973e+00 -4.786776602268218994e-01
-1.359116435050964355e+00 1.377766728401184082e+00 1.467390775680541992e+00 -1.764882445335388184e+00 1.011748552322387695e+00 -1.126215338706970215e+00 -8.495121598243713379e-01 -1.693177819252014160e+00 1.158600568771362305e+00 -2.812840640544891357e-01 -7.702204585075378418e-01 -7.227678894996643066e-01 -6.932111978530883789e-01 8.003913760185241699e-01 1.706226229667663574e+00 1.207892537117004395e+00 1.844484210014343262e+00 -4.646141529083251953e-01 -1.407294511795043945e+00 -5.398359298706054688e-01
-1.476539254188537598e+00 1.538359999656677246e+00 1.404744267463684082e+00 -1.920997977256774902e+00 1.174136877059936523e+00 -1.172556161880493164e+00 -9.813075065612792969e-01 -1.779479980468750000e+00 1.284537911415100098e+00 -4.319162964820861816e-01 -7.189218997955322266e-01 -6.346838474273681641e-01 -6.447063088417053223e-01 9.881315231323242188e-01 1.809417843818664551e+00 1.330227613449096680e+00 1.964132666587829590e+00 -5.507932901382446289e-01 -1.320060014724731445e+00 -5.340991020202636719e-01
-1.527224421501159668e+00 1.629698634147644043e+00 1.374093294143676758e+00 -1.979816079139709473e+00 1.325881719589233398e+00 -1.197664976119995117e+00 -1.075319290161132812e+00 -1.816890835762023926e+00 1.406395196914672852e+00 -5.352619886398315430e-01 -6.776596307754516602e-01 -6.013313531875610352e-01 -5.949366688728332520e-01 1.084423542022705078e+00 1.882898688316345215e+00 1.416126966476440430e+00 2.054562330245971680e+00 -5.846475958824157715e-01 -1.252289175987243652e+00 -5.141072273254394531e-01
-1.539797544479370117e+00 1.664850234985351562e+00 1.343086600303649902e+00 -1.980803489685058594e+00 1.432687997817993164e+00 -1.201245427131652832e+00 -1.133707165718078613e+00 -1.814311504364013672e+00 1.480045199394226074e+00 -6.060101985931396484e-01 -6.407179236412048340e-01 -5.701835155487060547e-01 -5.477197170257568359e-01 1.131308197975158691e+00 1.915979027748107910e+00 1.468244433403015137e+00 2.087634801864624023e+00 -5.953922271728515625e-01 -1.187640070915222168e+00 -4.911673367023468018e-01
-1.533828616142272949e+00 1.667930126190185547e+00 1.318607807159423828e+00 -1.944715142250061035e+00 1.522352933883666992e+00 -1.200017452239990234e+00 -1.182152271270751953e+00 -1.793768405914306641e+00 1.524335980415344238e+00 -6.557945013046264648e-01 -6.061086654663085938e-01 -5.383991599082946777e-01 -4.977880418300628662e-01 1.150012612342834473e+00 1.933243870735168457e+00 1.514999628067016602e+00 2.086356401443481445e+00 -5.923458933830261230e-01 -1.125849008560180664e+00 -4.739292562007904053e-01
-1.517908811569213867e+00 1.647787332534790039e+00 1.300153017044067383e+00 -1.884456992149353027e+00 1.606792569160461426e+00 -1.186017394065856934e+00 -1.225757241249084473e+00 -1.759646773338317871e+00 1.557909965515136719e+00 -6.938126683235168457e-01 -5.845000743865966797e-01 -5.121391415596008301e-01 -4.560563266277313232e-01 1.148868680000305176e+00 1.938058376312255859e+00 1.548905253410339355e+00 2.069736003875732422e+00 -5.749883651733398438e-01 -1.075465202331542969e+00 -4.565501511096954346e-01
-1.485913395881652832e+00 1.588819622993469238e+00 1.287918567657470703e+00 -1.775656700134277344e+00 1.700499176979064941e+00 -1.162832260131835938e+00 -1.277425408363342285e+00 -1.701450943946838379e+00 1.582202792167663574e+00 -7.232821583747863770e-01 -5.708578824996948242e-01 -5.009122490882873535e-01 -4.065396785736083984e-01 1.124093532562255859e+00 1.929939270019531250e+00 1.574179649353027344e+00 2.041372060775756836e+00 -5.326312780380249023e-01 -1.030209541320800781e+00 -4.105657339096069336e-01
-1.361104011535644531e+00 1.395756483078002930e+00 1.249482274055480957e+00 -1.485134482383728027e+00 1.813659310340881348e+00 -1.077709078788757324e+00 -1.321727991104125977e+00 -1.520404338836669922e+00 1.559558987617492676e+00 -7.366768717765808105e-01 -5.395154356956481934e-01 -4.744838476181030273e-01 -3.108809888362884521e-01 1.015082836151123047e+00 1.843924999237060547e+00 1.560243844985961914e+00 1.900698423385620117e+00 -4.240988492965698242e-01 -9.304152131080627441e-01 -3.110958933830261230e-01
-8.793259859085083008e-01 9.033913612365722656e-01 1.468309521675109863e+00 -6.652377247810363770e-01 2.131217956542968750e+00 -9.597420692443847656e-01 -1.234469413757324219e+00 -1.020755887031555176e+00 1.602010726928710938e+00 -7.349636554718017578e-01 -6.974357962608337402e-01 -5.794824361801147461e-01 -1.378834694623947144e-01 2.981108427047729492e-01 1.802163124084472656e+00 1.360249996185302734e+00 1.360885500907897949e+00 -1.275607943534851074e-01 -8.512624502182006836e-01 -9.484115988016128540e-02
-6.846336722373962402e-01 1.090381145477294922e+00 2.098395824432373047e+00 -4.923754632472991943e-01 2.532886266708374023e+00 -1.252844929695129395e+00 -1.121906280517578125e+00 -1.208185076713562012e+00 2.067397117614746094e+00 -6.438197493553161621e-01 -1.130595326423645020e+00 -1.114617705345153809e+00 -2.012712806463241577e-01 -4.843435287475585938e-01 2.170802831649780273e+00 1.178812384605407715e+00 1.318903326988220215e+00 -1.089836135506629944e-01 -1.205230355262756348e+00 -1.497208774089813232e-01
-6.609715223312377930e-01 1.231804609298706055e+00 2.273118495941162109e+00 -5.344765782356262207e-01 2.530162096023559570e+00 -1.354112029075622559e+00 -1.063532710075378418e+00 -1.340103268623352051e+00 2.195648908615112305e+00 -5.626475811004638672e-01 -1.274600505828857422e+00 -1.315582156181335449e+00 -2.784309983253479004e-01 -7.034160494804382324e-01 2.261451721191406250e+00 1.063125491142272949e+00 1.367055058479309082e+00 -1.415964812040328979e-01 -1.373537063598632812e+00 -1.958252787590026855e-01
-6.593439579010009766e-01 1.317225098609924316e+00 2.313441753387451172e+00 -5.818083286285400391e-01 2.502514839172363281e+00 -1.376842617988586426e+00 -1.045155525207519531e+00 -1.388108968734741211e+00 2.238928556442260742e+00 -5.505685806274414062e-01 -1.320421576499938965e+00 -1.375000000000000000e+00 -3.263225853443145752e-01 -7.577354907989501953e-01 2.276954174041748047e+00 1.006378412246704102e+00 1.400237560272216797e+00 -1.522721052169799805e-01 -1.436655879020690918e+00 -2.126693427562713623e-01
