-1.020135164260864258e+00 1.356614112854003906e+00 2.332669019699096680e+00 -1.170061707496643066e+00 1.283264756202697754e+00 -1.075304388999938965e+00 -9.169071912765502930e-01 -9.825835824012756348e-01 1.343134522438049316e+00 -5.024561285972595215e-01 -1.003181099891662598e+00 -8.438324928283691406e-01 -8.222430348396301270e-01 -1.496509611606597900e-01 2.010683059692382812e+00 1.377365589141845703e+00 1.322022676467895508e+00 -5.280990153551101685e-03 -1.700816273689270020e+00 -6.565260291099548340e-01
-1.013065814971923828e+00 1.394924640655517578e+00 2.334491252899169922e+00 -1.201961755752563477e+00 1.255373239517211914e+00 -1.107097029685974121e+00 -8.500676155090332031e-01 -1.037682294845581055e+00 1.369837641716003418e+00 -4.778492450714111328e-01 -1.007583737373352051e+00 -8.612213134765625000e-01 -8.306983113288879395e-01 -1.390949785709381104e-01 2.001069068908691406e+00 1.372508883476257324e+00 1.354444265365600586e+00 -1.910809613764286041e-02 -1.707416892051696777e+00 -7.328995466232299805e-01
-9.881209731101989746e-01 1.415103316307067871e+00 2.319752216339111328e+00 -1.211901664733886719e+00 1.255366086959838867e+00 -1.104404330253601074e+00 -7.662253379821777344e-01 -1.088075876235961914e+00 1.415221929550170898e+00 -4.697162806987762451e-01 -1.022247791290283203e+00 -8.913889527320861816e-01 -8.390309214591979980e-01 -1.681719273328781128e-01 1.994063258171081543e+00 1.348899841308593750e+00 1.381149291992187500e+00 -1.703511737287044525e-02 -1.701708197593688965e+00 -7.925692796707153320e-01
-9.223041534423828125e-01 1.373770356178283691e+00 2.251196861267089844e+00 -1.168089628219604492e+00 1.294478535652160645e+00 -1.046547293663024902e+00 -6.470950841903686523e-01 -1.110535860061645508e+00 1.501552581787109375e+00 -4.838765561580657959e-01 -1.058699488639831543e+00 -9.509264826774597168e-01 -8.164277076721191406e-01 -2.388800978660583496e-01 1.981805205345153809e+00 1.290099501609802246e+00 1.410447835922241211e+00 1.948777213692665100e-02 -1.646666526794433594e+00 -8.039186000823974609e-01
-7.887501716613769531e-01 1.261920928955078125e+00 2.066792488098144531e+00 -1.083599925041198730e+00 1.431942939758300781e+00 -9.076358675956726074e-01 -5.293728113174438477e-01 -1.130938172340393066e+00 1.629006505012512207e+00 -5.144007802009582520e-01 -1.097518682479858398e+00 -1.030481815338134766e+00 -7.573988437652587891e-01 -3.511783480644226074e-01 1.933707952499389648e+00 1.176292181015014648e+00 1.464547514915466309e+00 7.200105488300323486e-02 -1.531393051147460938e+00 -7.537801861763000488e-01
-6.881186962127685547e-01 1.119605541229248047e+00 1.744312524795532227e+00 -9.901012778282165527e-01 1.656683564186096191e+00 -7.247598171234130859e-01 -5.586737394332885742e-01 -1.184317588806152344e+00 1.748341441154479980e+00 -5.322732925415039062e-01 -1.088037133216857910e+00 -1.114944815635681152e+00 -6.140313744544982910e-01 -4.170389473438262939e-01 1.890285015106201172e+00 1.070805311203002930e+00 1.545886039733886719e+00 6.177446618676185608e-02 -1.361039876937866211e+00 -5.743141174316406250e-01
-7.107537984848022461e-01 1.094832420349121094e+00 1.568202376365661621e+00 -9.426130056381225586e-01 1.936531901359558105e+00 -7.240011096000671387e-01 -7.803694009780883789e-01 -1.298417568206787109e+00 1.832945942878723145e+00 -5.276052355766296387e-01 -1.007260918617248535e+00 -1.148848533630371094e+00 -4.960018396377563477e-01 -3.299984037876129150e-01 1.875101208686828613e+00 1.062970995903015137e+00 1.656023859977722168e+00 -1.452092826366424561e-02 -1.276853084564208984e+00 -4.067760407924652100e-01
-7.217603325843811035e-01 1.035824775695800781e+00 1.457016825675964355e+00 -9.245221614837646484e-01 2.038516521453857422e+00 -7.150688767433166504e-01 -9.021695852279663086e-01 -1.326112747192382812e+00 1.813292264938354492e+00 -5.059379339218139648e-01 -9.273340702056884766e-01 -1.129506468772888184e+00 -4.236547052860260010e-01 -2.583529651165008545e-01 1.834837079048156738e+00 1.029630780220031738e+00 1.660923480987548828e+00 -6.887805461883544922e-02 -1.220960974693298340e+00 -2.658346593379974365e-01
-7.512077093124389648e-01 1.005275726318359375e+00 1.413683891296386719e+00 -9.281903505325317383e-01 2.036792039871215820e+00 -7.322129011154174805e-01 -1.031525850296020508e+00 -1.340060353279113770e+00 1.772648453712463379e+00 -4.627237021923065186e-01 -8.351652622222900391e-01 -1.117828607559204102e+00 -3.923110365867614746e-01 -2.015715539455413818e-01 1.826295852661132812e+00 1.013982892036437988e+00 1.654884815216064453e+00 -1.095845699310302734e-01 -1.219288945198059082e+00 -1.286759078502655029e-01
-7.918388247489929199e-01 9.854887723922729492e-01 1.424230933189392090e+00 -9.356087446212768555e-01 1.996160030364990234e+00 -7.485681176185607910e-01 -1.116038322448730469e+00 -1.337733507156372070e+00 1.724003195762634277e+00 -4.301571547985076904e-01 -7.790237665176391602e-01 -1.121813416481018066e+00 -3.839584290981292725e-01 -1.664224714040756226e-01 1.845198512077331543e+00 1.010201573371887207e+00 1.649090409278869629e+00 -1.311070770025253296e-01 -1.242478370666503906e+00 -2.660134807229042053e-02
-8.268002867698669434e-01 9.398473501205444336e-01 1.436400055885314941e+00 -9.377008676528930664e-01 1.902064442634582520e+00 -7.669479250907897949e-01 -1.168562293052673340e+00 -1.314548969268798828e+00 1.639351963996887207e+00 -3.804453611373901367e-01 -7.346169948577880859e-01 -1.124348282814025879e+00 -3.764902949333190918e-01 -1.239655017852783203e-01 1.850380063056945801e+00 9.885824322700500488e-01 1.624366879463195801e+00 -1.476841270923614502e-01 -1.261245250701904297e+00 8.048522472381591797e-02
-8.717725276947021484e-01 8.783787488937377930e-01 1.439746975898742676e+00 -9.476709365844726562e-01 1.747669219970703125e+00 -8.005850911140441895e-01 -1.204282045364379883e+00 -1.278218865394592285e+00 1.512264013290405273e+00 -3.175224363803863525e-01 -6.908714771270751953e-01 -1.103288412094116211e+00 -3.598788380622863770e-01 -4.204300045967102051e-02 1.836600899696350098e+00 9.497397541999816895e-01 1.575422167778015137e+00 -1.723167151212692261e-01 -1.262807726860046387e+00 2.019440531730651855e-01
-9.406207203865051270e-01 8.678699731826782227e-01 1.471577644348144531e+00 -1.004339456558227539e+00 1.606132745742797852e+00 -9.096013903617858887e-01 -1.248066663742065430e+00 -1.279211163520812988e+00 1.397342443466186523e+00 -2.754074037075042725e-01 -6.492512226104736328e-01 -1.042077183723449707e+00 -3.239971995353698730e-01 1.278188228607177734e-01 1.817090392112731934e+00 9.425609707832336426e-01 1.557946085929870605e+00 -2.149676233530044556e-01 -1.255579352378845215e+00 2.804442048072814941e-01
-1.039006114006042480e+00 9.444992542266845703e-01 1.560839653015136719e+00 -1.115786314010620117e+00 1.472234487533569336e+00 -1.166628956794738770e+00 -1.222446203231811523e+00 -1.386474251747131348e+00 1.343918204307556152e+00 -2.491088211536407471e-01 -6.254135370254516602e-01 -9.579254984855651855e-01 -2.852557301521301270e-01 3.755510449409484863e-01 1.806558847427368164e+00 9.576882123947143555e-01 1.574732184410095215e+00 -2.939924895763397217e-01 -1.257081508636474609e+00 2.630755305290222168e-01
-1.142925381660461426e+00 1.152776360511779785e+00 1.588053345680236816e+00 -1.285433650016784668e+00 1.411694169044494629e+00 -1.475136876106262207e+00 -1.118709325790405273e+00 -1.624115586280822754e+00 1.403087139129638672e+00 -2.495152354240417480e-01 -6.453654766082763672e-01 -8.786131739616394043e-01 -1.967227309942245483e-01 6.412689089775085449e-01 1.846479296684265137e+00 9.629406332969665527e-01 1.639783620834350586e+00 -4.641061127185821533e-01 -1.188759803771972656e+00 1.357713937759399414e-01
-1.212671637535095215e+00 1.308702468872070312e+00 1.495988726615905762e+00 -1.403436899185180664e+00 1.391157031059265137e+00 -1.648034095764160156e+00 -9.313380718231201172e-01 -1.844326496124267578e+00 1.465284347534179688e+00 -2.796264886856079102e-01 -6.527123451232910156e-01 -7.951639294624328613e-01 -1.154104322195053101e-01 8.685274720191955566e-01 1.823639154434204102e+00 9.344179630279541016e-01 1.685278773307800293e+00 -6.270526647567749023e-01 -1.048161506652832031e+00 -1.261948049068450928e-02
-1.235823988914489746e+00 1.439117789268493652e+00 1.362039208412170410e+00 -1.432327747344970703e+00 1.393602728843688965e+00 -1.677714109420776367e+00 -7.848443984985351562e-01 -1.973068594932556152e+00 1.521179914474487305e+00 -3.519073724746704102e-01 -6.529618501663208008e-01 -7.282323241233825684e-01 -6.344778835773468018e-02 9.530383348464965820e-01 1.749102711677551270e+00 8.631569147109985352e-01 1.668873667716979980e+00 -7.094914913177490234e-01 -8.899197578430175781e-01 -1.392962932586669922e-01
-1.178818106651306152e+00 1.541142821311950684e+00 1.287978649139404297e+00 -1.449877500534057617e+00 1.487863421440124512e+00 -1.660128116607666016e+00 -7.253822088241577148e-01 -2.025810956954956055e+00 1.624129652976989746e+00 -4.136653244495391846e-01 -6.553193330764770508e-01 -7.046374082565307617e-01 -5.451306328177452087e-02 9.471771717071533203e-01 1.684401869773864746e+00 8.005802035331726074e-01 1.698945760726928711e+00 -7.295330166816711426e-01 -8.069462776184082031e-01 -2.390353679656982422e-01
-1.120629668235778809e+00 1.595190286636352539e+00 1.250828742980957031e+00 -1.451862454414367676e+00 1.613658547401428223e+00 -1.625747919082641602e+00 -7.213276624679565430e-01 -2.049110651016235352e+00 1.748350143432617188e+00 -4.522444009780883789e-01 -6.735690832138061523e-01 -7.140123844146728516e-01 -5.734306201338768005e-02 9.262778162956237793e-01 1.648672461509704590e+00 7.725470066070556641e-01 1.764221191406250000e+00 -7.322192788124084473e-01 -7.825883626937866211e-01 -2.994311749935150146e-01
-1.087095737457275391e+00 1.654985785484313965e+00 1.243574976921081543e+00 -1.456368088722229004e+00 1.739198565483093262e+00 -1.583647131919860840e+00 -7.761337757110595703e-01 -2.051913261413574219e+00 1.850219011306762695e+00 -4.953221678733825684e-01 -6.737008094787597656e-01 -7.187126874923706055e-01 -7.514031231403350830e-02 8.973648548126220703e-01 1.630769848823547363e+00 7.923463582992553711e-01 1.828721880912780762e+00 -7.153107523918151855e-01 -7.928130030632019043e-01 -3.572325408458709717e-01
-1.059069871902465820e+00 1.691862463951110840e+00 1.251421570777893066e+00 -1.435225844383239746e+00 1.841900706291198730e+00 -1.548406720161437988e+00 -8.421410322189331055e-01 -2.037963390350341797e+00 1.918938875198364258e+00 -5.257146358489990234e-01 -6.627720594406127930e-01 -7.231672406196594238e-01 -1.077335029840469360e-01 8.708909153938293457e-01 1.597075104713439941e+00 8.225362896919250488e-01 1.879990696907043457e+00 -6.824176311492919922e-01 -8.239865303039550781e-01 -3.999889194965362549e-01
-1.019103407859802246e+00 1.708765983581542969e+00 1.258646011352539062e+00 -1.412680506706237793e+00 1.909847497940063477e+00 -1.484820365905761719e+00 -9.072285890579223633e-01 -1.994383096694946289e+00 1.968220233917236328e+00 -5.420984029769897461e-01 -6.601732969284057617e-01 -7.269174456596374512e-01 -1.598749458789825439e-01 8.137567639350891113e-01 1.554050922393798828e+00 8.337324857711791992e-01 1.908970475196838379e+00 -6.277450323104858398e-01 -8.727684020996093750e-01 -4.392096400260925293e-01
-9.636189341545104980e-01 1.709912419319152832e+00 1.279248714447021484e+00 -1.387195825576782227e+00 1.965015172958374023e+00 -1.411165118217468262e+00 -9.657131433486938477e-01 -1.924273967742919922e+00 1.997531414031982422e+00 -5.525777935981750488e-01 -6.583551168441772461e-01 -7.281188368797302246e-01 -2.262402474880218506e-01 7.229030132293701172e-01 1.523578882217407227e+00 8.295237421989440918e-01 1.908236145973205566e+00 -5.695264935493469238e-01 -9.301338791847229004e-01 -4.613358974456787109e-01
-8.966525197029113770e-01 1.671470403671264648e+00 1.301293611526489258e+00 -1.351336121559143066e+00 1.995559692382812500e+00 -1.318556427955627441e+00 -9.949557781219482422e-01 -1.830566406250000000e+00 1.999764561653137207e+00 -5.492483377456665039e-01 -6.749416589736938477e-01 -7.342540025711059570e-01 -2.924681901931762695e-01 5.961070060729980469e-01 1.497640848159790039e+00 7.988129854202270508e-01 1.856335520744323730e+00 -5.045047998428344727e-01 -9.802580475807189941e-01 -4.557160437107086182e-01
-8.217157125473022461e-01 1.622116684913635254e+00 1.309796929359436035e+00 -1.325577735900878906e+00 1.990549564361572266e+00 -1.200303435325622559e+00 -1.002482891082763672e+00 -1.710291981697082520e+00 1.966544508934020996e+00 -5.317853689193725586e-01 -6.875445842742919922e-01 -7.452768683433532715e-01 -3.560320138931274414e-01 4.308965504169464111e-01 1.495423197746276855e+00 7.671318054199218750e-01 1.765783667564392090e+00 -4.497855305671691895e-01 -1.023079872131347656e+00 -4.485780894756317139e-01
-7.287350893020629883e-01 1.559679865837097168e+00 1.320224881172180176e+00 -1.280105352401733398e+00 1.910405874252319336e+00 -1.052006840705871582e+00 -9.893887042999267578e-01 -1.498712658882141113e+00 1.865683317184448242e+00 -5.405380129814147949e-01 -7.009768486022949219e-01 -6.863459944725036621e-01 -4.036581516265869141e-01 2.166833877563476562e-01 1.494903683662414551e+00 7.455914616584777832e-01 1.556085705757141113e+00 -3.789317309856414795e-01 -1.032869815826416016e+00 -4.565531015396118164e-01
-6.727586388587951660e-01 1.474219083786010742e+00 1.434096455574035645e+00 -1.165211319923400879e+00 1.766639947891235352e+00 -9.437505602836608887e-01 -9.708207845687866211e-01 -1.213972926139831543e+00 1.704585194587707520e+00 -5.993872284889221191e-01 -7.357656955718994141e-01 -5.710015296936035156e-01 -4.504077136516571045e-01 -1.541331410408020020e-03 1.542956352233886719e+00 7.609132528305053711e-01 1.248047947883605957e+00 -2.718702852725982666e-01 -1.035901665687561035e+00 -4.622813165187835693e-01
-7.392528653144836426e-01 1.423879981040954590e+00 1.743609666824340820e+00 -1.026535272598266602e+00 1.615768909454345703e+00 -9.320655465126037598e-01 -9.715051651000976562e-01 -9.762263894081115723e-01 1.571690797805786133e+00 -6.770017147064208984e-01 -8.221082687377929688e-01 -5.338326096534729004e-01 -5.518146157264709473e-01 -1.833688318729400635e-01 1.698108077049255371e+00 9.037740230560302734e-01 1.034709453582763672e+00 -1.383496224880218506e-01 -1.161437749862670898e+00 -4.945745468139648438e-01
-8.082360625267028809e-01 1.434485793113708496e+00 1.987940788269042969e+00 -9.512417316436767578e-01 1.533099174499511719e+00 -9.706243872642517090e-01 -9.548699855804443359e-01 -8.584936261177062988e-01 1.529388427734375000e+00 -7.527100443840026855e-01 -9.006772041320800781e-01 -5.446184873580932617e-01 -6.384891867637634277e-01 -2.913008928298950195e-01 1.802481651306152344e+00 1.061031341552734375e+00 9.762175083160400391e-01 -2.381335385143756866e-02 -1.267357707023620605e+00 -5.753638148307800293e-01
-8.615105152130126953e-01 1.494389057159423828e+00 2.164680957794189453e+00 -9.014101624488830566e-01 1.492424011230468750e+00 -1.034068107604980469e+00 -9.356628656387329102e-01 -8.256503939628601074e-01 1.521840691566467285e+00 -8.096169829368591309e-01 -9.662082195281982422e-01 -5.668910741806030273e-01 -6.998804211616516113e-01 -3.631753921508789062e-01 1.871118426322937012e+00 1.162382960319519043e+00 9.552946090698242188e-01 4.165172204375267029e-02 -1.341664075851440430e+00 -6.521376967430114746e-01
-9.042326807975769043e-01 1.581426382064819336e+00 2.252042531967163086e+00 -8.939526677131652832e-01 1.476429224014282227e+00 -1.092525243759155273e+00 -9.133168458938598633e-01 -8.484901785850524902e-01 1.544846057891845703e+00 -8.628293871879577637e-01 -1.002877712249755859e+00 -5.808016061782836914e-01 -7.343736886978149414e-01 -3.927450776100158691e-01 1.926880240440368652e+00 1.220994830131530762e+00 9.642043113708496094e-01 5.370474234223365784e-02 -1.378203392028808594e+00 -7.164365649223327637e-01
-9.163260459899902344e-01 1.690852761268615723e+00 2.252864599227905273e+00 -9.031408429145812988e-01 1.501927256584167480e+00 -1.135713219642639160e+00 -8.997489213943481445e-01 -9.077931046485900879e-01 1.591367363929748535e+00 -9.026936292648315430e-01 -9.830089807510375977e-01 -5.883091092109680176e-01 -7.148591279983520508e-01 -4.137309193611145020e-01 1.966107606887817383e+00 1.251391410827636719e+00 9.798716306686401367e-01 1.571166142821311951e-02 -1.360351681709289551e+00 -7.796159386634826660e-01
-8.935426473617553711e-01 1.769602179527282715e+00 2.123234272003173828e+00 -8.912498354911804199e-01 1.498352289199829102e+00 -1.169033288955688477e+00 -8.724505901336669922e-01 -9.915519356727600098e-01 1.614204168319702148e+00 -9.015955328941345215e-01 -9.254896640777587891e-01 -5.890651941299438477e-01 -6.410859227180480957e-01 -4.176656901836395264e-01 1.949655175209045410e+00 1.214384317398071289e+00 9.777430295944213867e-01 -7.456044852733612061e-02 -1.273778796195983887e+00 -7.865915894508361816e-01
-7.891912460327148438e-01 1.792407274246215820e+00 1.782218456268310547e+00 -8.592571616172790527e-01 1.470676779747009277e+00 -1.181573629379272461e+00 -8.275151252746582031e-01 -1.096230387687683105e+00 1.633312106132507324e+00 -8.318400979042053223e-01 -7.837016582489013672e-01 -5.946995019912719727e-01 -4.681931138038635254e-01 -3.633877336978912354e-01 1.808795094490051270e+00 1.104672074317932129e+00 9.989132881164550781e-01 -2.053780704736709595e-01 -1.059087395668029785e+00 -7.457859516143798828e-01
-7.643549442291259766e-01 1.777051687240600586e+00 1.398294687271118164e+00 -9.219963550567626953e-01 1.527035713195800781e+00 -1.243359804153442383e+00 -8.399119377136230469e-01 -1.399689316749572754e+00 1.704284071922302246e+00 -6.872581243515014648e-01 -6.504670381546020508e-01 -6.594668030738830566e-01 -2.973738908767700195e-01 -1.231894940137863159e-01 1.600416064262390137e+00 9.547856450080871582e-01 1.195497870445251465e+00 -3.835390806198120117e-01 -8.587870001792907715e-01 -6.481598615646362305e-01
-8.673058152198791504e-01 1.732896924018859863e+00 1.124077796936035156e+00 -1.036572575569152832e+00 1.564668178558349609e+00 -1.257428646087646484e+00 -9.658017158508300781e-01 -1.631024241447448730e+00 1.735635638236999512e+00 -5.342225432395935059e-01 -5.217121839523315430e-01 -7.275649309158325195e-01 -2.245779037475585938e-01 1.879344731569290161e-01 1.489198207855224609e+00 9.195518493652343750e-01 1.461910009384155273e+00 -5.424462556838989258e-01 -8.105633258819580078e-01 -4.957163929939270020e-01
-9.534629583358764648e-01 1.730402231216430664e+00 1.099383115768432617e+00 -1.142331361770629883e+00 1.695990800857543945e+00 -1.326176524162292480e+00 -1.068653106689453125e+00 -1.828671813011169434e+00 1.828528642654418945e+00 -4.495458304882049561e-01 -5.024598836898803711e-01 -8.605547547340393066e-01 -2.332700192928314209e-01 3.957000672817230225e-01 1.531519293785095215e+00 9.518785476684570312e-01 1.760689973831176758e+00 -6.036730408668518066e-01 -8.898857235908508301e-01 -4.023340046405792236e-01
-9.930057525634765625e-01 1.703944921493530273e+00 1.092352271080017090e+00 -1.204609155654907227e+00 1.757093906402587891e+00 -1.361820101737976074e+00 -1.137015104293823242e+00 -1.924978971481323242e+00 1.869332671165466309e+00 -3.787835836410522461e-01 -4.971385598182678223e-01 -9.529286026954650879e-01 -2.430211603641510010e-01 5.153395533561706543e-01 1.560290098190307617e+00 9.511434435844421387e-01 1.937676072120666504e+00 -6.285970807075500488e-01 -9.512895345687866211e-01 -3.093377649784088135e-01
-1.003271818161010742e+00 1.671377658843994141e+00 1.102402329444885254e+00 -1.222226142883300781e+00 1.772654891014099121e+00 -1.384119153022766113e+00 -1.197812795639038086e+00 -1.943415403366088867e+00 1.869998693466186523e+00 -3.240939676761627197e-01 -4.859647750854492188e-01 -9.926938414573669434e-01 -2.428150773048400879e-01 5.752486586570739746e-01 1.575190305709838867e+00 9.466028809547424316e-01 2.008798122406005859e+00 -6.320101022720336914e-01 -9.803673028945922852e-01 -2.366755306720733643e-01
-9.977810382843017578e-01 1.601878523826599121e+00 1.102124691009521484e+00 -1.180809974670410156e+00 1.748897314071655273e+00 -1.387621879577636719e+00 -1.231841206550598145e+00 -1.910613059997558594e+00 1.841687798500061035e+00 -2.768819928169250488e-01 -4.714184701442718506e-01 -1.019576549530029297e+00 -2.092483341693878174e-01 5.771437883377075195e-01 1.587906479835510254e+00 9.378550648689270020e-01 1.999917984008789062e+00 -6.289488673210144043e-01 -9.794364571571350098e-01 -1.445114612579345703e-01
-9.925245642662048340e-01 1.478934764862060547e+00 1.164837837219238281e+00 -1.066012501716613770e+00 1.671651601791381836e+00 -1.377912163734436035e+00 -1.274380326271057129e+00 -1.794452428817749023e+00 1.777787685394287109e+00 -2.378502786159515381e-01 -4.525859951972961426e-01 -1.056102037429809570e+00 -1.550849676132202148e-01 5.033251643180847168e-01 1.627748250961303711e+00 9.390031099319458008e-01 1.900732517242431641e+00 -5.832698941230773926e-01 -9.878324270248413086e-01 8.261915296316146851e-03
-1.015027523040771484e+00 1.287672519683837891e+00 1.329013824462890625e+00 -8.604017496109008789e-01 1.514919519424438477e+00 -1.348995804786682129e+00 -1.318661093711853027e+00 -1.566252112388610840e+00 1.603782415390014648e+00 -2.302128374576568604e-01 -4.291262328624725342e-01 -1.048272013664245605e+00 -8.426927030086517334e-02 3.757212162017822266e-01 1.679563641548156738e+00 9.960236549377441406e-01 1.650986075401306152e+00 -4.734391570091247559e-01 -1.011731505393981934e+00 1.787513494491577148e-01
-1.080910086631774902e+00 1.167879939079284668e+00 1.599004387855529785e+00 -7.155551314353942871e-01 1.424710750579833984e+00 -1.282206177711486816e+00 -1.316701650619506836e+00 -1.312087893486022949e+00 1.408227443695068359e+00 -3.232918083667755127e-01 -5.043722391128540039e-01 -9.593395590782165527e-01 -1.052831113338470459e-01 2.219427824020385742e-01 1.799578070640563965e+00 1.174305558204650879e+00 1.396787762641906738e+00 -3.069010078907012939e-01 -1.092741250991821289e+00 1.315483152866363525e-01
-1.122534036636352539e+00 1.137701630592346191e+00 1.848370909690856934e+00 -6.334538459777832031e-01 1.473031282424926758e+00 -1.203070163726806641e+00 -1.226907372474670410e+00 -1.135383367538452148e+00 1.341462612152099609e+00 -4.901803135871887207e-01 -6.548460721969604492e-01 -9.000134468078613281e-01 -1.713954061269760132e-01 7.227409631013870239e-02 1.938259243965148926e+00 1.342581152915954590e+00 1.274823188781738281e+00 -1.568144112825393677e-01 -1.168899297714233398e+00 -4.151333868503570557e-02
-1.157202005386352539e+00 1.161210298538208008e+00 2.017172098159790039e+00 -6.334438920021057129e-01 1.533724308013916016e+00 -1.151221990585327148e+00 -1.130010604858398438e+00 -1.049012184143066406e+00 1.356880664825439453e+00 -6.442157030105590820e-01 -7.820521593093872070e-01 -8.438735008239746094e-01 -2.528157830238342285e-01 -1.288212835788726807e-03 2.017236471176147461e+00 1.437242150306701660e+00 1.228374481201171875e+00 -5.355391278862953186e-02 -1.209394812583923340e+00 -1.880038678646087646e-01
-1.159827351570129395e+00 1.195819735527038574e+00 2.108482837677001953e+00 -6.609584093093872070e-01 1.583658695220947266e+00 -1.102559566497802734e+00 -1.047094106674194336e+00 -1.007532954216003418e+00 1.394129157066345215e+00 -7.419054508209228516e-01 -8.707944154739379883e-01 -8.135131597518920898e-01 -3.185594081878662109e-01 -6.888380646705627441e-02 2.080609560012817383e+00 1.502726197242736816e+00 1.215804576873779297e+00 3.042232245206832886e-03 -1.232522845268249512e+00 -3.104751408100128174e-01
-1.163281321525573730e+00 1.248993873596191406e+00 2.151409149169921875e+00 -7.068452239036560059e-01 1.602131724357604980e+00 -1.065050959587097168e+00 -1.015075445175170898e+00 -9.941207766532897949e-01 1.439601659774780273e+00 -8.016624450683593750e-01 -9.149405956268310547e-01 -7.900261878967285156e-01 -3.790432512760162354e-01 -1.176584959030151367e-01 2.131846904754638672e+00 1.557563424110412598e+00 1.225057482719421387e+00 3.409347310662269592e-02 -1.255202531814575195e+00 -4.089923202991485596e-01
-1.158255696296691895e+00 1.311864852905273438e+00 2.160593986511230469e+00 -7.685159444808959961e-01 1.618527770042419434e+00 -1.044993758201599121e+00 -9.888868331909179688e-01 -1.014033913612365723e+00 1.500853896141052246e+00 -8.398976922035217285e-01 -9.551969766616821289e-01 -7.761017680168151855e-01 -4.158018529415130615e-01 -1.591746360063552856e-01 2.175284385681152344e+00 1.591080307960510254e+00 1.251348972320556641e+00 4.410958662629127502e-02 -1.273003220558166504e+00 -4.970838427543640137e-01
-1.143703937530517578e+00 1.363100409507751465e+00 2.132556915283203125e+00 -8.335495591163635254e-01 1.628544807434082031e+00 -1.017070174217224121e+00 -9.535226821899414062e-01 -1.030536770820617676e+00 1.551542639732360840e+00 -8.720253705978393555e-01 -9.757151603698730469e-01 -7.505939006805419922e-01 -4.462197422981262207e-01 -1.877210140228271484e-01 2.197018623352050781e+00 1.605369210243225098e+00 1.268317580223083496e+00 3.551423177123069763e-02 -1.270126819610595703e+00 -5.736280083656311035e-01
-1.101531863212585449e+00 1.410423278808593750e+00 2.048510074615478516e+00 -9.221611022949218750e-01 1.647390127182006836e+00 -9.828738570213317871e-01 -9.032747745513916016e-01 -1.061491250991821289e+00 1.606567859649658203e+00 -8.933132886886596680e-01 -9.734359979629516602e-01 -7.134975790977478027e-01 -4.712483882904052734e-01 -1.922050118446350098e-01 2.178452014923095703e+00 1.610385298728942871e+00 1.313542366027832031e+00 1.172464713454246521e-02 -1.245804309844970703e+00 -6.767763495445251465e-01
-1.049884080886840820e+00 1.435710549354553223e+00 1.903732657432556152e+00 -1.031881332397460938e+00 1.664207816123962402e+00 -9.453177452087402344e-01 -8.339710235595703125e-01 -1.122048854827880859e+00 1.657305955886840820e+00 -8.969744443893432617e-01 -9.590866565704345703e-01 -6.721789836883544922e-01 -4.965016245841979980e-01 -1.612211763858795166e-01 2.120210886001586914e+00 1.594724416732788086e+00 1.388460755348205566e+00 -3.324535489082336426e-02 -1.202245593070983887e+00 -7.813466191291809082e-01
-1.020436882972717285e+00 1.413495063781738281e+00 1.750346422195434570e+00 -1.133844971656799316e+00 1.684970617294311523e+00 -9.172224402427673340e-01 -7.883739471435546875e-01 -1.200410723686218262e+00 1.682077169418334961e+00 -8.742886781692504883e-01 -9.634735584259033203e-01 -6.279441714286804199e-01 -5.177796483039855957e-01 -6.859281659126281738e-02 2.057366609573364258e+00 1.543073654174804688e+00 1.463673830032348633e+00 -8.822914958000183105e-02 -1.153120040893554688e+00 -8.396604061126708984e-01
-1.030119061470031738e+00 1.394376873970031738e+00 1.611096382141113281e+00 -1.227598190307617188e+00 1.732544898986816406e+00 -9.337565898895263672e-01 -7.510154247283935547e-01 -1.310158729553222656e+00 1.718312740325927734e+00 -8.788624405860900879e-01 -9.577190876007080078e-01 -5.713520646095275879e-01 -5.312136411666870117e-01 1.225693002343177795e-01 1.951626062393188477e+00 1.462739109992980957e+00 1.553280115127563477e+00 -1.465427726507186890e-01 -1.088998913764953613e+00 -8.467620611190795898e-01
-1.043358325958251953e+00 1.355522871017456055e+00 1.471935987472534180e+00 -1.244677543640136719e+00 1.769277572631835938e+00 -9.585439562797546387e-01 -7.357261180877685547e-01 -1.398719310760498047e+00 1.732618570327758789e+00 -8.853355646133422852e-01 -9.232764244079589844e-01 -5.422778129577636719e-01 -5.297113060951232910e-01 3.123017847537994385e-01 1.809948921203613281e+00 1.353951334953308105e+00 1.630161404609680176e+00 -1.872195005416870117e-01 -1.020881295204162598e+00 -7.779601812362670898e-01
-1.037758469581604004e+00 1.321391701698303223e+00 1.316340565681457520e+00 -1.184316754341125488e+00 1.829311132431030273e+00 -9.755257368087768555e-01 -7.460023164749145508e-01 -1.468360066413879395e+00 1.781753420829772949e+00 -8.868184685707092285e-01 -8.730671405792236328e-01 -5.655035376548767090e-01 -4.870265722274780273e-01 4.661535024642944336e-01 1.642118215560913086e+00 1.205643653869628906e+00 1.710163950920104980e+00 -2.182922512292861938e-01 -9.392806887626647949e-01 -6.514196991920471191e-01
-9.813167452812194824e-01 1.276071786880493164e+00 1.154213666915893555e+00 -1.019781589508056641e+00 1.897994279861450195e+00 -1.008356571197509766e+00 -7.366144657135009766e-01 -1.534451961517333984e+00 1.840548992156982422e+00 -8.415061235427856445e-01 -8.543708324432373047e-01 -6.423428058624267578e-01 -3.918802142143249512e-01 5.287009477615356445e-01 1.456919789314270020e+00 9.891474843025207520e-01 1.735816240310668945e+00 -2.590253055095672607e-01 -8.388690948486328125e-01 -4.856199622154235840e-01
-1.009298205375671387e+00 1.359325408935546875e+00 1.165914416313171387e+00 -9.085346460342407227e-01 1.985901474952697754e+00 -1.085918784141540527e+00 -8.452960252761840820e-01 -1.609322905540466309e+00 1.907733321189880371e+00 -7.832529544830322266e-01 -8.876709938049316406e-01 -7.468122243881225586e-01 -3.634634315967559814e-01 5.151720643043518066e-01 1.422431707382202148e+00 8.852530121803283691e-01 1.768144011497497559e+00 -3.120444118976593018e-01 -8.614227175712585449e-01 -3.872606158256530762e-01
-1.011795520782470703e+00 1.402456045150756836e+00 1.217319130897521973e+00 -8.417615294456481934e-01 1.995455384254455566e+00 -1.156656980514526367e+00 -9.200507402420043945e-01 -1.674077510833740234e+00 1.939931750297546387e+00 -6.848698854446411133e-01 -8.980637788772583008e-01 -8.740182518959045410e-01 -3.394443690776824951e-01 4.052706360816955566e-01 1.443877100944519043e+00 8.206540942192077637e-01 1.762742996215820312e+00 -3.536703884601593018e-01 -9.304029345512390137e-01 -2.911486923694610596e-01
-1.039487600326538086e+00 1.372032880783081055e+00 1.314570426940917969e+00 -7.623194456100463867e-01 1.925081729888916016e+00 -1.195809125900268555e+00 -9.624693393707275391e-01 -1.686968564987182617e+00 1.884716987609863281e+00 -5.836637020111083984e-01 -9.197938442230224609e-01 -9.787283539772033691e-01 -3.484111428260803223e-01 3.117451667785644531e-01 1.456655025482177734e+00 7.802270650863647461e-01 1.708705782890319824e+00 -3.453433215618133545e-01 -1.029361486434936523e+00 -2.042893171310424805e-01
-1.062465071678161621e+00 1.321588397026062012e+00 1.375601530075073242e+00 -7.205301523208618164e-01 1.814768671989440918e+00 -1.178148150444030762e+00 -9.661817550659179688e-01 -1.674413204193115234e+00 1.780166029930114746e+00 -4.955915808677673340e-01 -9.437428712844848633e-01 -1.042018055915832520e+00 -3.978903293609619141e-01 2.593483924865722656e-01 1.425174593925476074e+00 7.420206069946289062e-01 1.661166667938232422e+00 -3.120216429233551025e-01 -1.122442364692687988e+00 -1.640200912952423096e-01
-1.084604620933532715e+00 1.263946413993835449e+00 1.426923871040344238e+00 -7.383640408515930176e-01 1.669767618179321289e+00 -1.095402598381042480e+00 -9.695584774017333984e-01 -1.648209333419799805e+00 1.639836907386779785e+00 -4.022962152957916260e-01 -9.729945659637451172e-01 -1.088722229003906250e+00 -5.160603523254394531e-01 2.506474256515502930e-01 1.342205882072448730e+00 7.056207656860351562e-01 1.655308723449707031e+00 -2.501451969146728516e-01 -1.256693601608276367e+00 -1.658140122890472412e-01
-1.072622895240783691e+00 1.173141598701477051e+00 1.419567584991455078e+00 -7.934132218360900879e-01 1.496509075164794922e+00 -9.676092267036437988e-01 -9.526433944702148438e-01 -1.596090674400329590e+00 1.459171056747436523e+00 -2.938934862613677979e-01 -9.921033382415771484e-01 -1.083633899688720703e+00 -6.592265963554382324e-01 2.973033189773559570e-01 1.195952057838439941e+00 6.508657336235046387e-01 1.653326153755187988e+00 -1.733561307191848755e-01 -1.363269209861755371e+00 -1.985536515712738037e-01
-1.041128396987915039e+00 1.095027804374694824e+00 1.431010842323303223e+00 -9.601963162422180176e-01 1.353199005126953125e+00 -9.176794886589050293e-01 -9.488161802291870117e-01 -1.575491070747375488e+00 1.312080383300781250e+00 -1.524442136287689209e-01 -9.814505577087402344e-01 -1.052100419998168945e+00 -7.628215551376342773e-01 4.017918705940246582e-01 1.122666120529174805e+00 6.692843437194824219e-01 1.703239798545837402e+00 -1.284463852643966675e-01 -1.456430196762084961e+00 -2.833128869533538818e-01
-1.001676201820373535e+00 1.111972928047180176e+00 1.505008697509765625e+00 -1.301137089729309082e+00 1.288657784461975098e+00 -9.580332040786743164e-01 -9.026591777801513672e-01 -1.608728528022766113e+00 1.282401800155639648e+00 -5.513532459735870361e-02 -9.489461183547973633e-01 -9.721441268920898438e-01 -8.063070178031921387e-01 5.019846558570861816e-01 1.233406186103820801e+00 7.997964620590209961e-01 1.786252975463867188e+00 -1.803172677755355835e-01 -1.529669046401977539e+00 -4.729380607604980469e-01
-9.366059899330139160e-01 1.123815059661865234e+00 1.540861725807189941e+00 -1.550795912742614746e+00 1.252411246299743652e+00 -1.019857645034790039e+00 -8.309785127639770508e-01 -1.622198939323425293e+00 1.283282876014709473e+00 -6.472468376159667969e-04 -9.111535549163818359e-01 -8.792081475257873535e-01 -7.682515978813171387e-01 5.676604509353637695e-01 1.344727277755737305e+00 8.818520903587341309e-01 1.807214617729187012e+00 -2.508336305618286133e-01 -1.517946481704711914e+00 -6.070901155471801758e-01
-8.707129359245300293e-01 1.118633151054382324e+00 1.557770848274230957e+00 -1.686324238777160645e+00 1.251591324806213379e+00 -1.099990487098693848e+00 -7.693125009536743164e-01 -1.638548970222473145e+00 1.316942930221557617e+00 3.093298524618148804e-02 -8.808519840240478516e-01 -8.212275505065917969e-01 -6.864569783210754395e-01 6.000490784645080566e-01 1.444535970687866211e+00 9.153489470481872559e-01 1.803335666656494141e+00 -3.224304020404815674e-01 -1.465301036834716797e+00 -6.602816581726074219e-01
-8.280391693115234375e-01 1.097735881805419922e+00 1.579804182052612305e+00 -1.730493783950805664e+00 1.301115393638610840e+00 -1.193147063255310059e+00 -7.333364486694335938e-01 -1.666904330253601074e+00 1.380372762680053711e+00 3.499659150838851929e-02 -8.767411708831787109e-01 -8.054240942001342773e-01 -5.791466236114501953e-01 6.117319464683532715e-01 1.550048828125000000e+00 9.307721853256225586e-01 1.797882914543151855e+00 -3.805992305278778076e-01 -1.403062105178833008e+00 -6.381017565727233887e-01
-7.636249065399169922e-01 1.052388429641723633e+00 1.612135887145996094e+00 -1.691823244094848633e+00 1.386661171913146973e+00 -1.308562994003295898e+00 -7.105115652084350586e-01 -1.688422560691833496e+00 1.461041212081909180e+00 4.175630956888198853e-02 -8.779665231704711914e-01 -8.227865099906921387e-01 -4.208292663097381592e-01 5.847525000572204590e-01 1.656563520431518555e+00 9.202351570129394531e-01 1.771531224250793457e+00 -4.240873456001281738e-01 -1.317598700523376465e+00 -5.584689974784851074e-01
-6.725533008575439453e-01 9.878003001213073730e-01 1.695548653602600098e+00 -1.557598471641540527e+00 1.575776338577270508e+00 -1.445727705955505371e+00 -7.317178249359130859e-01 -1.690484404563903809e+00 1.592723011970520020e+00 3.588711470365524292e-02 -8.794416189193725586e-01 -9.069833755493164062e-01 -1.980092227458953857e-01 4.723729491233825684e-01 1.807913541793823242e+00 9.154877662658691406e-01 1.738388180732727051e+00 -4.320431649684906006e-01 -1.222129940986633301e+00 -4.159712195396423340e-01
-5.554846525192260742e-01 8.859915137290954590e-01 1.771459817886352539e+00 -1.297365069389343262e+00 1.779307484626770020e+00 -1.549605131149291992e+00 -7.593969106674194336e-01 -1.634329438209533691e+00 1.712939977645874023e+00 1.903118938207626343e-02 -8.853136301040649414e-01 -1.016181945800781250e+00 4.865694046020507812e-02 2.757109999656677246e-01 1.927220463752746582e+00 8.708708286285400391e-01 1.639575242996215820e+00 -4.025521278381347656e-01 -1.102256536483764648e+00 -2.236850559711456299e-01
-4.854045510292053223e-01 7.898356318473815918e-01 1.849123120307922363e+00 -9.896687269210815430e-01 1.936189770698547363e+00 -1.588197946548461914e+00 -8.158633708953857422e-01 -1.548481345176696777e+00 1.802104234695434570e+00 -1.601491123437881470e-02 -9.188808202743530273e-01 -1.126345157623291016e+00 2.389342933893203735e-01 3.364840894937515259e-02 2.013216018676757812e+00 8.517804145812988281e-01 1.507626414299011230e+00 -3.390367031097412109e-01 -1.025516867637634277e+00 -3.556567430496215820e-02
-4.927790164947509766e-01 7.321240305900573730e-01 1.906532406806945801e+00 -7.327098846435546875e-01 2.027758598327636719e+00 -1.575656294822692871e+00 -8.871904611587524414e-01 -1.498250961303710938e+00 1.838378906250000000e+00 -5.284923315048217773e-02 -9.620941877365112305e-01 -1.238052368164062500e+00 2.683925032615661621e-01 -1.439876556396484375e-01 2.036618709564208984e+00 8.804890513420104980e-01 1.460263848304748535e+00 -2.730917036533355713e-01 -1.050336122512817383e+00 7.773233950138092041e-02
-5.437633395195007324e-01 7.424595355987548828e-01 1.943635344505310059e+00 -5.931702852249145508e-01 2.031315088272094727e+00 -1.531653642654418945e+00 -9.420796632766723633e-01 -1.441845059394836426e+00 1.835343122482299805e+00 -1.132101267576217651e-01 -9.786425828933715820e-01 -1.315322875976562500e+00 2.060952186584472656e-01 -2.573162317276000977e-01 2.036739349365234375e+00 9.095333814620971680e-01 1.445406556129455566e+00 -2.195356637239456177e-01 -1.110373735427856445e+00 1.552963554859161377e-01
-6.329798698425292969e-01 7.768213152885437012e-01 2.003304243087768555e+00 -5.600627064704895020e-01 2.004987001419067383e+00 -1.450039744377136230e+00 -9.949610233306884766e-01 -1.396062850952148438e+00 1.787484169006347656e+00 -1.708999276161193848e-01 -9.721478223800659180e-01 -1.381216049194335938e+00 9.135145694017410278e-02 -3.391513824462890625e-01 2.086876630783081055e+00 9.837808609008789062e-01 1.469804048538208008e+00 -1.680258363485336304e-01 -1.213688492774963379e+00 1.912715733051300049e-01
-7.365321516990661621e-01 7.904800772666931152e-01 2.092875719070434570e+00 -5.954043865203857422e-01 1.906858086585998535e+00 -1.310853362083435059e+00 -1.038852810859680176e+00 -1.314081907272338867e+00 1.679513692855834961e+00 -2.078381180763244629e-01 -9.554740190505981445e-01 -1.411982178688049316e+00 -1.080106645822525024e-01 -3.838474750518798828e-01 2.104175806045532227e+00 1.090098500251770020e+00 1.497970938682556152e+00 -9.185510128736495972e-02 -1.374664187431335449e+00 1.691539883613586426e-01
-8.394724726676940918e-01 8.097996115684509277e-01 2.166449069976806641e+00 -7.199034690856933594e-01 1.724066972732543945e+00 -1.105745553970336914e+00 -1.075220465660095215e+00 -1.162250757217407227e+00 1.506420373916625977e+00 -2.597167193889617920e-01 -9.145079851150512695e-01 -1.329050898551940918e+00 -3.679347932338714600e-01 -3.670358061790466309e-01 2.068578720092773438e+00 1.242270588874816895e+00 1.488308191299438477e+00 -1.741636544466018677e-03 -1.539989113807678223e+00 5.784969776868820190e-02
-9.606512188911437988e-01 9.018965363502502441e-01 2.181442022323608398e+00 -9.335618615150451660e-01 1.516617298126220703e+00 -8.966389894485473633e-01 -1.104037523269653320e+00 -1.039844989776611328e+00 1.320824146270751953e+00 -3.226462006568908691e-01 -8.951451778411865234e-01 -1.158213734626770020e+00 -6.377161145210266113e-01 -2.624862790107727051e-01 2.023666381835937500e+00 1.368565559387207031e+00 1.469081044197082520e+00 3.628009185194969177e-02 -1.678499937057495117e+00 -1.336940228939056396e-01
-1.024305343627929688e+00 9.776602983474731445e-01 2.136615276336669922e+00 -1.161562085151672363e+00 1.332972049713134766e+00 -8.179830908775329590e-01 -1.091421723365783691e+00 -9.869126677513122559e-01 1.176981568336486816e+00 -3.233117759227752686e-01 -8.461406230926513672e-01 -9.587118625640869141e-01 -8.053023815155029297e-01 -8.610124886035919189e-02 1.983667135238647461e+00 1.442867875099182129e+00 1.450538396835327148e+00 1.348103955388069153e-02 -1.729099392890930176e+00 -3.209599256515502930e-01
-1.039691090583801270e+00 1.010895252227783203e+00 2.047541141510009766e+00 -1.301717162132263184e+00 1.229792594909667969e+00 -7.776300311088562012e-01 -1.054566621780395508e+00 -9.749194383621215820e-01 1.100456714630126953e+00 -2.966100275516510010e-01 -8.450258970260620117e-01 -8.463255167007446289e-01 -8.772542476654052734e-01 3.855177760124206543e-02 1.946250438690185547e+00 1.465267658233642578e+00 1.456680774688720703e+00 -3.675185143947601318e-03 -1.714194536209106445e+00 -4.476062357425689697e-01
-1.077251911163330078e+00 1.042481780052185059e+00 2.030443906784057617e+00 -1.395256400108337402e+00 1.229776382446289062e+00 -7.707774043083190918e-01 -1.037247657775878906e+00 -1.027403950691223145e+00 1.109385848045349121e+00 -3.034877181053161621e-01 -8.701710700988769531e-01 -8.244137167930603027e-01 -9.004967808723449707e-01 1.133052259683609009e-01 1.958766460418701172e+00 1.475368857383728027e+00 1.495614290237426758e+00 -2.001274377107620239e-03 -1.721170663833618164e+00 -5.024128556251525879e-01
-1.080812335014343262e+00 1.049763917922973633e+00 2.037079572677612305e+00 -1.446311473846435547e+00 1.258070468902587891e+00 -7.745053172111511230e-01 -1.002563238143920898e+00 -1.065972685813903809e+00 1.144151210784912109e+00 -3.159455358982086182e-01 -9.115495681762695312e-01 -8.205214142799377441e-01 -8.978107571601867676e-01 1.372983157634735107e-01 1.980675697326660156e+00 1.461793303489685059e+00 1.515135765075683594e+00 2.825234085321426392e-03 -1.719459414482116699e+00 -5.355915427207946777e-01
-1.034500837326049805e+00 1.051815390586853027e+00 2.072495698928833008e+00 -1.471428394317626953e+00 1.338343143463134766e+00 -8.054487705230712891e-01 -9.424096345901489258e-01 -1.097997307777404785e+00 1.224183559417724609e+00 -3.344195485115051270e-01 -9.799901247024536133e-01 -8.234432935714721680e-01 -8.663131594657897949e-01 1.044967323541641235e-01 2.028083562850952148e+00 1.432308316230773926e+00 1.520104289054870605e+00 -9.678117930889129639e-04 -1.705642700195312500e+00 -5.790519714355468750e-01
-9.320080280303955078e-01 1.043662548065185547e+00 2.118655443191528320e+00 -1.452899694442749023e+00 1.453058958053588867e+00 -8.495546579360961914e-01 -8.428729772567749023e-01 -1.089131236076354980e+00 1.351391315460205078e+00 -3.809157609939575195e-01 -1.075052022933959961e+00 -7.985683083534240723e-01 -8.138751983642578125e-01 2.327576652169227600e-02 2.069753885269165039e+00 1.367018103599548340e+00 1.474793314933776855e+00 3.718692809343338013e-03 -1.644757986068725586e+00 -6.349862217903137207e-01
-7.591984868049621582e-01 1.025662064552307129e+00 2.154551267623901367e+00 -1.369619250297546387e+00 1.608880043029785156e+00 -8.909803628921508789e-01 -7.004773616790771484e-01 -1.034350275993347168e+00 1.511616230010986328e+00 -4.596608877182006836e-01 -1.186451911926269531e+00 -7.563467621803283691e-01 -7.192025780677795410e-01 -1.346114724874496460e-01 2.103321313858032227e+00 1.255992412567138672e+00 1.373550176620483398e+00 9.452335536479949951e-03 -1.525799274444580078e+00 -6.933799386024475098e-01
-5.604344010353088379e-01 1.003888487815856934e+00 2.147154092788696289e+00 -1.179250717163085938e+00 1.803484678268432617e+00 -9.104555845260620117e-01 -5.553734302520751953e-01 -9.749618768692016602e-01 1.681594967842102051e+00 -5.813876986503601074e-01 -1.282008528709411621e+00 -7.308973670005798340e-01 -5.702005624771118164e-01 -3.650770783424377441e-01 2.077671051025390625e+00 1.079612970352172852e+00 1.209362030029296875e+00 3.931261971592903137e-02 -1.342324018478393555e+00 -6.902330517768859863e-01
-4.287762045860290527e-01 9.960744380950927734e-01 2.061276912689208984e+00 -9.735779166221618652e-01 1.970805525779724121e+00 -9.563505053520202637e-01 -5.202078223228454590e-01 -9.432545304298400879e-01 1.818093776702880859e+00 -6.578457355499267578e-01 -1.311500191688537598e+00 -7.349171042442321777e-01 -3.932866752147674561e-01 -5.060156583786010742e-01 2.024651050567626953e+00 9.510592222213745117e-01 1.098976492881774902e+00 5.150224640965461731e-02 -1.143735170364379883e+00 -6.233162283897399902e-01
-4.222738146781921387e-01 1.022537946701049805e+00 1.950847268104553223e+00 -8.169422745704650879e-01 2.040065288543701172e+00 -9.881837964057922363e-01 -5.690246820449829102e-01 -9.539625048637390137e-01 1.869951367378234863e+00 -6.898427605628967285e-01 -1.296749472618103027e+00 -7.645901441574096680e-01 -2.926688790321350098e-01 -5.409707427024841309e-01 1.979726314544677734e+00 9.083878993988037109e-01 1.071713089942932129e+00 2.715976908802986145e-02 -1.033182978630065918e+00 -5.453625321388244629e-01
-4.533533453941345215e-01 1.039913415908813477e+00 1.867875099182128906e+00 -7.223186492919921875e-01 2.036686658859252930e+00 -9.644733667373657227e-01 -6.260076761245727539e-01 -9.470172524452209473e-01 1.861673831939697266e+00 -7.194315791130065918e-01 -1.254379034042358398e+00 -7.753643393516540527e-01 -2.601977288722991943e-01 -5.480064153671264648e-01 1.928763747215270996e+00 9.218469858169555664e-01 1.062273979187011719e+00 3.131987527012825012e-02 -9.836611747741699219e-01 -5.037816762924194336e-01
-4.921407103538513184e-01 1.049666285514831543e+00 1.812935113906860352e+00 -6.964607238769531250e-01 1.981673479080200195e+00 -8.973428010940551758e-01 -6.787887811660766602e-01 -9.128993153572082520e-01 1.808003306388854980e+00 -7.451893687248229980e-01 -1.197634816169738770e+00 -7.541114687919616699e-01 -2.793892323970794678e-01 -5.371580719947814941e-01 1.878533244132995605e+00 9.736395478248596191e-01 1.057528018951416016e+00 5.963436886668205261e-02 -9.740515351295471191e-01 -5.073631405830383301e-01
-5.584266185760498047e-01 1.088354706764221191e+00 1.799996852874755859e+00 -7.693859338760375977e-01 1.917956590652465820e+00 -8.059016466140747070e-01 -7.560681104660034180e-01 -8.863108754158020020e-01 1.732871294021606445e+00 -7.745172381401062012e-01 -1.127597928047180176e+00 -7.159340977668762207e-01 -3.374168574810028076e-01 -4.937011599540710449e-01 1.863618612289428711e+00 1.086689591407775879e+00 1.089856386184692383e+00 9.903587400913238525e-02 -1.003875970840454102e+00 -5.666362643241882324e-01
-6.622853279113769531e-01 1.147911787033081055e+00 1.781131267547607422e+00 -9.449273347854614258e-01 1.778650164604187012e+00 -6.772991418838500977e-01 -8.402929306030273438e-01 -8.699600696563720703e-01 1.600665688514709473e+00 -7.777800559997558594e-01 -1.044049859046936035e+00 -6.732072830200195312e-01 -4.652224183082580566e-01 -3.982236087322235107e-01 1.862136006355285645e+00 1.243431806564331055e+00 1.179754734039306641e+00 1.381281614303588867e-01 -1.090103387832641602e+00 -6.603524088859558105e-01
-8.144804835319519043e-01 1.268261313438415527e+00 1.774584054946899414e+00 -1.238186836242675781e+00 1.613104104995727539e+00 -6.182630658149719238e-01 -9.384019374847412109e-01 -9.615063667297363281e-01 1.442680716514587402e+00 -7.160517573356628418e-01 -9.362640380859375000e-01 -6.259569525718688965e-01 -5.975898504257202148e-01 -2.196220159530639648e-01 1.899375438690185547e+00 1.426127433776855469e+00 1.318454504013061523e+00 7.707965373992919922e-02 -1.243526697158813477e+00 -7.808465957641601562e-01
-1.017020583152770996e+00 1.361120581626892090e+00 1.742316484451293945e+00 -1.558092117309570312e+00 1.422753691673278809e+00 -5.921792387962341309e-01 -1.036010146141052246e+00 -1.124032974243164062e+00 1.266400933265686035e+00 -6.037055253982543945e-01 -7.953298091888427734e-01 -6.001890301704406738e-01 -7.365716695785522461e-01 2.668290957808494568e-02 1.907554984092712402e+00 1.557028293609619141e+00 1.460528135299682617e+00 -4.155286774039268494e-02 -1.420172572135925293e+00 -8.267461657524108887e-01
-1.167880892753601074e+00 1.486189842224121094e+00 1.725548267364501953e+00 -1.872133135795593262e+00 1.316718339920043945e+00 -7.114711999893188477e-01 -1.123613119125366211e+00 -1.304035305976867676e+00 1.251204490661621094e+00 -4.854517281055450439e-01 -6.725896596908569336e-01 -6.318616271018981934e-01 -8.532418608665466309e-01 3.050238490104675293e-01 1.887944698333740234e+00 1.616940975189208984e+00 1.671089053153991699e+00 -1.781017035245895386e-01 -1.568683505058288574e+00 -8.024454712867736816e-01
-1.259355545043945312e+00 1.574270367622375488e+00 1.672596335411071777e+00 -2.036147117614746094e+00 1.254636168479919434e+00 -8.400222063064575195e-01 -1.159256339073181152e+00 -1.438807249069213867e+00 1.273440361022949219e+00 -4.084290862083435059e-01 -5.689942836761474609e-01 -6.688077449798583984e-01 -8.830007910728454590e-01 5.042992830276489258e-01 1.903359293937683105e+00 1.629973769187927246e+00 1.829003214836120605e+00 -3.103040158748626709e-01 -1.621522665023803711e+00 -7.350789308547973633e-01
-1.264277219772338867e+00 1.591910004615783691e+00 1.582723736763000488e+00 -2.082901954650878906e+00 1.206358551979064941e+00 -9.224227070808410645e-01 -1.142696738243103027e+00 -1.490815877914428711e+00 1.298557758331298828e+00 -3.505234420299530029e-01 -4.753372073173522949e-01 -6.995687484741210938e-01 -8.523689508438110352e-01 6.250216364860534668e-01 1.883954405784606934e+00 1.585186839103698730e+00 1.918599724769592285e+00 -4.010289311408996582e-01 -1.593084573745727539e+00 -6.491933465003967285e-01
-1.231885910034179688e+00 1.582409501075744629e+00 1.483754634857177734e+00 -2.045154809951782227e+00 1.175940990447998047e+00 -9.793747067451477051e-01 -1.111888170242309570e+00 -1.517238736152648926e+00 1.347271800041198730e+00 -3.259801566600799561e-01 -3.987292051315307617e-01 -7.371256947517395020e-01 -7.813041806221008301e-01 6.832426786422729492e-01 1.839705705642700195e+00 1.483925461769104004e+00 1.956648826599121094e+00 -4.617939293384552002e-01 -1.529275774955749512e+00 -5.316221117973327637e-01
-1.146503090858459473e+00 1.601410269737243652e+00 1.398640632629394531e+00 -1.980544328689575195e+00 1.173006653785705566e+00 -1.051937460899353027e+00 -1.091001868247985840e+00 -1.556730985641479492e+00 1.433971762657165527e+00 -2.835760712623596191e-01 -3.529091179370880127e-01 -7.959685325622558594e-01 -6.870727539062500000e-01 6.591429114341735840e-01 1.791922092437744141e+00 1.339033246040344238e+00 1.977382540702819824e+00 -5.152274370193481445e-01 -1.471314907073974609e+00 -4.310544133186340332e-01
-1.017211914062500000e+00 1.612666130065917969e+00 1.336755633354187012e+00 -1.853590726852416992e+00 1.209978103637695312e+00 -1.115319848060607910e+00 -1.078280091285705566e+00 -1.559321522712707520e+00 1.522650837898254395e+00 -2.558319568634033203e-01 -3.318251371383666992e-01 -8.329960703849792480e-01 -5.726805925369262695e-01 5.549076795578002930e-01 1.730797410011291504e+00 1.171591639518737793e+00 1.918664693832397461e+00 -5.180360078811645508e-01 -1.370281577110290527e+00 -3.483375608921051025e-01
-8.428679704666137695e-01 1.630314469337463379e+00 1.307145237922668457e+00 -1.663680911064147949e+00 1.297648906707763672e+00 -1.172951817512512207e+00 -1.054065942764282227e+00 -1.524214863777160645e+00 1.629828453063964844e+00 -2.479787468910217285e-01 -3.387488126754760742e-01 -8.606475591659545898e-01 -4.714890122413635254e-01 3.656078577041625977e-01 1.643888115882873535e+00 9.432654976844787598e-01 1.777336716651916504e+00 -5.096629261970520020e-01 -1.261436462402343750e+00 -2.743608653545379639e-01
-6.983476877212524414e-01 1.636168956756591797e+00 1.331441283226013184e+00 -1.421090006828308105e+00 1.402200698852539062e+00 -1.177732825279235840e+00 -1.044232726097106934e+00 -1.453018546104431152e+00 1.708873391151428223e+00 -2.729585766792297363e-01 -3.894058167934417725e-01 -8.838669061660766602e-01 -4.060142338275909424e-01 1.274799555540084839e-01 1.557054519653320312e+00 7.363200187683105469e-01 1.581044077873229980e+00 -4.720405340194702148e-01 -1.195469617843627930e+00 -2.177799046039581299e-01
-6.182978153228759766e-01 1.627062439918518066e+00 1.398834586143493652e+00 -1.184827446937561035e+00 1.480382084846496582e+00 -1.112068176269531250e+00 -9.866670370101928711e-01 -1.352297663688659668e+00 1.751613974571228027e+00 -3.516660630702972412e-01 -5.522660017013549805e-01 -9.122650027275085449e-01 -3.967978954315185547e-01 -1.706317812204360962e-01 1.573644042015075684e+00 6.087992191314697266e-01 1.363674163818359375e+00 -4.113626182079315186e-01 -1.183229565620422363e+00 -2.254845798015594482e-01
-5.587421059608459473e-01 1.573704719543457031e+00 1.569324851036071777e+00 -9.625532031059265137e-01 1.554312944412231445e+00 -1.049520373344421387e+00 -7.917129993438720703e-01 -1.235695004463195801e+00 1.804112315177917480e+00 -4.740184843540191650e-01 -7.977710962295532227e-01 -9.981097579002380371e-01 -4.316112101078033447e-01 -4.840869307518005371e-01 1.695571422576904297e+00 5.936264991760253906e-01 1.231629014015197754e+00 -3.021245896816253662e-01 -1.215965151786804199e+00 -3.217380344867706299e-01
-6.649270653724670410e-01 1.506514310836791992e+00 1.873137235641479492e+00 -8.659393191337585449e-01 1.554311990737915039e+00 -1.003605246543884277e+00 -6.619502305984497070e-01 -1.130594491958618164e+00 1.762340664863586426e+00 -6.192596554756164551e-01 -1.042253017425537109e+00 -9.816238284111022949e-01 -6.161286830902099609e-01 -6.094195246696472168e-01 1.810274481773376465e+00 7.426202297210693359e-01 1.145734190940856934e+00 -1.477588564157485962e-01 -1.350430011749267578e+00 -4.934856295585632324e-01
-7.990231513977050781e-01 1.443865180015563965e+00 2.122604846954345703e+00 -8.658725023269653320e-01 1.515156149864196777e+00 -9.745194911956787109e-01 -6.792725324630737305e-01 -1.037137269973754883e+00 1.695059299468994141e+00 -6.971395611763000488e-01 -1.125298380851745605e+00 -9.426701664924621582e-01 -7.465295195579528809e-01 -5.949071645736694336e-01 1.923315882682800293e+00 1.011139869689941406e+00 1.151983976364135742e+00 -1.324487477540969849e-02 -1.487507343292236328e+00 -6.331809163093566895e-01
-8.867034912109375000e-01 1.357685804367065430e+00 2.279989719390869141e+00 -9.222942590713500977e-01 1.453121662139892578e+00 -9.652663469314575195e-01 -7.127794027328491211e-01 -9.811917543411254883e-01 1.576937198638916016e+00 -6.904805302619934082e-01 -1.130913615226745605e+00 -8.846644163131713867e-01 -7.999420762062072754e-01 -5.009003877639770508e-01 1.994715094566345215e+00 1.233484387397766113e+00 1.173457980155944824e+00 7.013469934463500977e-02 -1.578808784484863281e+00 -7.251707315444946289e-01
-9.799841642379760742e-01 1.288681626319885254e+00 2.355826854705810547e+00 -1.033180952072143555e+00 1.400937438011169434e+00 -1.003468513488769531e+00 -7.459182739257812500e-01 -1.026485085487365723e+00 1.470960021018981934e+00 -6.093038320541381836e-01 -1.120198369026184082e+00 -8.851641416549682617e-01 -8.014163374900817871e-01 -3.581389188766479492e-01 2.080172777175903320e+00 1.384805560111999512e+00 1.250208497047424316e+00 5.229375883936882019e-02 -1.655191779136657715e+00 -7.425389289855957031e-01
-1.033162117004394531e+00 1.202106595039367676e+00 2.377034664154052734e+00 -1.125578045845031738e+00 1.350704073905944824e+00 -1.038957953453063965e+00 -7.586282491683959961e-01 -1.076224565505981445e+00 1.377751827239990234e+00 -5.072790384292602539e-01 -1.085227251052856445e+00 -9.006390571594238281e-01 -7.835216522216796875e-01 -2.255208790302276611e-01 2.118036031723022461e+00 1.470678687095642090e+00 1.321876287460327148e+00 2.071624621748924255e-02 -1.697857737541198730e+00 -7.233654260635375977e-01
-1.049029469490051270e+00 1.096104383468627930e+00 2.369537591934204102e+00 -1.181056857109069824e+00 1.318659067153930664e+00 -1.081326723098754883e+00 -7.581962347030639648e-01 -1.121707916259765625e+00 1.315584063529968262e+00 -3.982230424880981445e-01 -1.036101341247558594e+00 -9.258394837379455566e-01 -7.444136738777160645e-01 -1.129853278398513794e-01 2.117371082305908203e+00 1.499397158622741699e+00 1.373818516731262207e+00 -1.207063719630241394e-02 -1.707075953483581543e+00 -6.639423966407775879e-01
-1.049394726753234863e+00 9.608165621757507324e-01 2.322182416915893555e+00 -1.195110559463500977e+00 1.283701777458190918e+00 -1.113079190254211426e+00 -7.536860704421997070e-01 -1.175612449645996094e+00 1.248833060264587402e+00 -2.710375487804412842e-01 -9.797307252883911133e-01 -9.904714226722717285e-01 -6.812067031860351562e-01 -2.478295564651489258e-02 2.085424423217773438e+00 1.465777873992919922e+00 1.422725796699523926e+00 -4.571067914366722107e-02 -1.701451063156127930e+00 -5.335505008697509766e-01
-1.025917768478393555e+00 8.385005593299865723e-01 2.222650527954101562e+00 -1.165851354598999023e+00 1.276392340660095215e+00 -1.170648336410522461e+00 -7.677565813064575195e-01 -1.261697769165039062e+00 1.244820356369018555e+00 -1.336944848299026489e-01 -9.201569557189941406e-01 -1.116072535514831543e+00 -5.499301552772521973e-01 3.481590747833251953e-02 2.056426763534545898e+00 1.390474557876586914e+00 1.500619530677795410e+00 -8.956904709339141846e-02 -1.654596447944641113e+00 -3.410041928291320801e-01
-9.989402294158935547e-01 7.845767736434936523e-01 2.082475662231445312e+00 -1.112098574638366699e+00 1.277389168739318848e+00 -1.224653959274291992e+00 -8.712147474288940430e-01 -1.380475282669067383e+00 1.309398889541625977e+00 2.708077430725097656e-03 -8.486704826354980469e-01 -1.284640669822692871e+00 -4.360722303390502930e-01 3.297065198421478271e-02 2.020043373107910156e+00 1.258674025535583496e+00 1.600235581398010254e+00 -1.298644393682479858e-01 -1.623406648635864258e+00 -9.966369718313217163e-02
-9.484928846359252930e-01 7.804780602455139160e-01 1.895794510841369629e+00 -1.033677458763122559e+00 1.306628346443176270e+00 -1.253162264823913574e+00 -1.010843873023986816e+00 -1.472156643867492676e+00 1.398425936698913574e+00 9.765047580003738403e-02 -7.531973123550415039e-01 -1.423926353454589844e+00 -3.180668056011199951e-01 -6.292536854743957520e-04 1.966534137725830078e+00 1.111289143562316895e+00 1.677455186843872070e+00 -1.779341250658035278e-01 -1.556985974311828613e+00 1.498632431030273438e-01
-8.891503214836120605e-01 8.728898167610168457e-01 1.736537814140319824e+00 -9.749144315719604492e-01 1.365086674690246582e+00 -1.266919851303100586e+00 -1.184646368026733398e+00 -1.496502161026000977e+00 1.503443360328674316e+00 1.074568405747413635e-01 -6.530696153640747070e-01 -1.459848999977111816e+00 -2.206784486770629883e-01 -3.683086484670639038e-02 1.905151486396789551e+00 1.015275835990905762e+00 1.712439060211181641e+00 -2.135351002216339111e-01 -1.465822219848632812e+00 2.939902245998382568e-01
-8.722178936004638672e-01 1.058337211608886719e+00 1.610525488853454590e+00 -9.406781196594238281e-01 1.432533621788024902e+00 -1.309518933296203613e+00 -1.301582574844360352e+00 -1.567323207855224609e+00 1.626128196716308594e+00 6.209563463926315308e-02 -5.836068391799926758e-01 -1.483656764030456543e+00 -1.718036979436874390e-01 -4.993320256471633911e-02 1.839457869529724121e+00 9.252781867980957031e-01 1.762089967727661133e+00 -2.925941348075866699e-01 -1.392062664031982422e+00 3.693734109401702881e-01
-8.937200307846069336e-01 1.271494030952453613e+00 1.483315587043762207e+00 -9.218084812164306641e-01 1.420790672302246094e+00 -1.319493770599365234e+00 -1.376094222068786621e+00 -1.604357957839965820e+00 1.689710259437561035e+00 -1.974741369485855103e-02 -5.111629962921142578e-01 -1.455581426620483398e+00 -1.772184818983078003e-01 -5.105985701084136963e-02 1.754445075988769531e+00 8.551645278930664062e-01 1.766385555267333984e+00 -3.692330121994018555e-01 -1.323312044143676758e+00 3.885377645492553711e-01
-9.605128169059753418e-01 1.442016005516052246e+00 1.370265007019042969e+00 -9.122046232223510742e-01 1.383399605751037598e+00 -1.308909177780151367e+00 -1.375991702079772949e+00 -1.629654049873352051e+00 1.701040983200073242e+00 -1.512511074542999268e-01 -4.638999402523040771e-01 -1.378307104110717773e+00 -2.001570314168930054e-01 -2.657081186771392822e-02 1.678272604942321777e+00 8.314667940139770508e-01 1.729787230491638184e+00 -4.338466525077819824e-01 -1.243767380714416504e+00 3.610534369945526123e-01
-1.044251799583435059e+00 1.584604263305664062e+00 1.246202588081359863e+00 -9.431303739547729492e-01 1.359283804893493652e+00 -1.273734331130981445e+00 -1.306672215461730957e+00 -1.664089679718017578e+00 1.646390438079833984e+00 -3.249320983886718750e-01 -4.869857132434844971e-01 -1.222321152687072754e+00 -2.744730114936828613e-01 7.571657001972198486e-02 1.601714611053466797e+00 8.194274902343750000e-01 1.678622603416442871e+00 -4.823853373527526855e-01 -1.143990397453308105e+00 2.453952133655548096e-01
-1.147228240966796875e+00 1.699083566665649414e+00 1.207449913024902344e+00 -1.017822384834289551e+00 1.334531664848327637e+00 -1.227744579315185547e+00 -1.200232267379760742e+00 -1.628936052322387695e+00 1.565439224243164062e+00 -5.327973365783691406e-01 -5.503731966018676758e-01 -9.498534202575683594e-01 -3.991093039512634277e-01 2.364705502986907959e-01 1.567783713340759277e+00 8.505928516387939453e-01 1.563938736915588379e+00 -5.084520578384399414e-01 -1.041415333747863770e+00 3.418586403131484985e-02
-1.241741061210632324e+00 1.816254734992980957e+00 1.242632031440734863e+00 -1.093976259231567383e+00 1.332484722137451172e+00 -1.203162550926208496e+00 -1.117241382598876953e+00 -1.537351608276367188e+00 1.493964672088623047e+00 -7.644966840744018555e-01 -6.256128549575805664e-01 -5.857201218605041504e-01 -5.063345432281494141e-01 4.028273224830627441e-01 1.567741990089416504e+00 9.406706094741821289e-01 1.388581156730651855e+00 -5.077654719352722168e-01 -9.358410835266113281e-01 -2.690497934818267822e-01
-1.277763128280639648e+00 1.876138329505920410e+00 1.278051137924194336e+00 -1.131036520004272461e+00 1.376409053802490234e+00 -1.182299256324768066e+00 -1.027993083000183105e+00 -1.472753763198852539e+00 1.481102466583251953e+00 -9.177872538566589355e-01 -7.120631933212280273e-01 -3.113261163234710693e-01 -5.672876238822937012e-01 5.259423255920410156e-01 1.544418931007385254e+00 9.867864847183227539e-01 1.252792835235595703e+00 -4.923585951328277588e-01 -8.538133502006530762e-01 -5.337164402008056641e-01
-1.279850482940673828e+00 1.923720479011535645e+00 1.350216627120971680e+00 -1.148204684257507324e+00 1.498594522476196289e+00 -1.226267337799072266e+00 -9.908303022384643555e-01 -1.491328239440917969e+00 1.574690580368041992e+00 -9.997205138206481934e-01 -8.018577098846435547e-01 -2.250536233186721802e-01 -5.706234574317932129e-01 5.878463387489318848e-01 1.555984616279602051e+00 1.000716447830200195e+00 1.256542563438415527e+00 -4.693310558795928955e-01 -8.456272482872009277e-01 -6.657934784889221191e-01
-1.267299532890319824e+00 1.913843274116516113e+00 1.402867794036865234e+00 -1.131010770797729492e+00 1.682763457298278809e+00 -1.270315527915954590e+00 -9.706883430480957031e-01 -1.541824102401733398e+00 1.704582810401916504e+00 -1.059414029121398926e+00 -8.593256473541259766e-01 -2.202494442462921143e-01 -5.108075737953186035e-01 6.494887471199035645e-01 1.577781200408935547e+00 9.907439351081848145e-01 1.310510754585266113e+00 -4.478429555892944336e-01 -8.236100077629089355e-01 -6.940876245498657227e-01
-1.198524117469787598e+00 1.825932621955871582e+00 1.402315735816955566e+00 -1.064597129821777344e+00 1.901622056961059570e+00 -1.290406942367553711e+00 -9.631438255310058594e-01 -1.595978379249572754e+00 1.832488298416137695e+00 -1.059780597686767578e+00 -8.786493539810180664e-01 -2.871750593185424805e-01 -3.926324844360351562e-01 6.734521389007568359e-01 1.579960107803344727e+00 9.383301734924316406e-01 1.385076522827148438e+00 -4.227613806724548340e-01 -7.780326008796691895e-01 -6.384405493736267090e-01
-1.120871305465698242e+00 1.719168901443481445e+00 1.371464371681213379e+00 -9.972019791603088379e-01 2.086985349655151367e+00 -1.292183995246887207e+00 -9.724771976470947266e-01 -1.645719647407531738e+00 1.934324502944946289e+00 -9.902417063713073730e-01 -8.580641746520996094e-01 -4.057825207710266113e-01 -2.722570598125457764e-01 6.658823490142822266e-01 1.589274168014526367e+00 8.880688548088073730e-01 1.480303049087524414e+00 -4.232504963874816895e-01 -7.491999864578247070e-01 -5.440648794174194336e-01
-1.068013548851013184e+00 1.663810133934020996e+00 1.365407824516296387e+00 -9.639242291450500488e-01 2.224346876144409180e+00 -1.319402933120727539e+00 -1.011901736259460449e+00 -1.710433721542358398e+00 2.021538734436035156e+00 -8.861631155014038086e-01 -8.265254497528076172e-01 -5.296631455421447754e-01 -1.859820634126663208e-01 6.355057358741760254e-01 1.618399620056152344e+00 8.831128478050231934e-01 1.579107642173767090e+00 -4.555794596672058105e-01 -7.607155442237854004e-01 -4.799688458442687988e-01
-1.022238016128540039e+00 1.620837926864624023e+00 1.379795789718627930e+00 -9.645200371742248535e-01 2.293531179428100586e+00 -1.367055058479309082e+00 -1.052775382995605469e+00 -1.764965415000915527e+00 2.073626041412353516e+00 -7.815920710563659668e-01 -8.118455410003662109e-01 -6.295739412307739258e-01 -1.382016241550445557e-01 6.079623699188232422e-01 1.636799573898315430e+00 8.832937479019165039e-01 1.663405537605285645e+00 -4.770456850528717041e-01 -7.984232902526855469e-01 -4.266852438449859619e-01
-9.831538796424865723e-01 1.592022418975830078e+00 1.380015730857849121e+00 -9.824782013893127441e-01 2.306855201721191406e+00 -1.405395388603210449e+00 -1.066328406333923340e+00 -1.810694932937622070e+00 2.101975917816162109e+00 -6.908934116363525391e-01 -7.929148674011230469e-01 -7.121097445487976074e-01 -1.143321543931961060e-01 5.836656093597412109e-01 1.632952690124511719e+00 8.702460527420043945e-01 1.729648470878601074e+00 -4.962712526321411133e-01 -8.379683494567871094e-01 -3.821401894092559814e-01
-9.484780430793762207e-01 1.576588034629821777e+00 1.375579714775085449e+00 -1.003479361534118652e+00 2.304676532745361328e+00 -1.436252474784851074e+00 -1.073935270309448242e+00 -1.847104668617248535e+00 2.121454238891601562e+00 -6.169381141662597656e-01 -7.748024463653564453e-01 -7.787848711013793945e-01 -1.029663085937500000e-01 5.630403757095336914e-01 1.617731332778930664e+00 8.561657071113586426e-01 1.785369992256164551e+00 -5.129567980766296387e-01 -8.730078935623168945e-01 -3.498164713382720947e-01
-9.220847487449645996e-01 1.571263909339904785e+00 1.366227865219116211e+00 -1.033226490020751953e+00 2.288517236709594727e+00 -1.458154320716857910e+00 -1.079520225524902344e+00 -1.881216287612915039e+00 2.127357482910156250e+00 -5.536884665489196777e-01 -7.570655345916748047e-01 -8.274257183074951172e-01 -1.054476052522659302e-01 5.543125271797180176e-01 1.597369790077209473e+00 8.390402793884277344e-01 1.834602236747741699e+00 -5.281418561935424805e-01 -9.039798378944396973e-01 -3.284842073917388916e-01
