-1.038965702056884766e+00 9.652956724166870117e-01 1.653639316558837891e+00 -1.035625457763671875e+00 1.472415685653686523e+00 -5.781922340393066406e-01 -1.406692266464233398e+00 -1.005179882049560547e+00 1.316928267478942871e+00 -4.547227621078491211e-01 -7.550276517868041992e-01 -7.996356487274169922e-01 -8.140872716903686523e-01 1.532722711563110352e-01 1.686233878135681152e+00 1.181807160377502441e+00 1.509860396385192871e+00 1.057820990681648254e-01 -1.439338207244873047e+00 -3.914045915007591248e-02
-1.047700643539428711e+00 1.076695680618286133e+00 1.571211934089660645e+00 -1.163995146751403809e+00 1.566110253334045410e+00 -6.246607303619384766e-01 -1.455224871635437012e+00 -1.098412036895751953e+00 1.404051780700683594e+00 -4.827674031257629395e-01 -7.453686594963073730e-01 -7.565454244613647461e-01 -8.401488065719604492e-01 2.798821926116943359e-01 1.684805035591125488e+00 1.210180521011352539e+00 1.641405582427978516e+00 5.490042269229888916e-02 -1.407922148704528809e+00 -1.008227467536926270e-01
-1.039234519004821777e+00 1.232189655303955078e+00 1.522479057312011719e+00 -1.262642145156860352e+00 1.638687849044799805e+00 -6.906749010086059570e-01 -1.533865809440612793e+00 -1.119204282760620117e+00 1.499143958091735840e+00 -5.409577488899230957e-01 -6.643696427345275879e-01 -6.650742888450622559e-01 -8.189628124237060547e-01 3.661729991436004639e-01 1.702304244041442871e+00 1.254842281341552734e+00 1.691607832908630371e+00 -1.269319280982017517e-02 -1.342212319374084473e+00 -1.598541885614395142e-01
-1.015292406082153320e+00 1.416880011558532715e+00 1.489979863166809082e+00 -1.327778458595275879e+00 1.702194809913635254e+00 -7.863330841064453125e-01 -1.634586930274963379e+00 -1.097177505493164062e+00 1.610526084899902344e+00 -6.211553215980529785e-01 -5.272428989410400391e-01 -5.328027606010437012e-01 -7.553552389144897461e-01 4.391915798187255859e-01 1.724148750305175781e+00 1.305105447769165039e+00 1.679382681846618652e+00 -9.181730449199676514e-02 -1.240500092506408691e+00 -2.048427909612655640e-01
-9.798671603202819824e-01 1.628861784934997559e+00 1.485255956649780273e+00 -1.357221484184265137e+00 1.770958304405212402e+00 -9.405645132064819336e-01 -1.741403460502624512e+00 -1.075618386268615723e+00 1.749683499336242676e+00 -6.996884346008300781e-01 -3.734668493270874023e-01 -4.042794406414031982e-01 -6.409850716590881348e-01 4.970225095748901367e-01 1.753073215484619141e+00 1.331640124320983887e+00 1.631554961204528809e+00 -1.906303465366363525e-01 -1.118740797042846680e+00 -2.240032702684402466e-01
-9.433796405792236328e-01 1.774545073509216309e+00 1.508341670036315918e+00 -1.316684484481811523e+00 1.851732492446899414e+00 -1.092560052871704102e+00 -1.789341688156127930e+00 -1.043195724487304688e+00 1.868568658828735352e+00 -7.866204977035522461e-01 -2.569780945777893066e-01 -2.990709245204925537e-01 -4.901790916919708252e-01 5.200128555297851562e-01 1.767261385917663574e+00 1.334504485130310059e+00 1.535700678825378418e+00 -2.731651067733764648e-01 -9.761487245559692383e-01 -2.376041859388351440e-01
-8.999754786491394043e-01 1.882076740264892578e+00 1.595159053802490234e+00 -1.253514409065246582e+00 1.934943079948425293e+00 -1.249988436698913574e+00 -1.768386960029602051e+00 -1.041162252426147461e+00 2.000524282455444336e+00 -8.570928573608398438e-01 -2.251461744308471680e-01 -2.663709223270416260e-01 -3.508826792240142822e-01 4.889474213123321533e-01 1.785042285919189453e+00 1.331636071205139160e+00 1.448946714401245117e+00 -3.443396687507629395e-01 -9.030261039733886719e-01 -2.733118832111358643e-01
-8.179416656494140625e-01 1.937688112258911133e+00 1.667057156562805176e+00 -1.198783516883850098e+00 2.017615318298339844e+00 -1.404780387878417969e+00 -1.660459637641906738e+00 -1.081174135208129883e+00 2.107212305068969727e+00 -8.862170577049255371e-01 -2.754936814308166504e-01 -2.665430903434753418e-01 -2.083874493837356567e-01 4.294311702251434326e-01 1.821352005004882812e+00 1.278745651245117188e+00 1.368911027908325195e+00 -4.185864925384521484e-01 -8.447194099426269531e-01 -3.214642703533172607e-01
-7.359532117843627930e-01 1.941314220428466797e+00 1.704384207725524902e+00 -1.120178103446960449e+00 2.064786672592163086e+00 -1.507102608680725098e+00 -1.527524709701538086e+00 -1.104872465133666992e+00 2.166380167007446289e+00 -8.945757746696472168e-01 -3.344983160495758057e-01 -2.731220722198486328e-01 -7.987846434116363525e-02 3.544860482215881348e-01 1.829159617424011230e+00 1.207178354263305664e+00 1.273423790931701660e+00 -4.710519015789031982e-01 -7.883777618408203125e-01 -3.605180084705352783e-01
-6.853730678558349609e-01 1.933483600616455078e+00 1.722572803497314453e+00 -1.038673162460327148e+00 2.094606161117553711e+00 -1.559928774833679199e+00 -1.419861674308776855e+00 -1.125173330307006836e+00 2.196247577667236328e+00 -8.933923840522766113e-01 -4.064814448356628418e-01 -2.886426150798797607e-01 -3.575246781110763550e-03 2.878627777099609375e-01 1.830393552780151367e+00 1.140735030174255371e+00 1.197936773300170898e+00 -4.968442618846893311e-01 -7.595763802528381348e-01 -3.951439857482910156e-01
-6.546856760978698730e-01 1.920251846313476562e+00 1.719684839248657227e+00 -9.558917880058288574e-01 2.107976198196411133e+00 -1.571055293083190918e+00 -1.337129116058349609e+00 -1.128739714622497559e+00 2.202275037765502930e+00 -8.906639218330383301e-01 -4.751829206943511963e-01 -3.100033998489379883e-01 3.680992498993873596e-02 2.290568202733993530e-01 1.829792380332946777e+00 1.091680765151977539e+00 1.142063975334167480e+00 -5.057787895202636719e-01 -7.461680769920349121e-01 -4.154537022113800049e-01
-6.385133266448974609e-01 1.912112474441528320e+00 1.696388244628906250e+00 -8.788918256759643555e-01 2.107265472412109375e+00 -1.537843108177185059e+00 -1.272271275520324707e+00 -1.112307190895080566e+00 2.185538053512573242e+00 -9.011272192001342773e-01 -5.405499935150146484e-01 -3.282164037227630615e-01 5.359425768256187439e-02 1.619348376989364624e-01 1.817999362945556641e+00 1.058637022972106934e+00 1.092038393020629883e+00 -4.980065226554870605e-01 -7.373253107070922852e-01 -4.395581483840942383e-01
-6.392236351966857910e-01 1.897373557090759277e+00 1.653373003005981445e+00 -8.002154827117919922e-01 2.060816526412963867e+00 -1.417271852493286133e+00 -1.226029992103576660e+00 -1.051691889762878418e+00 2.129158973693847656e+00 -9.226591587066650391e-01 -6.263740658760070801e-01 -3.461709320545196533e-01 6.941225379705429077e-03 5.286838859319686890e-02 1.774980545043945312e+00 1.023586869239807129e+00 1.035474896430969238e+00 -4.401882290840148926e-01 -7.641547918319702148e-01 -4.782219827175140381e-01
-6.877253651618957520e-01 1.792271971702575684e+00 1.617758154869079590e+00 -7.656542658805847168e-01 1.939790844917297363e+00 -1.210989236831665039e+00 -1.147730231285095215e+00 -9.894702434539794922e-01 2.005497932434082031e+00 -9.192495942115783691e-01 -7.482889294624328613e-01 -4.005362391471862793e-01 -8.980463445186614990e-02 -1.097397655248641968e-01 1.736457943916320801e+00 1.013747215270996094e+00 9.747443199157714844e-01 -3.181234896183013916e-01 -8.403263688087463379e-01 -5.139323472976684570e-01
-8.271686434745788574e-01 1.560595035552978516e+00 1.598607778549194336e+00 -7.390714287757873535e-01 1.754824638366699219e+00 -8.901181221008300781e-01 -9.979606270790100098e-01 -9.294072985649108887e-01 1.781491518020629883e+00 -9.192131161689758301e-01 -9.407985806465148926e-01 -5.414263010025024414e-01 -2.982047200202941895e-01 -2.951776683330535889e-01 1.730998873710632324e+00 1.038591027259826660e+00 9.753820300102233887e-01 -9.689892083406448364e-02 -9.869712591171264648e-01 -5.177137255668640137e-01
-1.016674518585205078e+00 1.295867085456848145e+00 1.635416030883789062e+00 -7.390471696853637695e-01 1.528700590133666992e+00 -5.650398731231689453e-01 -9.359637498855590820e-01 -9.031628370285034180e-01 1.501772761344909668e+00 -8.379524350166320801e-01 -1.095029115676879883e+00 -7.354902029037475586e-01 -5.928505063056945801e-01 -3.786253035068511963e-01 1.694625020027160645e+00 1.082509875297546387e+00 1.076843380928039551e+00 1.248977109789848328e-01 -1.230955123901367188e+00 -4.800328314304351807e-01
-1.153209447860717773e+00 1.142578125000000000e+00 1.742004513740539551e+00 -7.787933945655822754e-01 1.446405410766601562e+00 -4.719508588314056396e-01 -9.536776542663574219e-01 -9.909824132919311523e-01 1.372341156005859375e+00 -7.281398773193359375e-01 -1.220865011215209961e+00 -9.181331396102905273e-01 -7.751486897468566895e-01 -3.494405746459960938e-01 1.732117891311645508e+00 1.092170357704162598e+00 1.243146061897277832e+00 2.224396765232086182e-01 -1.444462418556213379e+00 -4.137594103813171387e-01
-1.183272004127502441e+00 1.056901931762695312e+00 1.837124824523925781e+00 -8.381689190864562988e-01 1.455518960952758789e+00 -4.970916807651519775e-01 -9.819943904876708984e-01 -1.085541725158691406e+00 1.310402393341064453e+00 -5.918819308280944824e-01 -1.281651496887207031e+00 -1.062065005302429199e+00 -8.675159811973571777e-01 -3.117321133613586426e-01 1.796597838401794434e+00 1.059289693832397461e+00 1.372578620910644531e+00 2.259254455566406250e-01 -1.583435416221618652e+00 -3.353211879730224609e-01
-1.136337518692016602e+00 9.811282753944396973e-01 1.917907476425170898e+00 -8.690736889839172363e-01 1.438926935195922852e+00 -5.868606567382812500e-01 -1.040809392929077148e+00 -1.113484978675842285e+00 1.287379503250122070e+00 -4.214485883712768555e-01 -1.264000773429870605e+00 -1.178329586982727051e+00 -8.872696757316589355e-01 -2.793499529361724854e-01 1.831833958625793457e+00 9.868097901344299316e-01 1.448227047920227051e+00 2.009024918079376221e-01 -1.662410140037536621e+00 -2.078948915004730225e-01
-1.040510177612304688e+00 9.375886917114257812e-01 1.967924952507019043e+00 -8.782429099082946777e-01 1.424159049987792969e+00 -7.529109716415405273e-01 -1.132135391235351562e+00 -1.145393610000610352e+00 1.312150835990905762e+00 -2.183028757572174072e-01 -1.167234301567077637e+00 -1.286636114120483398e+00 -8.226493000984191895e-01 -2.381087839603424072e-01 1.840105652809143066e+00 8.747407793998718262e-01 1.500073552131652832e+00 1.142870709300041199e-01 -1.683599829673767090e+00 -2.188747748732566833e-02
-8.967716097831726074e-01 9.395564198493957520e-01 1.936012983322143555e+00 -8.610280752182006836e-01 1.453556418418884277e+00 -9.698207378387451172e-01 -1.218597054481506348e+00 -1.173963785171508789e+00 1.357114315032958984e+00 -4.627299308776855469e-02 -9.977784156799316406e-01 -1.326563715934753418e+00 -6.550504565238952637e-01 -1.361772716045379639e-01 1.796129822731018066e+00 7.417560219764709473e-01 1.516351580619812012e+00 -3.497467935085296631e-02 -1.595217466354370117e+00 1.761496216058731079e-01
-7.667613029479980469e-01 9.828724265098571777e-01 1.842699766159057617e+00 -8.384279012680053711e-01 1.572818398475646973e+00 -1.202172756195068359e+00 -1.233192801475524902e+00 -1.228845000267028809e+00 1.484302401542663574e+00 -2.481021359562873840e-02 -8.304679393768310547e-01 -1.261543989181518555e+00 -3.586057424545288086e-01 -1.059985160827636719e-02 1.799925327301025391e+00 6.925266981124877930e-01 1.485447287559509277e+00 -2.495753467082977295e-01 -1.385991454124450684e+00 3.057548105716705322e-01
-6.925271153450012207e-01 1.096427798271179199e+00 1.772778868675231934e+00 -8.742063045501708984e-01 1.712502241134643555e+00 -1.433355927467346191e+00 -1.194780945777893066e+00 -1.364193081855773926e+00 1.637991428375244141e+00 -4.629822447896003723e-02 -7.760428786277770996e-01 -1.141122460365295410e+00 -1.150398254394531250e-01 8.539991080760955811e-02 1.828054785728454590e+00 6.183068752288818359e-01 1.429469466209411621e+00 -4.267860949039459229e-01 -1.195460438728332520e+00 2.811494767665863037e-01
-6.883147358894348145e-01 1.187203764915466309e+00 1.767783403396606445e+00 -9.283564090728759766e-01 1.820038318634033203e+00 -1.587517619132995605e+00 -1.156063675880432129e+00 -1.482726216316223145e+00 1.759774208068847656e+00 -7.934415340423583984e-02 -7.579699158668518066e-01 -1.047071576118469238e+00 1.404823549091815948e-02 1.923868358135223389e-01 1.858525156974792480e+00 6.314194798469543457e-01 1.412913441658020020e+00 -5.483457446098327637e-01 -1.112285971641540527e+00 1.996942162513732910e-01
-6.831985712051391602e-01 1.238225340843200684e+00 1.748736143112182617e+00 -9.573389291763305664e-01 1.907328486442565918e+00 -1.688058376312255859e+00 -1.103748321533203125e+00 -1.574608206748962402e+00 1.845803380012512207e+00 -1.140186786651611328e-01 -7.477848529815673828e-01 -9.743631482124328613e-01 1.059646159410476685e-01 2.875895202159881592e-01 1.874569654464721680e+00 6.554439663887023926e-01 1.408283591270446777e+00 -6.338328123092651367e-01 -1.037779211997985840e+00 1.224588304758071899e-01
-6.983243823051452637e-01 1.278982520103454590e+00 1.690907359123229980e+00 -9.927966594696044922e-01 1.953126788139343262e+00 -1.750831127166748047e+00 -1.028447270393371582e+00 -1.672183752059936523e+00 1.878842711448669434e+00 -1.494010984897613525e-01 -7.518512010574340820e-01 -8.872562646865844727e-01 1.663853973150253296e-01 3.860813081264495850e-01 1.877498865127563477e+00 6.640418767929077148e-01 1.398131847381591797e+00 -7.089146375656127930e-01 -9.519952535629272461e-01 4.000009968876838684e-02
-7.771902680397033691e-01 1.318601131439208984e+00 1.565385460853576660e+00 -1.082295060157775879e+00 1.950306773185729980e+00 -1.754376769065856934e+00 -9.211485385894775391e-01 -1.810155272483825684e+00 1.859917879104614258e+00 -2.115263193845748901e-01 -7.615846991539001465e-01 -7.990895509719848633e-01 1.698502004146575928e-01 5.177972316741943359e-01 1.853914260864257812e+00 6.980410814285278320e-01 1.445508480072021484e+00 -7.742292284965515137e-01 -8.794987797737121582e-01 -5.010044947266578674e-02
-9.168999791145324707e-01 1.383230924606323242e+00 1.349215149879455566e+00 -1.246355533599853516e+00 1.876379013061523438e+00 -1.638563036918640137e+00 -7.790364623069763184e-01 -1.944876551628112793e+00 1.776062488555908203e+00 -3.550218939781188965e-01 -7.810214161872863770e-01 -6.855046153068542480e-01 9.303694963455200195e-02 6.790776848793029785e-01 1.780637145042419434e+00 7.886072397232055664e-01 1.549066543579101562e+00 -7.826256752014160156e-01 -8.158987760543823242e-01 -1.877460032701492310e-01
-1.108111262321472168e+00 1.421185135841369629e+00 1.207951664924621582e+00 -1.454493045806884766e+00 1.768414735794067383e+00 -1.423339605331420898e+00 -6.749594807624816895e-01 -1.994713544845581055e+00 1.649840235710144043e+00 -5.520182251930236816e-01 -8.357033729553222656e-01 -6.150434613227844238e-01 -8.533641695976257324e-02 7.719746828079223633e-01 1.730821132659912109e+00 9.578613042831420898e-01 1.675837039947509766e+00 -6.933571100234985352e-01 -8.502590656280517578e-01 -3.334438800811767578e-01
-1.294801235198974609e+00 1.364571452140808105e+00 1.172148585319519043e+00 -1.591112017631530762e+00 1.636470317840576172e+00 -1.104161381721496582e+00 -6.610867977142333984e-01 -1.931059360504150391e+00 1.463094234466552734e+00 -7.016999721527099609e-01 -9.045349359512329102e-01 -6.085982918739318848e-01 -3.425187468528747559e-01 7.559900879859924316e-01 1.669180631637573242e+00 1.156721234321594238e+00 1.749401807785034180e+00 -4.956268668174743652e-01 -9.928396940231323242e-01 -4.768058359622955322e-01
-1.389696836471557617e+00 1.325434446334838867e+00 1.199491143226623535e+00 -1.660269379615783691e+00 1.530427575111389160e+00 -8.343276977539062500e-01 -7.097505331039428711e-01 -1.839993238449096680e+00 1.357959866523742676e+00 -7.520267367362976074e-01 -9.642964601516723633e-01 -6.447269916534423828e-01 -5.662769675254821777e-01 6.574892997741699219e-01 1.623583197593688965e+00 1.279389142990112305e+00 1.796363115310668945e+00 -2.879562377929687500e-01 -1.162503480911254883e+00 -6.107463836669921875e-01
-1.454686045646667480e+00 1.349551200866699219e+00 1.287364959716796875e+00 -1.716201663017272949e+00 1.500102758407592773e+00 -7.216247320175170898e-01 -7.462413311004638672e-01 -1.816817164421081543e+00 1.319592356681823730e+00 -7.504974603652954102e-01 -1.016047954559326172e+00 -6.941078901290893555e-01 -7.095293402671813965e-01 6.160339713096618652e-01 1.642677187919616699e+00 1.345919728279113770e+00 1.860576391220092773e+00 -2.032277286052703857e-01 -1.309695005416870117e+00 -7.000600695610046387e-01
-1.471481561660766602e+00 1.357556104660034180e+00 1.363811492919921875e+00 -1.753471851348876953e+00 1.490196228027343750e+00 -6.878998279571533203e-01 -7.692704200744628906e-01 -1.814320445060729980e+00 1.320140719413757324e+00 -7.209283709526062012e-01 -1.045695543289184570e+00 -7.470342516899108887e-01 -7.942386269569396973e-01 5.921539068222045898e-01 1.671790003776550293e+00 1.386747360229492188e+00 1.928508400917053223e+00 -1.505968570709228516e-01 -1.404913902282714844e+00 -7.547049522399902344e-01
-1.454350590705871582e+00 1.342839837074279785e+00 1.417206406593322754e+00 -1.776871442794799805e+00 1.507951378822326660e+00 -7.029376029968261719e-01 -7.589662075042724609e-01 -1.836688876152038574e+00 1.340142607688903809e+00 -6.767153143882751465e-01 -1.079289674758911133e+00 -7.936746478080749512e-01 -8.324443697929382324e-01 5.823118090629577637e-01 1.706987261772155762e+00 1.398302555084228516e+00 1.986215949058532715e+00 -1.291956901550292969e-01 -1.461499571800231934e+00 -7.858202457427978516e-01
-1.400086164474487305e+00 1.293993234634399414e+00 1.449403882026672363e+00 -1.783158183097839355e+00 1.528496265411376953e+00 -7.569051980972290039e-01 -7.180491685867309570e-01 -1.847426295280456543e+00 1.363270998001098633e+00 -6.108259558677673340e-01 -1.114633202552795410e+00 -8.509054780006408691e-01 -8.286173939704895020e-01 5.766951441764831543e-01 1.735860228538513184e+00 1.370913147926330566e+00 2.036525249481201172e+00 -1.367013752460479736e-01 -1.474033355712890625e+00 -7.833642363548278809e-01
-1.297320604324340820e+00 1.169205904006958008e+00 1.439493775367736816e+00 -1.738814711570739746e+00 1.530294418334960938e+00 -8.253687620162963867e-01 -6.310970187187194824e-01 -1.828601956367492676e+00 1.363937139511108398e+00 -5.104252099990844727e-01 -1.144035458564758301e+00 -9.109256863594055176e-01 -7.717940807342529297e-01 5.730519294738769531e-01 1.732087016105651855e+00 1.288401126861572266e+00 2.048974275588989258e+00 -1.544460356235504150e-01 -1.423097848892211914e+00 -7.309921979904174805e-01
-1.146643996238708496e+00 9.725221991539001465e-01 1.405124545097351074e+00 -1.621274709701538086e+00 1.537721991539001465e+00 -9.020665884017944336e-01 -5.286744832992553711e-01 -1.793786883354187012e+00 1.367773413658142090e+00 -3.581426739692687988e-01 -1.154652953147888184e+00 -1.004677534103393555e+00 -6.568812727928161621e-01 5.568801164627075195e-01 1.708005666732788086e+00 1.162755846977233887e+00 2.046588897705078125e+00 -1.652692556381225586e-01 -1.330977678298950195e+00 -6.119197607040405273e-01
-9.653603434562683105e-01 7.518134117126464844e-01 1.362011551856994629e+00 -1.439386725425720215e+00 1.553877472877502441e+00 -9.802590608596801758e-01 -4.218094348907470703e-01 -1.753486275672912598e+00 1.385583639144897461e+00 -1.980765461921691895e-01 -1.145198822021484375e+00 -1.102885961532592773e+00 -4.694444835186004639e-01 5.001872777938842773e-01 1.691981315612792969e+00 9.986494183540344238e-01 1.990479826927185059e+00 -1.832005679607391357e-01 -1.203197240829467773e+00 -4.449124932289123535e-01
-8.451839685440063477e-01 6.277695298194885254e-01 1.413429141044616699e+00 -1.272811532020568848e+00 1.631220936775207520e+00 -1.105142354965209961e+00 -4.243364632129669189e-01 -1.743670821189880371e+00 1.433328747749328613e+00 -7.950612902641296387e-02 -1.147765159606933594e+00 -1.176320195198059082e+00 -2.534040808677673340e-01 4.014088809490203857e-01 1.782120585441589355e+00 8.951585292816162109e-01 1.878289103507995605e+00 -2.361763119697570801e-01 -1.105389356613159180e+00 -2.964431345462799072e-01
-7.656445503234863281e-01 5.872157812118530273e-01 1.563715577125549316e+00 -1.093264937400817871e+00 1.845303177833557129e+00 -1.273711919784545898e+00 -4.862253367900848389e-01 -1.783965587615966797e+00 1.559193253517150879e+00 -1.926120370626449585e-02 -1.208541274070739746e+00 -1.287571430206298828e+00 -7.597690820693969727e-02 2.537609338760375977e-01 1.915587186813354492e+00 8.915176987648010254e-01 1.811610937118530273e+00 -2.588833868503570557e-01 -1.094199180603027344e+00 -2.016832381486892700e-01
-7.587596178054809570e-01 5.796261429786682129e-01 1.714492678642272949e+00 -9.082457423210144043e-01 2.035357952117919922e+00 -1.370378136634826660e+00 -5.699315071105957031e-01 -1.797466278076171875e+00 1.663610219955444336e+00 -3.322390094399452209e-02 -1.252292394638061523e+00 -1.363090753555297852e+00 2.625978365540504456e-02 1.346580833196640015e-01 1.990437150001525879e+00 9.405276775360107422e-01 1.754783153533935547e+00 -2.295267283916473389e-01 -1.113093733787536621e+00 -1.405113190412521362e-01
-8.173841834068298340e-01 6.385626196861267090e-01 1.825880050659179688e+00 -7.132692337036132812e-01 2.065646171569824219e+00 -1.312969803810119629e+00 -6.645070910453796387e-01 -1.703623533248901367e+00 1.667089223861694336e+00 -1.284094899892807007e-01 -1.231470584869384766e+00 -1.385405421257019043e+00 -1.564824208617210388e-02 -4.582028836011886597e-02 1.993059277534484863e+00 1.055017471313476562e+00 1.662490129470825195e+00 -1.306629776954650879e-01 -1.197120547294616699e+00 -1.537625193595886230e-01
-8.942068815231323242e-01 7.252337932586669922e-01 1.836217641830444336e+00 -5.829662680625915527e-01 1.877495884895324707e+00 -1.080531716346740723e+00 -7.312349677085876465e-01 -1.476096272468566895e+00 1.532439470291137695e+00 -2.660063505172729492e-01 -1.131211996078491211e+00 -1.296824812889099121e+00 -2.121622711420059204e-01 -2.182603478431701660e-01 1.871793627738952637e+00 1.154942989349365234e+00 1.520136952400207520e+00 1.484216004610061646e-02 -1.299216032028198242e+00 -2.378729730844497681e-01
-1.010985374450683594e+00 8.869698047637939453e-01 1.841276526451110840e+00 -6.129645705223083496e-01 1.632296442985534668e+00 -9.105999469757080078e-01 -7.876973748207092285e-01 -1.302315711975097656e+00 1.438942193984985352e+00 -4.324263930320739746e-01 -1.035019636154174805e+00 -1.203378796577453613e+00 -4.502356350421905518e-01 -2.910901904106140137e-01 1.822158932685852051e+00 1.256497263908386230e+00 1.467590570449829102e+00 1.063455119729042053e-01 -1.404470086097717285e+00 -3.164815902709960938e-01
-1.088406562805175781e+00 1.052691578865051270e+00 1.881810069084167480e+00 -6.879942417144775391e-01 1.475048899650573730e+00 -8.327153921127319336e-01 -8.328096866607666016e-01 -1.215552210807800293e+00 1.395488262176513672e+00 -5.385997295379638672e-01 -9.704312086105346680e-01 -1.148608088493347168e+00 -6.096012592315673828e-01 -3.353890478610992432e-01 1.828510165214538574e+00 1.316651344299316406e+00 1.444360375404357910e+00 1.259891092777252197e-01 -1.495511054992675781e+00 -3.803299367427825928e-01
-1.130501151084899902e+00 1.182905912399291992e+00 1.959287643432617188e+00 -7.743314504623413086e-01 1.391444563865661621e+00 -8.178561925888061523e-01 -8.683593869209289551e-01 -1.178012251853942871e+00 1.393425107002258301e+00 -5.936266779899597168e-01 -9.225618243217468262e-01 -1.136649727821350098e+00 -6.966876387596130371e-01 -3.712277114391326904e-01 1.875995039939880371e+00 1.372364282608032227e+00 1.453139781951904297e+00 1.240508034825325012e-01 -1.579655289649963379e+00 -4.288737475872039795e-01
-1.129338979721069336e+00 1.277362227439880371e+00 2.058750629425048828e+00 -8.349554538726806641e-01 1.373318552970886230e+00 -8.589513301849365234e-01 -8.907230496406555176e-01 -1.178290963172912598e+00 1.425654172897338867e+00 -5.999316573143005371e-01 -9.005821347236633301e-01 -1.160158634185791016e+00 -7.441705465316772461e-01 -4.134328365325927734e-01 1.935852646827697754e+00 1.394543528556823730e+00 1.476800680160522461e+00 1.100573763251304626e-01 -1.654859185218811035e+00 -4.635893404483795166e-01
-1.092163562774658203e+00 1.327271699905395508e+00 2.164813518524169922e+00 -8.754409551620483398e-01 1.388674974441528320e+00 -9.397536516189575195e-01 -8.926311731338500977e-01 -1.207316040992736816e+00 1.477237701416015625e+00 -5.597558617591857910e-01 -8.913617730140686035e-01 -1.222462534904479980e+00 -7.586221098899841309e-01 -4.657863378524780273e-01 2.000178813934326172e+00 1.382748246192932129e+00 1.514086604118347168e+00 8.396554738283157349e-02 -1.720882654190063477e+00 -4.659574925899505615e-01
-1.023295044898986816e+00 1.321537017822265625e+00 2.247911453247070312e+00 -8.818371891975402832e-01 1.413393735885620117e+00 -1.037145614624023438e+00 -8.735562562942504883e-01 -1.239279150962829590e+00 1.526499271392822266e+00 -4.834949374198913574e-01 -8.728825449943542480e-01 -1.303187966346740723e+00 -7.317125201225280762e-01 -5.218974351882934570e-01 2.041515111923217773e+00 1.334880948066711426e+00 1.539863705635070801e+00 4.718529433012008667e-02 -1.755210280418395996e+00 -4.243132174015045166e-01
-9.460501670837402344e-01 1.275960445404052734e+00 2.298705101013183594e+00 -8.801310658454895020e-01 1.485495328903198242e+00 -1.137485504150390625e+00 -8.480821847915649414e-01 -1.268644452095031738e+00 1.579414367675781250e+00 -4.150625467300415039e-01 -8.684858679771423340e-01 -1.369003295898437500e+00 -6.552453041076660156e-01 -5.426313877105712891e-01 2.078761100769042969e+00 1.280318021774291992e+00 1.558110356330871582e+00 6.763104349374771118e-03 -1.749489188194274902e+00 -3.374797105789184570e-01
-8.478944301605224609e-01 1.228127479553222656e+00 2.291026592254638672e+00 -8.859468698501586914e-01 1.558125615119934082e+00 -1.242933273315429688e+00 -8.261398673057556152e-01 -1.294293880462646484e+00 1.619392871856689453e+00 -3.333985805511474609e-01 -8.543152213096618652e-01 -1.393126487731933594e+00 -5.306090116500854492e-01 -5.400317907333374023e-01 2.101071357727050781e+00 1.212239503860473633e+00 1.543789625167846680e+00 -6.996551156044006348e-02 -1.691513180732727051e+00 -2.551171183586120605e-01
-7.555046677589416504e-01 1.190070509910583496e+00 2.252862930297851562e+00 -8.616119623184204102e-01 1.647742033004760742e+00 -1.358192324638366699e+00 -7.892717123031616211e-01 -1.327241301536560059e+00 1.664003372192382812e+00 -2.865065932273864746e-01 -8.562933206558227539e-01 -1.372031450271606445e+00 -3.813509047031402588e-01 -4.971601963043212891e-01 2.116771221160888672e+00 1.124576091766357422e+00 1.501518011093139648e+00 -1.688379496335983276e-01 -1.581388711929321289e+00 -1.858507245779037476e-01
-6.809323430061340332e-01 1.211887240409851074e+00 2.216431617736816406e+00 -8.412650823593139648e-01 1.746330022811889648e+00 -1.458673000335693359e+00 -7.762774229049682617e-01 -1.368302345275878906e+00 1.731653451919555664e+00 -2.714216709136962891e-01 -8.693440556526184082e-01 -1.327897548675537109e+00 -2.667449116706848145e-01 -4.674678444862365723e-01 2.122062206268310547e+00 1.029991388320922852e+00 1.445537686347961426e+00 -2.573706209659576416e-01 -1.480386734008789062e+00 -1.672606915235519409e-01
-6.215035915374755859e-01 1.259862780570983887e+00 2.166615962982177734e+00 -8.128669857978820801e-01 1.824813604354858398e+00 -1.531682491302490234e+00 -7.677497863769531250e-01 -1.393611669540405273e+00 1.786649942398071289e+00 -2.880763411521911621e-01 -8.625145554542541504e-01 -1.260726213455200195e+00 -1.692122370004653931e-01 -4.459978938102722168e-01 2.112554788589477539e+00 9.526942372322082520e-01 1.374081492424011230e+00 -3.326859772205352783e-01 -1.373111844062805176e+00 -1.772347539663314819e-01
-5.685493946075439453e-01 1.329884886741638184e+00 2.108707427978515625e+00 -7.751194238662719727e-01 1.885891675949096680e+00 -1.572575926780700684e+00 -7.439401745796203613e-01 -1.395889043807983398e+00 1.840878248214721680e+00 -3.440046906471252441e-01 -8.518818020820617676e-01 -1.160566210746765137e+00 -9.013761579990386963e-02 -4.203601479530334473e-01 2.070124149322509766e+00 8.924595117568969727e-01 1.285936117172241211e+00 -3.944012224674224854e-01 -1.263253688812255859e+00 -2.357626110315322876e-01
-5.265576243400573730e-01 1.408500075340270996e+00 1.989731311798095703e+00 -7.160068154335021973e-01 1.873100996017456055e+00 -1.563529849052429199e+00 -6.745337247848510742e-01 -1.352736830711364746e+00 1.838916182518005371e+00 -4.344985485076904297e-01 -8.400149345397949219e-01 -9.993557333946228027e-01 -4.940214380621910095e-02 -3.715650141239166260e-01 1.992513060569763184e+00 8.363232016563415527e-01 1.159201741218566895e+00 -4.501846134662628174e-01 -1.122293233871459961e+00 -3.342589735984802246e-01
-5.104128122329711914e-01 1.508530735969543457e+00 1.802257657051086426e+00 -7.253208160400390625e-01 1.745875239372253418e+00 -1.513965606689453125e+00 -5.639996528625488281e-01 -1.299049854278564453e+00 1.792383074760437012e+00 -5.447916388511657715e-01 -8.037666082382202148e-01 -7.849354147911071777e-01 -6.050958856940269470e-02 -2.774901390075683594e-01 1.861582398414611816e+00 7.882623076438903809e-01 1.033149600028991699e+00 -4.978980720043182373e-01 -9.646043181419372559e-01 -4.900415241718292236e-01
-6.708523035049438477e-01 1.606459259986877441e+00 1.586137771606445312e+00 -8.568183183670043945e-01 1.574366569519042969e+00 -1.411599755287170410e+00 -4.547536075115203857e-01 -1.337282657623291016e+00 1.754227161407470703e+00 -7.381670475006103516e-01 -8.369742631912231445e-01 -5.617703199386596680e-01 -1.566712409257888794e-01 -6.539112329483032227e-02 1.709126234054565430e+00 8.063292503356933594e-01 1.018549799919128418e+00 -4.765821993350982666e-01 -8.490775823593139648e-01 -6.254577040672302246e-01
-9.120738506317138672e-01 1.723466992378234863e+00 1.475410342216491699e+00 -1.083371281623840332e+00 1.543968439102172852e+00 -1.284956216812133789e+00 -4.570240080356597900e-01 -1.442968010902404785e+00 1.736647963523864746e+00 -9.377468228340148926e-01 -9.045905470848083496e-01 -4.023065865039825439e-01 -3.206521570682525635e-01 1.679689288139343262e-01 1.633277416229248047e+00 9.599346518516540527e-01 1.152612566947937012e+00 -3.939123153686523438e-01 -8.538284897804260254e-01 -8.191329240798950195e-01
-1.097173333168029785e+00 1.789908409118652344e+00 1.533418416976928711e+00 -1.272063851356506348e+00 1.598474860191345215e+00 -1.228668093681335449e+00 -5.044156312942504883e-01 -1.544762372970581055e+00 1.786367297172546387e+00 -1.039031267166137695e+00 -9.938203096389770508e-01 -4.065338075160980225e-01 -4.657038152217864990e-01 2.843277454376220703e-01 1.670301437377929688e+00 1.101819038391113281e+00 1.329710483551025391e+00 -3.149797618389129639e-01 -9.645261168479919434e-01 -9.257234334945678711e-01
-1.209969282150268555e+00 1.787262558937072754e+00 1.586532473564147949e+00 -1.390448331832885742e+00 1.624229788780212402e+00 -1.183399319648742676e+00 -5.109540820121765137e-01 -1.600916862487792969e+00 1.805528759956359863e+00 -1.087331056594848633e+00 -1.060025930404663086e+00 -4.312565624713897705e-01 -5.597493052482604980e-01 3.656108677387237549e-01 1.700415253639221191e+00 1.188651084899902344e+00 1.458426117897033691e+00 -2.485134899616241455e-01 -1.044649124145507812e+00 -9.782556891441345215e-01
-1.265288114547729492e+00 1.755762577056884766e+00 1.639441728591918945e+00 -1.463733911514282227e+00 1.655771732330322266e+00 -1.167801380157470703e+00 -4.796245694160461426e-01 -1.649550199508666992e+00 1.818665385246276855e+00 -1.100923061370849609e+00 -1.117553114891052246e+00 -4.718516170978546143e-01 -6.107807159423828125e-01 4.283690154552459717e-01 1.727464079856872559e+00 1.225695252418518066e+00 1.558869123458862305e+00 -2.085105776786804199e-01 -1.099576234817504883e+00 -1.001702547073364258e+00
-1.257270097732543945e+00 1.674658179283142090e+00 1.682585954666137695e+00 -1.497212529182434082e+00 1.700318574905395508e+00 -1.176450848579406738e+00 -4.071923494338989258e-01 -1.687638998031616211e+00 1.835746288299560547e+00 -1.084286212921142578e+00 -1.166619300842285156e+00 -5.254537463188171387e-01 -6.277210116386413574e-01 4.774779379367828369e-01 1.744930148124694824e+00 1.218844890594482422e+00 1.638925909996032715e+00 -1.850416064262390137e-01 -1.121858596801757812e+00 -9.941133856773376465e-01
-1.157205581665039062e+00 1.494036912918090820e+00 1.691750884056091309e+00 -1.470193147659301758e+00 1.725381493568420410e+00 -1.193585634231567383e+00 -2.854051291942596436e-01 -1.687917351722717285e+00 1.823489546775817871e+00 -9.992005825042724609e-01 -1.196799039840698242e+00 -6.003193855285644531e-01 -6.052986979484558105e-01 5.036396980285644531e-01 1.730253577232360840e+00 1.145196557044982910e+00 1.685915589332580566e+00 -1.722303330898284912e-01 -1.102652311325073242e+00 -9.310747981071472168e-01
-9.670358896255493164e-01 1.199554920196533203e+00 1.654412746429443359e+00 -1.357632637023925781e+00 1.690983414649963379e+00 -1.247746586799621582e+00 -1.592205464839935303e-01 -1.678362369537353516e+00 1.757005214691162109e+00 -7.768269777297973633e-01 -1.230101704597473145e+00 -7.559896111488342285e-01 -5.022646188735961914e-01 4.765654802322387695e-01 1.670842885971069336e+00 9.792091846466064453e-01 1.706481814384460449e+00 -1.592978537082672119e-01 -1.066025853157043457e+00 -7.588655352592468262e-01
-7.819628715515136719e-01 9.478192329406738281e-01 1.651639699935913086e+00 -1.241131782531738281e+00 1.666789770126342773e+00 -1.306942939758300781e+00 -1.549720913171768188e-01 -1.698915600776672363e+00 1.679486989974975586e+00 -4.422374367713928223e-01 -1.258890628814697266e+00 -9.948938488960266113e-01 -3.806279003620147705e-01 3.676624000072479248e-01 1.658888220787048340e+00 7.771014571189880371e-01 1.707357525825500488e+00 -2.034873366355895996e-01 -1.095597982406616211e+00 -5.223069190979003906e-01
-6.870778203010559082e-01 7.735288739204406738e-01 1.696064352989196777e+00 -1.133973360061645508e+00 1.645078182220458984e+00 -1.308333396911621094e+00 -2.639930546283721924e-01 -1.674880146980285645e+00 1.601485967636108398e+00 -1.792727708816528320e-01 -1.294758796691894531e+00 -1.191377758979797363e+00 -3.180301785469055176e-01 2.458092272281646729e-01 1.691782116889953613e+00 6.428679227828979492e-01 1.686801195144653320e+00 -2.145112156867980957e-01 -1.189096331596374512e+00 -2.826411426067352295e-01
-6.310726404190063477e-01 7.341214418411254883e-01 1.801167130470275879e+00 -1.073091268539428711e+00 1.725121021270751953e+00 -1.310844182968139648e+00 -4.580778479576110840e-01 -1.656740665435791016e+00 1.628377437591552734e+00 -1.771675050258636475e-02 -1.313931703567504883e+00 -1.405123472213745117e+00 -2.834721803665161133e-01 7.065495103597640991e-02 1.796002030372619629e+00 6.370012760162353516e-01 1.747183799743652344e+00 -1.840183734893798828e-01 -1.331272721290588379e+00 -1.141111850738525391e-01
-6.087194085121154785e-01 7.455078959465026855e-01 1.876607656478881836e+00 -1.021978139877319336e+00 1.806630611419677734e+00 -1.297587275505065918e+00 -6.560975313186645508e-01 -1.637748360633850098e+00 1.648755669593811035e+00 5.758136510848999023e-02 -1.294924020767211914e+00 -1.531668186187744141e+00 -2.863650321960449219e-01 -5.761640518903732300e-02 1.853122353553771973e+00 6.691293716430664062e-01 1.789864897727966309e+00 -1.450133323669433594e-01 -1.434673428535461426e+00 4.484543576836585999e-03
-5.922156572341918945e-01 7.462121248245239258e-01 1.867782711982727051e+00 -9.570616483688354492e-01 1.820493817329406738e+00 -1.217895746231079102e+00 -8.043325543403625488e-01 -1.571026206016540527e+00 1.612615466117858887e+00 7.396373152732849121e-02 -1.226202845573425293e+00 -1.575816273689270020e+00 -3.278730511665344238e-01 -1.572256982326507568e-01 1.822039008140563965e+00 7.120862603187561035e-01 1.791987180709838867e+00 -9.053419530391693115e-02 -1.484902143478393555e+00 8.304409682750701904e-02
-5.699390769004821777e-01 7.265128493309020996e-01 1.767978310585021973e+00 -8.629419803619384766e-01 1.731484532356262207e+00 -1.067165851593017578e+00 -8.632256984710693359e-01 -1.418954849243164062e+00 1.502680540084838867e+00 1.874352991580963135e-02 -1.088194966316223145e+00 -1.497360467910766602e+00 -3.788038790225982666e-01 -2.169334590435028076e-01 1.708192944526672363e+00 7.627985477447509766e-01 1.708878397941589355e+00 -2.308123558759689331e-02 -1.446730613708496094e+00 9.597678482532501221e-02
-6.394994854927062988e-01 8.373584151268005371e-01 1.665425181388854980e+00 -8.486540913581848145e-01 1.526027560234069824e+00 -8.981113433837890625e-01 -9.220162630081176758e-01 -1.251979947090148926e+00 1.376800656318664551e+00 -1.157473996281623840e-01 -9.325373172760009766e-01 -1.314631223678588867e+00 -5.120440721511840820e-01 -2.515005469322204590e-01 1.611750721931457520e+00 8.624564409255981445e-01 1.600813746452331543e+00 3.297703713178634644e-02 -1.404613733291625977e+00 -3.791736438870429993e-02
-8.044300079345703125e-01 1.028187632560729980e+00 1.577816724777221680e+00 -9.344135522842407227e-01 1.362635970115661621e+00 -7.559018135070800781e-01 -1.004310846328735352e+00 -1.135171175003051758e+00 1.288898587226867676e+00 -3.228628635406494141e-01 -8.083943724632263184e-01 -1.078007102012634277e+00 -6.116430163383483887e-01 -2.105940282344818115e-01 1.607145786285400391e+00 1.066215395927429199e+00 1.513829469680786133e+00 5.657887458801269531e-02 -1.352825164794921875e+00 -2.174436897039413452e-01
-9.638984203338623047e-01 1.231870055198669434e+00 1.530904889106750488e+00 -1.060963630676269531e+00 1.292266130447387695e+00 -6.744037866592407227e-01 -1.057726383209228516e+00 -1.081296563148498535e+00 1.255434513092041016e+00 -5.301027297973632812e-01 -7.309756875038146973e-01 -8.476082682609558105e-01 -6.579125523567199707e-01 -1.339119523763656616e-01 1.647985219955444336e+00 1.262525677680969238e+00 1.435435891151428223e+00 4.201778024435043335e-02 -1.301782488822937012e+00 -3.889839649200439453e-01
-1.079977631568908691e+00 1.402349710464477539e+00 1.526283383369445801e+00 -1.165378689765930176e+00 1.285130262374877930e+00 -6.334608793258666992e-01 -1.103058815002441406e+00 -1.053568601608276367e+00 1.259250044822692871e+00 -6.840589642524719238e-01 -6.830725669860839844e-01 -6.757605075836181641e-01 -6.772395372390747070e-01 -8.326649665832519531e-02 1.710820436477661133e+00 1.404397726058959961e+00 1.367785930633544922e+00 5.610845983028411865e-03 -1.271448612213134766e+00 -5.176445841789245605e-01
-1.179464221000671387e+00 1.548753023147583008e+00 1.552693486213684082e+00 -1.251379251480102539e+00 1.299523711204528809e+00 -6.244243383407592773e-01 -1.164139032363891602e+00 -1.059671759605407715e+00 1.297697544097900391e+00 -7.811536192893981934e-01 -6.548662781715393066e-01 -5.919026732444763184e-01 -6.921011805534362793e-01 -6.156165897846221924e-02 1.790663123130798340e+00 1.517495274543762207e+00 1.354631066322326660e+00 -2.804916724562644958e-02 -1.286264061927795410e+00 -5.933718681335449219e-01
-1.241893410682678223e+00 1.632693886756896973e+00 1.568933367729187012e+00 -1.315137863159179688e+00 1.311133146286010742e+00 -6.213597059249877930e-01 -1.211714982986450195e+00 -1.059665560722351074e+00 1.332064867019653320e+00 -8.453025817871093750e-01 -6.456221938133239746e-01 -5.462889671325683594e-01 -7.009783983230590820e-01 -4.060441255569458008e-02 1.865461826324462891e+00 1.594630360603332520e+00 1.369408845901489258e+00 -4.153187572956085205e-02 -1.304585576057434082e+00 -6.175446510314941406e-01
-1.272167801856994629e+00 1.667476177215576172e+00 1.567455291748046875e+00 -1.331296086311340332e+00 1.323054432868957520e+00 -6.149851083755493164e-01 -1.243057489395141602e+00 -1.038644909858703613e+00 1.361959815025329590e+00 -8.945966958999633789e-01 -6.294436454772949219e-01 -5.127368569374084473e-01 -6.865803599357604980e-01 -2.005117386579513550e-02 1.916236162185668945e+00 1.636701703071594238e+00 1.371761560440063477e+00 -4.815979301929473877e-02 -1.300229430198669434e+00 -6.029544472694396973e-01
-1.277224063873291016e+00 1.660099625587463379e+00 1.570137023925781250e+00 -1.300302505493164062e+00 1.346615552902221680e+00 -6.143226623535156250e-01 -1.258884310722351074e+00 -9.952709078788757324e-01 1.394297003746032715e+00 -9.397711753845214844e-01 -6.126623749732971191e-01 -4.925447702407836914e-01 -6.571384072303771973e-01 8.279010653495788574e-04 1.945870280265808105e+00 1.629649877548217773e+00 1.359267115592956543e+00 -5.839868262410163879e-02 -1.282109260559082031e+00 -5.430431365966796875e-01
-1.261074304580688477e+00 1.594208121299743652e+00 1.570891380310058594e+00 -1.221557497978210449e+00 1.361325025558471680e+00 -6.027169227600097656e-01 -1.261922001838684082e+00 -9.425407648086547852e-01 1.409705638885498047e+00 -9.538561701774597168e-01 -6.035780310630798340e-01 -4.996601045131683350e-01 -6.309832930564880371e-01 9.046260267496109009e-03 1.938473939895629883e+00 1.567665934562683105e+00 1.321286559104919434e+00 -5.701536685228347778e-02 -1.270191907882690430e+00 -4.394721984863281250e-01
-1.215918779373168945e+00 1.493064403533935547e+00 1.557151556015014648e+00 -1.125939488410949707e+00 1.350038409233093262e+00 -5.794597864151000977e-01 -1.228084325790405273e+00 -8.936756253242492676e-01 1.405983805656433105e+00 -9.313726425170898438e-01 -6.102708578109741211e-01 -5.323372483253479004e-01 -6.039687395095825195e-01 5.140453577041625977e-04 1.880345106124877930e+00 1.446277618408203125e+00 1.267024040222167969e+00 -5.463251471519470215e-02 -1.258524656295776367e+00 -3.294728100299835205e-01
-1.141729116439819336e+00 1.406144857406616211e+00 1.518501043319702148e+00 -1.041131138801574707e+00 1.340595006942749023e+00 -5.996906757354736328e-01 -1.136769771575927734e+00 -9.123428463935852051e-01 1.404749751091003418e+00 -8.717369437217712402e-01 -6.334951519966125488e-01 -5.788177251815795898e-01 -5.635003447532653809e-01 -2.286949753761291504e-02 1.797089815139770508e+00 1.287467002868652344e+00 1.215491056442260742e+00 -9.464259445667266846e-02 -1.242092251777648926e+00 -2.692803144454956055e-01
-1.079167604446411133e+00 1.322975039482116699e+00 1.473636865615844727e+00 -1.001274824142456055e+00 1.305784940719604492e+00 -6.617029905319213867e-01 -9.836548566818237305e-01 -1.005079984664916992e+00 1.399856328964233398e+00 -7.842187881469726562e-01 -6.755999326705932617e-01 -6.396857500076293945e-01 -5.139117240905761719e-01 -2.663969993591308594e-02 1.708992481231689453e+00 1.119046807289123535e+00 1.183344364166259766e+00 -1.698072850704193115e-01 -1.228529810905456543e+00 -2.529557049274444580e-01
-1.012706398963928223e+00 1.255098700523376465e+00 1.428544282913208008e+00 -9.964507222175598145e-01 1.290424346923828125e+00 -7.714190483093261719e-01 -7.828526496887207031e-01 -1.159635186195373535e+00 1.400248646736145020e+00 -6.907724142074584961e-01 -7.270016670227050781e-01 -6.743129491806030273e-01 -4.419572055339813232e-01 1.076626405119895935e-02 1.602512478828430176e+00 9.610751271247863770e-01 1.166700839996337891e+00 -2.559345066547393799e-01 -1.180349349975585938e+00 -3.231249451637268066e-01
-9.598770737648010254e-01 1.282701134681701660e+00 1.419827938079833984e+00 -1.062695980072021484e+00 1.335596442222595215e+00 -9.726600646972656250e-01 -5.907174944877624512e-01 -1.421513676643371582e+00 1.463393807411193848e+00 -5.830981135368347168e-01 -7.930628061294555664e-01 -7.200489044189453125e-01 -3.732076883316040039e-01 8.533245325088500977e-02 1.549155473709106445e+00 8.504357337951660156e-01 1.233024120330810547e+00 -3.819658458232879639e-01 -1.134784817695617676e+00 -4.703209102153778076e-01
-9.485125541687011719e-01 1.326943993568420410e+00 1.436346054077148438e+00 -1.204876661300659180e+00 1.410525083541870117e+00 -1.187558531761169434e+00 -4.125393331050872803e-01 -1.709770798683166504e+00 1.548080801963806152e+00 -4.969609379768371582e-01 -9.173386096954345703e-01 -7.928431034088134766e-01 -3.531112074851989746e-01 2.246635705232620239e-01 1.540826559066772461e+00 7.804486751556396484e-01 1.415838360786437988e+00 -4.675467014312744141e-01 -1.136593341827392578e+00 -5.872299671173095703e-01
-8.938399553298950195e-01 1.337008833885192871e+00 1.413969993591308594e+00 -1.308885574340820312e+00 1.476439356803894043e+00 -1.352790355682373047e+00 -2.794050872325897217e-01 -1.898188710212707520e+00 1.612650156021118164e+00 -4.173358678817749023e-01 -1.000212907791137695e+00 -8.379747271537780762e-01 -3.089704215526580811e-01 3.486503660678863525e-01 1.524488806724548340e+00 7.305449247360229492e-01 1.563057184219360352e+00 -5.196943283081054688e-01 -1.088804006576538086e+00 -6.730713248252868652e-01
-8.464479446411132812e-01 1.361175179481506348e+00 1.410366773605346680e+00 -1.414960026741027832e+00 1.543674588203430176e+00 -1.448639392852783203e+00 -2.293301671743392944e-01 -1.999944925308227539e+00 1.665333628654479980e+00 -3.717867732048034668e-01 -1.024442434310913086e+00 -8.699201345443725586e-01 -2.794258296489715576e-01 4.292301535606384277e-01 1.549609541893005371e+00 7.227262258529663086e-01 1.687037229537963867e+00 -5.544499158859252930e-01 -1.060991168022155762e+00 -7.156293392181396484e-01
-8.029854297637939453e-01 1.378416538238525391e+00 1.403306722640991211e+00 -1.489366650581359863e+00 1.613475322723388672e+00 -1.500322341918945312e+00 -2.127650231122970581e-01 -2.047116279602050781e+00 1.706253528594970703e+00 -3.451858162879943848e-01 -1.032795190811157227e+00 -8.868092894554138184e-01 -2.596011757850646973e-01 4.850927889347076416e-01 1.571425080299377441e+00 7.052467465400695801e-01 1.769887685775756836e+00 -5.760363936424255371e-01 -1.026194453239440918e+00 -7.307102680206298828e-01
-7.676070332527160645e-01 1.398655056953430176e+00 1.416321635246276855e+00 -1.531429886817932129e+00 1.693878531455993652e+00 -1.531623840332031250e+00 -2.297199070453643799e-01 -2.055365085601806641e+00 1.761843800544738770e+00 -3.417487144470214844e-01 -1.063616991043090820e+00 -8.846015930175781250e-01 -2.584138810634613037e-01 5.226463079452514648e-01 1.600127577781677246e+00 6.830428838729858398e-01 1.821690678596496582e+00 -5.856736898422241211e-01 -1.003012776374816895e+00 -7.354367971420288086e-01
-7.281849980354309082e-01 1.417065262794494629e+00 1.426475286483764648e+00 -1.548547148704528809e+00 1.796336531639099121e+00 -1.549751162528991699e+00 -2.806039154529571533e-01 -2.036950588226318359e+00 1.830071091651916504e+00 -3.480386137962341309e-01 -1.092628240585327148e+00 -8.661862611770629883e-01 -2.602004706859588623e-01 5.570263266563415527e-01 1.626711606979370117e+00 6.593298316001892090e-01 1.857458949089050293e+00 -5.841304063796997070e-01 -9.781720042228698730e-01 -7.245615124702453613e-01
-6.802361011505126953e-01 1.432917237281799316e+00 1.428103566169738770e+00 -1.541622638702392578e+00 1.908053517341613770e+00 -1.561589002609252930e+00 -3.663336932659149170e-01 -1.996127843856811523e+00 1.889631748199462891e+00 -3.532739281654357910e-01 -1.100336313247680664e+00 -8.279462456703186035e-01 -2.584229707717895508e-01 5.917751193046569824e-01 1.641816854476928711e+00 6.399692893028259277e-01 1.870373606681823730e+00 -5.796760320663452148e-01 -9.429726600646972656e-01 -7.013854980468750000e-01
-6.368753910064697266e-01 1.448776125907897949e+00 1.424638867378234863e+00 -1.514147281646728516e+00 2.026902437210083008e+00 -1.559844493865966797e+00 -4.763159453868865967e-01 -1.933835148811340332e+00 1.929624199867248535e+00 -3.717410564422607422e-01 -1.097842216491699219e+00 -7.675107717514038086e-01 -2.648302316665649414e-01 6.295639276504516602e-01 1.641291379928588867e+00 6.350775957107543945e-01 1.860131740570068359e+00 -5.651470422744750977e-01 -9.059316515922546387e-01 -6.749262213706970215e-01
-6.086974143981933594e-01 1.463117241859436035e+00 1.415046215057373047e+00 -1.475194454193115234e+00 2.141439914703369141e+00 -1.533843517303466797e+00 -6.013062596321105957e-01 -1.849025607109069824e+00 1.946144223213195801e+00 -4.109137654304504395e-01 -1.089556217193603516e+00 -6.891272068023681641e-01 -2.918644249439239502e-01 6.760183572769165039e-01 1.621045231819152832e+00 6.456587910652160645e-01 1.835979223251342773e+00 -5.343696475028991699e-01 -8.759305477142333984e-01 -6.413989663124084473e-01
-5.834167599678039551e-01 1.481536388397216797e+00 1.387553453445434570e+00 -1.433858275413513184e+00 2.221600294113159180e+00 -1.478317975997924805e+00 -7.274596691131591797e-01 -1.744051337242126465e+00 1.936990618705749512e+00 -4.591281414031982422e-01 -1.068284988403320312e+00 -5.979052782058715820e-01 -3.352898061275482178e-01 7.112358212471008301e-01 1.576771020889282227e+00 6.554593443870544434e-01 1.790254831314086914e+00 -4.959708452224731445e-01 -8.468284010887145996e-01 -6.104984879493713379e-01
-5.597012042999267578e-01 1.498711109161376953e+00 1.350580573081970215e+00 -1.397563576698303223e+00 2.264958143234252930e+00 -1.384104132652282715e+00 -8.497467637062072754e-01 -1.625607967376708984e+00 1.912589788436889648e+00 -5.071135163307189941e-01 -1.054053783416748047e+00 -5.040550827980041504e-01 -4.116241335868835449e-01 7.206496596336364746e-01 1.511645555496215820e+00 6.573574542999267578e-01 1.732886433601379395e+00 -4.394542276859283447e-01 -8.411265015602111816e-01 -5.937105417251586914e-01
-5.551595091819763184e-01 1.512563109397888184e+00 1.315483927726745605e+00 -1.375963568687438965e+00 2.275342941284179688e+00 -1.259460926055908203e+00 -9.528807997703552246e-01 -1.513727664947509766e+00 1.880782485008239746e+00 -5.526958107948303223e-01 -1.040516018867492676e+00 -4.413998723030090332e-01 -5.119517445564270020e-01 7.016776204109191895e-01 1.452217936515808105e+00 6.734509468078613281e-01 1.695212960243225098e+00 -3.709102272987365723e-01 -8.654153347015380859e-01 -5.893962383270263672e-01
-5.954103469848632812e-01 1.516610741615295410e+00 1.277149438858032227e+00 -1.381457090377807617e+00 2.227869987487792969e+00 -1.116119265556335449e+00 -1.040819525718688965e+00 -1.440579891204833984e+00 1.836371660232543945e+00 -5.788995623588562012e-01 -1.041828632354736328e+00 -4.440917670726776123e-01 -6.287251114845275879e-01 6.619426608085632324e-01 1.397232651710510254e+00 6.939836144447326660e-01 1.698514103889465332e+00 -2.861368358135223389e-01 -9.353642463684082031e-01 -5.631416440010070801e-01
-6.902772188186645508e-01 1.563948750495910645e+00 1.254874944686889648e+00 -1.436141371726989746e+00 2.121886730194091797e+00 -9.468607902526855469e-01 -1.149818778038024902e+00 -1.394907712936401367e+00 1.768785953521728516e+00 -6.079576015472412109e-01 -1.031225085258483887e+00 -4.753251671791076660e-01 -7.672870755195617676e-01 6.018850207328796387e-01 1.376927018165588379e+00 7.734432220458984375e-01 1.730617642402648926e+00 -1.960518956184387207e-01 -1.054765582084655762e+00 -5.623825192451477051e-01
-8.315607309341430664e-01 1.565832614898681641e+00 1.268201589584350586e+00 -1.484696626663208008e+00 1.992311358451843262e+00 -7.959967851638793945e-01 -1.214835882186889648e+00 -1.392793059349060059e+00 1.701276421546936035e+00 -6.389915943145751953e-01 -1.013085126876831055e+00 -5.563384890556335449e-01 -8.730812072753906250e-01 5.419697761535644531e-01 1.441197395324707031e+00 9.003320336341857910e-01 1.797109961509704590e+00 -1.300019621849060059e-01 -1.183107614517211914e+00 -5.474754571914672852e-01
-9.726642370223999023e-01 1.490239262580871582e+00 1.252651095390319824e+00 -1.507694721221923828e+00 1.738313198089599609e+00 -6.410346031188964844e-01 -1.253006815910339355e+00 -1.399462699890136719e+00 1.557473063468933105e+00 -5.668901801109313965e-01 -9.005951881408691406e-01 -7.300578951835632324e-01 -8.966858386993408203e-01 4.201601147651672363e-01 1.523785948753356934e+00 1.036410450935363770e+00 1.860044956207275391e+00 -1.092825829982757568e-01 -1.315317988395690918e+00 -4.661931097507476807e-01
-1.034463882446289062e+00 1.399537563323974609e+00 1.262673139572143555e+00 -1.467158436775207520e+00 1.442798852920532227e+00 -5.770473480224609375e-01 -1.281856060028076172e+00 -1.402619123458862305e+00 1.435673952102661133e+00 -4.152014255523681641e-01 -7.205091118812561035e-01 -9.617344141006469727e-01 -8.571575284004211426e-01 2.554132938385009766e-01 1.571011066436767578e+00 1.104007840156555176e+00 1.897160172462463379e+00 -9.352726489305496216e-02 -1.433065414428710938e+00 -3.009298145771026611e-01
-1.010717630386352539e+00 1.290740370750427246e+00 1.309598326683044434e+00 -1.367414236068725586e+00 1.251839995384216309e+00 -6.307685375213623047e-01 -1.297383189201354980e+00 -1.407944321632385254e+00 1.388912916183471680e+00 -2.399021834135055542e-01 -5.993208885192871094e-01 -1.149445652961730957e+00 -7.543525099754333496e-01 1.309330463409423828e-01 1.587922096252441406e+00 1.081081986427307129e+00 1.883157253265380859e+00 -8.292277157306671143e-02 -1.491487979888916016e+00 -1.194384545087814331e-01
-9.526414871215820312e-01 1.144234180450439453e+00 1.374013543128967285e+00 -1.247785091400146484e+00 1.171458482742309570e+00 -7.111742496490478516e-01 -1.298790931701660156e+00 -1.381354093551635742e+00 1.359784960746765137e+00 -8.808961510658264160e-02 -5.421348810195922852e-01 -1.281918883323669434e+00 -6.279198527336120605e-01 3.841022402048110962e-02 1.612959980964660645e+00 1.019750118255615234e+00 1.835869550704956055e+00 -8.702857792377471924e-02 -1.495026588439941406e+00 4.711270332336425781e-02
-9.040693044662475586e-01 1.016308903694152832e+00 1.418402075767517090e+00 -1.134206175804138184e+00 1.183051228523254395e+00 -7.852877378463745117e-01 -1.305508971214294434e+00 -1.375687122344970703e+00 1.351107597351074219e+00 2.193288505077362061e-02 -5.393242835998535156e-01 -1.372314214706420898e+00 -5.367282629013061523e-01 -1.760243624448776245e-02 1.631525635719299316e+00 9.463246464729309082e-01 1.791314244270324707e+00 -9.277686476707458496e-02 -1.476652979850769043e+00 1.828396320343017578e-01
-8.792616128921508789e-01 9.441083669662475586e-01 1.467467427253723145e+00 -1.065940022468566895e+00 1.224185466766357422e+00 -8.394144773483276367e-01 -1.333716869354248047e+00 -1.360070705413818359e+00 1.364444017410278320e+00 8.086460828781127930e-02 -5.623444318771362305e-01 -1.419511318206787109e+00 -4.917736947536468506e-01 -3.802497684955596924e-02 1.663678407669067383e+00 9.081751108169555664e-01 1.773649215698242188e+00 -8.795027434825897217e-02 -1.476787924766540527e+00 2.703659534454345703e-01
-8.592435121536254883e-01 9.173047542572021484e-01 1.522919416427612305e+00 -1.032746553421020508e+00 1.286963224411010742e+00 -8.898544311523437500e-01 -1.369891285896301270e+00 -1.352675318717956543e+00 1.399727463722229004e+00 1.140519380569458008e-01 -6.023203134536743164e-01 -1.448789358139038086e+00 -4.674016535282135010e-01 -3.619217872619628906e-02 1.695748448371887207e+00 8.724576234817504883e-01 1.770877599716186523e+00 -8.596435189247131348e-02 -1.491062641143798828e+00 3.318703770637512207e-01
-8.522117137908935547e-01 9.357839226722717285e-01 1.578249573707580566e+00 -1.018824815750122070e+00 1.357591867446899414e+00 -9.339165687561035156e-01 -1.423998355865478516e+00 -1.363622665405273438e+00 1.440925836563110352e+00 1.303912997245788574e-01 -6.613888740539550781e-01 -1.467969298362731934e+00 -4.678330719470977783e-01 -2.817838639020919800e-02 1.727851033210754395e+00 8.291090726852416992e-01 1.776548504829406738e+00 -8.458711206912994385e-02 -1.515723705291748047e+00 3.625694215297698975e-01
-8.542187213897705078e-01 9.674568772315979004e-01 1.621821165084838867e+00 -1.019877195358276367e+00 1.431271910667419434e+00 -9.708558320999145508e-01 -1.469875574111938477e+00 -1.392155408859252930e+00 1.483419060707092285e+00 1.379990875720977783e-01 -7.365207672119140625e-01 -1.478733181953430176e+00 -4.835186302661895752e-01 -1.278644800186157227e-02 1.749163508415222168e+00 7.808862328529357910e-01 1.791756391525268555e+00 -8.599075675010681152e-02 -1.542549848556518555e+00 3.695876002311706543e-01
-8.468895554542541504e-01 1.002953052520751953e+00 1.642262458801269531e+00 -1.023701071739196777e+00 1.517296195030212402e+00 -1.008283972740173340e+00 -1.480119466781616211e+00 -1.426916360855102539e+00 1.512105345726013184e+00 1.320074647665023804e-01 -8.242890238761901855e-01 -1.457249879837036133e+00 -5.004045963287353516e-01 1.525247842073440552e-02 1.750431776046752930e+00 7.180126905441284180e-01 1.787779688835144043e+00 -9.690753370523452759e-02 -1.544145703315734863e+00 3.399736881256103516e-01
-8.167900443077087402e-01 1.032278299331665039e+00 1.623420476913452148e+00 -1.028503179550170898e+00 1.616059303283691406e+00 -1.049529075622558594e+00 -1.418552756309509277e+00 -1.468582153320312500e+00 1.524854302406311035e+00 1.076484322547912598e-01 -9.266675114631652832e-01 -1.384357213973999023e+00 -4.966224133968353271e-01 5.991404876112937927e-02 1.721773862838745117e+00 6.316058635711669922e-01 1.747208118438720703e+00 -1.281386017799377441e-01 -1.494006395339965820e+00 2.573654949665069580e-01
-7.226812243461608887e-01 1.058265328407287598e+00 1.583859324455261230e+00 -1.030460000038146973e+00 1.711004257202148438e+00 -1.104209542274475098e+00 -1.253137588500976562e+00 -1.446851253509521484e+00 1.574009418487548828e+00 2.444764971733093262e-02 -1.046234011650085449e+00 -1.187623620033264160e+00 -4.835562407970428467e-01 1.284098327159881592e-01 1.616759061813354492e+00 5.173315405845642090e-01 1.626202940940856934e+00 -1.496451497077941895e-01 -1.344326615333557129e+00 6.953442096710205078e-02
-6.525226235389709473e-01 1.077578902244567871e+00 1.551330685615539551e+00 -1.038504481315612793e+00 1.764857172966003418e+00 -1.147189497947692871e+00 -1.051121950149536133e+00 -1.391255497932434082e+00 1.575075745582580566e+00 -9.559162706136703491e-02 -1.120770454406738281e+00 -9.315196275711059570e-01 -4.535888135433197021e-01 2.012165039777755737e-01 1.534055471420288086e+00 4.842361211776733398e-01 1.474253177642822266e+00 -1.711092889308929443e-01 -1.164156436920166016e+00 -1.700581759214401245e-01
-6.346362233161926270e-01 1.090549468994140625e+00 1.539644718170166016e+00 -1.061424016952514648e+00 1.768721461296081543e+00 -1.208341598510742188e+00 -8.240337371826171875e-01 -1.369955301284790039e+00 1.569342136383056641e+00 -2.332465201616287231e-01 -1.124341845512390137e+00 -7.164532542228698730e-01 -4.254591464996337891e-01 2.675818204879760742e-01 1.494435787200927734e+00 5.527316927909851074e-01 1.370271682739257812e+00 -2.043584287166595459e-01 -1.015064835548400879e+00 -3.953888118267059326e-01
-6.554040908813476562e-01 1.108445405960083008e+00 1.548293113708496094e+00 -1.092479705810546875e+00 1.725142240524291992e+00 -1.267075896263122559e+00 -5.787736773490905762e-01 -1.380838394165039062e+00 1.592065572738647461e+00 -3.741349577903747559e-01 -1.096445441246032715e+00 -5.804198980331420898e-01 -3.867182135581970215e-01 2.945812344551086426e-01 1.517063260078430176e+00 6.765351891517639160e-01 1.311647772789001465e+00 -2.415373325347900391e-01 -9.094678163528442383e-01 -5.915143489837646484e-01
-7.050633430480957031e-01 1.101931333541870117e+00 1.546614766120910645e+00 -1.105892300605773926e+00 1.661222338676452637e+00 -1.278546333312988281e+00 -3.979551494121551514e-01 -1.366539716720581055e+00 1.586969852447509766e+00 -5.029000639915466309e-01 -1.046627759933471680e+00 -4.803965985774993896e-01 -3.412720859050750732e-01 3.138384222984313965e-01 1.552814602851867676e+00 8.199239969253540039e-01 1.263690948486328125e+00 -2.537590563297271729e-01 -8.250489830970764160e-01 -7.122611403465270996e-01
-7.815701365470886230e-01 1.096412301063537598e+00 1.551819324493408203e+00 -1.116852760314941406e+00 1.598751902580261230e+00 -1.257111191749572754e+00 -3.064667582511901855e-01 -1.325842618942260742e+00 1.568415880203247070e+00 -6.203336715698242188e-01 -9.773629903793334961e-01 -3.947037458419799805e-01 -2.911795973777770996e-01 3.315290808677673340e-01 1.611997961997985840e+00 1.001129984855651855e+00 1.224733114242553711e+00 -2.490625083446502686e-01 -7.664883732795715332e-01 -7.844727039337158203e-01
-8.939628601074218750e-01 1.094114899635314941e+00 1.581021785736083984e+00 -1.094946503639221191e+00 1.551587939262390137e+00 -1.205629110336303711e+00 -3.129864633083343506e-01 -1.254882335662841797e+00 1.545835137367248535e+00 -7.340894341468811035e-01 -8.875325918197631836e-01 -3.336767256259918213e-01 -2.544295191764831543e-01 3.251418769359588623e-01 1.698954224586486816e+00 1.206162333488464355e+00 1.182538270950317383e+00 -2.327347397804260254e-01 -7.439652681350708008e-01 -7.990275025367736816e-01
-1.020351290702819824e+00 1.095779180526733398e+00 1.602465987205505371e+00 -1.047123432159423828e+00 1.491766095161437988e+00 -1.110582351684570312e+00 -4.157381951808929443e-01 -1.137599706649780273e+00 1.505371928215026855e+00 -8.459448814392089844e-01 -7.904304862022399902e-01 -2.880490124225616455e-01 -2.416135817766189575e-01 3.050429224967956543e-01 1.789378404617309570e+00 1.416486501693725586e+00 1.146886229515075684e+00 -1.790281534194946289e-01 -7.517225146293640137e-01 -7.494258880615234375e-01
-1.151288390159606934e+00 1.209772109985351562e+00 1.652606606483459473e+00 -1.010552287101745605e+00 1.497752547264099121e+00 -1.041950345039367676e+00 -6.967006921768188477e-01 -1.056556344032287598e+00 1.478858113288879395e+00 -9.351659417152404785e-01 -7.143082022666931152e-01 -2.856072485446929932e-01 -2.754068076610565186e-01 2.583366036415100098e-01 1.933866500854492188e+00 1.601954817771911621e+00 1.162584900856018066e+00 -1.372789591550827026e-01 -8.484324216842651367e-01 -6.323822140693664551e-01
-1.228658795356750488e+00 1.346638917922973633e+00 1.692087054252624512e+00 -9.645021557807922363e-01 1.483044862747192383e+00 -9.617600440979003906e-01 -1.079808950424194336e+00 -9.310957789421081543e-01 1.447868943214416504e+00 -9.738695025444030762e-01 -6.066811680793762207e-01 -3.114012181758880615e-01 -3.428077697753906250e-01 1.776771843433380127e-01 2.034266710281372070e+00 1.716426730155944824e+00 1.166806340217590332e+00 -9.232906997203826904e-02 -9.810711741447448730e-01 -4.443642795085906982e-01
-1.235277771949768066e+00 1.468265295028686523e+00 1.721134305000305176e+00 -9.764082431793212891e-01 1.511084914207458496e+00 -9.075475931167602539e-01 -1.383684158325195312e+00 -8.695424795150756836e-01 1.466399908065795898e+00 -9.652930498123168945e-01 -5.281096100807189941e-01 -3.589867651462554932e-01 -3.860999345779418945e-01 1.188619732856750488e-01 2.059154748916625977e+00 1.742500662803649902e+00 1.192873120307922363e+00 -4.928383231163024902e-02 -1.092480421066284180e+00 -3.132448494434356689e-01
-1.217577099800109863e+00 1.550346374511718750e+00 1.748670578002929688e+00 -9.757636189460754395e-01 1.550712108612060547e+00 -9.054694175720214844e-01 -1.543743848800659180e+00 -8.623343110084533691e-01 1.513535141944885254e+00 -9.462758302688598633e-01 -4.885216951370239258e-01 -4.275922477245330811e-01 -4.152536988258361816e-01 5.692327767610549927e-02 2.055532217025756836e+00 1.708054780960083008e+00 1.217908740043640137e+00 -3.952865302562713623e-02 -1.164165258407592773e+00 -2.249351888895034790e-01
-1.184503674507141113e+00 1.617326378822326660e+00 1.781416296958923340e+00 -9.583953022956848145e-01 1.596503019332885742e+00 -9.362816810607910156e-01 -1.624119877815246582e+00 -8.672425746917724609e-01 1.559892058372497559e+00 -9.358599185943603516e-01 -4.719966053962707520e-01 -4.758861362934112549e-01 -4.280934035778045654e-01 9.055260568857192993e-03 2.047890424728393555e+00 1.649233102798461914e+00 1.222616434097290039e+00 -5.545330047607421875e-02 -1.203841209411621094e+00 -1.781339645385742188e-01
-1.142528057098388672e+00 1.668782949447631836e+00 1.803078293800354004e+00 -9.368024468421936035e-01 1.628882169723510742e+00 -9.926786422729492188e-01 -1.655821323394775391e+00 -8.762432932853698730e-01 1.597391605377197266e+00 -9.224145412445068359e-01 -4.535896778106689453e-01 -4.997250139713287354e-01 -4.224314391613006592e-01 -1.668752729892730713e-02 2.029287815093994141e+00 1.582425951957702637e+00 1.209879040718078613e+00 -9.270230680704116821e-02 -1.212730646133422852e+00 -1.551961004734039307e-01
-1.095755457878112793e+00 1.707965135574340820e+00 1.814453840255737305e+00 -9.119799733161926270e-01 1.654581665992736816e+00 -1.071707248687744141e+00 -1.664267301559448242e+00 -8.904272913932800293e-01 1.628641963005065918e+00 -8.974252939224243164e-01 -4.343057572841644287e-01 -5.122227072715759277e-01 -3.962055444717407227e-01 -1.848963648080825806e-02 2.004575490951538086e+00 1.508126735687255859e+00 1.190921664237976074e+00 -1.514904499053955078e-01 -1.196931004524230957e+00 -1.407846510410308838e-01
-1.023603439331054688e+00 1.734088897705078125e+00 1.814266562461853027e+00 -8.652391433715820312e-01 1.700790047645568848e+00 -1.198208093643188477e+00 -1.638810276985168457e+00 -9.272366166114807129e-01 1.667211174964904785e+00 -8.564640283584594727e-01 -4.122120440006256104e-01 -5.115859508514404297e-01 -3.207407593727111816e-01 -9.062968194484710693e-03 1.979050159454345703e+00 1.413499236106872559e+00 1.157564401626586914e+00 -2.510187625885009766e-01 -1.145463585853576660e+00 -1.365107595920562744e-01
-9.045799970626831055e-01 1.724614739418029785e+00 1.815468311309814453e+00 -8.417596817016601562e-01 1.785907030105590820e+00 -1.366570353507995605e+00 -1.551824092864990234e+00 -1.003586411476135254e+00 1.733812332153320312e+00 -7.776618003845214844e-01 -4.104905724525451660e-01 -5.003835558891296387e-01 -1.841589659452438354e-01 3.119283542037010193e-02 1.937531709671020508e+00 1.268349289894104004e+00 1.100646376609802246e+00 -3.842894732952117920e-01 -1.055751442909240723e+00 -1.400997340679168701e-01
-7.677157521247863770e-01 1.678679704666137695e+00 1.805520653724670410e+00 -8.672823309898376465e-01 1.878517389297485352e+00 -1.562019467353820801e+00 -1.358945250511169434e+00 -1.151043057441711426e+00 1.816882610321044922e+00 -6.614271402359008789e-01 -4.495470821857452393e-01 -4.900782108306884766e-01 -1.307337358593940735e-02 9.892439842224121094e-02 1.891233563423156738e+00 1.053078055381774902e+00 1.044035673141479492e+00 -5.498648881912231445e-01 -9.472695589065551758e-01 -1.849121749401092529e-01
-6.785699129104614258e-01 1.585476875305175781e+00 1.819200754165649414e+00 -9.358130693435668945e-01 1.965646386146545410e+00 -1.771725535392761230e+00 -1.123122453689575195e+00 -1.387115120887756348e+00 1.907524228096008301e+00 -4.763178229331970215e-01 -5.715230107307434082e-01 -5.710585117340087891e-01 1.090628504753112793e-01 2.225076258182525635e-01 1.861993312835693359e+00 8.317368626594543457e-01 1.111505389213562012e+00 -7.019559144973754883e-01 -9.258158206939697266e-01 -2.046081870794296265e-01
