-1.256089091300964355e+00 2.092975854873657227e+00 1.419713020324707031e+00 -1.226409792900085449e+00 1.082666277885437012e+00 -1.136279225349426270e+00 -1.466087341308593750e+00 -1.543253540992736816e+00 1.278225779533386230e+00 -4.301423132419586182e-01 -5.566301345825195312e-01 -7.775498628616333008e-01 -8.791754841804504395e-01 1.781988441944122314e-01 1.451752305030822754e+00 9.937978386878967285e-01 1.456908464431762695e+00 -5.118602514266967773e-01 -1.452851772308349609e+00 -4.634298682212829590e-01
-1.298664927482604980e+00 2.044651031494140625e+00 1.439191460609436035e+00 -1.180447101593017578e+00 1.081830739974975586e+00 -1.113219380378723145e+00 -1.491411924362182617e+00 -1.507582068443298340e+00 1.232169032096862793e+00 -4.531661570072174072e-01 -5.741180181503295898e-01 -7.709786891937255859e-01 -8.913338780403137207e-01 1.994070708751678467e-01 1.473580241203308105e+00 1.027725696563720703e+00 1.439038515090942383e+00 -4.872488081455230713e-01 -1.462267875671386719e+00 -4.010675251483917236e-01
-1.359000205993652344e+00 2.005095481872558594e+00 1.460439085960388184e+00 -1.150289893150329590e+00 1.089133501052856445e+00 -1.119613170623779297e+00 -1.487027525901794434e+00 -1.487620949745178223e+00 1.200100421905517578e+00 -5.033445358276367188e-01 -6.028907895088195801e-01 -7.260704040527343750e-01 -8.881269693374633789e-01 2.718114256858825684e-01 1.502209901809692383e+00 1.075881242752075195e+00 1.422812700271606445e+00 -4.726893305778503418e-01 -1.440242052078247070e+00 -3.729876875877380371e-01
-1.425852537155151367e+00 1.969810724258422852e+00 1.477009177207946777e+00 -1.135573863983154297e+00 1.097049713134765625e+00 -1.139607310295104980e+00 -1.460121393203735352e+00 -1.471982359886169434e+00 1.170046687126159668e+00 -5.699585676193237305e-01 -6.315383911132812500e-01 -6.475181579589843750e-01 -8.702417016029357910e-01 3.774324357509613037e-01 1.530730128288269043e+00 1.133483052253723145e+00 1.400461196899414062e+00 -4.655901789665222168e-01 -1.392653942108154297e+00 -3.727946281433105469e-01
-1.494707942008972168e+00 1.930556535720825195e+00 1.487952113151550293e+00 -1.125357151031494141e+00 1.151257514953613281e+00 -1.156335353851318359e+00 -1.425727486610412598e+00 -1.459688782691955566e+00 1.158980727195739746e+00 -6.629552245140075684e-01 -6.634846329689025879e-01 -5.517550110816955566e-01 -8.220211863517761230e-01 5.022120475769042969e-01 1.574358582496643066e+00 1.212096571922302246e+00 1.386703372001647949e+00 -4.514822959899902344e-01 -1.315637350082397461e+00 -3.932778239250183105e-01
-1.544373154640197754e+00 1.895006179809570312e+00 1.483051776885986328e+00 -1.123193264007568359e+00 1.219712376594543457e+00 -1.168423771858215332e+00 -1.365466356277465820e+00 -1.441880822181701660e+00 1.164662003517150879e+00 -7.731100320816040039e-01 -6.845018863677978516e-01 -4.410071969032287598e-01 -7.468735575675964355e-01 6.263676881790161133e-01 1.620974183082580566e+00 1.294217705726623535e+00 1.369916439056396484e+00 -4.453976452350616455e-01 -1.214122295379638672e+00 -4.332506656646728516e-01
-1.576526641845703125e+00 1.866772294044494629e+00 1.469108581542968750e+00 -1.118684649467468262e+00 1.285855412483215332e+00 -1.191774725914001465e+00 -1.285543084144592285e+00 -1.428314208984375000e+00 1.174427151679992676e+00 -8.830806612968444824e-01 -6.982988715171813965e-01 -3.314571678638458252e-01 -6.493085026741027832e-01 7.314437627792358398e-01 1.676168203353881836e+00 1.353388190269470215e+00 1.340596795082092285e+00 -4.451008439064025879e-01 -1.096138238906860352e+00 -4.733173847198486328e-01
-1.607708334922790527e+00 1.858329415321350098e+00 1.489034295082092285e+00 -1.132811546325683594e+00 1.384549498558044434e+00 -1.256180405616760254e+00 -1.194765448570251465e+00 -1.446607470512390137e+00 1.216890931129455566e+00 -9.970331192016601562e-01 -7.117386460304260254e-01 -2.368970215320587158e-01 -5.365377664566040039e-01 8.181009888648986816e-01 1.778415322303771973e+00 1.410453438758850098e+00 1.320247054100036621e+00 -4.597939550876617432e-01 -9.822357296943664551e-01 -5.186340212821960449e-01
-1.590886354446411133e+00 1.829510927200317383e+00 1.569365262985229492e+00 -1.158545136451721191e+00 1.525183200836181641e+00 -1.344743132591247559e+00 -1.093026399612426758e+00 -1.459724903106689453e+00 1.331017255783081055e+00 -1.102521419525146484e+00 -7.600222826004028320e-01 -1.423364132642745972e-01 -4.175008833408355713e-01 8.585482239723205566e-01 1.877087831497192383e+00 1.443186283111572266e+00 1.271139860153198242e+00 -4.523893892765045166e-01 -8.801400661468505859e-01 -5.721671581268310547e-01
-1.525946617126464844e+00 1.787270903587341309e+00 1.681092262268066406e+00 -1.154140353202819824e+00 1.697514533996582031e+00 -1.426543354988098145e+00 -9.926573634147644043e-01 -1.458295583724975586e+00 1.492460608482360840e+00 -1.205014944076538086e+00 -8.219438195228576660e-01 -7.184710353612899780e-02 -2.797168195247650146e-01 8.356173634529113770e-01 1.972974658012390137e+00 1.463199973106384277e+00 1.202072024345397949e+00 -4.348149895668029785e-01 -7.971945405006408691e-01 -6.173042654991149902e-01
-1.383484482765197754e+00 1.704413056373596191e+00 1.761698603630065918e+00 -1.092465996742248535e+00 1.851073861122131348e+00 -1.473038673400878906e+00 -8.686909675598144531e-01 -1.398220181465148926e+00 1.665347456932067871e+00 -1.286116361618041992e+00 -8.757287859916687012e-01 -2.072556316852569580e-02 -1.229777485132217407e-01 7.349523901939392090e-01 2.029343366622924805e+00 1.435173153877258301e+00 1.086673378944396973e+00 -4.082370996475219727e-01 -7.003004550933837891e-01 -6.360195875167846680e-01
-1.167042136192321777e+00 1.596667289733886719e+00 1.836717605590820312e+00 -1.011583328247070312e+00 1.995627284049987793e+00 -1.486771821975708008e+00 -7.669128775596618652e-01 -1.290009260177612305e+00 1.823567509651184082e+00 -1.310818910598754883e+00 -9.462451338768005371e-01 -2.158823981881141663e-02 -1.127119362354278564e-02 5.494713783264160156e-01 2.056696891784667969e+00 1.340666174888610840e+00 9.738477468490600586e-01 -3.869465887546539307e-01 -6.531274914741516113e-01 -6.247958540916442871e-01
-9.246069192886352539e-01 1.489204287528991699e+00 1.923282146453857422e+00 -9.077412486076354980e-01 2.148082494735717773e+00 -1.484872460365295410e+00 -6.761913895606994629e-01 -1.174965500831604004e+00 1.985762357711791992e+00 -1.282372474670410156e+00 -1.024503707885742188e+00 -1.342179775238037109e-01 5.554728209972381592e-02 2.827268242835998535e-01 2.100354194641113281e+00 1.238681912422180176e+00 9.171959757804870605e-01 -3.720241785049438477e-01 -6.558553576469421387e-01 -5.894933342933654785e-01
-7.796301841735839844e-01 1.440859079360961914e+00 2.000507831573486328e+00 -7.726810574531555176e-01 2.280301094055175781e+00 -1.478018045425415039e+00 -6.578087210655212402e-01 -1.159855008125305176e+00 2.118892192840576172e+00 -1.194769382476806641e+00 -1.082583189010620117e+00 -3.908503651618957520e-01 4.059569910168647766e-02 -4.148797690868377686e-02 2.185913085937500000e+00 1.148483157157897949e+00 9.444459676742553711e-01 -3.647150993347167969e-01 -7.557039260864257812e-01 -5.081329345703125000e-01
-7.170296907424926758e-01 1.378576278686523438e+00 2.049334764480590820e+00 -6.223830580711364746e-01 2.287660837173461914e+00 -1.394831538200378418e+00 -6.873907446861267090e-01 -1.131328940391540527e+00 2.141326189041137695e+00 -1.081810951232910156e+00 -1.131295561790466309e+00 -6.645879149436950684e-01 -5.504756793379783630e-02 -3.503087162971496582e-01 2.222824573516845703e+00 1.052802205085754395e+00 9.699458479881286621e-01 -3.025418519973754883e-01 -9.079841971397399902e-01 -3.894318938255310059e-01
-7.437242269515991211e-01 1.338769793510437012e+00 2.076349496841430664e+00 -5.181452035903930664e-01 2.229161024093627930e+00 -1.278935790061950684e+00 -7.554538846015930176e-01 -1.128150224685668945e+00 2.088094234466552734e+00 -9.869212508201599121e-01 -1.194127559661865234e+00 -9.031895995140075684e-01 -2.069483101367950439e-01 -5.621023178100585938e-01 2.213468790054321289e+00 9.706888794898986816e-01 1.025331735610961914e+00 -2.258731126785278320e-01 -1.083090782165527344e+00 -2.636557221412658691e-01
-8.501191735267639160e-01 1.345058798789978027e+00 2.123600721359252930e+00 -4.797754585742950439e-01 2.131796360015869141e+00 -1.187013268470764160e+00 -8.525735139846801758e-01 -1.179865598678588867e+00 2.007656335830688477e+00 -9.083798527717590332e-01 -1.259114384651184082e+00 -1.126788616180419922e+00 -3.714547455310821533e-01 -6.756036281585693359e-01 2.206084251403808594e+00 9.427146911621093750e-01 1.140507817268371582e+00 -1.361174434423446655e-01 -1.293142318725585938e+00 -1.513883471488952637e-01
-9.914139509201049805e-01 1.345116496086120605e+00 2.157189130783081055e+00 -4.753314554691314697e-01 1.990108013153076172e+00 -1.083522319793701172e+00 -9.329674839973449707e-01 -1.212006092071533203e+00 1.886209249496459961e+00 -8.456833362579345703e-01 -1.311607122421264648e+00 -1.282814860343933105e+00 -5.256635546684265137e-01 -7.312285900115966797e-01 2.198968172073364258e+00 9.611420631408691406e-01 1.230185031890869141e+00 -4.006929695606231689e-02 -1.472847700119018555e+00 -8.432993292808532715e-02
-1.132747888565063477e+00 1.297199964523315430e+00 2.211070299148559570e+00 -5.050814151763916016e-01 1.829449057579040527e+00 -9.613587260246276855e-01 -9.862453341484069824e-01 -1.230656385421752930e+00 1.771354556083679199e+00 -7.776511311531066895e-01 -1.361488223075866699e+00 -1.401227951049804688e+00 -6.835422515869140625e-01 -7.225024700164794922e-01 2.169759511947631836e+00 1.006140470504760742e+00 1.332883834838867188e+00 7.751918584108352661e-02 -1.650645256042480469e+00 -7.361221313476562500e-02
-1.240247011184692383e+00 1.214571237564086914e+00 2.255345344543457031e+00 -5.170588493347167969e-01 1.736380338668823242e+00 -8.798035979270935059e-01 -1.005455136299133301e+00 -1.239090919494628906e+00 1.689482212066650391e+00 -7.294793128967285156e-01 -1.416226625442504883e+00 -1.454078078269958496e+00 -7.589441537857055664e-01 -6.746733188629150391e-01 2.162036895751953125e+00 1.076875686645507812e+00 1.406494379043579102e+00 1.747903227806091309e-01 -1.756577491760253906e+00 -9.433069825172424316e-02
-1.297962069511413574e+00 1.132423996925354004e+00 2.267381191253662109e+00 -5.361369252204895020e-01 1.632712960243225098e+00 -8.129141330718994141e-01 -9.931779503822326660e-01 -1.223395705223083496e+00 1.592936038970947266e+00 -6.818073391914367676e-01 -1.434629321098327637e+00 -1.455644607543945312e+00 -8.074656128883361816e-01 -6.052097678184509277e-01 2.119942903518676758e+00 1.141638159751892090e+00 1.449914455413818359e+00 2.571994364261627197e-01 -1.815254211425781250e+00 -1.356868594884872437e-01
-1.306485891342163086e+00 1.098622322082519531e+00 2.286812067031860352e+00 -5.997520685195922852e-01 1.587577819824218750e+00 -8.039387464523315430e-01 -9.733071923255920410e-01 -1.231778383255004883e+00 1.551849007606506348e+00 -6.365132927894592285e-01 -1.425033330917358398e+00 -1.435435652732849121e+00 -8.451886773109436035e-01 -5.304111838340759277e-01 2.104688882827758789e+00 1.206718921661376953e+00 1.496834278106689453e+00 2.851263880729675293e-01 -1.851121187210083008e+00 -1.993298977613449097e-01
-1.257377862930297852e+00 1.042573213577270508e+00 2.303709030151367188e+00 -6.737489104270935059e-01 1.573250055313110352e+00 -8.111319541931152344e-01 -9.143034219741821289e-01 -1.231884360313415527e+00 1.545067787170410156e+00 -5.914055705070495605e-01 -1.397134780883789062e+00 -1.402634024620056152e+00 -8.442649841308593750e-01 -4.783732295036315918e-01 2.102442264556884766e+00 1.261346697807312012e+00 1.530512690544128418e+00 2.973068058490753174e-01 -1.848482131958007812e+00 -2.682350277900695801e-01
-1.153262615203857422e+00 9.281107187271118164e-01 2.317790746688842773e+00 -7.442881464958190918e-01 1.613911390304565430e+00 -8.371950984001159668e-01 -8.273553848266601562e-01 -1.227787017822265625e+00 1.567019939422607422e+00 -5.341062545776367188e-01 -1.349060058593750000e+00 -1.367664098739624023e+00 -7.729862928390502930e-01 -4.496866464614868164e-01 2.128690242767333984e+00 1.318050026893615723e+00 1.551239609718322754e+00 2.942973375320434570e-01 -1.801090002059936523e+00 -3.156052827835083008e-01
-9.693410992622375488e-01 8.019757866859436035e-01 2.314363718032836914e+00 -8.437063694000244141e-01 1.727507233619689941e+00 -9.331194758415222168e-01 -7.051208019256591797e-01 -1.262381196022033691e+00 1.653627753257751465e+00 -4.403427243232727051e-01 -1.283707380294799805e+00 -1.334778189659118652e+00 -6.103072166442871094e-01 -4.371671080589294434e-01 2.184857130050659180e+00 1.346741318702697754e+00 1.570891380310058594e+00 2.336954474449157715e-01 -1.697430849075317383e+00 -3.586685955524444580e-01
-7.571970820426940918e-01 6.964829564094543457e-01 2.296174526214599609e+00 -9.943947196006774902e-01 1.883948922157287598e+00 -1.087299108505249023e+00 -5.633080601692199707e-01 -1.353435516357421875e+00 1.779481053352355957e+00 -3.371903896331787109e-01 -1.196180820465087891e+00 -1.309327840805053711e+00 -3.770246505737304688e-01 -4.179755449295043945e-01 2.268107891082763672e+00 1.330377221107482910e+00 1.589704751968383789e+00 1.167686134576797485e-01 -1.553614377975463867e+00 -3.709022104740142822e-01
-5.451243519783020020e-01 6.045580506324768066e-01 2.191541671752929688e+00 -1.123056173324584961e+00 2.011154413223266602e+00 -1.233626842498779297e+00 -4.204502701759338379e-01 -1.452174663543701172e+00 1.897722721099853516e+00 -2.514555454254150391e-01 -1.087952017784118652e+00 -1.267898201942443848e+00 -9.520824253559112549e-02 -3.619745671749114990e-01 2.303349494934082031e+00 1.258496761322021484e+00 1.599236726760864258e+00 -2.126490697264671326e-02 -1.345113039016723633e+00 -3.536182343959808350e-01
-4.136318564414978027e-01 5.359629392623901367e-01 2.019640922546386719e+00 -1.190883398056030273e+00 2.078775882720947266e+00 -1.331297278404235840e+00 -3.156146407127380371e-01 -1.540347337722778320e+00 1.964285254478454590e+00 -2.014548480510711670e-01 -1.006326675415039062e+00 -1.222729921340942383e+00 1.602958589792251587e-01 -2.657434046268463135e-01 2.292932033538818359e+00 1.157111644744873047e+00 1.596990942955017090e+00 -1.482523530721664429e-01 -1.131223440170288086e+00 -2.913776040077209473e-01
-4.247272610664367676e-01 5.618370771408081055e-01 1.880604982376098633e+00 -1.204555869102478027e+00 2.095983743667602539e+00 -1.426800370216369629e+00 -3.304078876972198486e-01 -1.676890611648559570e+00 1.981693267822265625e+00 -1.641434133052825928e-01 -9.807657599449157715e-01 -1.208592295646667480e+00 2.944265604019165039e-01 -1.492965519428253174e-01 2.264770746231079102e+00 1.047089338302612305e+00 1.601038217544555664e+00 -2.600163221359252930e-01 -1.029022574424743652e+00 -2.012305408716201782e-01
-5.304348468780517578e-01 6.170559525489807129e-01 1.766647815704345703e+00 -1.216300725936889648e+00 2.022831201553344727e+00 -1.505867362022399902e+00 -3.781945109367370605e-01 -1.803591847419738770e+00 1.901296615600585938e+00 -1.091274395585060120e-01 -9.879380464553833008e-01 -1.178224921226501465e+00 3.180346488952636719e-01 4.279721528291702271e-03 2.208688497543334961e+00 9.600123167037963867e-01 1.599899530410766602e+00 -3.709104657173156738e-01 -9.865346550941467285e-01 -1.350442171096801758e-01
-6.965433359146118164e-01 6.607515811920166016e-01 1.641933798789978027e+00 -1.221369743347167969e+00 1.896056413650512695e+00 -1.519024014472961426e+00 -4.453100860118865967e-01 -1.915657043457031250e+00 1.750694751739501953e+00 -6.716797500848770142e-02 -1.019887089729309082e+00 -1.148701190948486328e+00 2.567243278026580811e-01 1.882215589284896851e-01 2.103747367858886719e+00 8.688920140266418457e-01 1.611212015151977539e+00 -4.437852203845977783e-01 -9.769054651260375977e-01 -5.750657245516777039e-02
-9.094104766845703125e-01 7.233883142471313477e-01 1.519652605056762695e+00 -1.231265544891357422e+00 1.782112240791320801e+00 -1.477983236312866211e+00 -5.549428462982177734e-01 -2.031827926635742188e+00 1.562512636184692383e+00 -4.190348833799362183e-02 -1.084463238716125488e+00 -1.123500227928161621e+00 1.149749606847763062e-01 3.951855599880218506e-01 1.993907690048217773e+00 7.969407439231872559e-01 1.660960435867309570e+00 -4.874288737773895264e-01 -1.008726716041564941e+00 -7.962796837091445923e-03
-1.055878758430480957e+00 7.750859856605529785e-01 1.423786997795104980e+00 -1.239032506942749023e+00 1.684426188468933105e+00 -1.402114510536193848e+00 -6.415790319442749023e-01 -2.076602458953857422e+00 1.426904916763305664e+00 -3.650313243269920349e-02 -1.141970515251159668e+00 -1.103858947753906250e+00 -4.568092152476310730e-02 5.259687900543212891e-01 1.880291461944580078e+00 7.641402482986450195e-01 1.706653237342834473e+00 -4.772292077541351318e-01 -1.044957399368286133e+00 -4.875175654888153076e-03
-1.149830102920532227e+00 7.875244021415710449e-01 1.376628875732421875e+00 -1.229061961174011230e+00 1.642353653907775879e+00 -1.307208657264709473e+00 -7.027151584625244141e-01 -2.081893682479858398e+00 1.351863861083984375e+00 -4.291132465004920959e-02 -1.205658197402954102e+00 -1.128126502037048340e+00 -1.935340017080307007e-01 5.826900005340576172e-01 1.797670602798461914e+00 7.748642563819885254e-01 1.771380066871643066e+00 -4.281998872756958008e-01 -1.108663082122802734e+00 -1.676576212048530579e-02
-1.226627707481384277e+00 7.579642534255981445e-01 1.366713166236877441e+00 -1.210017800331115723e+00 1.601671457290649414e+00 -1.167452335357666016e+00 -7.430821657180786133e-01 -2.066635131835937500e+00 1.306867003440856934e+00 -3.158684819936752319e-02 -1.280042767524719238e+00 -1.191366434097290039e+00 -3.568947613239288330e-01 5.697560906410217285e-01 1.739619970321655273e+00 8.019783496856689453e-01 1.848930716514587402e+00 -3.397221267223358154e-01 -1.224800586700439453e+00 -6.544779241085052490e-02
-1.231474399566650391e+00 6.840874552726745605e-01 1.395851016044616699e+00 -1.208440303802490234e+00 1.556518554687500000e+00 -9.856820106506347656e-01 -7.390949130058288574e-01 -1.990049362182617188e+00 1.294482827186584473e+00 -1.172804087400436401e-02 -1.341236948966979980e+00 -1.278087973594665527e+00 -5.232266187667846680e-01 4.520340561866760254e-01 1.724098324775695801e+00 8.699069619178771973e-01 1.922295093536376953e+00 -2.058165967464447021e-01 -1.361134529113769531e+00 -1.428927928209304810e-01
-1.127773046493530273e+00 5.727546215057373047e-01 1.463175654411315918e+00 -1.192427158355712891e+00 1.539031147956848145e+00 -7.659677267074584961e-01 -7.093974351882934570e-01 -1.836007237434387207e+00 1.348301887512207031e+00 2.078415453433990479e-02 -1.348679304122924805e+00 -1.404841303825378418e+00 -6.478395462036132812e-01 2.055445909500122070e-01 1.743016481399536133e+00 9.665361046791076660e-01 1.990308880805969238e+00 -4.057624563574790955e-02 -1.508784770965576172e+00 -2.373694032430648804e-01
-9.153058528900146484e-01 6.460288763046264648e-01 1.698832035064697266e+00 -1.217553019523620605e+00 1.691959500312805176e+00 -6.948891282081604004e-01 -7.559273242950439453e-01 -1.667225718498229980e+00 1.627186655998229980e+00 -1.166348904371261597e-02 -1.235491156578063965e+00 -1.544407844543457031e+00 -6.874206066131591797e-01 -1.056043058633804321e-01 1.851540446281433105e+00 1.090627551078796387e+00 2.085378885269165039e+00 6.255024671554565430e-02 -1.685246229171752930e+00 -3.256611227989196777e-01
-6.565536856651306152e-01 8.026466965675354004e-01 1.896445393562316895e+00 -1.231684803962707520e+00 1.859117746353149414e+00 -7.381070852279663086e-01 -7.727219462394714355e-01 -1.458776473999023438e+00 1.927144050598144531e+00 -1.141756176948547363e-01 -1.059050083160400391e+00 -1.546913623809814453e+00 -6.347294449806213379e-01 -3.416905999183654785e-01 1.954378962516784668e+00 1.159073829650878906e+00 2.079021453857421875e+00 8.230236172676086426e-02 -1.716186523437500000e+00 -4.147025048732757568e-01
-4.838218986988067627e-01 9.976950287818908691e-01 1.987781524658203125e+00 -1.265247583389282227e+00 1.945074558258056641e+00 -8.515692353248596191e-01 -8.320284485816955566e-01 -1.310804963111877441e+00 2.069649696350097656e+00 -2.034590691328048706e-01 -9.104149937629699707e-01 -1.420354843139648438e+00 -6.208451986312866211e-01 -4.211597144603729248e-01 1.993419647216796875e+00 1.180046081542968750e+00 2.004086732864379883e+00 3.571189939975738525e-02 -1.674374818801879883e+00 -4.946228265762329102e-01
-3.739208281040191650e-01 1.119364142417907715e+00 1.990934014320373535e+00 -1.302286267280578613e+00 1.938558816909790039e+00 -9.445703029632568359e-01 -8.441820740699768066e-01 -1.226564168930053711e+00 2.111463785171508789e+00 -2.410788387060165405e-01 -7.866058349609375000e-01 -1.301224827766418457e+00 -5.898153185844421387e-01 -4.282476603984832764e-01 1.971777439117431641e+00 1.158816814422607422e+00 1.919291615486145020e+00 -2.201928943395614624e-02 -1.601683616638183594e+00 -5.273677110671997070e-01
-3.164615035057067871e-01 1.196442484855651855e+00 1.948539853096008301e+00 -1.354146599769592285e+00 1.884953260421752930e+00 -1.019092440605163574e+00 -8.300507068634033203e-01 -1.204495072364807129e+00 2.099822759628295898e+00 -2.442181557416915894e-01 -6.882728934288024902e-01 -1.206438779830932617e+00 -5.613551735877990723e-01 -3.878012001514434814e-01 1.923276066780090332e+00 1.122281789779663086e+00 1.857797980308532715e+00 -7.659389078617095947e-02 -1.528642177581787109e+00 -5.387505888938903809e-01
-3.181089162826538086e-01 1.279131650924682617e+00 1.876229763031005859e+00 -1.430000662803649902e+00 1.797714471817016602e+00 -1.095995783805847168e+00 -8.220440745353698730e-01 -1.238660573959350586e+00 2.049872398376464844e+00 -2.352922707796096802e-01 -6.150350570678710938e-01 -1.127164840698242188e+00 -5.515847802162170410e-01 -3.008151650428771973e-01 1.879082322120666504e+00 1.094082117080688477e+00 1.832873106002807617e+00 -1.273869276046752930e-01 -1.466684818267822266e+00 -5.480985045433044434e-01
-4.306298494338989258e-01 1.443266391754150391e+00 1.757520914077758789e+00 -1.616985082626342773e+00 1.633663892745971680e+00 -1.225544571876525879e+00 -8.174368143081665039e-01 -1.379323720932006836e+00 1.969097971916198730e+00 -2.190238982439041138e-01 -5.501735806465148926e-01 -1.031777858734130859e+00 -5.700383782386779785e-01 -5.185185372829437256e-02 1.810426473617553711e+00 1.045293927192687988e+00 1.880119919776916504e+00 -2.411920726299285889e-01 -1.401057243347167969e+00 -5.600918531417846680e-01
-6.304974555969238281e-01 1.661569833755493164e+00 1.558987140655517578e+00 -1.818141341209411621e+00 1.395761013031005859e+00 -1.365037083625793457e+00 -8.147791028022766113e-01 -1.589702248573303223e+00 1.790507555007934570e+00 -1.913534402847290039e-01 -5.136156678199768066e-01 -8.876892924308776855e-01 -5.836758613586425781e-01 3.102840185165405273e-01 1.691481947898864746e+00 9.347130656242370605e-01 1.889973282814025879e+00 -4.379326701164245605e-01 -1.296881914138793945e+00 -5.664343833923339844e-01
-9.542525410652160645e-01 1.842344284057617188e+00 1.428941845893859863e+00 -1.921190857887268066e+00 1.310448408126831055e+00 -1.500986218452453613e+00 -9.386260509490966797e-01 -1.870171904563903809e+00 1.584608793258666992e+00 -1.808025538921356201e-01 -6.336727738380432129e-01 -7.708334922790527344e-01 -5.942897796630859375e-01 6.894644498825073242e-01 1.664808034896850586e+00 9.020749926567077637e-01 1.914749860763549805e+00 -6.251717805862426758e-01 -1.251509666442871094e+00 -5.724754333496093750e-01
-1.161754488945007324e+00 1.843992233276367188e+00 1.328759908676147461e+00 -1.859425902366638184e+00 1.277035593986511230e+00 -1.525876402854919434e+00 -9.685831069946289062e-01 -2.022978067398071289e+00 1.392523527145385742e+00 -1.652173697948455811e-01 -7.696815133094787598e-01 -7.160522341728210449e-01 -5.695024728775024414e-01 8.885354995727539062e-01 1.622957110404968262e+00 8.655739426612854004e-01 1.879528522491455078e+00 -7.120550274848937988e-01 -1.194176673889160156e+00 -5.649228096008300781e-01
-1.255982518196105957e+00 1.809958696365356445e+00 1.295432329177856445e+00 -1.764710903167724609e+00 1.295634865760803223e+00 -1.490494370460510254e+00 -1.001044869422912598e+00 -2.076852083206176758e+00 1.294742107391357422e+00 -1.547587513923645020e-01 -8.349655270576477051e-01 -7.220075726509094238e-01 -5.733903050422668457e-01 9.412037134170532227e-01 1.586455464363098145e+00 8.539394736289978027e-01 1.864241838455200195e+00 -7.186102867126464844e-01 -1.202112674713134766e+00 -5.459539890289306641e-01
-1.259954214096069336e+00 1.729012250900268555e+00 1.250325918197631836e+00 -1.666542530059814453e+00 1.300998449325561523e+00 -1.427823781967163086e+00 -1.002694249153137207e+00 -2.068742990493774414e+00 1.225364804267883301e+00 -1.157438755035400391e-01 -8.635789155960083008e-01 -7.325132489204406738e-01 -5.710538625717163086e-01 9.304755330085754395e-01 1.519387722015380859e+00 8.224231004714965820e-01 1.828501462936401367e+00 -6.911184787750244141e-01 -1.195829153060913086e+00 -5.327088832855224609e-01
-1.236582159996032715e+00 1.594867229461669922e+00 1.206573724746704102e+00 -1.550451517105102539e+00 1.331435561180114746e+00 -1.348043799400329590e+00 -1.009927153587341309e+00 -2.052026987075805664e+00 1.170605540275573730e+00 -6.094517186284065247e-02 -8.943684101104736328e-01 -7.859413027763366699e-01 -5.829936265945434570e-01 8.679563403129577637e-01 1.465802788734436035e+00 8.016881942749023438e-01 1.808884859085083008e+00 -6.259002089500427246e-01 -1.197899818420410156e+00 -4.971908330917358398e-01
-1.151008963584899902e+00 1.391005158424377441e+00 1.145179390907287598e+00 -1.374822974205017090e+00 1.358058691024780273e+00 -1.206230401992797852e+00 -1.005414724349975586e+00 -2.017719268798828125e+00 1.119759321212768555e+00 2.622599899768829346e-02 -8.908856511116027832e-01 -8.815753459930419922e-01 -5.713903903961181641e-01 7.233155965805053711e-01 1.394939541816711426e+00 7.836133837699890137e-01 1.773523569107055664e+00 -5.259174108505249023e-01 -1.215670108795166016e+00 -4.339565634727478027e-01
-1.012697458267211914e+00 1.108865976333618164e+00 1.121115922927856445e+00 -1.140872240066528320e+00 1.396542072296142578e+00 -1.022852063179016113e+00 -9.659655094146728516e-01 -1.922058820724487305e+00 1.118343830108642578e+00 1.062989234924316406e-01 -8.753644824028015137e-01 -1.013117074966430664e+00 -5.245860815048217773e-01 4.737187623977661133e-01 1.385012984275817871e+00 8.041201233863830566e-01 1.727327942848205566e+00 -3.851116895675659180e-01 -1.233418941497802734e+00 -3.560221195220947266e-01
-7.936298251152038574e-01 8.651614189147949219e-01 1.356481909751892090e+00 -9.556921720504760742e-01 1.651922345161437988e+00 -8.919119238853454590e-01 -9.862252473831176758e-01 -1.699924945831298828e+00 1.410526514053344727e+00 7.715198397636413574e-02 -8.988195061683654785e-01 -1.262549281120300293e+00 -3.939112722873687744e-01 3.889524191617965698e-02 1.611756205558776855e+00 9.504439830780029297e-01 1.773466229438781738e+00 -1.897832900285720825e-01 -1.322295665740966797e+00 -2.602418363094329834e-01
-6.133521199226379395e-01 7.721258997917175293e-01 1.644888520240783691e+00 -8.655038475990295410e-01 1.881440162658691406e+00 -8.201809525489807129e-01 -1.025066375732421875e+00 -1.432338476181030273e+00 1.709705948829650879e+00 -4.887347668409347534e-02 -8.656824231147766113e-01 -1.433304429054260254e+00 -2.966164052486419678e-01 -3.313527107238769531e-01 1.835840344429016113e+00 1.053927779197692871e+00 1.788184642791748047e+00 -4.426883161067962646e-02 -1.409744501113891602e+00 -1.420985758304595947e-01
-5.536117553710937500e-01 8.787605166435241699e-01 1.817852973937988281e+00 -8.871090412139892578e-01 2.027829408645629883e+00 -8.634485602378845215e-01 -1.122834563255310059e+00 -1.331318020820617676e+00 1.901973485946655273e+00 -1.629449278116226196e-01 -8.062120079994201660e-01 -1.456241250038146973e+00 -3.267623484134674072e-01 -4.509891867637634277e-01 1.973753452301025391e+00 1.123220443725585938e+00 1.814844489097595215e+00 -3.201526775956153870e-02 -1.480707645416259766e+00 -1.138150990009307861e-01
-5.102115869522094727e-01 9.891020059585571289e-01 1.849464893341064453e+00 -9.342348575592041016e-01 2.018160343170166016e+00 -9.044262766838073730e-01 -1.192616701126098633e+00 -1.252016067504882812e+00 1.962049841880798340e+00 -2.120013236999511719e-01 -7.050978541374206543e-01 -1.394093632698059082e+00 -3.818126320838928223e-01 -4.523695111274719238e-01 1.965082526206970215e+00 1.121835112571716309e+00 1.801500678062438965e+00 -6.239838153123855591e-02 -1.494151115417480469e+00 -1.095344871282577515e-01
-4.910747110843658447e-01 1.106897473335266113e+00 1.765525341033935547e+00 -1.005105137825012207e+00 1.902785778045654297e+00 -9.276576638221740723e-01 -1.231872200965881348e+00 -1.209692716598510742e+00 1.929166316986083984e+00 -2.239601463079452515e-01 -5.732623338699340820e-01 -1.268733501434326172e+00 -4.402057230472564697e-01 -3.776457905769348145e-01 1.855245471000671387e+00 1.066940426826477051e+00 1.755501985549926758e+00 -1.209106966853141785e-01 -1.449904441833496094e+00 -1.237558126449584961e-01
-5.667754411697387695e-01 1.314741969108581543e+00 1.644248247146606445e+00 -1.142487525939941406e+00 1.748463988304138184e+00 -9.612863659858703613e-01 -1.300176620483398438e+00 -1.219190001487731934e+00 1.898320436477661133e+00 -3.285278081893920898e-01 -4.243797361850738525e-01 -1.056372404098510742e+00 -5.376804471015930176e-01 -1.434229016304016113e-01 1.662999510765075684e+00 9.908288121223449707e-01 1.714700102806091309e+00 -1.810516417026519775e-01 -1.361935615539550781e+00 -1.417072117328643799e-01
-7.885637879371643066e-01 1.730385303497314453e+00 1.493898630142211914e+00 -1.450984954833984375e+00 1.609189033508300781e+00 -1.132395625114440918e+00 -1.368839740753173828e+00 -1.395018339157104492e+00 1.896966218948364258e+00 -5.132215023040771484e-01 -3.461927771568298340e-01 -7.532464265823364258e-01 -6.157351732254028320e-01 2.856675982475280762e-01 1.549785852432250977e+00 9.639155268669128418e-01 1.746532678604125977e+00 -3.522373735904693604e-01 -1.215087175369262695e+00 -2.887380719184875488e-01
-1.079899191856384277e+00 2.125836849212646484e+00 1.481265425682067871e+00 -1.755277514457702637e+00 1.618904709815979004e+00 -1.381630539894104004e+00 -1.421622395515441895e+00 -1.651291608810424805e+00 1.921476364135742188e+00 -6.900870800018310547e-01 -4.585256874561309814e-01 -5.188719034194946289e-01 -6.631540060043334961e-01 7.493239641189575195e-01 1.599660038948059082e+00 1.031709313392639160e+00 1.862550616264343262e+00 -5.166205763816833496e-01 -1.131364822387695312e+00 -5.021058917045593262e-01
-1.232490301132202148e+00 2.256628274917602539e+00 1.442122340202331543e+00 -1.889931321144104004e+00 1.613080382347106934e+00 -1.485459685325622559e+00 -1.369503855705261230e+00 -1.768024563789367676e+00 1.871025800704956055e+00 -7.693240642547607422e-01 -5.667668581008911133e-01 -3.551349043846130371e-01 -6.479139328002929688e-01 1.002930402755737305e+00 1.633448362350463867e+00 1.072826862335205078e+00 1.874396681785583496e+00 -6.152852177619934082e-01 -1.047065734863281250e+00 -6.471654772758483887e-01
-1.284699320793151855e+00 2.281813383102416992e+00 1.417210936546325684e+00 -1.934025406837463379e+00 1.634850502014160156e+00 -1.509237289428710938e+00 -1.338630914688110352e+00 -1.813610315322875977e+00 1.837018251419067383e+00 -7.942745089530944824e-01 -6.192305684089660645e-01 -2.896642684936523438e-01 -6.196766495704650879e-01 1.091608047485351562e+00 1.671594619750976562e+00 1.109760284423828125e+00 1.876773357391357422e+00 -6.522302031517028809e-01 -1.005339860916137695e+00 -7.148739099502563477e-01
-1.266294121742248535e+00 2.278677225112915039e+00 1.394691348075866699e+00 -1.941575288772583008e+00 1.691478252410888672e+00 -1.524784803390502930e+00 -1.312604904174804688e+00 -1.828157186508178711e+00 1.839044809341430664e+00 -8.005037903785705566e-01 -6.429743170738220215e-01 -2.488708794116973877e-01 -5.789054632186889648e-01 1.116725921630859375e+00 1.689729213714599609e+00 1.117159724235534668e+00 1.865751266479492188e+00 -6.703912615776062012e-01 -9.597371816635131836e-01 -7.587866187095642090e-01
-1.188380599021911621e+00 2.270794153213500977e+00 1.380333423614501953e+00 -1.937172412872314453e+00 1.793988585472106934e+00 -1.550301313400268555e+00 -1.298681735992431641e+00 -1.831462383270263672e+00 1.896953940391540527e+00 -7.961442470550537109e-01 -6.543736457824707031e-01 -2.310485541820526123e-01 -5.225491523742675781e-01 1.102713346481323242e+00 1.700169205665588379e+00 1.105073451995849609e+00 1.865595817565917969e+00 -6.743856668472290039e-01 -9.137676358222961426e-01 -7.891240119934082031e-01
-1.013175368309020996e+00 2.234226465225219727e+00 1.386540055274963379e+00 -1.910232782363891602e+00 1.974606394767761230e+00 -1.569908380508422852e+00 -1.294329762458801270e+00 -1.802855730056762695e+00 2.029036521911621094e+00 -7.771692276000976562e-01 -6.547148823738098145e-01 -2.346857488155364990e-01 -4.408818185329437256e-01 1.027919054031372070e+00 1.704425930976867676e+00 1.076885819435119629e+00 1.864835619926452637e+00 -6.539238095283508301e-01 -8.672682642936706543e-01 -8.126510381698608398e-01
-6.537671089172363281e-01 2.017334938049316406e+00 1.408992886543273926e+00 -1.802435278892517090e+00 2.250060558319091797e+00 -1.531437754631042480e+00 -1.227448582649230957e+00 -1.660299897193908691e+00 2.214051485061645508e+00 -6.944330334663391113e-01 -6.013596057891845703e-01 -2.545299828052520752e-01 -2.779772281646728516e-01 7.861028909683227539e-01 1.736818075180053711e+00 1.068004250526428223e+00 1.794912219047546387e+00 -5.982942581176757812e-01 -7.945512533187866211e-01 -8.179718255996704102e-01
-7.831452786922454834e-02 1.509489893913269043e+00 1.467867255210876465e+00 -1.463002324104309082e+00 2.456145286560058594e+00 -1.383021593093872070e+00 -9.763754606246948242e-01 -1.332768321037292480e+00 2.354755878448486328e+00 -4.784392416477203369e-01 -5.491527915000915527e-01 -4.898746013641357422e-01 -4.818428680300712585e-02 1.721084117889404297e-01 1.780027270317077637e+00 1.035169959068298340e+00 1.630726575851440430e+00 -4.322721064090728760e-01 -7.580999135971069336e-01 -7.228450179100036621e-01
4.130280762910842896e-02 1.137772202491760254e+00 1.728315830230712891e+00 -1.170041680335998535e+00 2.546167135238647461e+00 -1.284900903701782227e+00 -8.769266605377197266e-01 -1.226575374603271484e+00 2.347962617874145508e+00 -3.284870386123657227e-01 -6.912609338760375977e-01 -9.150325655937194824e-01 -3.372976556420326233e-02 -3.630492687225341797e-01 2.029630661010742188e+00 1.058090209960937500e+00 1.628904938697814941e+00 -2.676160931587219238e-01 -9.782606959342956543e-01 -5.148014426231384277e-01
-7.907693088054656982e-02 1.040048241615295410e+00 1.919318318367004395e+00 -1.101056694984436035e+00 2.560239315032958984e+00 -1.268908023834228516e+00 -8.845314383506774902e-01 -1.249315261840820312e+00 2.356628656387329102e+00 -3.439238965511322021e-01 -7.822250723838806152e-01 -1.142094612121582031e+00 -5.538047477602958679e-02 -5.251299142837524414e-01 2.211162805557250977e+00 1.127626180648803711e+00 1.694298982620239258e+00 -2.139405012130737305e-01 -1.146118879318237305e+00 -3.536736369132995605e-01
-1.553327739238739014e-01 9.850244522094726562e-01 1.996906042098999023e+00 -1.073510527610778809e+00 2.510196208953857422e+00 -1.247722625732421875e+00 -8.853447437286376953e-01 -1.254637479782104492e+00 2.312934875488281250e+00 -3.425198495388031006e-01 -8.007367849349975586e-01 -1.241146683692932129e+00 -7.211533188819885254e-02 -5.872493386268615723e-01 2.274214744567871094e+00 1.155521631240844727e+00 1.709197282791137695e+00 -1.917117238044738770e-01 -1.228162527084350586e+00 -2.616690993309020996e-01
-2.089216411113739014e-01 9.464986920356750488e-01 2.025577545166015625e+00 -1.076257586479187012e+00 2.446052312850952148e+00 -1.232784152030944824e+00 -8.836610913276672363e-01 -1.270717144012451172e+00 2.260802030563354492e+00 -3.231501579284667969e-01 -7.909110784530639648e-01 -1.289714336395263672e+00 -8.303548395633697510e-02 -5.985062122344970703e-01 2.291352510452270508e+00 1.167552590370178223e+00 1.712028741836547852e+00 -1.863803863525390625e-01 -1.271025180816650391e+00 -2.014525979757308960e-01
-2.365837097167968750e-01 9.256559014320373535e-01 2.006806373596191406e+00 -1.106536865234375000e+00 2.358627319335937500e+00 -1.215380311012268066e+00 -8.779791593551635742e-01 -1.278104066848754883e+00 2.190194606781005859e+00 -2.945708930492401123e-01 -7.428168654441833496e-01 -1.287055492401123047e+00 -9.379631280899047852e-02 -5.752286314964294434e-01 2.271492481231689453e+00 1.165223479270935059e+00 1.703021645545959473e+00 -1.947873234748840332e-01 -1.280936479568481445e+00 -1.704844981431961060e-01
-2.466676235198974609e-01 9.190606474876403809e-01 1.923720836639404297e+00 -1.167509555816650391e+00 2.233156442642211914e+00 -1.183205842971801758e+00 -8.643349409103393555e-01 -1.263047575950622559e+00 2.079027652740478516e+00 -2.733829915523529053e-01 -6.407386064529418945e-01 -1.209102869033813477e+00 -1.029925644397735596e-01 -4.972060322761535645e-01 2.197449207305908203e+00 1.158814072608947754e+00 1.670715570449829102e+00 -2.116050273180007935e-01 -1.245059728622436523e+00 -1.653007715940475464e-01
-2.824175357818603516e-01 1.028791785240173340e+00 1.751485466957092285e+00 -1.299071550369262695e+00 2.055590629577636719e+00 -1.150940775871276855e+00 -8.930535316467285156e-01 -1.228922724723815918e+00 1.931862235069274902e+00 -2.874615192413330078e-01 -4.533080458641052246e-01 -1.016099810600280762e+00 -1.111672669649124146e-01 -3.125779628753662109e-01 2.099398136138916016e+00 1.212327480316162109e+00 1.621608138084411621e+00 -2.904433310031890869e-01 -1.158988952636718750e+00 -2.354951947927474976e-01
-5.330612659454345703e-01 1.321036338806152344e+00 1.515952825546264648e+00 -1.579826593399047852e+00 1.856466174125671387e+00 -1.160446524620056152e+00 -9.428261518478393555e-01 -1.282924056053161621e+00 1.787612557411193848e+00 -4.707537591457366943e-01 -2.879199981689453125e-01 -6.522402167320251465e-01 -1.594772338867187500e-01 1.529226303100585938e-01 1.993085145950317383e+00 1.328641057014465332e+00 1.634760856628417969e+00 -4.253250062465667725e-01 -9.871733784675598145e-01 -3.982329666614532471e-01
-9.210849404335021973e-01 1.695497155189514160e+00 1.412911415100097656e+00 -1.835735797882080078e+00 1.645278930664062500e+00 -1.257839679718017578e+00 -1.079292297363281250e+00 -1.456558465957641602e+00 1.726095676422119141e+00 -6.319849491119384766e-01 -2.946150600910186768e-01 -4.303411841392517090e-01 -2.567485868930816650e-01 6.005921959877014160e-01 1.954837560653686523e+00 1.414540529251098633e+00 1.721324324607849121e+00 -5.484564304351806641e-01 -9.377968311309814453e-01 -5.349460244178771973e-01
-1.118044614791870117e+00 1.960093498229980469e+00 1.399896502494812012e+00 -1.913252949714660645e+00 1.627684473991394043e+00 -1.363825559616088867e+00 -1.161739349365234375e+00 -1.576108813285827637e+00 1.743981599807739258e+00 -7.478515505790710449e-01 -3.882301151752471924e-01 -3.165552914142608643e-01 -3.263532221317291260e-01 8.346242308616638184e-01 1.933349967002868652e+00 1.430221915245056152e+00 1.775148272514343262e+00 -6.166597008705139160e-01 -9.128524065017700195e-01 -6.690040826797485352e-01
-1.152985572814941406e+00 2.071502447128295898e+00 1.380975484848022461e+00 -1.889147043228149414e+00 1.643970966339111328e+00 -1.395757675170898438e+00 -1.191543221473693848e+00 -1.583498835563659668e+00 1.768758177757263184e+00 -8.117628097534179688e-01 -4.436787664890289307e-01 -2.397399246692657471e-01 -3.444675803184509277e-01 9.052687287330627441e-01 1.882099390029907227e+00 1.386846184730529785e+00 1.742785334587097168e+00 -6.315839886665344238e-01 -8.680597543716430664e-01 -7.423632740974426270e-01
-1.086779236793518066e+00 2.078572750091552734e+00 1.370588541030883789e+00 -1.810254693031311035e+00 1.708478093147277832e+00 -1.382780194282531738e+00 -1.191790103912353516e+00 -1.530360221862792969e+00 1.819023132324218750e+00 -8.510688543319702148e-01 -4.841504693031311035e-01 -1.936588585376739502e-01 -3.210330903530120850e-01 8.662695884704589844e-01 1.836181044578552246e+00 1.328712344169616699e+00 1.671589732170104980e+00 -6.030220389366149902e-01 -8.121287822723388672e-01 -7.838715910911560059e-01
-9.253826737403869629e-01 1.976679086685180664e+00 1.365925192832946777e+00 -1.662863016128540039e+00 1.823681950569152832e+00 -1.320488810539245605e+00 -1.158525705337524414e+00 -1.415047168731689453e+00 1.880012750625610352e+00 -8.715541958808898926e-01 -5.194823741912841797e-01 -1.813018023967742920e-01 -2.605831921100616455e-01 7.208994626998901367e-01 1.790594577789306641e+00 1.250213861465454102e+00 1.558626651763916016e+00 -5.221606492996215820e-01 -7.387003898620605469e-01 -7.886081933975219727e-01
-6.237594485282897949e-01 1.757292866706848145e+00 1.353905439376831055e+00 -1.423669457435607910e+00 1.948497653007507324e+00 -1.212213277816772461e+00 -1.070912957191467285e+00 -1.209361195564270020e+00 1.937270164489746094e+00 -8.280174136161804199e-01 -5.531286001205444336e-01 -2.319137752056121826e-01 -1.757386177778244019e-01 4.265163242816925049e-01 1.713902950286865234e+00 1.116320013999938965e+00 1.391634464263916016e+00 -3.887972235679626465e-01 -6.656938791275024414e-01 -7.496860623359680176e-01
-2.337482273578643799e-01 1.467561244964599609e+00 1.428146123886108398e+00 -1.121742606163024902e+00 2.161402463912963867e+00 -1.130232572555541992e+00 -9.031175971031188965e-01 -1.021594524383544922e+00 2.070774555206298828e+00 -7.174128293991088867e-01 -6.514223217964172363e-01 -4.856103062629699707e-01 -1.174290925264358521e-01 -8.928805589675903320e-02 1.708102941513061523e+00 9.787989854812622070e-01 1.298493862152099609e+00 -2.388823926448822021e-01 -7.118099331855773926e-01 -6.681707501411437988e-01
-1.034831404685974121e-01 1.154137730598449707e+00 1.601808071136474609e+00 -8.880442976951599121e-01 2.359069108963012695e+00 -1.062574863433837891e+00 -7.782338261604309082e-01 -1.026225686073303223e+00 2.172777891159057617e+00 -5.370706319808959961e-01 -8.665387630462646484e-01 -9.004457592964172363e-01 -1.865544617176055908e-01 -5.190177559852600098e-01 1.875692248344421387e+00 9.587278366088867188e-01 1.418307185173034668e+00 -1.334912180900573730e-01 -9.663817882537841797e-01 -5.309733748435974121e-01
-1.743181198835372925e-01 1.070653796195983887e+00 1.881179690361022949e+00 -8.806677460670471191e-01 2.515809297561645508e+00 -1.111212372779846191e+00 -7.950510382652282715e-01 -1.205963492393493652e+00 2.281732320785522461e+00 -4.400499165058135986e-01 -1.077122926712036133e+00 -1.248839855194091797e+00 -2.110601663589477539e-01 -6.900056004524230957e-01 2.096944570541381836e+00 9.989646077156066895e-01 1.615307211875915527e+00 -5.660795792937278748e-02 -1.210349559783935547e+00 -4.268541038036346436e-01
-2.827360928058624268e-01 9.921382665634155273e-01 2.074165821075439453e+00 -9.150948524475097656e-01 2.506697893142700195e+00 -1.118617415428161621e+00 -8.016393184661865234e-01 -1.362530708312988281e+00 2.298031330108642578e+00 -3.306218385696411133e-01 -1.224063277244567871e+00 -1.499056458473205566e+00 -2.513801157474517822e-01 -7.596212029457092285e-01 2.201006889343261719e+00 1.015859603881835938e+00 1.753197193145751953e+00 1.164659485220909119e-02 -1.410014152526855469e+00 -3.647639453411102295e-01
-3.798373639583587646e-01 9.097849130630493164e-01 2.141307115554809570e+00 -9.800825119018554688e-01 2.392505168914794922e+00 -1.089413046836853027e+00 -7.746074199676513672e-01 -1.487993240356445312e+00 2.226154565811157227e+00 -2.121561020612716675e-01 -1.283249616622924805e+00 -1.643838882446289062e+00 -2.811225056648254395e-01 -7.339801788330078125e-01 2.210295677185058594e+00 1.018221855163574219e+00 1.849794745445251465e+00 4.196333885192871094e-02 -1.541133880615234375e+00 -3.329358100891113281e-01
-4.461283087730407715e-01 8.360321521759033203e-01 2.103568553924560547e+00 -1.054725885391235352e+00 2.207793712615966797e+00 -1.028331995010375977e+00 -7.294831871986389160e-01 -1.563677191734313965e+00 2.081564188003540039e+00 -9.841382503509521484e-02 -1.270925760269165039e+00 -1.686279296875000000e+00 -3.151730000972747803e-01 -6.395562291145324707e-01 2.125840187072753906e+00 9.971689581871032715e-01 1.894892215728759766e+00 5.439622700214385986e-02 -1.600732326507568359e+00 -3.317983746528625488e-01
-5.335187911987304688e-01 7.970857620239257812e-01 1.997931361198425293e+00 -1.175707936286926270e+00 1.974885344505310059e+00 -9.602903127670288086e-01 -6.918507814407348633e-01 -1.596489310264587402e+00 1.894522905349731445e+00 -1.349169760942459106e-02 -1.203966140747070312e+00 -1.633873224258422852e+00 -3.885864615440368652e-01 -4.603489637374877930e-01 2.002451181411743164e+00 1.015108823776245117e+00 1.935892939567565918e+00 4.617874324321746826e-02 -1.627366542816162109e+00 -3.599977195262908936e-01
-6.625868082046508789e-01 8.498332500457763672e-01 1.829584717750549316e+00 -1.346309900283813477e+00 1.749645590782165527e+00 -9.167522788047790527e-01 -6.482348442077636719e-01 -1.670455098152160645e+00 1.732002377510070801e+00 3.288131952285766602e-02 -1.118921875953674316e+00 -1.551812887191772461e+00 -4.564984738826751709e-01 -2.621885538101196289e-01 1.913956284523010254e+00 1.072480797767639160e+00 2.001177072525024414e+00 -3.312711790204048157e-02 -1.623237371444702148e+00 -4.380241334438323975e-01
-7.618559598922729492e-01 9.196525812149047852e-01 1.660020589828491211e+00 -1.487537860870361328e+00 1.597548365592956543e+00 -8.677111268043518066e-01 -6.156710982322692871e-01 -1.707634687423706055e+00 1.584648728370666504e+00 3.190203756093978882e-02 -1.041779637336730957e+00 -1.416024327278137207e+00 -5.199404358863830566e-01 -7.590062916278839111e-02 1.837232470512390137e+00 1.114567279815673828e+00 2.022542715072631836e+00 -1.202693656086921692e-01 -1.585521221160888672e+00 -5.310052633285522461e-01
-8.463591933250427246e-01 1.007303476333618164e+00 1.538155794143676758e+00 -1.613090634346008301e+00 1.540916323661804199e+00 -8.451010584831237793e-01 -6.057896018028259277e-01 -1.729931116104125977e+00 1.496189594268798828e+00 -2.000214904546737671e-02 -9.638082981109619141e-01 -1.261986374855041504e+00 -5.724973678588867188e-01 1.056084185838699341e-01 1.777086973190307617e+00 1.140307426452636719e+00 2.029840469360351562e+00 -2.054159492254257202e-01 -1.534357547760009766e+00 -6.043245196342468262e-01
-9.101468920707702637e-01 1.108645915985107422e+00 1.448989391326904297e+00 -1.721180558204650879e+00 1.534493684768676758e+00 -8.496202826499938965e-01 -6.441035866737365723e-01 -1.739974856376647949e+00 1.463739633560180664e+00 -9.331655502319335938e-02 -8.585937619209289551e-01 -1.105334520339965820e+00 -5.696197152137756348e-01 2.499514520168304443e-01 1.765776038169860840e+00 1.214221239089965820e+00 2.028543472290039062e+00 -2.867172360420227051e-01 -1.471096992492675781e+00 -6.709653139114379883e-01
-9.315921664237976074e-01 1.200577616691589355e+00 1.412472128868103027e+00 -1.802977323532104492e+00 1.610694169998168945e+00 -8.852314949035644531e-01 -6.934554576873779297e-01 -1.737543702125549316e+00 1.507164001464843750e+00 -1.864225864410400391e-01 -7.533851861953735352e-01 -9.767663478851318359e-01 -5.041950345039367676e-01 3.283235430717468262e-01 1.807749390602111816e+00 1.329398632049560547e+00 2.026963233947753906e+00 -3.549062907695770264e-01 -1.402744770050048828e+00 -7.334513664245605469e-01
-9.447605013847351074e-01 1.219197988510131836e+00 1.392437338829040527e+00 -1.828556418418884277e+00 1.722483038902282715e+00 -9.324039816856384277e-01 -7.158060073852539062e-01 -1.739048361778259277e+00 1.575162053108215332e+00 -2.798560559749603271e-01 -6.698075532913208008e-01 -8.667484521865844727e-01 -3.641446828842163086e-01 3.739509284496307373e-01 1.878807306289672852e+00 1.437368869781494141e+00 1.977311134338378906e+00 -4.050812721252441406e-01 -1.288615226745605469e+00 -7.471649646759033203e-01
-9.395639896392822266e-01 1.167653322219848633e+00 1.375969529151916504e+00 -1.753044962882995605e+00 1.874325156211853027e+00 -1.009867191314697266e+00 -6.800603866577148438e-01 -1.705010890960693359e+00 1.676399230957031250e+00 -4.351223707199096680e-01 -5.955479741096496582e-01 -7.244202494621276855e-01 -1.283724009990692139e-01 4.253768324851989746e-01 1.977246642112731934e+00 1.536512613296508789e+00 1.869504928588867188e+00 -4.482620954513549805e-01 -1.078039884567260742e+00 -7.259573340415954590e-01
-9.091846346855163574e-01 1.041588187217712402e+00 1.336092948913574219e+00 -1.572024941444396973e+00 1.981085538864135742e+00 -1.107253789901733398e+00 -6.034611463546752930e-01 -1.619161725044250488e+00 1.739133596420288086e+00 -5.813672542572021484e-01 -5.234864354133605957e-01 -5.673041343688964844e-01 1.538188904523849487e-01 4.671480059623718262e-01 2.024992942810058594e+00 1.584744453430175781e+00 1.683954477310180664e+00 -4.736439287662506104e-01 -8.070214390754699707e-01 -6.553736925125122070e-01
-9.092698693275451660e-01 8.659142851829528809e-01 1.336172580718994141e+00 -1.259149670600891113e+00 2.014763355255126953e+00 -1.204954147338867188e+00 -5.344467759132385254e-01 -1.494069218635559082e+00 1.743185520172119141e+00 -7.160324454307556152e-01 -5.236585140228271484e-01 -4.439237415790557861e-01 3.871722817420959473e-01 4.813494980335235596e-01 2.004608154296875000e+00 1.545526623725891113e+00 1.439575910568237305e+00 -4.287626147270202637e-01 -5.767536759376525879e-01 -5.192208290100097656e-01
-1.013693571090698242e+00 7.593884468078613281e-01 1.426135063171386719e+00 -8.721993565559387207e-01 1.968102931976318359e+00 -1.266499400138854980e+00 -5.199779868125915527e-01 -1.378246545791625977e+00 1.681115865707397461e+00 -8.884449005126953125e-01 -7.116826772689819336e-01 -3.827120065689086914e-01 4.271492958068847656e-01 4.733425676822662354e-01 1.969297409057617188e+00 1.456086158752441406e+00 1.199241638183593750e+00 -3.099730908870697021e-01 -5.040174722671508789e-01 -3.675582408905029297e-01
-1.165233731269836426e+00 8.801762461662292480e-01 1.549139738082885742e+00 -6.494519114494323730e-01 1.931396126747131348e+00 -1.326540470123291016e+00 -6.187850832939147949e-01 -1.417420983314514160e+00 1.556403875350952148e+00 -9.552240967750549316e-01 -8.524928689002990723e-01 -4.032507836818695068e-01 3.017791807651519775e-01 4.507058858871459961e-01 1.993957519531250000e+00 1.366323590278625488e+00 1.070099115371704102e+00 -2.753256857395172119e-01 -5.893771648406982422e-01 -3.016102612018585205e-01
-1.315860033035278320e+00 1.126392960548400879e+00 1.584916949272155762e+00 -5.714457631111145020e-01 1.895423531532287598e+00 -1.339290142059326172e+00 -7.488090395927429199e-01 -1.514483213424682617e+00 1.447879195213317871e+00 -9.891381263732910156e-01 -9.356219172477722168e-01 -4.361378550529479980e-01 1.026120334863662720e-01 4.776851236820220947e-01 1.939290881156921387e+00 1.278623938560485840e+00 1.067438006401062012e+00 -3.019782900810241699e-01 -7.146267294883728027e-01 -3.193683028221130371e-01
-1.460025191307067871e+00 1.337800621986389160e+00 1.574052333831787109e+00 -5.903180241584777832e-01 1.799131512641906738e+00 -1.331501364707946777e+00 -8.434255719184875488e-01 -1.625795364379882812e+00 1.342418789863586426e+00 -9.586682319641113281e-01 -1.008572101593017578e+00 -4.887710511684417725e-01 -1.379656642675399780e-01 5.198591947555541992e-01 1.830759763717651367e+00 1.177772402763366699e+00 1.110293626785278320e+00 -3.423074185848236084e-01 -8.528937101364135742e-01 -3.352036178112030029e-01
-1.560808658599853516e+00 1.512540817260742188e+00 1.520727157592773438e+00 -6.624556183815002441e-01 1.643452286720275879e+00 -1.297055959701538086e+00 -9.056705832481384277e-01 -1.703601360321044922e+00 1.242322802543640137e+00 -8.873362541198730469e-01 -1.044140338897705078e+00 -5.346895456314086914e-01 -3.634850084781646729e-01 5.417840480804443359e-01 1.714562535285949707e+00 1.081624150276184082e+00 1.162789583206176758e+00 -3.807194530963897705e-01 -9.801314473152160645e-01 -3.704892694950103760e-01
-1.627508997917175293e+00 1.621387124061584473e+00 1.478694796562194824e+00 -7.424899339675903320e-01 1.514512896537780762e+00 -1.245462298393249512e+00 -9.481098651885986328e-01 -1.755340218544006348e+00 1.173688769340515137e+00 -8.190969824790954590e-01 -1.065734982490539551e+00 -5.723266601562500000e-01 -5.378426909446716309e-01 5.489832162857055664e-01 1.617743849754333496e+00 1.030363678932189941e+00 1.216926097869873047e+00 -4.120712578296661377e-01 -1.092569828033447266e+00 -4.171015322208404541e-01
-1.660983800888061523e+00 1.686235904693603516e+00 1.450493812561035156e+00 -8.277249336242675781e-01 1.413434982299804688e+00 -1.192116379737854004e+00 -9.908847808837890625e-01 -1.788590431213378906e+00 1.127499341964721680e+00 -7.492646574974060059e-01 -1.075632810592651367e+00 -6.126184463500976562e-01 -6.711166501045227051e-01 5.412780642509460449e-01 1.544890403747558594e+00 1.010197520256042480e+00 1.285677075386047363e+00 -4.226636886596679688e-01 -1.196793317794799805e+00 -4.675139486789703369e-01
-1.676964640617370605e+00 1.732381582260131836e+00 1.421589970588684082e+00 -8.877524137496948242e-01 1.328769683837890625e+00 -1.140075922012329102e+00 -1.024398326873779297e+00 -1.798557758331298828e+00 1.099746108055114746e+00 -7.000569105148315430e-01 -1.077758431434631348e+00 -6.415955424308776855e-01 -7.758113741874694824e-01 5.243277549743652344e-01 1.480257868766784668e+00 9.970309734344482422e-01 1.338141083717346191e+00 -4.206200838088989258e-01 -1.272378444671630859e+00 -5.098443627357482910e-01
-1.688187599182128906e+00 1.752920150756835938e+00 1.405247569084167480e+00 -9.113703370094299316e-01 1.287894845008850098e+00 -1.097458362579345703e+00 -1.068712353706359863e+00 -1.800009965896606445e+00 1.091453194618225098e+00 -6.658395528793334961e-01 -1.076619625091552734e+00 -6.718475222587585449e-01 -8.355939984321594238e-01 4.980665147304534912e-01 1.447108745574951172e+00 1.000167012214660645e+00 1.380557298660278320e+00 -4.055523574352264404e-01 -1.325238704681396484e+00 -5.288347005844116211e-01
-1.701327323913574219e+00 1.775483369827270508e+00 1.430814743041992188e+00 -9.288011193275451660e-01 1.286225199699401855e+00 -1.064794301986694336e+00 -1.115362524986267090e+00 -1.804719209671020508e+00 1.112673878669738770e+00 -6.551342606544494629e-01 -1.092724323272705078e+00 -7.217515110969543457e-01 -8.746302723884582520e-01 4.465265870094299316e-01 1.471176147460937500e+00 1.006943821907043457e+00 1.422417044639587402e+00 -3.880306184291839600e-01 -1.386465549468994141e+00 -5.237956643104553223e-01
-1.687338113784790039e+00 1.775897622108459473e+00 1.459625124931335449e+00 -9.138119816780090332e-01 1.291799902915954590e+00 -1.027692914009094238e+00 -1.131860733032226562e+00 -1.782990813255310059e+00 1.150199770927429199e+00 -6.667340993881225586e-01 -1.111615896224975586e+00 -7.752009630203247070e-01 -8.970031142234802246e-01 3.560304343700408936e-01 1.511351585388183594e+00 9.945943951606750488e-01 1.431452393531799316e+00 -3.643783628940582275e-01 -1.428758382797241211e+00 -4.910023212432861328e-01
-1.618735194206237793e+00 1.732104182243347168e+00 1.482205152511596680e+00 -8.466499447822570801e-01 1.312525272369384766e+00 -9.815842509269714355e-01 -1.128174781799316406e+00 -1.703217864036560059e+00 1.207793235778808594e+00 -7.018810510635375977e-01 -1.129380106925964355e+00 -8.303734660148620605e-01 -9.029073119163513184e-01 2.178525328636169434e-01 1.565757155418395996e+00 9.499979019165039062e-01 1.395959854125976562e+00 -3.261429369449615479e-01 -1.433645486831665039e+00 -3.980748951435089111e-01
-1.449818730354309082e+00 1.617139577865600586e+00 1.538483262062072754e+00 -7.310115098953247070e-01 1.355194926261901855e+00 -9.379795193672180176e-01 -1.084205508232116699e+00 -1.530948996543884277e+00 1.301787257194519043e+00 -7.353037595748901367e-01 -1.149149537086486816e+00 -8.890620470046997070e-01 -8.564161062240600586e-01 2.737686410546302795e-02 1.642990112304687500e+00 8.668562173843383789e-01 1.308698773384094238e+00 -2.505308389663696289e-01 -1.388573169708251953e+00 -2.676672339439392090e-01
-1.206603527069091797e+00 1.518094420433044434e+00 1.646127939224243164e+00 -6.337096095085144043e-01 1.485126495361328125e+00 -9.975641369819641113e-01 -1.008367180824279785e+00 -1.348484158515930176e+00 1.508270740509033203e+00 -7.639563083648681641e-01 -1.176393866539001465e+00 -9.805233478546142578e-01 -7.191227078437805176e-01 -1.968382596969604492e-01 1.783327102661132812e+00 8.241544365882873535e-01 1.240767598152160645e+00 -2.206209599971771240e-01 -1.311031103134155273e+00 -1.546213924884796143e-01
-9.792575836181640625e-01 1.414736628532409668e+00 1.793715000152587891e+00 -5.820964574813842773e-01 1.690743565559387207e+00 -1.090078592300415039e+00 -9.761313199996948242e-01 -1.200385093688964844e+00 1.730447173118591309e+00 -7.772299051284790039e-01 -1.181309223175048828e+00 -1.049481034278869629e+00 -5.644006729125976562e-01 -3.471834361553192139e-01 1.950249195098876953e+00 8.226457834243774414e-01 1.223610758781433105e+00 -1.767144501209259033e-01 -1.234797954559326172e+00 -5.924115702509880066e-02
-8.236845135688781738e-01 1.296678066253662109e+00 1.913234710693359375e+00 -5.495321154594421387e-01 1.885574221611022949e+00 -1.187098860740661621e+00 -9.072915911674499512e-01 -1.156055212020874023e+00 1.902799248695373535e+00 -7.717146277427673340e-01 -1.199834585189819336e+00 -1.103941917419433594e+00 -4.166376888751983643e-01 -4.651899933815002441e-01 2.082589626312255859e+00 8.453254699707031250e-01 1.217914462089538574e+00 -1.727912873029708862e-01 -1.173718929290771484e+00 -1.477115228772163391e-02
-7.437751889228820801e-01 1.239023685455322266e+00 2.035271644592285156e+00 -5.309869050979614258e-01 2.100489854812622070e+00 -1.289825677871704102e+00 -8.839370608329772949e-01 -1.193996667861938477e+00 2.031545877456665039e+00 -7.601243853569030762e-01 -1.256021618843078613e+00 -1.135139465332031250e+00 -3.126161694526672363e-01 -5.198152661323547363e-01 2.198777914047241211e+00 8.816868662834167480e-01 1.230443000793457031e+00 -1.886222958564758301e-01 -1.160060167312622070e+00 -3.162250295281410217e-02
-6.968261003494262695e-01 1.212539196014404297e+00 2.136487483978271484e+00 -5.317279100418090820e-01 2.252198457717895508e+00 -1.379107952117919922e+00 -8.558290004730224609e-01 -1.242781281471252441e+00 2.128127098083496094e+00 -7.445237636566162109e-01 -1.285786747932434082e+00 -1.158201336860656738e+00 -2.372181564569473267e-01 -5.547961592674255371e-01 2.286243438720703125e+00 9.187603592872619629e-01 1.241456151008605957e+00 -2.096317559480667114e-01 -1.167407035827636719e+00 -6.573401391506195068e-02
-6.712328791618347168e-01 1.200092077255249023e+00 2.212332963943481445e+00 -5.315859317779541016e-01 2.342704296112060547e+00 -1.438535571098327637e+00 -8.327974677085876465e-01 -1.280472278594970703e+00 2.174465894699096680e+00 -7.211769223213195801e-01 -1.295292258262634277e+00 -1.172274112701416016e+00 -1.923900246620178223e-01 -5.778463482856750488e-01 2.333499908447265625e+00 9.460544586181640625e-01 1.242540359497070312e+00 -2.231674492359161377e-01 -1.187123298645019531e+00 -1.065559238195419312e-01
-6.644923686981201172e-01 1.196884393692016602e+00 2.258294343948364258e+00 -5.346271395683288574e-01 2.367066621780395508e+00 -1.462693214416503906e+00 -8.191339969635009766e-01 -1.300499439239501953e+00 2.168155670166015625e+00 -6.915939450263977051e-01 -1.277148246765136719e+00 -1.176419615745544434e+00 -1.794455349445343018e-01 -5.852265357971191406e-01 2.339064121246337891e+00 9.665265679359436035e-01 1.239531040191650391e+00 -2.264616042375564575e-01 -1.219343185424804688e+00 -1.466682851314544678e-01
-6.761417388916015625e-01 1.194401144981384277e+00 2.267113208770751953e+00 -5.418661832809448242e-01 2.316900253295898438e+00 -1.444261789321899414e+00 -8.155311346054077148e-01 -1.291839599609375000e+00 2.106093645095825195e+00 -6.579102277755737305e-01 -1.228216648101806641e+00 -1.167749643325805664e+00 -2.004321664571762085e-01 -5.753262042999267578e-01 2.301526069641113281e+00 9.790822267532348633e-01 1.231554746627807617e+00 -2.166346609592437744e-01 -1.259374141693115234e+00 -1.773885041475296021e-01
-7.068049907684326172e-01 1.190088868141174316e+00 2.232799053192138672e+00 -5.681848526000976562e-01 2.166933059692382812e+00 -1.397946596145629883e+00 -8.272625207901000977e-01 -1.251503705978393555e+00 1.980615615844726562e+00 -6.050411462783813477e-01 -1.145592451095581055e+00 -1.148575067520141602e+00 -2.641716897487640381e-01 -5.328988432884216309e-01 2.220263242721557617e+00 9.826971292495727539e-01 1.230258464813232422e+00 -2.030636966228485107e-01 -1.312011718750000000e+00 -1.885458528995513916e-01
-7.564132809638977051e-01 1.178719282150268555e+00 2.155280590057373047e+00 -6.062341928482055664e-01 1.933053851127624512e+00 -1.320327520370483398e+00 -8.508670926094055176e-01 -1.176569104194641113e+00 1.800353169441223145e+00 -5.492104291915893555e-01 -1.033032894134521484e+00 -1.109479665756225586e+00 -3.582039475440979004e-01 -4.600381255149841309e-01 2.103400230407714844e+00 9.809170365333557129e-01 1.225547432899475098e+00 -1.844214797019958496e-01 -1.362122297286987305e+00 -1.778473258018493652e-01
-8.471112251281738281e-01 1.194969415664672852e+00 2.060832262039184570e+00 -6.836965680122375488e-01 1.642805576324462891e+00 -1.220841765403747559e+00 -9.234523177146911621e-01 -1.071646213531494141e+00 1.592059016227722168e+00 -5.193652510643005371e-01 -8.953197002410888672e-01 -1.021239280700683594e+00 -4.647661447525024414e-01 -3.492231070995330811e-01 1.989716768264770508e+00 1.021970510482788086e+00 1.209541559219360352e+00 -1.704011261463165283e-01 -1.409358263015747070e+00 -1.708385199308395386e-01
-9.873775243759155273e-01 1.209659457206726074e+00 1.948207378387451172e+00 -7.742651700973510742e-01 1.321704626083374023e+00 -1.113473534584045410e+00 -1.028092741966247559e+00 -9.864372014999389648e-01 1.366237998008728027e+00 -5.076975822448730469e-01 -7.534443736076354980e-01 -9.160807728767395020e-01 -5.737792849540710449e-01 -1.815952956676483154e-01 1.868685126304626465e+00 1.091046571731567383e+00 1.201998353004455566e+00 -1.513120532035827637e-01 -1.450161457061767578e+00 -1.327312737703323364e-01
-1.126306653022766113e+00 1.233131766319274902e+00 1.814012646675109863e+00 -8.774557113647460938e-01 1.026653647422790527e+00 -1.042669057846069336e+00 -1.101327061653137207e+00 -9.468380212783813477e-01 1.165416240692138672e+00 -5.084210634231567383e-01 -6.262493729591369629e-01 -7.878037691116333008e-01 -6.299998164176940918e-01 1.311877742409706116e-02 1.769712567329406738e+00 1.158251285552978516e+00 1.186047792434692383e+00 -1.627031564712524414e-01 -1.437568664550781250e+00 -1.046260595321655273e-01
-1.264882564544677734e+00 1.351502895355224609e+00 1.739335775375366211e+00 -1.031085491180419922e+00 9.057407379150390625e-01 -1.076643466949462891e+00 -1.170406222343444824e+00 -1.012137770652770996e+00 1.097472906112670898e+00 -5.555868148803710938e-01 -5.536775588989257812e-01 -6.658005118370056152e-01 -6.430546641349792480e-01 2.614736557006835938e-01 1.748878479003906250e+00 1.246529698371887207e+00 1.251557826995849609e+00 -2.232223004102706909e-01 -1.399517774581909180e+00 -1.344970613718032837e-01
-1.379002213478088379e+00 1.522179961204528809e+00 1.682679414749145508e+00 -1.228296279907226562e+00 8.996270895004272461e-01 -1.154631972312927246e+00 -1.218444585800170898e+00 -1.146097779273986816e+00 1.145016551017761230e+00 -6.186519861221313477e-01 -5.291613936424255371e-01 -5.799558162689208984e-01 -6.458469629287719727e-01 4.670266211032867432e-01 1.779408216476440430e+00 1.344607830047607422e+00 1.371340155601501465e+00 -3.105747699737548828e-01 -1.358297824859619141e+00 -2.240667790174484253e-01
-1.456577062606811523e+00 1.661305665969848633e+00 1.607902288436889648e+00 -1.392496943473815918e+00 9.097261428833007812e-01 -1.216987490653991699e+00 -1.221161723136901855e+00 -1.282042741775512695e+00 1.196118593215942383e+00 -6.637254357337951660e-01 -5.209280848503112793e-01 -5.082402229309082031e-01 -6.375296115875244141e-01 6.291002035140991211e-01 1.792647600173950195e+00 1.399455189704895020e+00 1.467355132102966309e+00 -3.988606929779052734e-01 -1.296136856079101562e+00 -3.130472600460052490e-01
-1.493336439132690430e+00 1.757553577423095703e+00 1.537135362625122070e+00 -1.499245882034301758e+00 9.583984613418579102e-01 -1.267269611358642578e+00 -1.205394387245178223e+00 -1.383844852447509766e+00 1.237323999404907227e+00 -7.049387693405151367e-01 -5.170676112174987793e-01 -4.310007095336914062e-01 -6.019960641860961914e-01 7.547965049743652344e-01 1.799711108207702637e+00 1.421591162681579590e+00 1.511644840240478516e+00 -4.769389331340789795e-01 -1.207490205764770508e+00 -3.862366378307342529e-01
-1.514651298522949219e+00 1.810118556022644043e+00 1.514091134071350098e+00 -1.569729566574096680e+00 1.052484035491943359e+00 -1.310882568359375000e+00 -1.195958137512207031e+00 -1.457990884780883789e+00 1.283272266387939453e+00 -7.444822192192077637e-01 -5.333436131477355957e-01 -3.742816448211669922e-01 -5.636130571365356445e-01 8.394231200218200684e-01 1.834352135658264160e+00 1.431433558464050293e+00 1.532936453819274902e+00 -5.321398973464965820e-01 -1.133725404739379883e+00 -4.373833239078521729e-01
-1.493634343147277832e+00 1.848273396492004395e+00 1.500903129577636719e+00 -1.620919227600097656e+00 1.163498401641845703e+00 -1.351607084274291992e+00 -1.183848619461059570e+00 -1.499392390251159668e+00 1.347975492477416992e+00 -7.806604504585266113e-01 -5.426446795463562012e-01 -3.119757771492004395e-01 -5.209558010101318359e-01 8.957318663597106934e-01 1.857987403869628906e+00 1.436528801918029785e+00 1.539413213729858398e+00 -5.694868564605712891e-01 -1.055428743362426758e+00 -5.010483860969543457e-01
-1.439110159873962402e+00 1.864913821220397949e+00 1.483798027038574219e+00 -1.647561073303222656e+00 1.276158809661865234e+00 -1.374433755874633789e+00 -1.166966319084167480e+00 -1.503897309303283691e+00 1.414584159851074219e+00 -8.151772022247314453e-01 -5.380715131759643555e-01 -2.461400628089904785e-01 -4.695653915405273438e-01 9.190735816955566406e-01 1.876380681991577148e+00 1.438282489776611328e+00 1.522303938865661621e+00 -5.948043465614318848e-01 -9.680057168006896973e-01 -5.575355887413024902e-01
