-1.213581323623657227e+00 1.623698472976684570e+00 1.357757091522216797e+00 -1.759180188179016113e+00 1.727128982543945312e+00 -1.297119021415710449e+00 -9.740046262741088867e-01 -1.853723049163818359e+00 1.590054869651794434e+00 -6.242167353630065918e-01 -7.175673842430114746e-01 -4.510453343391418457e-01 -3.074956536293029785e-01 8.565799593925476074e-01 1.752144932746887207e+00 1.357930064201354980e+00 1.814708590507507324e+00 -5.361297726631164551e-01 -1.006474971771240234e+00 -7.316793203353881836e-01
-1.056064367294311523e+00 1.444662094116210938e+00 1.314847230911254883e+00 -1.601104617118835449e+00 1.797605991363525391e+00 -1.271407246589660645e+00 -8.646270036697387695e-01 -1.779438614845275879e+00 1.604285001754760742e+00 -5.999733805656433105e-01 -7.242804169654846191e-01 -4.688301384449005127e-01 -1.717556118965148926e-01 7.331867814064025879e-01 1.710075497627258301e+00 1.256698489189147949e+00 1.700928092002868652e+00 -4.922178387641906738e-01 -9.075822234153747559e-01 -6.603854298591613770e-01
-9.240018129348754883e-01 1.250752806663513184e+00 1.352594137191772461e+00 -1.423953056335449219e+00 1.857145071029663086e+00 -1.264604210853576660e+00 -7.623691558837890625e-01 -1.687302112579345703e+00 1.622941136360168457e+00 -5.595746040344238281e-01 -7.500501871109008789e-01 -5.104711055755615234e-01 -4.543800652027130127e-02 6.004014015197753906e-01 1.717734932899475098e+00 1.172928214073181152e+00 1.583742856979370117e+00 -4.372866451740264893e-01 -8.456903100013732910e-01 -5.784499049186706543e-01
-7.876286506652832031e-01 1.055424928665161133e+00 1.425283908843994141e+00 -1.198445200920104980e+00 1.896642684936523438e+00 -1.271625041961669922e+00 -6.328553557395935059e-01 -1.569253444671630859e+00 1.628349900245666504e+00 -5.224967598915100098e-01 -7.918491363525390625e-01 -5.675498247146606445e-01 6.785707920789718628e-02 4.200716614723205566e-01 1.737472295761108398e+00 1.062851190567016602e+00 1.424486994743347168e+00 -3.830947875976562500e-01 -7.952806353569030762e-01 -4.864308834075927734e-01
-6.539752483367919922e-01 8.753262758255004883e-01 1.583899855613708496e+00 -9.251336455345153809e-01 1.916516542434692383e+00 -1.295221328735351562e+00 -5.170112252235412598e-01 -1.430083274841308594e+00 1.624383449554443359e+00 -4.667507112026214600e-01 -8.612949848175048828e-01 -6.973083019256591797e-01 1.363150179386138916e-01 1.524238884449005127e-01 1.783493399620056152e+00 9.340451359748840332e-01 1.244258880615234375e+00 -3.213105797767639160e-01 -8.226668834686279297e-01 -3.697161972522735596e-01
-5.861166715621948242e-01 8.020293116569519043e-01 1.861958503723144531e+00 -6.845985054969787598e-01 2.050588130950927734e+00 -1.350401878356933594e+00 -4.929695129394531250e-01 -1.360886454582214355e+00 1.713467717170715332e+00 -4.272478222846984863e-01 -9.929418563842773438e-01 -9.857946634292602539e-01 1.469040513038635254e-01 -2.040539681911468506e-01 2.001162528991699219e+00 8.988445997238159180e-01 1.199262738227844238e+00 -2.606072127819061279e-01 -9.743294715881347656e-01 -2.241822779178619385e-01
-7.057318687438964844e-01 8.908442854881286621e-01 2.151796340942382812e+00 -6.208880543708801270e-01 2.219470739364624023e+00 -1.432072877883911133e+00 -5.974022746086120605e-01 -1.493601202964782715e+00 1.860032677650451660e+00 -4.407193958759307861e-01 -1.169136881828308105e+00 -1.266351222991943359e+00 2.136081084609031677e-02 -4.346380233764648438e-01 2.251633167266845703e+00 9.617459774017333984e-01 1.320043802261352539e+00 -2.164858579635620117e-01 -1.216922044754028320e+00 -1.206456124782562256e-01
-8.083790540695190430e-01 1.026446223258972168e+00 2.288978099822998047e+00 -6.061890125274658203e-01 2.254055500030517578e+00 -1.436909198760986328e+00 -7.553285360336303711e-01 -1.537293910980224609e+00 1.938345074653625488e+00 -4.642025828361511230e-01 -1.219910621643066406e+00 -1.414119601249694824e+00 -1.320428550243377686e-01 -5.578622221946716309e-01 2.372199058532714844e+00 1.036428213119506836e+00 1.419709086418151855e+00 -1.761210411787033081e-01 -1.390106201171875000e+00 -6.117587536573410034e-02
-9.061502218246459961e-01 1.146995902061462402e+00 2.314404010772705078e+00 -6.274287700653076172e-01 2.136951446533203125e+00 -1.379230141639709473e+00 -8.734517693519592285e-01 -1.515392065048217773e+00 1.914414405822753906e+00 -4.707897603511810303e-01 -1.211488008499145508e+00 -1.450983643531799316e+00 -3.084794580936431885e-01 -5.791437625885009766e-01 2.365448713302612305e+00 1.093532800674438477e+00 1.477753043174743652e+00 -1.360882818698883057e-01 -1.506949067115783691e+00 -7.089339941740036011e-02
-9.587322473526000977e-01 1.223314762115478516e+00 2.256010770797729492e+00 -6.552853584289550781e-01 1.946611642837524414e+00 -1.303889989852905273e+00 -9.246181249618530273e-01 -1.469924330711364746e+00 1.839407563209533691e+00 -4.531946182250976562e-01 -1.183664083480834961e+00 -1.414417624473571777e+00 -4.520454108715057373e-01 -5.397468209266662598e-01 2.254654645919799805e+00 1.104973077774047852e+00 1.485316991806030273e+00 -1.039132177829742432e-01 -1.553870081901550293e+00 -1.298443228006362915e-01
-9.818752408027648926e-01 1.268442988395690918e+00 2.109343051910400391e+00 -6.742829680442810059e-01 1.751210212707519531e+00 -1.221861004829406738e+00 -9.187173247337341309e-01 -1.438223958015441895e+00 1.719648599624633789e+00 -4.305522739887237549e-01 -1.163695693016052246e+00 -1.301797389984130859e+00 -5.549772381782531738e-01 -4.383247494697570801e-01 2.082186698913574219e+00 1.072260499000549316e+00 1.451723337173461914e+00 -9.397541731595993042e-02 -1.519096970558166504e+00 -2.361681759357452393e-01
-9.869017601013183594e-01 1.277710199356079102e+00 1.860444188117980957e+00 -7.219086885452270508e-01 1.545303583145141602e+00 -1.097759246826171875e+00 -8.540350794792175293e-01 -1.414121508598327637e+00 1.557477235794067383e+00 -4.176532328128814697e-01 -1.124029040336608887e+00 -1.133604407310485840e+00 -6.281891465187072754e-01 -2.626954019069671631e-01 1.854602217674255371e+00 1.027753949165344238e+00 1.422741532325744629e+00 -9.409157931804656982e-02 -1.407049417495727539e+00 -3.929494321346282959e-01
-1.132200121879577637e+00 1.309902310371398926e+00 1.556484937667846680e+00 -9.382626414299011230e-01 1.437464714050292969e+00 -9.666608572006225586e-01 -7.889716029167175293e-01 -1.527910947799682617e+00 1.453974366188049316e+00 -4.747842252254486084e-01 -1.116665124893188477e+00 -9.795759916305541992e-01 -6.872686147689819336e-01 8.211757987737655640e-02 1.690810680389404297e+00 1.061258077621459961e+00 1.563944220542907715e+00 -1.497909575700759888e-01 -1.276885509490966797e+00 -5.530461072921752930e-01
-1.272670745849609375e+00 1.313446164131164551e+00 1.331554293632507324e+00 -1.174076318740844727e+00 1.488482236862182617e+00 -8.547781109809875488e-01 -7.392563819885253906e-01 -1.605928063392639160e+00 1.443125486373901367e+00 -6.406881213188171387e-01 -1.109662652015686035e+00 -8.265752792358398438e-01 -7.178620100021362305e-01 4.417095184326171875e-01 1.569097518920898438e+00 1.070261955261230469e+00 1.720858931541442871e+00 -1.900427490472793579e-01 -1.134485363960266113e+00 -5.947560667991638184e-01
-1.309089303016662598e+00 1.337827682495117188e+00 1.221682190895080566e+00 -1.340088963508605957e+00 1.673012971878051758e+00 -8.286201357841491699e-01 -7.417492270469665527e-01 -1.633296012878417969e+00 1.562794804573059082e+00 -8.527961373329162598e-01 -1.064390659332275391e+00 -6.847765445709228516e-01 -6.376024484634399414e-01 6.498996615409851074e-01 1.562317609786987305e+00 1.145412206649780273e+00 1.823955297470092773e+00 -2.155108004808425903e-01 -9.851771593093872070e-01 -5.906286835670471191e-01
-1.289296269416809082e+00 1.389500737190246582e+00 1.213820099830627441e+00 -1.398282647132873535e+00 1.941238880157470703e+00 -8.853463530540466309e-01 -7.708709836006164551e-01 -1.669174313545227051e+00 1.779267072677612305e+00 -1.015959739685058594e+00 -1.018959164619445801e+00 -6.312912702560424805e-01 -4.824862778186798096e-01 7.264375090599060059e-01 1.641477942466735840e+00 1.219824790954589844e+00 1.908671736717224121e+00 -2.472574263811111450e-01 -8.931107521057128906e-01 -5.632240772247314453e-01
-1.205001354217529297e+00 1.333500623703002930e+00 1.204503297805786133e+00 -1.299817562103271484e+00 2.093880414962768555e+00 -9.262502193450927734e-01 -7.237754464149475098e-01 -1.605464458465576172e+00 1.891798377037048340e+00 -1.091062068939208984e+00 -9.919572472572326660e-01 -5.885262489318847656e-01 -3.182492852210998535e-01 6.852544546127319336e-01 1.689330458641052246e+00 1.222946405410766602e+00 1.844002127647399902e+00 -2.638785243034362793e-01 -7.884020805358886719e-01 -5.017913579940795898e-01
-1.096199035644531250e+00 1.207645773887634277e+00 1.243697166442871094e+00 -1.079224467277526855e+00 2.153158664703369141e+00 -9.306098222732543945e-01 -6.878916025161743164e-01 -1.473695039749145508e+00 1.917091488838195801e+00 -1.100233793258666992e+00 -9.865972995758056641e-01 -5.725344419479370117e-01 -2.003097832202911377e-01 5.532575845718383789e-01 1.683435082435607910e+00 1.176012754440307617e+00 1.669881820678710938e+00 -2.346515506505966187e-01 -7.258116006851196289e-01 -4.150757193565368652e-01
-9.785875082015991211e-01 1.123982906341552734e+00 1.341905713081359863e+00 -8.504440784454345703e-01 2.236781120300292969e+00 -9.725490212440490723e-01 -6.757837533950805664e-01 -1.382645010948181152e+00 1.947685599327087402e+00 -1.046884417533874512e+00 -1.005228400230407715e+00 -6.592882871627807617e-01 -1.221681013703346252e-01 3.078808784484863281e-01 1.762342214584350586e+00 1.106527209281921387e+00 1.502869009971618652e+00 -2.410701513290405273e-01 -7.242197990417480469e-01 -3.132277131080627441e-01
-8.669028282165527344e-01 1.063622593879699707e+00 1.513000845909118652e+00 -6.588261723518371582e-01 2.300027847290039062e+00 -1.040139198303222656e+00 -7.057832479476928711e-01 -1.341223716735839844e+00 1.987515807151794434e+00 -9.071244597434997559e-01 -1.048763394355773926e+00 -8.686863183975219727e-01 -7.921093702316284180e-02 -1.305634528398513794e-02 1.928015112876892090e+00 1.045568585395812988e+00 1.397142887115478516e+00 -2.496200203895568848e-01 -8.154280185699462891e-01 -1.870235353708267212e-01
-7.979105114936828613e-01 1.000676512718200684e+00 1.697693586349487305e+00 -5.207993388175964355e-01 2.276537418365478516e+00 -1.078078389167785645e+00 -7.784377336502075195e-01 -1.300118684768676758e+00 1.963286161422729492e+00 -7.404255867004394531e-01 -1.080514788627624512e+00 -1.088664174079895020e+00 -7.905059307813644409e-02 -3.216125071048736572e-01 2.103197097778320312e+00 1.005006551742553711e+00 1.314290523529052734e+00 -2.404639124870300293e-01 -9.591764807701110840e-01 -3.661292046308517456e-02
-8.125701546669006348e-01 9.857988357543945312e-01 1.856663346290588379e+00 -4.816464781761169434e-01 2.215620756149291992e+00 -1.115407705307006836e+00 -8.608114123344421387e-01 -1.318910360336303711e+00 1.935071945190429688e+00 -6.130847930908203125e-01 -1.114030957221984863e+00 -1.271285414695739746e+00 -1.259436905384063721e-01 -5.118526816368103027e-01 2.216704845428466797e+00 9.666002392768859863e-01 1.300542354583740234e+00 -2.344077974557876587e-01 -1.118699073791503906e+00 1.111112758517265320e-01
-8.625189065933227539e-01 1.018501043319702148e+00 1.995460391044616699e+00 -4.934425950050354004e-01 2.177638053894042969e+00 -1.148350954055786133e+00 -9.646620750427246094e-01 -1.365728020668029785e+00 1.899305820465087891e+00 -5.170124769210815430e-01 -1.135918855667114258e+00 -1.415216088294982910e+00 -2.135981619358062744e-01 -6.086282730102539062e-01 2.284064054489135742e+00 9.785778522491455078e-01 1.361761212348937988e+00 -2.072452455759048462e-01 -1.298469901084899902e+00 1.809719651937484741e-01
-9.461022615432739258e-01 1.076266288757324219e+00 2.167804479598999023e+00 -5.590426921844482422e-01 2.123806715011596680e+00 -1.178527712821960449e+00 -1.114739418029785156e+00 -1.402995467185974121e+00 1.853142380714416504e+00 -4.162738025188446045e-01 -1.157154440879821777e+00 -1.527326464653015137e+00 -3.639351427555084229e-01 -6.198424696922302246e-01 2.314393520355224609e+00 1.044260740280151367e+00 1.474868416786193848e+00 -1.525320559740066528e-01 -1.535339355468750000e+00 1.876190602779388428e-01
-1.001897096633911133e+00 1.101125359535217285e+00 2.314331054687500000e+00 -6.404379606246948242e-01 2.007887125015258789e+00 -1.220860004425048828e+00 -1.232395052909851074e+00 -1.403120040893554688e+00 1.789175510406494141e+00 -3.062714636325836182e-01 -1.171746969223022461e+00 -1.572748303413391113e+00 -5.262061357498168945e-01 -5.484246015548706055e-01 2.275905609130859375e+00 1.091547846794128418e+00 1.575272321701049805e+00 -8.595102280378341675e-02 -1.734593987464904785e+00 1.538560241460800171e-01
-1.035148978233337402e+00 1.084985017776489258e+00 2.344119787216186523e+00 -7.379844188690185547e-01 1.758943319320678711e+00 -1.237586379051208496e+00 -1.360806822776794434e+00 -1.368339776992797852e+00 1.600969910621643066e+00 -1.504012942314147949e-01 -1.108971476554870605e+00 -1.500040888786315918e+00 -6.963087320327758789e-01 -3.447919487953186035e-01 2.114784479141235352e+00 1.106600999832153320e+00 1.641569614410400391e+00 -2.217542380094528198e-02 -1.867349147796630859e+00 9.193150699138641357e-02
-9.876976609230041504e-01 1.023714780807495117e+00 2.041072607040405273e+00 -8.889929652214050293e-01 1.318001985549926758e+00 -1.163368463516235352e+00 -1.403671741485595703e+00 -1.289241671562194824e+00 1.219192504882812500e+00 5.990042537450790405e-02 -8.799901604652404785e-01 -1.219387054443359375e+00 -7.709788680076599121e-01 2.366238459944725037e-02 1.759020447731018066e+00 1.041897177696228027e+00 1.595591187477111816e+00 -3.872066736221313477e-02 -1.760627388954162598e+00 -4.093574732542037964e-02
-1.019557356834411621e+00 1.104246854782104492e+00 1.577990055084228516e+00 -1.175793170928955078e+00 1.093738555908203125e+00 -1.108735799789428711e+00 -1.284166097640991211e+00 -1.407319188117980957e+00 1.027697682380676270e+00 8.197394758462905884e-02 -6.959407925605773926e-01 -8.972975015640258789e-01 -6.387057304382324219e-01 4.171136617660522461e-01 1.535938620567321777e+00 1.032850027084350586e+00 1.563178062438964844e+00 -2.246171534061431885e-01 -1.442344665527343750e+00 -2.301896810531616211e-01
-1.033394455909729004e+00 1.419260859489440918e+00 1.452465891838073730e+00 -1.485167860984802246e+00 1.373515605926513672e+00 -1.184437632560729980e+00 -1.253151178359985352e+00 -1.572432398796081543e+00 1.328852772712707520e+00 -1.761200129985809326e-01 -6.420825719833374023e-01 -7.134709358215332031e-01 -5.252654552459716797e-01 5.885269045829772949e-01 1.582260251045227051e+00 1.159482955932617188e+00 1.706711888313293457e+00 -3.600017726421356201e-01 -1.271465182304382324e+00 -4.552244842052459717e-01
-1.017189145088195801e+00 1.576909542083740234e+00 1.371693611145019531e+00 -1.613807678222656250e+00 1.580664634704589844e+00 -1.215764999389648438e+00 -1.201987147331237793e+00 -1.623908162117004395e+00 1.544407486915588379e+00 -3.902949094772338867e-01 -6.071816682815551758e-01 -5.788736343383789062e-01 -4.160650074481964111e-01 6.700769662857055664e-01 1.618520617485046387e+00 1.225433111190795898e+00 1.753689885139465332e+00 -4.291196465492248535e-01 -1.114586591720581055e+00 -5.749131441116333008e-01
-9.904704689979553223e-01 1.656448721885681152e+00 1.330589413642883301e+00 -1.661197662353515625e+00 1.720193624496459961e+00 -1.220287084579467773e+00 -1.167500615119934082e+00 -1.613034129142761230e+00 1.689802169799804688e+00 -5.516059398651123047e-01 -5.773075819015502930e-01 -4.823750555515289307e-01 -3.285682201385498047e-01 6.975306272506713867e-01 1.650244951248168945e+00 1.261451125144958496e+00 1.752733230590820312e+00 -4.554640352725982666e-01 -9.970912933349609375e-01 -6.304435133934020996e-01
-9.611652493476867676e-01 1.699176788330078125e+00 1.316018939018249512e+00 -1.669472575187683105e+00 1.822507143020629883e+00 -1.217997550964355469e+00 -1.152850031852722168e+00 -1.577831625938415527e+00 1.798433780670166016e+00 -6.666240096092224121e-01 -5.507383942604064941e-01 -4.130391776561737061e-01 -2.559158802032470703e-01 6.981028318405151367e-01 1.678535342216491699e+00 1.285137534141540527e+00 1.728628635406494141e+00 -4.647895395755767822e-01 -9.090914726257324219e-01 -6.548427343368530273e-01
-9.322023391723632812e-01 1.735101222991943359e+00 1.310563087463378906e+00 -1.658586621284484863e+00 1.895931243896484375e+00 -1.221712350845336914e+00 -1.151453137397766113e+00 -1.534133195877075195e+00 1.891894817352294922e+00 -7.593812942504882812e-01 -5.315018296241760254e-01 -3.671250343322753906e-01 -1.938383877277374268e-01 6.828274726867675781e-01 1.696117401123046875e+00 1.295261859893798828e+00 1.703757643699645996e+00 -4.606100320816040039e-01 -8.442124128341674805e-01 -6.547437310218811035e-01
-8.941729068756103516e-01 1.764508843421936035e+00 1.304468631744384766e+00 -1.621210217475891113e+00 1.944306850433349609e+00 -1.218469262123107910e+00 -1.159586548805236816e+00 -1.456053853034973145e+00 1.967878580093383789e+00 -8.477525711059570312e-01 -4.984549582004547119e-01 -3.120677471160888672e-01 -1.348456442356109619e-01 6.535214185714721680e-01 1.699826359748840332e+00 1.301509857177734375e+00 1.650031089782714844e+00 -4.485761821269989014e-01 -7.761560082435607910e-01 -6.438462734222412109e-01
-8.568691611289978027e-01 1.824008822441101074e+00 1.316560387611389160e+00 -1.539865374565124512e+00 1.971128463745117188e+00 -1.215389251708984375e+00 -1.192915678024291992e+00 -1.331925630569458008e+00 2.042725086212158203e+00 -9.563149809837341309e-01 -4.588483273983001709e-01 -2.419465184211730957e-01 -8.389690518379211426e-02 5.905728936195373535e-01 1.704539060592651367e+00 1.313752293586730957e+00 1.548666596412658691e+00 -4.343465864658355713e-01 -7.157431244850158691e-01 -6.265337467193603516e-01
-8.391297459602355957e-01 1.932551264762878418e+00 1.411007761955261230e+00 -1.371975541114807129e+00 1.940704345703125000e+00 -1.199934482574462891e+00 -1.287086963653564453e+00 -1.115083456039428711e+00 2.095686435699462891e+00 -1.094146728515625000e+00 -4.021803438663482666e-01 -1.891629248857498169e-01 -8.516358584165573120e-02 4.252530634403228760e-01 1.745163083076477051e+00 1.331416487693786621e+00 1.367041110992431641e+00 -4.014824330806732178e-01 -7.219110131263732910e-01 -5.558164715766906738e-01
-8.103348612785339355e-01 1.925049304962158203e+00 1.712852001190185547e+00 -1.085849761962890625e+00 1.862411975860595703e+00 -1.187267303466796875e+00 -1.359881997108459473e+00 -9.080104827880859375e-01 2.042043447494506836e+00 -1.077992200851440430e+00 -5.003644824028015137e-01 -3.972417414188385010e-01 -3.086491227149963379e-01 -1.317814737558364868e-02 1.954585552215576172e+00 1.289019465446472168e+00 1.208213925361633301e+00 -3.024364411830902100e-01 -9.902768135070800781e-01 -3.648768365383148193e-01
-8.474032282829284668e-01 1.609839320182800293e+00 1.815993905067443848e+00 -8.332411646842956543e-01 1.604767084121704102e+00 -1.109609603881835938e+00 -1.180484294891357422e+00 -9.510675668716430664e-01 1.721827268600463867e+00 -7.524495720863342285e-01 -6.668939590454101562e-01 -7.802408933639526367e-01 -5.107601881027221680e-01 -3.404020071029663086e-01 1.999337196350097656e+00 1.128676176071166992e+00 1.173977732658386230e+00 -2.410537451505661011e-01 -1.230040550231933594e+00 -2.040177732706069946e-01
-9.081524014472961426e-01 1.437074065208435059e+00 1.876746773719787598e+00 -7.832887172698974609e-01 1.483854770660400391e+00 -1.124464035034179688e+00 -1.064731121063232422e+00 -1.130680561065673828e+00 1.618381500244140625e+00 -5.108045339584350586e-01 -7.932429313659667969e-01 -1.020758986473083496e+00 -5.407834649085998535e-01 -4.026260077953338623e-01 1.993452548980712891e+00 1.043048501014709473e+00 1.232155680656433105e+00 -2.326367944478988647e-01 -1.350732803344726562e+00 -1.373340487480163574e-01
-9.537407159805297852e-01 1.378621339797973633e+00 1.892909169197082520e+00 -8.220117092132568359e-01 1.425101280212402344e+00 -1.134539484977722168e+00 -1.027153253555297852e+00 -1.243310689926147461e+00 1.595012187957763672e+00 -3.948598206043243408e-01 -8.445826768875122070e-01 -1.144738793373107910e+00 -5.275309085845947266e-01 -3.908684849739074707e-01 1.990611672401428223e+00 1.015171051025390625e+00 1.312996029853820801e+00 -2.325653731822967529e-01 -1.420947790145874023e+00 -1.094140559434890747e-01
-9.792349934577941895e-01 1.327849626541137695e+00 1.885784626007080078e+00 -8.823432922363281250e-01 1.378238677978515625e+00 -1.137365102767944336e+00 -9.832481741905212402e-01 -1.320163488388061523e+00 1.572579026222229004e+00 -3.229143619537353516e-01 -8.851906657218933105e-01 -1.210219502449035645e+00 -5.197869539260864258e-01 -3.440600335597991943e-01 1.986902356147766113e+00 9.888319373130798340e-01 1.378466367721557617e+00 -2.259364873170852661e-01 -1.451232433319091797e+00 -8.782147616147994995e-02
-9.890074133872985840e-01 1.280061721801757812e+00 1.855560541152954102e+00 -9.358745217323303223e-01 1.327090978622436523e+00 -1.134470105171203613e+00 -9.326425194740295410e-01 -1.370614886283874512e+00 1.545348525047302246e+00 -2.710295319557189941e-01 -9.042393565177917480e-01 -1.239714741706848145e+00 -5.028382539749145508e-01 -2.929272353649139404e-01 1.969698667526245117e+00 9.555443525314331055e-01 1.415366768836975098e+00 -2.253329902887344360e-01 -1.448223590850830078e+00 -6.968686729669570923e-02
-9.860410094261169434e-01 1.231285214424133301e+00 1.804837942123413086e+00 -9.871674776077270508e-01 1.269680261611938477e+00 -1.127932667732238770e+00 -8.717824220657348633e-01 -1.403542995452880859e+00 1.512723565101623535e+00 -2.319824099540710449e-01 -9.071348309516906738e-01 -1.242322802543640137e+00 -4.760143458843231201e-01 -2.344879508018493652e-01 1.940291762351989746e+00 9.122994542121887207e-01 1.431329369544982910e+00 -2.297478467226028442e-01 -1.417074918746948242e+00 -5.196192115545272827e-02
-9.726980924606323242e-01 1.181760311126708984e+00 1.731968760490417480e+00 -1.043825864791870117e+00 1.201705455780029297e+00 -1.119772076606750488e+00 -8.001470565795898438e-01 -1.419895648956298828e+00 1.473899245262145996e+00 -2.080354988574981689e-01 -8.901621103286743164e-01 -1.211453318595886230e+00 -4.394270181655883789e-01 -1.522832810878753662e-01 1.889926910400390625e+00 8.526610732078552246e-01 1.428783059120178223e+00 -2.376825064420700073e-01 -1.353863954544067383e+00 -2.950849011540412903e-02
-9.953781366348266602e-01 1.170456528663635254e+00 1.652152419090270996e+00 -1.138390898704528809e+00 1.137604236602783203e+00 -1.142483115196228027e+00 -7.503144145011901855e-01 -1.453913092613220215e+00 1.445492029190063477e+00 -2.243118584156036377e-01 -8.377720117568969727e-01 -1.134675979614257812e+00 -4.092355072498321533e-01 2.172582969069480896e-02 1.816516518592834473e+00 7.998547554016113281e-01 1.446619987487792969e+00 -2.550925612449645996e-01 -1.269721627235412598e+00 6.826093420386314392e-03
-1.008589148521423340e+00 1.227267026901245117e+00 1.503743767738342285e+00 -1.262075781822204590e+00 1.105643987655639648e+00 -1.178298592567443848e+00 -7.221031785011291504e-01 -1.473099470138549805e+00 1.431405782699584961e+00 -3.132972717285156250e-01 -7.251276969909667969e-01 -9.513093233108520508e-01 -3.469364345073699951e-01 2.627827227115631104e-01 1.710137367248535156e+00 7.753782868385314941e-01 1.450406908988952637e+00 -2.970511317253112793e-01 -1.108422160148620605e+00 -9.675618261098861694e-03
-9.154816269874572754e-01 1.475155830383300781e+00 1.363242983818054199e+00 -1.495784163475036621e+00 1.290177583694458008e+00 -1.209104180335998535e+00 -7.866634726524353027e-01 -1.432151198387145996e+00 1.648465275764465332e+00 -5.220224857330322266e-01 -5.405009388923645020e-01 -6.915714740753173828e-01 -2.226792871952056885e-01 5.088884234428405762e-01 1.604782819747924805e+00 8.599125742912292480e-01 1.566385984420776367e+00 -3.820916712284088135e-01 -9.575991630554199219e-01 -1.946838796138763428e-01
-8.705614209175109863e-01 1.592330455780029297e+00 1.308805942535400391e+00 -1.546499252319335938e+00 1.558414936065673828e+00 -1.184943556785583496e+00 -8.847193121910095215e-01 -1.403077721595764160e+00 1.812111020088195801e+00 -6.907995939254760742e-01 -4.986098408699035645e-01 -5.308835506439208984e-01 -1.319158375263214111e-01 5.720539689064025879e-01 1.591686844825744629e+00 1.029081106185913086e+00 1.609942317008972168e+00 -3.754273653030395508e-01 -8.554230332374572754e-01 -3.923532068729400635e-01
-8.708778619766235352e-01 1.588556885719299316e+00 1.294642329216003418e+00 -1.482702493667602539e+00 1.680065393447875977e+00 -1.152605891227722168e+00 -9.608202576637268066e-01 -1.377767562866210938e+00 1.795490741729736328e+00 -7.325474023818969727e-01 -5.045630335807800293e-01 -4.610774219036102295e-01 -1.295834183692932129e-01 5.537914633750915527e-01 1.596012592315673828e+00 1.137409806251525879e+00 1.576915025711059570e+00 -3.472393155097961426e-01 -8.232778906822204590e-01 -4.842330217361450195e-01
-8.851110935211181641e-01 1.568609833717346191e+00 1.290007114410400391e+00 -1.423908472061157227e+00 1.694186687469482422e+00 -1.110779523849487305e+00 -1.012082576751708984e+00 -1.345510601997375488e+00 1.724533438682556152e+00 -7.287854552268981934e-01 -5.019792914390563965e-01 -4.279006123542785645e-01 -1.610473096370697021e-01 5.317524075508117676e-01 1.579591751098632812e+00 1.199305057525634766e+00 1.536242961883544922e+00 -3.221516609191894531e-01 -8.299673199653625488e-01 -5.301122665405273438e-01
-9.246075749397277832e-01 1.582751870155334473e+00 1.305148124694824219e+00 -1.403620719909667969e+00 1.670925378799438477e+00 -1.089130163192749023e+00 -1.065357565879821777e+00 -1.343988537788391113e+00 1.650917649269104004e+00 -7.050029635429382324e-01 -4.998429715633392334e-01 -4.216127395629882812e-01 -2.214666903018951416e-01 5.257745981216430664e-01 1.568011403083801270e+00 1.243534326553344727e+00 1.521463394165039062e+00 -3.199681341648101807e-01 -8.761425018310546875e-01 -5.637245774269104004e-01
-9.890220761299133301e-01 1.628217577934265137e+00 1.321167826652526855e+00 -1.429231047630310059e+00 1.594016075134277344e+00 -1.075341343879699707e+00 -1.119801163673400879e+00 -1.363445878028869629e+00 1.572291374206542969e+00 -6.642614603042602539e-01 -4.976194798946380615e-01 -4.312909543514251709e-01 -3.168931007385253906e-01 5.324051976203918457e-01 1.559413194656372070e+00 1.281206727027893066e+00 1.535861492156982422e+00 -3.280968964099884033e-01 -9.551646709442138672e-01 -6.011746525764465332e-01
-1.098198771476745605e+00 1.702083826065063477e+00 1.358964085578918457e+00 -1.511585831642150879e+00 1.457804679870605469e+00 -1.075470924377441406e+00 -1.180923700332641602e+00 -1.411360859870910645e+00 1.477628111839294434e+00 -6.047303676605224609e-01 -4.941846728324890137e-01 -4.580980539321899414e-01 -4.487377703189849854e-01 5.668292045593261719e-01 1.571416616439819336e+00 1.323451638221740723e+00 1.580206036567687988e+00 -3.509154915809631348e-01 -1.075177550315856934e+00 -6.362034678459167480e-01
-1.213874697685241699e+00 1.742405772209167480e+00 1.367587804794311523e+00 -1.598012208938598633e+00 1.188622951507568359e+00 -1.050683498382568359e+00 -1.198501706123352051e+00 -1.435171723365783691e+00 1.304426193237304688e+00 -5.015337467193603516e-01 -4.800666272640228271e-01 -4.845178127288818359e-01 -6.227371096611022949e-01 6.008347868919372559e-01 1.540671110153198242e+00 1.315806508064270020e+00 1.594471335411071777e+00 -3.797611594200134277e-01 -1.205306768417358398e+00 -6.511000990867614746e-01
-1.281685233116149902e+00 1.681813001632690430e+00 1.351462721824645996e+00 -1.576389193534851074e+00 9.215149283409118652e-01 -9.907863140106201172e-01 -1.116083621978759766e+00 -1.418612241744995117e+00 1.104852914810180664e+00 -4.049221277236938477e-01 -5.138109326362609863e-01 -5.349777936935424805e-01 -7.611292004585266113e-01 5.772804617881774902e-01 1.490253806114196777e+00 1.201110959053039551e+00 1.534782409667968750e+00 -3.879965543746948242e-01 -1.282609701156616211e+00 -6.037109494209289551e-01
-1.245547056198120117e+00 1.575959205627441406e+00 1.393861174583435059e+00 -1.463970661163330078e+00 9.832689166069030762e-01 -9.933857917785644531e-01 -9.916141033172607422e-01 -1.483144998550415039e+00 1.171297430992126465e+00 -3.669032454490661621e-01 -6.478333473205566406e-01 -6.640392541885375977e-01 -7.263262271881103516e-01 4.191451072692871094e-01 1.579262495040893555e+00 1.067857384681701660e+00 1.487282752990722656e+00 -3.810688257217407227e-01 -1.279671669006347656e+00 -5.177451372146606445e-01
-1.170259594917297363e+00 1.474939584732055664e+00 1.431410312652587891e+00 -1.344555854797363281e+00 1.083677053451538086e+00 -1.017341494560241699e+00 -8.836499452590942383e-01 -1.514438390731811523e+00 1.259766936302185059e+00 -3.549192547798156738e-01 -7.498997449874877930e-01 -7.557002305984497070e-01 -6.320129036903381348e-01 2.720729708671569824e-01 1.651075839996337891e+00 9.846721291542053223e-01 1.427360296249389648e+00 -3.653971254825592041e-01 -1.234281539916992188e+00 -4.458442926406860352e-01
-1.110724091529846191e+00 1.431386232376098633e+00 1.472520112991333008e+00 -1.265144348144531250e+00 1.160703182220458984e+00 -1.043418407440185547e+00 -8.183774948120117188e-01 -1.516741514205932617e+00 1.326730966567993164e+00 -3.678981959819793701e-01 -8.065102696418762207e-01 -7.990747690200805664e-01 -5.565167665481567383e-01 1.757827401161193848e-01 1.708499193191528320e+00 9.603971838951110840e-01 1.389502048492431641e+00 -3.535897433757781982e-01 -1.198497176170349121e+00 -4.251096546649932861e-01
-1.067207336425781250e+00 1.415204763412475586e+00 1.517259955406188965e+00 -1.202667713165283203e+00 1.224370002746582031e+00 -1.067786693572998047e+00 -7.841823101043701172e-01 -1.507584929466247559e+00 1.369664072990417480e+00 -3.825205862522125244e-01 -8.388889431953430176e-01 -8.260416984558105469e-01 -5.177899599075317383e-01 9.801308810710906982e-02 1.748630046844482422e+00 9.395136237144470215e-01 1.353745698928833008e+00 -3.478247821331024170e-01 -1.183825969696044922e+00 -4.127238392829895020e-01
-1.032200455665588379e+00 1.420222163200378418e+00 1.563997387886047363e+00 -1.147887229919433594e+00 1.263925313949584961e+00 -1.092598676681518555e+00 -7.791252732276916504e-01 -1.492802858352661133e+00 1.398016214370727539e+00 -3.886686563491821289e-01 -8.516338467597961426e-01 -8.463329076766967773e-01 -4.977042973041534424e-01 2.819029986858367920e-02 1.778966903686523438e+00 9.314788579940795898e-01 1.323067665100097656e+00 -3.393784165382385254e-01 -1.184963583946228027e+00 -4.100763797760009766e-01
-1.003241419792175293e+00 1.435447216033935547e+00 1.626682758331298828e+00 -1.093314766883850098e+00 1.288347005844116211e+00 -1.114147543907165527e+00 -7.910684943199157715e-01 -1.465290784835815430e+00 1.412399530410766602e+00 -3.889814913272857666e-01 -8.608600497245788574e-01 -8.669928312301635742e-01 -4.940235316753387451e-01 -4.543045908212661743e-02 1.805286169052124023e+00 9.361531138420104980e-01 1.291621208190917969e+00 -3.198184669017791748e-01 -1.206313967704772949e+00 -4.185926020145416260e-01
-9.704213142395019531e-01 1.466614842414855957e+00 1.713714241981506348e+00 -1.028878211975097656e+00 1.294585466384887695e+00 -1.132056236267089844e+00 -8.216803073883056641e-01 -1.415017127990722656e+00 1.409617185592651367e+00 -3.796903192996978760e-01 -8.646242618560791016e-01 -8.929187059402465820e-01 -5.125339031219482422e-01 -1.386380791664123535e-01 1.820718646049499512e+00 9.551413059234619141e-01 1.256060123443603516e+00 -2.807445824146270752e-01 -1.255972146987915039e+00 -4.461799561977386475e-01
-9.513027667999267578e-01 1.539324998855590820e+00 1.872561454772949219e+00 -9.840896129608154297e-01 1.289197921752929688e+00 -1.151979565620422363e+00 -8.940125703811645508e-01 -1.342425704002380371e+00 1.406873822212219238e+00 -3.717548847198486328e-01 -8.507671356201171875e-01 -9.290417432785034180e-01 -5.918405652046203613e-01 -2.299127578735351562e-01 1.803602576255798340e+00 9.977305531501770020e-01 1.248152971267700195e+00 -2.082254141569137573e-01 -1.374042510986328125e+00 -4.942077994346618652e-01
-8.476381897926330566e-01 1.486094713211059570e+00 2.036668062210083008e+00 -8.683785200119018555e-01 1.248433113098144531e+00 -1.135869026184082031e+00 -9.614593982696533203e-01 -1.134518384933471680e+00 1.359320759773254395e+00 -3.401822745800018311e-01 -7.810027003288269043e-01 -9.322165250778198242e-01 -6.684223413467407227e-01 -3.077801764011383057e-01 1.683836817741394043e+00 1.056793212890625000e+00 1.223812103271484375e+00 -7.224354147911071777e-02 -1.481275320053100586e+00 -5.560153126716613770e-01
-7.595739364624023438e-01 1.304165482521057129e+00 1.962936043739318848e+00 -8.013704419136047363e-01 1.359245061874389648e+00 -1.135536193847656250e+00 -9.742102026939392090e-01 -1.081676959991455078e+00 1.350086688995361328e+00 -3.229489922523498535e-01 -7.849128246307373047e-01 -8.810911178588867188e-01 -5.388254523277282715e-01 -1.973297297954559326e-01 1.607587575912475586e+00 1.060163021087646484e+00 1.221126198768615723e+00 -1.206606253981590271e-02 -1.364726066589355469e+00 -5.287418961524963379e-01
-7.361089587211608887e-01 1.263746380805969238e+00 1.789043426513671875e+00 -8.616536855697631836e-01 1.493180036544799805e+00 -1.100664973258972168e+00 -1.001528143882751465e+00 -1.117331981658935547e+00 1.424333691596984863e+00 -3.533187508583068848e-01 -7.620598673820495605e-01 -8.395127058029174805e-01 -4.012427628040313721e-01 -5.689460039138793945e-02 1.567558288574218750e+00 1.061600804328918457e+00 1.290960311889648438e+00 -4.931586980819702148e-02 -1.246292233467102051e+00 -4.880254864692687988e-01
-7.229848504066467285e-01 1.251616120338439941e+00 1.685774326324462891e+00 -9.313217401504516602e-01 1.560058116912841797e+00 -1.069558382034301758e+00 -1.009724378585815430e+00 -1.156306505203247070e+00 1.472509026527404785e+00 -3.633576035499572754e-01 -7.381111383438110352e-01 -8.226444721221923828e-01 -3.424934446811676025e-01 -1.493275165557861328e-03 1.574678659439086914e+00 1.068136453628540039e+00 1.342615246772766113e+00 -8.694544434547424316e-02 -1.192729353904724121e+00 -4.669407010078430176e-01
-7.086334824562072754e-01 1.242628335952758789e+00 1.610930323600769043e+00 -9.864369630813598633e-01 1.586431741714477539e+00 -1.047562956809997559e+00 -1.006854057312011719e+00 -1.175536394119262695e+00 1.502425193786621094e+00 -3.675155043601989746e-01 -7.155608534812927246e-01 -8.020321130752563477e-01 -3.035066425800323486e-01 2.945164218544960022e-02 1.574671149253845215e+00 1.069246053695678711e+00 1.366415262222290039e+00 -1.191798150539398193e-01 -1.153836011886596680e+00 -4.567478597164154053e-01
-7.018615603446960449e-01 1.260729432106018066e+00 1.555785417556762695e+00 -1.048346400260925293e+00 1.601403236389160156e+00 -1.034020423889160156e+00 -1.010313153266906738e+00 -1.186660289764404297e+00 1.535663366317749023e+00 -3.841653168201446533e-01 -6.940212249755859375e-01 -7.698458433151245117e-01 -2.856050729751586914e-01 6.615157425403594971e-02 1.567592740058898926e+00 1.063639402389526367e+00 1.383135557174682617e+00 -1.483409702777862549e-01 -1.123822689056396484e+00 -4.533043801784515381e-01
-6.951761841773986816e-01 1.301256418228149414e+00 1.508964180946350098e+00 -1.118484020233154297e+00 1.612723350524902344e+00 -1.023367047309875488e+00 -1.019869327545166016e+00 -1.183040380477905273e+00 1.579821228981018066e+00 -4.169395267963409424e-01 -6.651052236557006836e-01 -7.208842039108276367e-01 -2.751864194869995117e-01 1.056533679366111755e-01 1.555909395217895508e+00 1.055544853210449219e+00 1.389407515525817871e+00 -1.757834553718566895e-01 -1.091548562049865723e+00 -4.545443952083587646e-01
-6.816784739494323730e-01 1.366211414337158203e+00 1.460032939910888672e+00 -1.194860458374023438e+00 1.625359535217285156e+00 -1.010051727294921875e+00 -1.037849187850952148e+00 -1.150594234466552734e+00 1.642225980758666992e+00 -4.754511713981628418e-01 -6.188429594039916992e-01 -6.435505151748657227e-01 -2.644534707069396973e-01 1.424387097358703613e-01 1.542497634887695312e+00 1.049396514892578125e+00 1.375232934951782227e+00 -2.018870860338211060e-01 -1.044711351394653320e+00 -4.608760774135589600e-01
-6.568962335586547852e-01 1.473238945007324219e+00 1.406925916671752930e+00 -1.268655776977539062e+00 1.628635883331298828e+00 -9.939486980438232422e-01 -1.038235664367675781e+00 -1.062378644943237305e+00 1.744981527328491211e+00 -6.005190014839172363e-01 -5.571230649948120117e-01 -5.164692401885986328e-01 -2.598688602447509766e-01 1.722281426191329956e-01 1.531130671501159668e+00 1.034254193305969238e+00 1.323410868644714355e+00 -2.332111001014709473e-01 -9.637024402618408203e-01 -4.769033789634704590e-01
-6.377030611038208008e-01 1.645529747009277344e+00 1.388125061988830566e+00 -1.309747815132141113e+00 1.623853683471679688e+00 -9.908499121665954590e-01 -9.890733957290649414e-01 -9.328961968421936035e-01 1.877232432365417480e+00 -8.066815733909606934e-01 -5.086028575897216797e-01 -3.591365516185760498e-01 -2.863841056823730469e-01 1.700655221939086914e-01 1.535579562187194824e+00 9.909842610359191895e-01 1.212896943092346191e+00 -2.915015518665313721e-01 -8.725157976150512695e-01 -5.057771801948547363e-01
-7.341303825378417969e-01 1.757441639900207520e+00 1.502058148384094238e+00 -1.200879931449890137e+00 1.608468770980834961e+00 -1.029984712600708008e+00 -9.406198263168334961e-01 -9.144707918167114258e-01 1.894104719161987305e+00 -9.619407057762145996e-01 -5.761029124259948730e-01 -3.533200919628143311e-01 -4.256326258182525635e-01 9.980914741754531860e-02 1.588157057762145996e+00 9.517361521720886230e-01 1.123970746994018555e+00 -3.198118209838867188e-01 -9.340234398841857910e-01 -4.840574860572814941e-01
-8.344488739967346191e-01 1.744551658630371094e+00 1.577614665031433105e+00 -1.094523549079895020e+00 1.600992202758789062e+00 -1.060636162757873535e+00 -9.254580140113830566e-01 -1.027507781982421875e+00 1.860170364379882812e+00 -9.458824396133422852e-01 -6.833859682083129883e-01 -5.055360794067382812e-01 -5.263345241546630859e-01 -2.437592297792434692e-02 1.726806879043579102e+00 9.288493394851684570e-01 1.139577984809875488e+00 -3.344672918319702148e-01 -1.017064094543457031e+00 -3.904067277908325195e-01
-8.445965051651000977e-01 1.681881666183471680e+00 1.646006703376770020e+00 -9.724820256233215332e-01 1.676163911819458008e+00 -1.101889967918395996e+00 -9.069896340370178223e-01 -1.111505866050720215e+00 1.880827665328979492e+00 -8.921188712120056152e-01 -7.615069746971130371e-01 -6.563801765441894531e-01 -5.122395157814025879e-01 -1.602587699890136719e-01 1.850379705429077148e+00 9.310488700866699219e-01 1.165629148483276367e+00 -3.321566581726074219e-01 -1.056243896484375000e+00 -3.249953687191009521e-01
-8.129624724388122559e-01 1.613460659980773926e+00 1.698320388793945312e+00 -8.527621626853942871e-01 1.752199172973632812e+00 -1.114643573760986328e+00 -8.998653292655944824e-01 -1.138280630111694336e+00 1.916491985321044922e+00 -8.438589572906494141e-01 -8.058975338935852051e-01 -7.910451889038085938e-01 -4.850281774997711182e-01 -3.020042181015014648e-01 1.935766696929931641e+00 9.351749420166015625e-01 1.188484907150268555e+00 -3.146314918994903564e-01 -1.087705254554748535e+00 -2.667797207832336426e-01
-7.941202521324157715e-01 1.552570343017578125e+00 1.772276997566223145e+00 -7.573865652084350586e-01 1.876735687255859375e+00 -1.124132275581359863e+00 -9.290701746940612793e-01 -1.159167647361755371e+00 1.978934764862060547e+00 -8.200593590736389160e-01 -8.648211359977722168e-01 -9.261887073516845703e-01 -4.620609581470489502e-01 -4.277666807174682617e-01 2.041281700134277344e+00 9.757576584815979004e-01 1.244801163673400879e+00 -2.797918021678924561e-01 -1.133255243301391602e+00 -2.186414599418640137e-01
-7.797204256057739258e-01 1.467565655708312988e+00 1.855854392051696777e+00 -6.697704792022705078e-01 2.036882877349853516e+00 -1.125304937362670898e+00 -9.679002761840820312e-01 -1.175217032432556152e+00 2.060284137725830078e+00 -8.070343136787414551e-01 -9.315960407257080078e-01 -1.070290327072143555e+00 -4.387395381927490234e-01 -5.233657360076904297e-01 2.135361433029174805e+00 1.018518447875976562e+00 1.332268834114074707e+00 -2.240408509969711304e-01 -1.180623531341552734e+00 -1.547751277685165405e-01
-7.642503380775451660e-01 1.346173286437988281e+00 1.929223895072937012e+00 -6.000922918319702148e-01 2.210398197174072266e+00 -1.115054845809936523e+00 -9.926792383193969727e-01 -1.196187138557434082e+00 2.137199878692626953e+00 -7.874901890754699707e-01 -9.890295267105102539e-01 -1.217622399330139160e+00 -3.877922594547271729e-01 -5.848208069801330566e-01 2.222466945648193359e+00 1.071250557899475098e+00 1.439457416534423828e+00 -1.603260636329650879e-01 -1.216314077377319336e+00 -8.894377201795578003e-02
-7.309316992759704590e-01 1.170050621032714844e+00 1.938993215560913086e+00 -5.269527435302734375e-01 2.333792448043823242e+00 -1.070605635643005371e+00 -9.831366539001464844e-01 -1.191345572471618652e+00 2.160511732101440430e+00 -7.490405440330505371e-01 -1.016635656356811523e+00 -1.326915144920349121e+00 -3.110425174236297607e-01 -6.064329743385314941e-01 2.244103193283081055e+00 1.104428648948669434e+00 1.517634034156799316e+00 -9.472261369228363037e-02 -1.208925843238830566e+00 -2.364825457334518433e-02
-6.964170932769775391e-01 9.879330396652221680e-01 1.908725619316101074e+00 -4.767224192619323730e-01 2.392553329467773438e+00 -1.021460175514221191e+00 -9.546706676483154297e-01 -1.172770142555236816e+00 2.134154796600341797e+00 -7.018792629241943359e-01 -1.027514696121215820e+00 -1.374818444252014160e+00 -2.303594946861267090e-01 -5.800309777259826660e-01 2.212034940719604492e+00 1.121124982833862305e+00 1.562864065170288086e+00 -3.400765359401702881e-02 -1.171969652175903320e+00 1.874290034174919128e-02
-6.807062029838562012e-01 8.606172800064086914e-01 1.855893492698669434e+00 -4.853724241256713867e-01 2.404629945755004883e+00 -9.942409992218017578e-01 -9.092795848846435547e-01 -1.190362811088562012e+00 2.094690322875976562e+00 -6.573531627655029297e-01 -1.036196827888488770e+00 -1.373717665672302246e+00 -1.603880524635314941e-01 -5.172091722488403320e-01 2.184060573577880859e+00 1.135450720787048340e+00 1.598073720932006836e+00 -6.749808788299560547e-03 -1.125373125076293945e+00 1.419789530336856842e-02
-6.880552768707275391e-01 7.454478144645690918e-01 1.761893630027770996e+00 -5.300037860870361328e-01 2.375138044357299805e+00 -9.671542048454284668e-01 -8.411599397659301758e-01 -1.225402235984802246e+00 2.025545358657836914e+00 -6.258182525634765625e-01 -1.020251154899597168e+00 -1.321270346641540527e+00 -8.293484896421432495e-02 -3.915632069110870361e-01 2.133054733276367188e+00 1.149188637733459473e+00 1.614364504814147949e+00 -4.181399941444396973e-03 -1.047788858413696289e+00 -3.975361585617065430e-03
-7.718415260314941406e-01 6.635277867317199707e-01 1.601056098937988281e+00 -6.576407551765441895e-01 2.293967962265014648e+00 -9.459956884384155273e-01 -7.424963116645812988e-01 -1.334311366081237793e+00 1.911840558052062988e+00 -6.215949654579162598e-01 -9.859230518341064453e-01 -1.192065954208374023e+00 -3.209389746189117432e-02 -1.379149556159973145e-01 2.039353132247924805e+00 1.164789676666259766e+00 1.642219901084899902e+00 -5.011681094765663147e-02 -9.450214505195617676e-01 -4.660868644714355469e-02
-9.652957320213317871e-01 6.815924048423767090e-01 1.350122094154357910e+00 -9.315302371978759766e-01 2.102852106094360352e+00 -9.245064854621887207e-01 -6.331505775451660156e-01 -1.509872198104858398e+00 1.715269327163696289e+00 -6.770445108413696289e-01 -9.183335900306701660e-01 -8.949826955795288086e-01 -5.500975251197814941e-02 3.321991860866546631e-01 1.834604501724243164e+00 1.153562903404235840e+00 1.657432556152343750e+00 -1.610041856765747070e-01 -8.123490810394287109e-01 -1.301486194133758545e-01
-1.160887598991394043e+00 8.917070031166076660e-01 1.182643771171569824e+00 -1.289837479591369629e+00 1.797446489334106445e+00 -9.731861948966979980e-01 -6.021065115928649902e-01 -1.667773962020874023e+00 1.532870888710021973e+00 -7.135444879531860352e-01 -8.332791328430175781e-01 -6.346166133880615234e-01 -1.573634445667266846e-01 7.239663004875183105e-01 1.685536742210388184e+00 1.135747194290161133e+00 1.675997734069824219e+00 -3.166062831878662109e-01 -7.941110134124755859e-01 -2.316361367702484131e-01
-1.309878945350646973e+00 1.241649508476257324e+00 1.233477234840393066e+00 -1.632395029067993164e+00 1.586474657058715820e+00 -1.096328139305114746e+00 -6.762024760246276855e-01 -1.824377655982971191e+00 1.516477108001708984e+00 -6.730390787124633789e-01 -8.163003325462341309e-01 -6.038155555725097656e-01 -3.385183215141296387e-01 8.849774599075317383e-01 1.709893703460693359e+00 1.153402090072631836e+00 1.796778917312622070e+00 -4.775386452674865723e-01 -9.651027917861938477e-01 -3.697608411312103271e-01
-1.392331957817077637e+00 1.458594322204589844e+00 1.289775490760803223e+00 -1.799666643142700195e+00 1.458833217620849609e+00 -1.167295694351196289e+00 -7.551789283752441406e-01 -1.895623683929443359e+00 1.480296254158020020e+00 -6.299064755439758301e-01 -8.136321306228637695e-01 -5.912809371948242188e-01 -4.634158313274383545e-01 9.217247962951660156e-01 1.739011168479919434e+00 1.192118406295776367e+00 1.838192343711853027e+00 -5.423886775970458984e-01 -1.082911610603332520e+00 -4.898900389671325684e-01
-1.427048563957214355e+00 1.595215797424316406e+00 1.336747527122497559e+00 -1.902520775794982910e+00 1.381610393524169922e+00 -1.192557454109191895e+00 -8.254860639572143555e-01 -1.913483619689941406e+00 1.463258624076843262e+00 -5.944234728813171387e-01 -8.103414773941040039e-01 -5.914857387542724609e-01 -5.571794509887695312e-01 9.208126664161682129e-01 1.753109335899353027e+00 1.214805126190185547e+00 1.869189858436584473e+00 -5.581037998199462891e-01 -1.171472072601318359e+00 -5.733087062835693359e-01
-1.439665913581848145e+00 1.668194651603698730e+00 1.365672945976257324e+00 -1.966625213623046875e+00 1.324347019195556641e+00 -1.200214147567749023e+00 -8.819571137428283691e-01 -1.923869967460632324e+00 1.445818305015563965e+00 -5.427344441413879395e-01 -8.056727051734924316e-01 -6.160029172897338867e-01 -6.229957938194274902e-01 9.036124944686889648e-01 1.761560320854187012e+00 1.228283762931823730e+00 1.901733875274658203e+00 -5.556744933128356934e-01 -1.246236085891723633e+00 -6.186088323593139648e-01
-1.435567617416381836e+00 1.700772643089294434e+00 1.381484389305114746e+00 -2.012090444564819336e+00 1.262833833694458008e+00 -1.196335434913635254e+00 -9.291325211524963379e-01 -1.937375426292419434e+00 1.417792320251464844e+00 -4.631282687187194824e-01 -8.017976284027099609e-01 -6.722046136856079102e-01 -6.778626441955566406e-01 8.661953806877136230e-01 1.762355804443359375e+00 1.229549169540405273e+00 1.942082405090332031e+00 -5.429539680480957031e-01 -1.327342152595520020e+00 -6.382429003715515137e-01
-1.408821821212768555e+00 1.692389488220214844e+00 1.388659596443176270e+00 -2.041872739791870117e+00 1.185892581939697266e+00 -1.182259798049926758e+00 -9.736177325248718262e-01 -1.963877797126770020e+00 1.374211788177490234e+00 -3.265315592288970947e-01 -8.020042777061462402e-01 -7.854011058807373047e-01 -7.293421626091003418e-01 7.922728657722473145e-01 1.756040096282958984e+00 1.211990714073181152e+00 2.001826286315917969e+00 -5.169360637664794922e-01 -1.435431361198425293e+00 -6.299299597740173340e-01
-1.325263261795043945e+00 1.615599513053894043e+00 1.379477381706237793e+00 -2.029716014862060547e+00 1.072970628738403320e+00 -1.152850627899169922e+00 -1.009906649589538574e+00 -2.011741399765014648e+00 1.308419227600097656e+00 -6.536840647459030151e-02 -8.142753839492797852e-01 -1.009283185005187988e+00 -7.782952189445495605e-01 6.351918578147888184e-01 1.722511768341064453e+00 1.144677758216857910e+00 2.087674140930175781e+00 -4.673444628715515137e-01 -1.593094348907470703e+00 -5.819464921951293945e-01
-1.139155149459838867e+00 1.386358141899108887e+00 1.399969220161437988e+00 -1.856025934219360352e+00 9.270812273025512695e-01 -1.128607869148254395e+00 -1.011666059494018555e+00 -1.998178720474243164e+00 1.247950196266174316e+00 2.940836250782012939e-01 -8.628764748573303223e-01 -1.325002193450927734e+00 -7.700538635253906250e-01 3.824906945228576660e-01 1.687257766723632812e+00 9.754002094268798828e-01 2.123352766036987305e+00 -3.862925469875335693e-01 -1.750121235847473145e+00 -4.149364233016967773e-01
-8.868056535720825195e-01 1.060036659240722656e+00 1.768131256103515625e+00 -1.478089570999145508e+00 1.147073268890380859e+00 -1.171718358993530273e+00 -9.904364943504333496e-01 -1.819421768188476562e+00 1.427859187126159668e+00 4.245920777320861816e-01 -1.098025083541870117e+00 -1.707460403442382812e+00 -6.546693444252014160e-01 -1.227886974811553955e-02 1.842532873153686523e+00 8.911695480346679688e-01 2.127306222915649414e+00 -1.608615666627883911e-01 -1.897057890892028809e+00 -1.619260460138320923e-01
-7.411731481552124023e-01 8.951163887977600098e-01 2.056944131851196289e+00 -1.127611994743347168e+00 1.462970018386840820e+00 -1.204563260078430176e+00 -9.356181621551513672e-01 -1.638899445533752441e+00 1.627232313156127930e+00 2.801595330238342285e-01 -1.222728490829467773e+00 -1.854698300361633301e+00 -5.372238159179687500e-01 -3.268970549106597900e-01 1.946305632591247559e+00 8.365885615348815918e-01 2.004023790359497070e+00 -1.865821145474910736e-02 -1.878868103027343750e+00 1.122251898050308228e-02
-7.037743330001831055e-01 8.367606401443481445e-01 2.169359922409057617e+00 -9.286198616027832031e-01 1.689306497573852539e+00 -1.221789836883544922e+00 -8.871932625770568848e-01 -1.563445687294006348e+00 1.740329623222351074e+00 1.227463856339454651e-01 -1.274708509445190430e+00 -1.846128344535827637e+00 -4.667417705059051514e-01 -4.424749016761779785e-01 2.000011682510375977e+00 8.375673890113830566e-01 1.916341543197631836e+00 3.432779386639595032e-02 -1.812362313270568848e+00 5.839456990361213684e-02
-7.060698866844177246e-01 8.535179495811462402e-01 2.224974393844604492e+00 -8.231950998306274414e-01 1.837243795394897461e+00 -1.266860485076904297e+00 -8.802489638328552246e-01 -1.544280052185058594e+00 1.794288635253906250e+00 2.461926639080047607e-02 -1.292894959449768066e+00 -1.801809072494506836e+00 -4.008114933967590332e-01 -4.781768918037414551e-01 2.054200410842895508e+00 8.682607412338256836e-01 1.846031785011291504e+00 2.903279289603233337e-02 -1.743733167648315430e+00 4.438799992203712463e-02
-7.065215110778808594e-01 8.662182092666625977e-01 2.248104572296142578e+00 -7.503039836883544922e-01 1.898252248764038086e+00 -1.307126164436340332e+00 -8.709534406661987305e-01 -1.522670030593872070e+00 1.789058327674865723e+00 -3.102963790297508240e-02 -1.288516283035278320e+00 -1.729879975318908691e+00 -3.581469058990478516e-01 -4.759644269943237305e-01 2.059779405593872070e+00 8.869726657867431641e-01 1.766239881515502930e+00 1.909807696938514709e-02 -1.679852128028869629e+00 1.233628205955028534e-02
-7.056903839111328125e-01 8.706416487693786621e-01 2.243831157684326172e+00 -6.997830271720886230e-01 1.887463808059692383e+00 -1.342577338218688965e+00 -8.506551384925842285e-01 -1.493022680282592773e+00 1.734203696250915527e+00 -5.968382954597473145e-02 -1.262997150421142578e+00 -1.628495573997497559e+00 -3.343251943588256836e-01 -4.352543652057647705e-01 2.020243883132934570e+00 8.935448527336120605e-01 1.675826549530029297e+00 7.700227200984954834e-03 -1.614687561988830566e+00 -3.307285159826278687e-02
-7.066356539726257324e-01 8.837054967880249023e-01 2.207302570343017578e+00 -6.856522560119628906e-01 1.808954954147338867e+00 -1.377622723579406738e+00 -8.227810859680175781e-01 -1.453147292137145996e+00 1.629059076309204102e+00 -7.482619583606719971e-02 -1.195265531539916992e+00 -1.468877792358398438e+00 -3.206799626350402832e-01 -3.310469985008239746e-01 1.931631684303283691e+00 8.982790708541870117e-01 1.569322228431701660e+00 -1.112132146954536438e-02 -1.534211635589599609e+00 -1.116732954978942871e-01
-7.404890656471252441e-01 9.455565214157104492e-01 2.062370538711547852e+00 -7.426001429557800293e-01 1.636420249938964844e+00 -1.400045633316040039e+00 -8.091717362403869629e-01 -1.425187349319458008e+00 1.427828788757324219e+00 -7.335822284221649170e-02 -1.056821703910827637e+00 -1.190809965133666992e+00 -3.325946033000946045e-01 -8.827058225870132446e-02 1.771718502044677734e+00 9.125626683235168457e-01 1.447974324226379395e+00 -8.115516602993011475e-02 -1.404930114746093750e+00 -2.714243233203887939e-01
-8.809036016464233398e-01 1.126253485679626465e+00 1.736176133155822754e+00 -9.997381567955017090e-01 1.378774404525756836e+00 -1.397704362869262695e+00 -8.274559378623962402e-01 -1.485002040863037109e+00 1.190370559692382812e+00 -1.155288964509963989e-01 -8.221901655197143555e-01 -7.467217445373535156e-01 -3.397671282291412354e-01 3.487732410430908203e-01 1.588748693466186523e+00 1.035554051399230957e+00 1.362550258636474609e+00 -2.664391696453094482e-01 -1.187643289566040039e+00 -5.631027221679687500e-01
-1.134348630905151367e+00 1.510529279708862305e+00 1.579425454139709473e+00 -1.476485371589660645e+00 1.398320674896240234e+00 -1.443136096000671387e+00 -9.176602959632873535e-01 -1.655840635299682617e+00 1.289083480834960938e+00 -4.075341820716857910e-01 -6.890695095062255859e-01 -3.984642028808593750e-01 -4.052347242832183838e-01 7.645158767700195312e-01 1.597253441810607910e+00 1.253233313560485840e+00 1.493963479995727539e+00 -4.403117597103118896e-01 -1.083134293556213379e+00 -7.610265016555786133e-01
-1.277894496917724609e+00 1.759533882141113281e+00 1.574347138404846191e+00 -1.789247035980224609e+00 1.456299781799316406e+00 -1.447074651718139648e+00 -9.822135567665100098e-01 -1.767643213272094727e+00 1.461889028549194336e+00 -5.833631157875061035e-01 -6.540091633796691895e-01 -3.223915100097656250e-01 -4.611544907093048096e-01 9.104778170585632324e-01 1.706574678421020508e+00 1.367637038230895996e+00 1.648964285850524902e+00 -5.257605314254760742e-01 -1.099729061126708984e+00 -8.320407867431640625e-01
-1.314369559288024902e+00 1.863283872604370117e+00 1.559260845184326172e+00 -1.948700308799743652e+00 1.498745203018188477e+00 -1.419681787490844727e+00 -1.004640221595764160e+00 -1.813024163246154785e+00 1.588444471359252930e+00 -6.540991067886352539e-01 -6.296086311340332031e-01 -3.289728164672851562e-01 -4.734346568584442139e-01 9.470769762992858887e-01 1.764335036277770996e+00 1.405691862106323242e+00 1.754827618598937988e+00 -5.590810179710388184e-01 -1.113437771797180176e+00 -8.465650677680969238e-01
-1.299237370491027832e+00 1.891776800155639648e+00 1.529283404350280762e+00 -2.036783933639526367e+00 1.522014141082763672e+00 -1.386708021163940430e+00 -1.012018561363220215e+00 -1.823851346969604492e+00 1.670045971870422363e+00 -6.720564365386962891e-01 -6.011092662811279297e-01 -3.520434796810150146e-01 -4.719978272914886475e-01 9.421730637550354004e-01 1.788735628128051758e+00 1.410821318626403809e+00 1.818715453147888184e+00 -5.743535161018371582e-01 -1.118171930313110352e+00 -8.299850821495056152e-01
-1.248258709907531738e+00 1.867489457130432129e+00 1.493406772613525391e+00 -2.085545778274536133e+00 1.536592245101928711e+00 -1.349488615989685059e+00 -1.010616898536682129e+00 -1.814315319061279297e+00 1.724885821342468262e+00 -6.505021452903747559e-01 -5.689766407012939453e-01 -3.882492482662200928e-01 -4.602416157722473145e-01 9.080250263214111328e-01 1.797368645668029785e+00 1.398072361946105957e+00 1.858545660972595215e+00 -5.784261226654052734e-01 -1.120671868324279785e+00 -7.937988638877868652e-01
-1.134532809257507324e+00 1.764162778854370117e+00 1.452638506889343262e+00 -2.084898948669433594e+00 1.543143033981323242e+00 -1.284954547882080078e+00 -9.906708002090454102e-01 -1.758137941360473633e+00 1.746880173683166504e+00 -5.767251849174499512e-01 -5.357149243354797363e-01 -4.403627514839172363e-01 -4.335634112358093262e-01 8.180520534515380859e-01 1.789643526077270508e+00 1.352123260498046875e+00 1.855566978454589844e+00 -5.660685300827026367e-01 -1.122261047363281250e+00 -7.294961214065551758e-01
-8.887056112289428711e-01 1.506812095642089844e+00 1.411141872406005859e+00 -1.957304120063781738e+00 1.496185779571533203e+00 -1.157947182655334473e+00 -9.652208685874938965e-01 -1.602335929870605469e+00 1.686569333076477051e+00 -3.565198481082916260e-01 -4.741175174713134766e-01 -5.715979337692260742e-01 -3.938801586627960205e-01 5.768452286720275879e-01 1.736619591712951660e+00 1.233852267265319824e+00 1.778969049453735352e+00 -5.050848126411437988e-01 -1.157812476158142090e+00 -5.794862508773803711e-01
-4.971604347229003906e-01 1.006365776062011719e+00 1.752732634544372559e+00 -1.421954154968261719e+00 1.589481115341186523e+00 -1.115655541419982910e+00 -1.044545650482177734e+00 -1.286341667175292969e+00 1.644956588745117188e+00 3.705441951751708984e-02 -5.488206744194030762e-01 -9.901270866394042969e-01 -3.289058804512023926e-01 -6.120815128087997437e-02 1.896092295646667480e+00 9.994709491729736328e-01 1.554619669914245605e+00 -3.477768599987030029e-01 -1.383470177650451660e+00 -1.779172420501708984e-01
-5.930460095405578613e-01 1.032835483551025391e+00 2.301627874374389648e+00 -1.014059543609619141e+00 2.056894779205322266e+00 -1.282371997833251953e+00 -1.171359181404113770e+00 -1.364750742912292480e+00 1.918500542640686035e+00 -5.145578086376190186e-02 -9.680035114288330078e-01 -1.473039865493774414e+00 -3.751568496227264404e-01 -5.577492713928222656e-01 2.316469192504882812e+00 1.086993336677551270e+00 1.656211733818054199e+00 -2.138753980398178101e-01 -1.694899201393127441e+00 -1.591182127594947815e-02
-7.135368585586547852e-01 1.073086142539978027e+00 2.461948871612548828e+00 -7.714558243751525879e-01 2.200073242187500000e+00 -1.335960626602172852e+00 -1.190705299377441406e+00 -1.375211238861083984e+00 1.947733044624328613e+00 -1.806589365005493164e-01 -1.125609636306762695e+00 -1.574473857879638672e+00 -4.048947691917419434e-01 -6.401759386062622070e-01 2.374146223068237305e+00 1.137060880661010742e+00 1.639278888702392578e+00 -1.371592432260513306e-01 -1.741070032119750977e+00 1.149021089076995850e-03
-7.753899693489074707e-01 1.094406247138977051e+00 2.481648683547973633e+00 -6.350063681602478027e-01 2.190349102020263672e+00 -1.346934795379638672e+00 -1.161211848258972168e+00 -1.334090828895568848e+00 1.879824519157409668e+00 -2.740294933319091797e-01 -1.151350975036621094e+00 -1.516153216361999512e+00 -4.220994710922241211e-01 -6.193747520446777344e-01 2.320649147033691406e+00 1.157727360725402832e+00 1.554712057113647461e+00 -9.682905673980712891e-02 -1.701539516448974609e+00 -4.102654755115509033e-02
-8.039481639862060547e-01 1.100665807723999023e+00 2.435992956161499023e+00 -5.166428089141845703e-01 2.134801864624023438e+00 -1.325820922851562500e+00 -1.140082359313964844e+00 -1.247730255126953125e+00 1.772955775260925293e+00 -3.584046959877014160e-01 -1.110617280006408691e+00 -1.386379241943359375e+00 -4.280824065208435059e-01 -5.600713491439819336e-01 2.212574958801269531e+00 1.171616315841674805e+00 1.437378168106079102e+00 -6.576660275459289551e-02 -1.618477463722229004e+00 -9.779147803783416748e-02
-8.136140704154968262e-01 1.091075897216796875e+00 2.328963756561279297e+00 -4.201716482639312744e-01 2.050359487533569336e+00 -1.274478793144226074e+00 -1.121594667434692383e+00 -1.136653184890747070e+00 1.635007619857788086e+00 -4.426625072956085205e-01 -1.011447548866271973e+00 -1.203306317329406738e+00 -4.261209964752197266e-01 -4.703195691108703613e-01 2.070641517639160156e+00 1.193625926971435547e+00 1.301358938217163086e+00 -4.428876936435699463e-02 -1.501193881034851074e+00 -1.636952757835388184e-01
-9.011890888214111328e-01 1.132805347442626953e+00 2.172344684600830078e+00 -3.905192911624908447e-01 1.958572626113891602e+00 -1.225582122802734375e+00 -1.139687418937683105e+00 -1.050655722618103027e+00 1.494653582572937012e+00 -6.179347038269042969e-01 -9.319664835929870605e-01 -9.317288398742675781e-01 -3.862926959991455078e-01 -2.830038964748382568e-01 1.949922323226928711e+00 1.276877760887145996e+00 1.160261511802673340e+00 -2.063757367432117462e-02 -1.331174135208129883e+00 -2.329431772232055664e-01
-1.017640352249145508e+00 1.200599431991577148e+00 1.911798119544982910e+00 -4.144006073474884033e-01 1.836854696273803711e+00 -1.154222249984741211e+00 -1.127259731292724609e+00 -9.775412678718566895e-01 1.374528765678405762e+00 -8.720300197601318359e-01 -8.345919251441955566e-01 -5.754816532135009766e-01 -2.984254360198974609e-01 -1.622698456048965454e-02 1.823612928390502930e+00 1.361509203910827637e+00 1.001375198364257812e+00 -1.838590018451213837e-02 -1.065644979476928711e+00 -3.109103143215179443e-01
-1.224431276321411133e+00 1.432741522789001465e+00 1.623028993606567383e+00 -6.770517826080322266e-01 1.762477159500122070e+00 -1.144132494926452637e+00 -1.115442991256713867e+00 -1.153787732124328613e+00 1.435800194740295410e+00 -1.086418986320495605e+00 -7.626132369041442871e-01 -3.519857227802276611e-01 -2.706153392791748047e-01 3.138105273246765137e-01 1.756466031074523926e+00 1.410264134407043457e+00 1.083451151847839355e+00 -1.242409497499465942e-01 -8.713877797126770020e-01 -3.919417262077331543e-01
-1.345607519149780273e+00 1.672194123268127441e+00 1.505826711654663086e+00 -9.817765951156616211e-01 1.858152627944946289e+00 -1.211989760398864746e+00 -1.121714830398559570e+00 -1.361320137977600098e+00 1.678577542304992676e+00 -1.251513004302978516e+00 -7.410311102867126465e-01 -2.777679562568664551e-01 -2.406422197818756104e-01 5.357754826545715332e-01 1.801695823669433594e+00 1.462327122688293457e+00 1.294659614562988281e+00 -2.297641038894653320e-01 -7.873723506927490234e-01 -4.688954353332519531e-01
-1.405743479728698730e+00 1.785126805305480957e+00 1.488957643508911133e+00 -1.184473156929016113e+00 1.956318855285644531e+00 -1.249431133270263672e+00 -1.103511929512023926e+00 -1.481552720069885254e+00 1.890909671783447266e+00 -1.351475715637207031e+00 -7.554210424423217773e-01 -2.851845920085906982e-01 -2.357004880905151367e-01 6.680801510810852051e-01 1.843695402145385742e+00 1.473369836807250977e+00 1.476217865943908691e+00 -2.974468767642974854e-01 -7.729637622833251953e-01 -4.898754358291625977e-01
-1.403537631034851074e+00 1.792506456375122070e+00 1.466479539871215820e+00 -1.289835453033447266e+00 2.012040138244628906e+00 -1.238428950309753418e+00 -1.052156209945678711e+00 -1.525622487068176270e+00 2.020300865173339844e+00 -1.394908308982849121e+00 -7.692602276802062988e-01 -3.105276226997375488e-01 -2.156617343425750732e-01 7.268390655517578125e-01 1.858071446418762207e+00 1.434488534927368164e+00 1.577268600463867188e+00 -3.324196636676788330e-01 -7.539438605308532715e-01 -4.668669700622558594e-01
-1.335326433181762695e+00 1.704719305038452148e+00 1.425345301628112793e+00 -1.281270980834960938e+00 2.031600236892700195e+00 -1.180990457534790039e+00 -9.714049100875854492e-01 -1.500849962234497070e+00 2.068956375122070312e+00 -1.381892442703247070e+00 -7.920176386833190918e-01 -3.408000469207763672e-01 -1.909108757972717285e-01 6.968691349029541016e-01 1.841441869735717773e+00 1.340425610542297363e+00 1.584239006042480469e+00 -3.411961495876312256e-01 -7.215255498886108398e-01 -4.154468476772308350e-01
-1.229964375495910645e+00 1.547130823135375977e+00 1.383459806442260742e+00 -1.150981664657592773e+00 2.016760826110839844e+00 -1.114669680595397949e+00 -8.718069791793823242e-01 -1.438284516334533691e+00 2.026329994201660156e+00 -1.311046242713928223e+00 -8.133043050765991211e-01 -3.807668387889862061e-01 -1.690749824047088623e-01 6.063127517700195312e-01 1.784475684165954590e+00 1.209516048431396484e+00 1.507592082023620605e+00 -3.302384614944458008e-01 -6.937915086746215820e-01 -3.507149219512939453e-01
-1.125211238861083984e+00 1.344727754592895508e+00 1.365378975868225098e+00 -9.505889415740966797e-01 2.022086381912231445e+00 -1.078338503837585449e+00 -7.491818666458129883e-01 -1.440749764442443848e+00 1.950662970542907715e+00 -1.153691887855529785e+00 -8.863477706909179688e-01 -5.085070133209228516e-01 -1.366836428642272949e-01 4.380652010440826416e-01 1.764750719070434570e+00 1.037781596183776855e+00 1.394809126853942871e+00 -3.276337981224060059e-01 -6.807425022125244141e-01 -2.578191459178924561e-01
-9.836101531982421875e-01 1.185619950294494629e+00 1.389923334121704102e+00 -7.418931126594543457e-01 2.047280073165893555e+00 -1.089333295822143555e+00 -6.552984118461608887e-01 -1.459619283676147461e+00 1.888868808746337891e+00 -9.402508735656738281e-01 -9.759331345558166504e-01 -6.936835050582885742e-01 -8.814644068479537964e-02 1.990595161914825439e-01 1.798320055007934570e+00 8.908995389938354492e-01 1.306909680366516113e+00 -3.370054066181182861e-01 -6.939634680747985840e-01 -2.074858993291854858e-01
-8.738289475440979004e-01 1.104462742805480957e+00 1.553798079490661621e+00 -6.133356094360351562e-01 2.113687515258789062e+00 -1.178769588470458984e+00 -6.615722775459289551e-01 -1.551280379295349121e+00 1.907775163650512695e+00 -6.684082746505737305e-01 -1.144371151924133301e+00 -1.002462148666381836e+00 -4.610375314950942993e-02 -9.434895962476730347e-02 1.948394894599914551e+00 8.181312680244445801e-01 1.335579991340637207e+00 -3.324588537216186523e-01 -8.526070713996887207e-01 -1.568456292152404785e-01
-8.010801672935485840e-01 1.008517742156982422e+00 1.725371003150939941e+00 -5.470850467681884766e-01 2.150823116302490234e+00 -1.237425684928894043e+00 -6.573289036750793457e-01 -1.618626475334167480e+00 1.897976279258728027e+00 -4.317277073860168457e-01 -1.312739014625549316e+00 -1.285784840583801270e+00 -3.760965168476104736e-02 -3.224960267543792725e-01 2.079912424087524414e+00 7.740206122398376465e-01 1.394555926322937012e+00 -2.848452925682067871e-01 -1.038822054862976074e+00 -9.060043096542358398e-02
-8.126860260963439941e-01 1.010593175888061523e+00 1.909976124763488770e+00 -6.041797399520874023e-01 2.153869152069091797e+00 -1.291247606277465820e+00 -6.867930889129638672e-01 -1.707117557525634766e+00 1.926536560058593750e+00 -2.676691412925720215e-01 -1.441779375076293945e+00 -1.514559984207153320e+00 -9.734065085649490356e-02 -4.296011030673980713e-01 2.160985469818115234e+00 7.524577379226684570e-01 1.525955677032470703e+00 -2.425252199172973633e-01 -1.256273031234741211e+00 -6.194729357957839966e-02
