-1.514543652534484863e+00 1.543041944503784180e+00 1.459262728691101074e+00 -1.575494408607482910e+00 1.857171773910522461e+00 -1.230871677398681641e+00 -8.856434226036071777e-01 -1.681499123573303223e+00 1.724026322364807129e+00 -1.117852091789245605e+00 -7.282267808914184570e-01 -2.610361576080322266e-01 -2.545409202575683594e-01 9.264923334121704102e-01 1.934477090835571289e+00 1.625169634819030762e+00 1.679439902305603027e+00 -4.013211727142333984e-01 -8.755326271057128906e-01 -5.824940800666809082e-01
-1.482422590255737305e+00 1.561707973480224609e+00 1.423138380050659180e+00 -1.565238952636718750e+00 1.879793524742126465e+00 -1.220939040184020996e+00 -9.636873602867126465e-01 -1.663667201995849609e+00 1.696911811828613281e+00 -1.066063165664672852e+00 -7.200665473937988281e-01 -2.638501524925231934e-01 -2.598584294319152832e-01 9.382269978523254395e-01 1.912338852882385254e+00 1.597887992858886719e+00 1.695056319236755371e+00 -4.096750617027282715e-01 -8.685795068740844727e-01 -5.802599191665649414e-01
-1.443094611167907715e+00 1.555203199386596680e+00 1.388341784477233887e+00 -1.545584559440612793e+00 1.876367449760437012e+00 -1.207096934318542480e+00 -1.017729997634887695e+00 -1.641639590263366699e+00 1.650449275970458984e+00 -1.003600001335144043e+00 -7.185912728309631348e-01 -2.733977138996124268e-01 -2.745904922485351562e-01 9.401807188987731934e-01 1.885668635368347168e+00 1.555479884147644043e+00 1.698962807655334473e+00 -4.099313616752624512e-01 -8.666143417358398438e-01 -5.671707987785339355e-01
-1.398883938789367676e+00 1.530013918876647949e+00 1.354788899421691895e+00 -1.520339965820312500e+00 1.855304718017578125e+00 -1.186217188835144043e+00 -1.057233810424804688e+00 -1.615683913230895996e+00 1.586842894554138184e+00 -9.330566525459289551e-01 -7.213831543922424316e-01 -2.876242399215698242e-01 -2.994787693023681641e-01 9.335317611694335938e-01 1.856235861778259277e+00 1.504113912582397461e+00 1.695075273513793945e+00 -4.015982151031494141e-01 -8.700789213180541992e-01 -5.475041270256042480e-01
-1.360332965850830078e+00 1.487785100936889648e+00 1.342154383659362793e+00 -1.489812135696411133e+00 1.815308451652526855e+00 -1.146339774131774902e+00 -1.104301810264587402e+00 -1.587074518203735352e+00 1.502366542816162109e+00 -8.440025448799133301e-01 -7.316232323646545410e-01 -3.180854618549346924e-01 -3.525284528732299805e-01 9.167772531509399414e-01 1.813622593879699707e+00 1.454419732093811035e+00 1.690004587173461914e+00 -3.785200119018554688e-01 -9.086502194404602051e-01 -5.307723879814147949e-01
-1.308667898178100586e+00 1.419498682022094727e+00 1.333528876304626465e+00 -1.442681670188903809e+00 1.737667560577392578e+00 -1.073022723197937012e+00 -1.155159950256347656e+00 -1.538629651069641113e+00 1.373569250106811523e+00 -7.215070724487304688e-01 -7.451892495155334473e-01 -3.660728335380554199e-01 -4.424751400947570801e-01 8.679914474487304688e-01 1.749644279479980469e+00 1.389621138572692871e+00 1.669384479522705078e+00 -3.341332077980041504e-01 -9.781541824340820312e-01 -5.131354928016662598e-01
-1.178477883338928223e+00 1.340831398963928223e+00 1.381750822067260742e+00 -1.334559559822082520e+00 1.603815674781799316e+00 -9.592610597610473633e-01 -1.177708625793457031e+00 -1.462920904159545898e+00 1.240834593772888184e+00 -5.465400218963623047e-01 -7.739167809486389160e-01 -4.660363197326660156e-01 -6.206061244010925293e-01 7.057989835739135742e-01 1.644218206405639648e+00 1.291598081588745117e+00 1.623541235923767090e+00 -2.263854295015335083e-01 -1.131634473800659180e+00 -5.334824919700622559e-01
-9.199901819229125977e-01 1.173828363418579102e+00 1.634421586990356445e+00 -1.111680984497070312e+00 1.361329674720764160e+00 -7.901668548583984375e-01 -1.172039270401000977e+00 -1.329736948013305664e+00 1.123260140419006348e+00 -1.789430379867553711e-01 -8.434119820594787598e-01 -8.393735885620117188e-01 -9.213979244232177734e-01 2.365587353706359863e-01 1.568102002143859863e+00 1.056773543357849121e+00 1.571344733238220215e+00 -3.467930480837821960e-02 -1.500966310501098633e+00 -4.811569750308990479e-01
-8.439596295356750488e-01 1.161507725715637207e+00 2.099709987640380859e+00 -1.070550441741943359e+00 1.457284688949584961e+00 -9.398206472396850586e-01 -1.175882339477539062e+00 -1.339367270469665527e+00 1.420046925544738770e+00 -6.928764283657073975e-02 -1.023547291755676270e+00 -1.377934694290161133e+00 -1.000366926193237305e+00 -2.046902179718017578e-01 1.772196769714355469e+00 8.971852660179138184e-01 1.754611849784851074e+00 4.920425266027450562e-02 -1.870327115058898926e+00 -2.342743873596191406e-01
-7.891592979431152344e-01 1.157041311264038086e+00 2.167635917663574219e+00 -1.048300623893737793e+00 1.525377273559570312e+00 -9.965616464614868164e-01 -1.123830795288085938e+00 -1.299109458923339844e+00 1.563374042510986328e+00 -1.036193221807479858e-01 -1.027045726776123047e+00 -1.513799905776977539e+00 -8.745809197425842285e-01 -3.812451660633087158e-01 1.849066019058227539e+00 8.669758439064025879e-01 1.760304570198059082e+00 5.787929892539978027e-02 -1.868040084838867188e+00 -1.366661339998245239e-01
-7.415368556976318359e-01 1.180016994476318359e+00 2.124523401260375977e+00 -1.034777402877807617e+00 1.545329928398132324e+00 -1.004802942276000977e+00 -1.062629222869873047e+00 -1.267144083976745605e+00 1.641640186309814453e+00 -1.693635731935501099e-01 -9.971772432327270508e-01 -1.494658470153808594e+00 -7.942359447479248047e-01 -4.406692683696746826e-01 1.843130111694335938e+00 8.436144590377807617e-01 1.717369794845581055e+00 5.505039542913436890e-02 -1.798305630683898926e+00 -1.278348416090011597e-01
-7.021970152854919434e-01 1.204171538352966309e+00 2.030491828918457031e+00 -1.033415675163269043e+00 1.547420144081115723e+00 -9.865101575851440430e-01 -1.022560715675354004e+00 -1.243298292160034180e+00 1.667407751083374023e+00 -2.152230441570281982e-01 -9.589884877204895020e-01 -1.437580466270446777e+00 -7.432433962821960449e-01 -4.462139308452606201e-01 1.802446484565734863e+00 8.131578564643859863e-01 1.677441358566284180e+00 4.326117783784866333e-02 -1.712400913238525391e+00 -1.453890949487686157e-01
-6.613689661026000977e-01 1.230428814888000488e+00 1.900688052177429199e+00 -1.045899868011474609e+00 1.533647775650024414e+00 -9.502993822097778320e-01 -9.920315742492675781e-01 -1.220956802368164062e+00 1.671384692192077637e+00 -2.443434894084930420e-01 -9.068014025688171387e-01 -1.369489669799804688e+00 -6.991493701934814453e-01 -4.266432523727416992e-01 1.743247747421264648e+00 7.762404084205627441e-01 1.644008278846740723e+00 2.239914983510971069e-02 -1.613283991813659668e+00 -1.717234253883361816e-01
-6.184520721435546875e-01 1.253655552864074707e+00 1.737870931625366211e+00 -1.066181182861328125e+00 1.502050757408142090e+00 -8.947260379791259766e-01 -9.702417254447937012e-01 -1.191125392913818359e+00 1.654430150985717773e+00 -2.653414607048034668e-01 -8.404610157012939453e-01 -1.282067298889160156e+00 -6.578841209411621094e-01 -3.826414346694946289e-01 1.661463499069213867e+00 7.321069836616516113e-01 1.607172846794128418e+00 -1.823410391807556152e-03 -1.498023509979248047e+00 -2.011543363332748413e-01
-5.953195095062255859e-01 1.295662522315979004e+00 1.567390441894531250e+00 -1.118054151535034180e+00 1.468253016471862793e+00 -8.326823711395263672e-01 -9.781725406646728516e-01 -1.158630609512329102e+00 1.632821321487426758e+00 -3.028138875961303711e-01 -7.633753418922424316e-01 -1.153730511665344238e+00 -6.198650598526000977e-01 -2.814731299877166748e-01 1.562408924102783203e+00 6.921671628952026367e-01 1.571225881576538086e+00 -3.032675012946128845e-02 -1.369299411773681641e+00 -2.320689558982849121e-01
-6.386164426803588867e-01 1.345658540725708008e+00 1.408507108688354492e+00 -1.173425793647766113e+00 1.453086256980895996e+00 -7.740688323974609375e-01 -1.008339285850524902e+00 -1.157346606254577637e+00 1.592186689376831055e+00 -3.717702031135559082e-01 -7.259039878845214844e-01 -1.000615477561950684e+00 -6.209546923637390137e-01 -1.334393024444580078e-01 1.475005626678466797e+00 6.878433823585510254e-01 1.551493763923645020e+00 -5.600759014487266541e-02 -1.262665867805480957e+00 -2.699952125549316406e-01
-7.103279232978820801e-01 1.384586572647094727e+00 1.298148274421691895e+00 -1.217288970947265625e+00 1.482394456863403320e+00 -7.335958480834960938e-01 -1.061192154884338379e+00 -1.178755044937133789e+00 1.558326601982116699e+00 -4.397957324981689453e-01 -7.250935435295104980e-01 -8.798806071281433105e-01 -6.312960982322692871e-01 2.683522924780845642e-02 1.427753210067749023e+00 7.141291499137878418e-01 1.564459323883056641e+00 -6.817051768302917480e-02 -1.194274783134460449e+00 -2.938419878482818604e-01
-7.712160348892211914e-01 1.376214623451232910e+00 1.249395489692687988e+00 -1.220576047897338867e+00 1.528060078620910645e+00 -7.179851531982421875e-01 -1.095913767814636230e+00 -1.212573170661926270e+00 1.520262122154235840e+00 -4.648546278476715088e-01 -7.597634792327880859e-01 -8.172131180763244629e-01 -6.221655011177062988e-01 1.518180668354034424e-01 1.426638484001159668e+00 7.386360764503479004e-01 1.581172823905944824e+00 -7.473401725292205811e-02 -1.158599734306335449e+00 -2.990557849407196045e-01
-8.197693824768066406e-01 1.277549982070922852e+00 1.242144942283630371e+00 -1.153380870819091797e+00 1.517273664474487305e+00 -7.064498662948608398e-01 -1.082856893539428711e+00 -1.226425290107727051e+00 1.426507592201232910e+00 -4.345189332962036133e-01 -8.175655603408813477e-01 -7.941073775291442871e-01 -5.885790586471557617e-01 2.268621623516082764e-01 1.451595187187194824e+00 7.241160273551940918e-01 1.539265155792236328e+00 -8.133564889430999756e-02 -1.138006567955017090e+00 -2.585426270961761475e-01
-8.512850999832153320e-01 1.104362249374389648e+00 1.303152203559875488e+00 -1.017527461051940918e+00 1.461075067520141602e+00 -7.260937690734863281e-01 -1.004615426063537598e+00 -1.247578620910644531e+00 1.313051462173461914e+00 -3.435237705707550049e-01 -9.018420577049255371e-01 -8.525317311286926270e-01 -5.220938324928283691e-01 2.085027098655700684e-01 1.520620584487915039e+00 6.998582482337951660e-01 1.453382015228271484e+00 -7.809622585773468018e-02 -1.137682318687438965e+00 -1.896684318780899048e-01
-8.836711049079895020e-01 9.434457421302795410e-01 1.419747471809387207e+00 -8.816862106323242188e-01 1.382650971412658691e+00 -7.903658151626586914e-01 -9.008655548095703125e-01 -1.292164444923400879e+00 1.208078742027282715e+00 -2.352059185504913330e-01 -9.630182981491088867e-01 -9.553934335708618164e-01 -4.672758579254150391e-01 1.357937753200531006e-01 1.598858952522277832e+00 7.173082232475280762e-01 1.376361131668090820e+00 -7.444714754819869995e-02 -1.184135198593139648e+00 -1.460806727409362793e-01
-9.017249345779418945e-01 8.666509985923767090e-01 1.558739900588989258e+00 -8.349853754043579102e-01 1.345687508583068848e+00 -8.790969848632812500e-01 -7.945481538772583008e-01 -1.343286752700805664e+00 1.191252350807189941e+00 -1.833502054214477539e-01 -9.894124865531921387e-01 -1.044423341751098633e+00 -4.167265295982360840e-01 5.977844074368476868e-02 1.673199772834777832e+00 7.776806950569152832e-01 1.355977177619934082e+00 -7.766418904066085815e-02 -1.240723848342895508e+00 -1.551167517900466919e-01
-8.862528204917907715e-01 9.150526523590087891e-01 1.713061809539794922e+00 -8.417778611183166504e-01 1.416393876075744629e+00 -9.844702482223510742e-01 -7.312672138214111328e-01 -1.366226196289062500e+00 1.313892722129821777e+00 -2.260547876358032227e-01 -9.853360652923583984e-01 -1.098226189613342285e+00 -3.368967175483703613e-01 -5.372364819049835205e-02 1.789360642433166504e+00 8.971628546714782715e-01 1.369815945625305176e+00 -8.727733790874481201e-02 -1.280266404151916504e+00 -2.322776913642883301e-01
-8.533285856246948242e-01 9.867978692054748535e-01 1.781567573547363281e+00 -8.639909029006958008e-01 1.463851809501647949e+00 -1.055546998977661133e+00 -6.607359051704406738e-01 -1.346615791320800781e+00 1.412754178047180176e+00 -3.010899424552917480e-01 -9.366205930709838867e-01 -1.074811577796936035e+00 -2.540192008018493652e-01 -1.349671185016632080e-01 1.858159542083740234e+00 1.004000782966613770e+00 1.347600579261779785e+00 -1.051312163472175598e-01 -1.248703718185424805e+00 -3.293809294700622559e-01
-8.350899219512939453e-01 1.094666838645935059e+00 1.758340954780578613e+00 -9.227779507637023926e-01 1.495214700698852539e+00 -1.100597620010375977e+00 -5.990225672721862793e-01 -1.326896071434020996e+00 1.493040680885314941e+00 -4.008774459362030029e-01 -8.508836030960083008e-01 -9.857305288314819336e-01 -1.705250293016433716e-01 -1.599344611167907715e-01 1.896514534950256348e+00 1.117122173309326172e+00 1.319651961326599121e+00 -1.501435041427612305e-01 -1.160755515098571777e+00 -4.449223279953002930e-01
-8.573989272117614746e-01 1.228870868682861328e+00 1.644789457321166992e+00 -1.040066361427307129e+00 1.507760882377624512e+00 -1.122610449790954590e+00 -5.564280152320861816e-01 -1.327789783477783203e+00 1.543253898620605469e+00 -5.266382694244384766e-01 -7.524654269218444824e-01 -8.288827538490295410e-01 -1.052830368280410767e-01 -9.671918302774429321e-02 1.922172188758850098e+00 1.246810197830200195e+00 1.309289813041687012e+00 -2.271765470504760742e-01 -1.032268404960632324e+00 -5.668623447418212891e-01
-9.075686335563659668e-01 1.360322594642639160e+00 1.496107339859008789e+00 -1.177301526069641113e+00 1.524697542190551758e+00 -1.114650130271911621e+00 -5.494376420974731445e-01 -1.346453547477722168e+00 1.565456390380859375e+00 -6.537784934043884277e-01 -6.606383323669433594e-01 -6.429603695869445801e-01 -7.869748771190643311e-02 3.834390640258789062e-02 1.912870764732360840e+00 1.370244026184082031e+00 1.322831392288208008e+00 -3.069956898689270020e-01 -9.084898233413696289e-01 -6.921665072441101074e-01
-1.025988459587097168e+00 1.487644553184509277e+00 1.457815170288085938e+00 -1.368592023849487305e+00 1.585054159164428711e+00 -1.144188046455383301e+00 -6.332637071609497070e-01 -1.400015592575073242e+00 1.629029989242553711e+00 -7.942132353782653809e-01 -6.101766824722290039e-01 -4.769608974456787109e-01 -1.004422605037689209e-01 2.586816549301147461e-01 1.915788173675537109e+00 1.476277470588684082e+00 1.390612125396728516e+00 -3.652981519699096680e-01 -8.595813512802124023e-01 -7.501287460327148438e-01
-1.161652803421020508e+00 1.563255786895751953e+00 1.404798388481140137e+00 -1.511953592300415039e+00 1.611053824424743652e+00 -1.159543633460998535e+00 -7.147998809814453125e-01 -1.457633852958679199e+00 1.645474433898925781e+00 -8.985838890075683594e-01 -5.870535373687744141e-01 -3.445743918418884277e-01 -1.331845372915267944e-01 4.887315630912780762e-01 1.907593965530395508e+00 1.539856076240539551e+00 1.450634002685546875e+00 -4.134693145751953125e-01 -8.206943869590759277e-01 -7.469631433486938477e-01
-1.277919173240661621e+00 1.604560494422912598e+00 1.379430770874023438e+00 -1.616539120674133301e+00 1.651254892349243164e+00 -1.186046838760375977e+00 -7.781645059585571289e-01 -1.524825811386108398e+00 1.666820168495178223e+00 -9.777604937553405762e-01 -5.834402441978454590e-01 -2.682398557662963867e-01 -1.548714786767959595e-01 6.710763573646545410e-01 1.911396265029907227e+00 1.591839194297790527e+00 1.512809395790100098e+00 -4.476141929626464844e-01 -8.012359142303466797e-01 -7.169122695922851562e-01
-1.370592713356018066e+00 1.615720272064208984e+00 1.384601950645446777e+00 -1.681636929512023926e+00 1.687663316726684570e+00 -1.217962026596069336e+00 -8.093278408050537109e-01 -1.587138652801513672e+00 1.681469202041625977e+00 -1.036122798919677734e+00 -5.887244939804077148e-01 -2.422966361045837402e-01 -1.751196384429931641e-01 8.076511025428771973e-01 1.924759864807128906e+00 1.634315133094787598e+00 1.580181717872619629e+00 -4.683283567428588867e-01 -8.038274645805358887e-01 -6.737366914749145508e-01
-1.436337828636169434e+00 1.594270110130310059e+00 1.412083506584167480e+00 -1.703383684158325195e+00 1.716932654380798340e+00 -1.231798171997070312e+00 -8.196021914482116699e-01 -1.635567903518676758e+00 1.681287527084350586e+00 -1.068881630897521973e+00 -5.873304605484008789e-01 -2.639850378036499023e-01 -1.986490935087203979e-01 8.843742012977600098e-01 1.951155781745910645e+00 1.656825661659240723e+00 1.642952561378479004e+00 -4.761741757392883301e-01 -8.309918642044067383e-01 -6.090202927589416504e-01
-1.431229591369628906e+00 1.466060519218444824e+00 1.406832337379455566e+00 -1.614977955818176270e+00 1.646887898445129395e+00 -1.173297047615051270e+00 -7.724556326866149902e-01 -1.608421206474304199e+00 1.579844594001770020e+00 -1.024868011474609375e+00 -5.806884765625000000e-01 -3.132549524307250977e-01 -2.358299046754837036e-01 8.504864573478698730e-01 1.906623125076293945e+00 1.586092114448547363e+00 1.603522419929504395e+00 -4.466282725334167480e-01 -8.595799803733825684e-01 -5.139963030815124512e-01
-1.313663601875305176e+00 1.225299358367919922e+00 1.388646602630615234e+00 -1.402877926826477051e+00 1.462645411491394043e+00 -1.045058608055114746e+00 -6.930339336395263672e-01 -1.492371320724487305e+00 1.372428655624389648e+00 -8.569384217262268066e-01 -5.821198225021362305e-01 -4.336484074592590332e-01 -2.934449315071105957e-01 6.713839769363403320e-01 1.772525668144226074e+00 1.401077508926391602e+00 1.477868199348449707e+00 -3.584888577461242676e-01 -9.245765805244445801e-01 -3.741286098957061768e-01
-1.201225399971008301e+00 9.991163611412048340e-01 1.559304118156433105e+00 -1.185872435569763184e+00 1.343423843383789062e+00 -9.968560934066772461e-01 -6.967402100563049316e-01 -1.413107991218566895e+00 1.247701168060302734e+00 -6.013311743736267090e-01 -6.820732355117797852e-01 -7.152348756790161133e-01 -3.913329839706420898e-01 4.009335041046142578e-01 1.734911561012268066e+00 1.173922419548034668e+00 1.418391704559326172e+00 -2.498670518398284912e-01 -1.141679883003234863e+00 -1.870682835578918457e-01
-1.071855545043945312e+00 8.546007275581359863e-01 1.700412392616271973e+00 -1.012735724449157715e+00 1.276056051254272461e+00 -9.735072851181030273e-01 -7.053928971290588379e-01 -1.344697833061218262e+00 1.194193959236145020e+00 -3.814121186733245850e-01 -7.644326090812683105e-01 -9.551618099212646484e-01 -4.652821421623229980e-01 1.478648185729980469e-01 1.710244774818420410e+00 1.000739574432373047e+00 1.387470483779907227e+00 -1.582724452018737793e-01 -1.308492660522460938e+00 -8.017618954181671143e-02
-9.538566470146179199e-01 7.829467654228210449e-01 1.820670127868652344e+00 -9.140369296073913574e-01 1.290223121643066406e+00 -9.701083898544311523e-01 -7.162523865699768066e-01 -1.301684379577636719e+00 1.209618091583251953e+00 -2.407040894031524658e-01 -8.503665924072265625e-01 -1.142202258110046387e+00 -5.064078569412231445e-01 -6.886693090200424194e-02 1.728040933609008789e+00 9.110113382339477539e-01 1.390685439109802246e+00 -8.900167047977447510e-02 -1.433322906494140625e+00 -3.293420746922492981e-02
-8.969201445579528809e-01 7.698121070861816406e-01 1.918749213218688965e+00 -8.940739035606384277e-01 1.335345029830932617e+00 -9.732458591461181641e-01 -7.365965843200683594e-01 -1.282152533531188965e+00 1.258062005043029785e+00 -1.835986077785491943e-01 -9.303852915763854980e-01 -1.266819238662719727e+00 -5.344473123550415039e-01 -2.043674588203430176e-01 1.776673316955566406e+00 8.984344601631164551e-01 1.431431055068969727e+00 -4.211954027414321899e-02 -1.530646324157714844e+00 -1.150973886251449585e-02
-8.690244555473327637e-01 7.791939377784729004e-01 1.994349241256713867e+00 -8.985781073570251465e-01 1.389175295829772949e+00 -9.874942302703857422e-01 -7.501045465469360352e-01 -1.280899763107299805e+00 1.316709756851196289e+00 -1.657754033803939819e-01 -1.003054738044738770e+00 -1.344192624092102051e+00 -5.576865077018737793e-01 -2.709812819957733154e-01 1.818414807319641113e+00 8.881019353866577148e-01 1.481300950050354004e+00 -1.477221772074699402e-02 -1.589681982994079590e+00 -1.791380345821380615e-03
-8.355699777603149414e-01 7.908865809440612793e-01 2.028032541275024414e+00 -9.131366610527038574e-01 1.424253344535827637e+00 -9.911075830459594727e-01 -7.610816955566406250e-01 -1.273575544357299805e+00 1.349512815475463867e+00 -1.400765627622604370e-01 -1.064487457275390625e+00 -1.392374753952026367e+00 -5.829982757568359375e-01 -3.126417994499206543e-01 1.836829543113708496e+00 8.687719106674194336e-01 1.522871613502502441e+00 1.064032316207885742e-03 -1.623630285263061523e+00 -7.500149309635162354e-03
-7.757173776626586914e-01 8.113414645195007324e-01 2.014181613922119141e+00 -9.434134960174560547e-01 1.456124186515808105e+00 -9.844419956207275391e-01 -7.728199958801269531e-01 -1.261365294456481934e+00 1.375182867050170898e+00 -1.035129204392433167e-01 -1.107948899269104004e+00 -1.414187908172607422e+00 -6.039550900459289551e-01 -3.343000710010528564e-01 1.823294639587402344e+00 8.394888639450073242e-01 1.571223855018615723e+00 8.033022284507751465e-03 -1.629015564918518066e+00 -4.045873507857322693e-02
-6.808474063873291016e-01 8.549043536186218262e-01 1.932391166687011719e+00 -9.822684526443481445e-01 1.527845740318298340e+00 -9.884682893753051758e-01 -7.933443188667297363e-01 -1.263720631599426270e+00 1.398841142654418945e+00 -4.931686073541641235e-02 -1.135030627250671387e+00 -1.383218407630920410e+00 -5.865612626075744629e-01 -3.094792068004608154e-01 1.776699662208557129e+00 7.865782976150512695e-01 1.610176086425781250e+00 -2.624749206006526947e-02 -1.573970675468444824e+00 -1.073542088270187378e-01
-5.581566095352172852e-01 9.604094624519348145e-01 1.721704840660095215e+00 -1.058435916900634766e+00 1.628073215484619141e+00 -1.044113516807556152e+00 -7.786302566528320312e-01 -1.327519416809082031e+00 1.415277123451232910e+00 9.928345680236816406e-04 -1.114687919616699219e+00 -1.209721684455871582e+00 -5.212675333023071289e-01 -1.835367977619171143e-01 1.671156167984008789e+00 7.260227203369140625e-01 1.595884799957275391e+00 -1.559880077838897705e-01 -1.406246781349182129e+00 -2.877207994461059570e-01
-4.889198541641235352e-01 1.143146753311157227e+00 1.416569352149963379e+00 -1.087079286575317383e+00 1.710158944129943848e+00 -1.113206982612609863e+00 -7.708348035812377930e-01 -1.440054059028625488e+00 1.360996961593627930e+00 -3.450702130794525146e-02 -9.929360151290893555e-01 -8.612854480743408203e-01 -4.184234142303466797e-01 4.675799608230590820e-02 1.483359694480895996e+00 7.115199565887451172e-01 1.471725583076477051e+00 -3.378627896308898926e-01 -1.145351290702819824e+00 -5.424228906631469727e-01
-5.684894323348999023e-01 1.252356767654418945e+00 1.241286635398864746e+00 -1.040968775749206543e+00 1.768862366676330566e+00 -1.148656249046325684e+00 -8.245426416397094727e-01 -1.485278844833374023e+00 1.325799942016601562e+00 -1.975999474525451660e-01 -9.009209275245666504e-01 -5.523920059204101562e-01 -2.907611131668090820e-01 2.820332050323486328e-01 1.435836672782897949e+00 7.700586915016174316e-01 1.328880548477172852e+00 -4.405417442321777344e-01 -9.243266582489013672e-01 -6.223981976509094238e-01
-7.137004733085632324e-01 1.322284698486328125e+00 1.173660635948181152e+00 -1.024209856986999512e+00 1.822489142417907715e+00 -1.212824583053588867e+00 -8.590132594108581543e-01 -1.543433070182800293e+00 1.375550508499145508e+00 -3.545943498611450195e-01 -9.025624394416809082e-01 -4.209218025207519531e-01 -2.001985460519790649e-01 4.679113328456878662e-01 1.449585914611816406e+00 7.968442440032958984e-01 1.298070192337036133e+00 -5.024517774581909180e-01 -8.003803491592407227e-01 -5.811311602592468262e-01
-8.435364961624145508e-01 1.369448184967041016e+00 1.205207228660583496e+00 -9.739977717399597168e-01 1.879670858383178711e+00 -1.308698177337646484e+00 -8.584228754043579102e-01 -1.617585420608520508e+00 1.432722449302673340e+00 -4.439493417739868164e-01 -9.404826164245605469e-01 -4.151452779769897461e-01 -1.600311398506164551e-01 5.299748778343200684e-01 1.508212089538574219e+00 8.218138813972473145e-01 1.292236089706420898e+00 -5.531126856803894043e-01 -7.717854380607604980e-01 -5.399906635284423828e-01
-9.032299518585205078e-01 1.371849775314331055e+00 1.277491927146911621e+00 -8.645122051239013672e-01 1.893862724304199219e+00 -1.380479216575622559e+00 -8.135063648223876953e-01 -1.678529024124145508e+00 1.468649864196777344e+00 -4.741196036338806152e-01 -9.682544469833374023e-01 -4.797282218933105469e-01 -1.202949285507202148e-01 4.752741754055023193e-01 1.567888021469116211e+00 8.290496468544006348e-01 1.258104801177978516e+00 -5.693895220756530762e-01 -7.870409488677978516e-01 -4.926703274250030518e-01
-9.132362008094787598e-01 1.343278050422668457e+00 1.442546486854553223e+00 -7.623900771141052246e-01 1.891092419624328613e+00 -1.479302048683166504e+00 -7.226510047912597656e-01 -1.708778262138366699e+00 1.555060863494873047e+00 -4.773542582988739014e-01 -1.009000897407531738e+00 -5.996279716491699219e-01 -6.259508430957794189e-02 3.215302824974060059e-01 1.686201333999633789e+00 8.380811214447021484e-01 1.191262483596801758e+00 -5.802686810493469238e-01 -8.430095911026000977e-01 -4.396136403083801270e-01
-8.483172655105590820e-01 1.325895547866821289e+00 1.627517700195312500e+00 -6.805170774459838867e-01 1.898975133895874023e+00 -1.552166223526000977e+00 -6.460456848144531250e-01 -1.682636976242065430e+00 1.704869747161865234e+00 -4.755393862724304199e-01 -1.034690380096435547e+00 -7.819492220878601074e-01 -6.468817591667175293e-03 7.761203497648239136e-02 1.803166627883911133e+00 8.448398709297180176e-01 1.171809554100036621e+00 -5.516964197158813477e-01 -9.336280226707458496e-01 -3.796700537204742432e-01
-7.528309226036071777e-01 1.297985792160034180e+00 1.767233133316040039e+00 -6.319311857223510742e-01 1.862061023712158203e+00 -1.557629585266113281e+00 -6.016233563423156738e-01 -1.595705389976501465e+00 1.836455106735229492e+00 -4.693236947059631348e-01 -1.031284928321838379e+00 -9.744853377342224121e-01 1.898153126239776611e-02 -1.844200491905212402e-01 1.868734955787658691e+00 8.485146760940551758e-01 1.182971000671386719e+00 -4.769678711891174316e-01 -1.036296010017395020e+00 -2.880564630031585693e-01
-7.015672922134399414e-01 1.300733327865600586e+00 1.817832708358764648e+00 -6.307383179664611816e-01 1.809192299842834473e+00 -1.491739511489868164e+00 -6.261019706726074219e-01 -1.488217830657958984e+00 1.885602712631225586e+00 -4.726085960865020752e-01 -1.012003421783447266e+00 -1.075584173202514648e+00 -2.366194128990173340e-02 -3.443460464477539062e-01 1.896788597106933594e+00 8.705200552940368652e-01 1.205325841903686523e+00 -4.029722213745117188e-01 -1.112591266632080078e+00 -2.303793430328369141e-01
-6.826595067977905273e-01 1.330361008644104004e+00 1.815064311027526855e+00 -6.689503192901611328e-01 1.781842827796936035e+00 -1.422601819038391113e+00 -6.772441864013671875e-01 -1.413238883018493652e+00 1.887148618698120117e+00 -4.837656915187835693e-01 -9.837689995765686035e-01 -1.081512451171875000e+00 -8.548660576343536377e-02 -4.014734029769897461e-01 1.895388007164001465e+00 8.961896300315856934e-01 1.222584366798400879e+00 -3.574593067169189453e-01 -1.138657212257385254e+00 -2.382585108280181885e-01
-6.661454439163208008e-01 1.384163975715637207e+00 1.772448539733886719e+00 -7.565667033195495605e-01 1.787960171699523926e+00 -1.372978091239929199e+00 -7.301577925682067871e-01 -1.386542201042175293e+00 1.893030762672424316e+00 -4.888110756874084473e-01 -9.576592445373535156e-01 -1.059193730354309082e+00 -1.375515013933181763e-01 -3.830867409706115723e-01 1.890788078308105469e+00 9.174349308013916016e-01 1.275200963020324707e+00 -3.435378074645996094e-01 -1.128733515739440918e+00 -2.843930125236511230e-01
-6.495592594146728516e-01 1.433398246765136719e+00 1.695316433906555176e+00 -8.332686424255371094e-01 1.784234046936035156e+00 -1.331819891929626465e+00 -7.792978286743164062e-01 -1.367403864860534668e+00 1.881264448165893555e+00 -4.828348457813262939e-01 -9.285295605659484863e-01 -1.012712836265563965e+00 -1.778445243835449219e-01 -3.287117481231689453e-01 1.863870978355407715e+00 9.159169793128967285e-01 1.311976194381713867e+00 -3.547168374061584473e-01 -1.089007735252380371e+00 -3.263422846794128418e-01
-6.295718550682067871e-01 1.466065406799316406e+00 1.609704494476318359e+00 -8.832996487617492676e-01 1.773641228675842285e+00 -1.300136804580688477e+00 -8.186546564102172852e-01 -1.346007823944091797e+00 1.857623577117919922e+00 -4.757104814052581787e-01 -9.001852273941040039e-01 -9.472619295120239258e-01 -2.057785540819168091e-01 -2.613148391246795654e-01 1.814325571060180664e+00 8.915172815322875977e-01 1.319104671478271484e+00 -3.751509189605712891e-01 -1.031261086463928223e+00 -3.548291325569152832e-01
-6.213459372520446777e-01 1.493471145629882812e+00 1.549468159675598145e+00 -9.079220890998840332e-01 1.772188901901245117e+00 -1.289025068283081055e+00 -8.645979166030883789e-01 -1.335505723953247070e+00 1.837523818016052246e+00 -4.696195125579833984e-01 -8.817605376243591309e-01 -8.827592730522155762e-01 -2.331111580133438110e-01 -1.819172501564025879e-01 1.754051446914672852e+00 8.585205674171447754e-01 1.314465522766113281e+00 -3.998314738273620605e-01 -9.867547750473022461e-01 -3.708888292312622070e-01
-6.253752112388610840e-01 1.535513043403625488e+00 1.528847336769104004e+00 -9.208917021751403809e-01 1.810257554054260254e+00 -1.295426249504089355e+00 -9.371540546417236328e-01 -1.339045524597167969e+00 1.857910156250000000e+00 -4.729908406734466553e-01 -8.717327713966369629e-01 -8.366721868515014648e-01 -2.545751333236694336e-01 -9.527943283319473267e-02 1.699236392974853516e+00 8.222578763961791992e-01 1.324297070503234863e+00 -4.294431805610656738e-01 -9.713919758796691895e-01 -3.738053143024444580e-01
-6.265836954116821289e-01 1.562968969345092773e+00 1.562240600585937500e+00 -9.142285585403442383e-01 1.864784955978393555e+00 -1.322355866432189941e+00 -9.945243597030639648e-01 -1.352075457572937012e+00 1.905627846717834473e+00 -4.730301499366760254e-01 -8.900293707847595215e-01 -8.295865654945373535e-01 -2.720224857330322266e-01 -2.567183226346969604e-02 1.661834239959716797e+00 7.692207098007202148e-01 1.343515872955322266e+00 -4.588963389396667480e-01 -9.858572483062744141e-01 -3.521052002906799316e-01
-6.309074759483337402e-01 1.534547805786132812e+00 1.641186714172363281e+00 -9.116266965866088867e-01 1.903844475746154785e+00 -1.326736450195312500e+00 -1.041713953018188477e+00 -1.362455725669860840e+00 1.941706657409667969e+00 -4.486870467662811279e-01 -9.067637324333190918e-01 -8.647306561470031738e-01 -2.937876582145690918e-01 7.164515554904937744e-03 1.650688171386718750e+00 7.081815600395202637e-01 1.355699300765991211e+00 -4.805992245674133301e-01 -1.053403139114379883e+00 -2.797777950763702393e-01
-6.890109777450561523e-01 1.459555745124816895e+00 1.723364830017089844e+00 -9.004803895950317383e-01 1.888581275939941406e+00 -1.316553115844726562e+00 -1.061393737792968750e+00 -1.402475476264953613e+00 1.906005978584289551e+00 -3.945114910602569580e-01 -9.476363062858581543e-01 -9.199642539024353027e-01 -3.289393186569213867e-01 3.358422964811325073e-02 1.654650449752807617e+00 6.460487246513366699e-01 1.348048567771911621e+00 -4.942727088928222656e-01 -1.156389951705932617e+00 -2.010594308376312256e-01
-7.616716027259826660e-01 1.298902153968811035e+00 1.782985687255859375e+00 -8.472555875778198242e-01 1.824765920639038086e+00 -1.278054356575012207e+00 -1.006125926971435547e+00 -1.415871977806091309e+00 1.797259211540222168e+00 -3.547257483005523682e-01 -9.931452274322509766e-01 -9.743074178695678711e-01 -3.450558781623840332e-01 1.781773194670677185e-02 1.669082403182983398e+00 6.213788390159606934e-01 1.300796031951904297e+00 -4.501438736915588379e-01 -1.227061152458190918e+00 -1.170853227376937866e-01
-7.971661090850830078e-01 1.161274552345275879e+00 1.835060000419616699e+00 -7.962067127227783203e-01 1.748009562492370605e+00 -1.252345323562622070e+00 -9.196653962135314941e-01 -1.405724525451660156e+00 1.708974480628967285e+00 -3.296670913696289062e-01 -1.017009258270263672e+00 -1.039672136306762695e+00 -3.377956151962280273e-01 -3.597366809844970703e-02 1.695393323898315430e+00 6.259297132492065430e-01 1.273163437843322754e+00 -3.898624777793884277e-01 -1.274818420410156250e+00 -5.420055612921714783e-02
-8.108771443367004395e-01 1.080041646957397461e+00 1.891431450843811035e+00 -7.816357612609863281e-01 1.727954745292663574e+00 -1.265698432922363281e+00 -8.385053277015686035e-01 -1.423385024070739746e+00 1.686906099319458008e+00 -3.194110095500946045e-01 -1.039847612380981445e+00 -1.112302184104919434e+00 -3.076659440994262695e-01 -8.621827512979507446e-02 1.747001051902770996e+00 6.572759151458740234e-01 1.293365836143493652e+00 -3.432518243789672852e-01 -1.309418559074401855e+00 -3.176989033818244934e-02
-7.981265187263488770e-01 1.016861557960510254e+00 1.927846193313598633e+00 -7.578150033950805664e-01 1.707785367965698242e+00 -1.284086465835571289e+00 -7.601776719093322754e-01 -1.426258444786071777e+00 1.679691195487976074e+00 -3.059879839420318604e-01 -1.062315940856933594e+00 -1.176620125770568848e+00 -2.681795954704284668e-01 -1.511268317699432373e-01 1.787438035011291504e+00 6.721880435943603516e-01 1.297826886177062988e+00 -3.114029765129089355e-01 -1.323591828346252441e+00 -1.156174018979072571e-02
-7.689486742019653320e-01 9.679899811744689941e-01 1.955150365829467773e+00 -7.253444194793701172e-01 1.700923442840576172e+00 -1.311761140823364258e+00 -6.905837655067443848e-01 -1.423965930938720703e+00 1.686927556991577148e+00 -2.867275476455688477e-01 -1.091826677322387695e+00 -1.237900972366333008e+00 -2.220153659582138062e-01 -2.250199019908905029e-01 1.830633401870727539e+00 6.800684928894042969e-01 1.296327114105224609e+00 -2.928895652294158936e-01 -1.326027750968933105e+00 4.213597625494003296e-03
-7.354532480239868164e-01 9.395650625228881836e-01 1.975670337677001953e+00 -6.827053427696228027e-01 1.732148289680480957e+00 -1.355886101722717285e+00 -6.489032506942749023e-01 -1.430364131927490234e+00 1.705822825431823730e+00 -2.611765563488006592e-01 -1.140335798263549805e+00 -1.292216420173645020e+00 -1.786540299654006958e-01 -2.932739853858947754e-01 1.892125010490417480e+00 6.928503513336181641e-01 1.300718069076538086e+00 -2.900796532630920410e-01 -1.320388555526733398e+00 7.032142952084541321e-03
-6.988021135330200195e-01 9.545658826828002930e-01 2.003838539123535156e+00 -6.573254466056823730e-01 1.815948367118835449e+00 -1.419228196144104004e+00 -6.511906981468200684e-01 -1.432417154312133789e+00 1.769532084465026855e+00 -2.576427757740020752e-01 -1.195443272590637207e+00 -1.318603277206420898e+00 -1.502475589513778687e-01 -3.243308663368225098e-01 1.964189291000366211e+00 7.079038619995117188e-01 1.322685956954956055e+00 -2.996938228607177734e-01 -1.297684907913208008e+00 1.160175539553165436e-02
-6.359114050865173340e-01 9.853391051292419434e-01 1.965763807296752930e+00 -6.238868832588195801e-01 1.890337228775024414e+00 -1.427767634391784668e+00 -6.918358802795410156e-01 -1.374590873718261719e+00 1.799373388290405273e+00 -2.552685737609863281e-01 -1.210193634033203125e+00 -1.269235849380493164e+00 -1.324159801006317139e-01 -3.221654295921325684e-01 1.996712803840637207e+00 7.293353080749511719e-01 1.314221858978271484e+00 -3.129766583442687988e-01 -1.219248294830322266e+00 -2.372214943170547485e-02
-5.350019931793212891e-01 1.001181840896606445e+00 1.770564079284667969e+00 -6.042771935462951660e-01 1.837945699691772461e+00 -1.318617701530456543e+00 -7.190555930137634277e-01 -1.216303467750549316e+00 1.714067935943603516e+00 -2.575261890888214111e-01 -1.105373501777648926e+00 -1.067677617073059082e+00 -1.344784498214721680e-01 -2.246007919311523438e-01 1.867142200469970703e+00 7.465317249298095703e-01 1.240861058235168457e+00 -3.164627552032470703e-01 -1.051547169685363770e+00 -1.433305144309997559e-01
-5.213636755943298340e-01 1.121455311775207520e+00 1.574813365936279297e+00 -7.143192887306213379e-01 1.743630051612854004e+00 -1.194847464561462402e+00 -8.229008316993713379e-01 -1.125902295112609863e+00 1.637606263160705566e+00 -3.000912070274353027e-01 -1.007494091987609863e+00 -8.583426475524902344e-01 -2.193866819143295288e-01 -8.648674935102462769e-02 1.728258490562438965e+00 7.843223810195922852e-01 1.249063611030578613e+00 -2.966857850551605225e-01 -9.854474663734436035e-01 -3.165263831615447998e-01
-5.845660567283630371e-01 1.215759992599487305e+00 1.456415295600891113e+00 -8.039498329162597656e-01 1.691943883895874023e+00 -1.084046125411987305e+00 -9.378470182418823242e-01 -1.099468708038330078e+00 1.564525008201599121e+00 -3.517550230026245117e-01 -9.737356305122375488e-01 -7.162203192710876465e-01 -3.324202895164489746e-01 5.566874891519546509e-02 1.625192523002624512e+00 8.223360180854797363e-01 1.285107374191284180e+00 -2.696741819381713867e-01 -9.961739778518676758e-01 -4.371241629123687744e-01
-6.683193445205688477e-01 1.277260780334472656e+00 1.406552195549011230e+00 -8.658702969551086426e-01 1.694771647453308105e+00 -9.995026588439941406e-01 -1.027783751487731934e+00 -1.106637597084045410e+00 1.527630209922790527e+00 -4.127081632614135742e-01 -9.802319407463073730e-01 -6.358769536018371582e-01 -4.303466081619262695e-01 1.577968001365661621e-01 1.586564660072326660e+00 8.621162772178649902e-01 1.328681230545043945e+00 -2.447856068611145020e-01 -1.037110567092895508e+00 -5.012081265449523926e-01
-7.647466659545898438e-01 1.307047843933105469e+00 1.382256865501403809e+00 -9.022080302238464355e-01 1.715638756752014160e+00 -9.429267644882202148e-01 -1.078373432159423828e+00 -1.154129743576049805e+00 1.516630053520202637e+00 -4.642851352691650391e-01 -1.012228608131408691e+00 -6.044585108757019043e-01 -5.004249215126037598e-01 2.293061017990112305e-01 1.576466798782348633e+00 8.876686692237854004e-01 1.367907762527465820e+00 -2.357333898544311523e-01 -1.079823970794677734e+00 -5.283935070037841797e-01
-8.560277223587036133e-01 1.327293038368225098e+00 1.389720201492309570e+00 -9.155912399291992188e-01 1.764562606811523438e+00 -9.141513109207153320e-01 -1.102468848228454590e+00 -1.211487412452697754e+00 1.541215181350708008e+00 -5.275240540504455566e-01 -1.056395411491394043e+00 -6.017113327980041504e-01 -5.421242713928222656e-01 2.807988524436950684e-01 1.589425206184387207e+00 9.076640009880065918e-01 1.408338904380798340e+00 -2.319552302360534668e-01 -1.119163393974304199e+00 -5.342757701873779297e-01
-9.505224227905273438e-01 1.361660480499267578e+00 1.440405249595642090e+00 -9.243795275688171387e-01 1.862623691558837891e+00 -9.258763790130615234e-01 -1.109445810317993164e+00 -1.279508233070373535e+00 1.629227161407470703e+00 -6.321140527725219727e-01 -1.108436703681945801e+00 -6.117316484451293945e-01 -5.543552637100219727e-01 3.391248881816864014e-01 1.621392369270324707e+00 9.278892278671264648e-01 1.463902950286865234e+00 -2.322216331958770752e-01 -1.150119185447692871e+00 -5.168310403823852539e-01
-1.043473958969116211e+00 1.376663446426391602e+00 1.470997691154479980e+00 -8.983422517776489258e-01 1.957989335060119629e+00 -9.499244689941406250e-01 -1.078481435775756836e+00 -1.333184242248535156e+00 1.724726796150207520e+00 -7.683747410774230957e-01 -1.144757866859436035e+00 -5.990700721740722656e-01 -5.159184932708740234e-01 4.052182734012603760e-01 1.645901203155517578e+00 9.353387355804443359e-01 1.481624722480773926e+00 -2.449674308300018311e-01 -1.128933072090148926e+00 -4.713362753391265869e-01
-1.116511464118957520e+00 1.371042966842651367e+00 1.472222328186035156e+00 -8.495225310325622559e-01 2.022844791412353516e+00 -9.813050031661987305e-01 -1.019809484481811523e+00 -1.349671959877014160e+00 1.801710844039916992e+00 -9.169057011604309082e-01 -1.131475210189819336e+00 -5.568163990974426270e-01 -4.162077903747558594e-01 4.764844775199890137e-01 1.663594722747802734e+00 9.358425140380859375e-01 1.458160877227783203e+00 -2.609009742736816406e-01 -1.045545697212219238e+00 -3.980274796485900879e-01
-1.139691114425659180e+00 1.357492566108703613e+00 1.473865628242492676e+00 -8.191193342208862305e-01 2.016297578811645508e+00 -1.052195549011230469e+00 -9.029081463813781738e-01 -1.353313207626342773e+00 1.859967708587646484e+00 -1.039411306381225586e+00 -1.041930556297302246e+00 -5.032920837402343750e-01 -2.633668780326843262e-01 4.922152161598205566e-01 1.717997550964355469e+00 9.365365505218505859e-01 1.379251122474670410e+00 -2.896238267421722412e-01 -9.139212369918823242e-01 -2.994285821914672852e-01
-1.108811974525451660e+00 1.298685073852539062e+00 1.462043762207031250e+00 -8.046331405639648438e-01 1.869062185287475586e+00 -1.137640237808227539e+00 -7.667895555496215820e-01 -1.359001636505126953e+00 1.843376755714416504e+00 -1.017706632614135742e+00 -9.311309456825256348e-01 -5.019392967224121094e-01 -1.221140474081039429e-01 4.553875029087066650e-01 1.724557161331176758e+00 9.120493531227111816e-01 1.264476776123046875e+00 -3.192915320396423340e-01 -7.933644652366638184e-01 -1.906547546386718750e-01
-1.065363526344299316e+00 1.263150691986083984e+00 1.458825349807739258e+00 -8.134098649024963379e-01 1.716949224472045898e+00 -1.220164775848388672e+00 -6.738951802253723145e-01 -1.369426012039184570e+00 1.815686345100402832e+00 -9.204973578453063965e-01 -8.335670232772827148e-01 -5.699627399444580078e-01 -1.677741110324859619e-02 3.733506798744201660e-01 1.742540836334228516e+00 9.262332916259765625e-01 1.198140263557434082e+00 -3.718124032020568848e-01 -7.401258349418640137e-01 -1.222728490829467773e-01
-1.032897710800170898e+00 1.261680126190185547e+00 1.459950685501098633e+00 -8.224581480026245117e-01 1.624819040298461914e+00 -1.281257867813110352e+00 -6.538656949996948242e-01 -1.394341111183166504e+00 1.768055796623229980e+00 -8.214316964149475098e-01 -7.925978899002075195e-01 -6.407013535499572754e-01 2.480471134185791016e-02 2.964740693569183350e-01 1.762518048286437988e+00 9.352523684501647949e-01 1.178770780563354492e+00 -4.041211605072021484e-01 -7.448127269744873047e-01 -9.275251626968383789e-02
-9.884060025215148926e-01 1.282532334327697754e+00 1.492969274520874023e+00 -8.279756307601928711e-01 1.600756645202636719e+00 -1.322720527648925781e+00 -6.625819206237792969e-01 -1.394948959350585938e+00 1.753442406654357910e+00 -7.552459836006164551e-01 -7.571874856948852539e-01 -6.851603984832763672e-01 4.349474981427192688e-02 2.142466008663177490e-01 1.802631020545959473e+00 9.680333733558654785e-01 1.165871739387512207e+00 -4.227310419082641602e-01 -7.614190578460693359e-01 -1.145071089267730713e-01
-9.253482222557067871e-01 1.303773403167724609e+00 1.542147994041442871e+00 -8.311411738395690918e-01 1.582955241203308105e+00 -1.342802166938781738e+00 -6.933997869491577148e-01 -1.363585352897644043e+00 1.731314182281494141e+00 -6.864410638809204102e-01 -7.204553484916687012e-01 -7.248595356941223145e-01 4.534643143415451050e-02 1.188076138496398926e-01 1.844781637191772461e+00 9.956776499748229980e-01 1.149785399436950684e+00 -4.187492728233337402e-01 -7.945843338966369629e-01 -1.504983305931091309e-01
-8.521764278411865234e-01 1.313083648681640625e+00 1.605213880538940430e+00 -8.159474134445190430e-01 1.555459141731262207e+00 -1.354566454887390137e+00 -7.155168652534484863e-01 -1.306719541549682617e+00 1.697145462036132812e+00 -6.223825812339782715e-01 -6.911697387695312500e-01 -7.538834214210510254e-01 3.330896049737930298e-02 3.102198243141174316e-04 1.881991982460021973e+00 1.011789083480834961e+00 1.103621482849121094e+00 -4.055470824241638184e-01 -8.336179256439208984e-01 -1.914746165275573730e-01
-7.900704741477966309e-01 1.314444661140441895e+00 1.702836990356445312e+00 -8.190450072288513184e-01 1.515968441963195801e+00 -1.370066165924072266e+00 -7.138686776161193848e-01 -1.263723492622375488e+00 1.672624945640563965e+00 -5.600049495697021484e-01 -6.767386198043823242e-01 -7.985195517539978027e-01 -2.779518067836761475e-02 -1.588658094406127930e-01 1.938421607017517090e+00 1.028154492378234863e+00 1.062204599380493164e+00 -3.855986595153808594e-01 -9.109147787094116211e-01 -2.371155619621276855e-01
-7.440859675407409668e-01 1.340256929397583008e+00 1.880612015724182129e+00 -8.963873386383056641e-01 1.498494744300842285e+00 -1.363785147666931152e+00 -7.365757226943969727e-01 -1.202795147895812988e+00 1.660639286041259766e+00 -5.373476743698120117e-01 -7.066560387611389160e-01 -8.184493780136108398e-01 -1.946285963058471680e-01 -3.048266768455505371e-01 1.995709061622619629e+00 1.019723534584045410e+00 1.043793797492980957e+00 -3.272767066955566406e-01 -1.056131243705749512e+00 -2.782489955425262451e-01
-6.821274161338806152e-01 1.354359865188598633e+00 2.010805368423461914e+00 -1.015359878540039062e+00 1.484213829040527344e+00 -1.256380677223205566e+00 -7.946702241897583008e-01 -1.117507338523864746e+00 1.636013269424438477e+00 -4.861571192741394043e-01 -7.467879056930541992e-01 -8.537781834602355957e-01 -4.289978146553039551e-01 -4.254126250743865967e-01 1.985617280006408691e+00 9.933432936668395996e-01 1.096123456954956055e+00 -2.311340272426605225e-01 -1.252579927444458008e+00 -3.388528227806091309e-01
-6.569780707359313965e-01 1.333992838859558105e+00 2.020466566085815430e+00 -1.113947749137878418e+00 1.465410351753234863e+00 -1.077011346817016602e+00 -8.795552253723144531e-01 -1.045314431190490723e+00 1.612942218780517578e+00 -4.292308986186981201e-01 -7.893634438514709473e-01 -8.848370313644409180e-01 -6.062010526657104492e-01 -4.104799926280975342e-01 1.895855545997619629e+00 9.756858348846435547e-01 1.203993439674377441e+00 -1.469482034444808960e-01 -1.398579835891723633e+00 -4.195249080657958984e-01
-6.494906544685363770e-01 1.292551636695861816e+00 1.945789575576782227e+00 -1.141654610633850098e+00 1.493317604064941406e+00 -9.645824432373046875e-01 -9.296225905418395996e-01 -1.034146428108215332e+00 1.594530224800109863e+00 -3.996340632438659668e-01 -8.126493692398071289e-01 -8.577460646629333496e-01 -6.388100385665893555e-01 -3.272052407264709473e-01 1.813292860984802246e+00 9.392561912536621094e-01 1.243104219436645508e+00 -1.218861117959022522e-01 -1.400609135627746582e+00 -4.524974822998046875e-01
-6.493953466415405273e-01 1.307843804359436035e+00 1.829042434692382812e+00 -1.184168457984924316e+00 1.560260057449340820e+00 -8.851631879806518555e-01 -9.941406250000000000e-01 -1.066221237182617188e+00 1.577160239219665527e+00 -3.957015872001647949e-01 -8.414924740791320801e-01 -7.877435684204101562e-01 -6.731210350990295410e-01 -2.115374803543090820e-01 1.729999423027038574e+00 9.098345637321472168e-01 1.292318701744079590e+00 -1.227124556899070740e-01 -1.372822284698486328e+00 -5.237116217613220215e-01
-6.313630938529968262e-01 1.343903422355651855e+00 1.683635592460632324e+00 -1.237479686737060547e+00 1.614746332168579102e+00 -8.059350252151489258e-01 -1.069464206695556641e+00 -1.061513543128967285e+00 1.583039522171020508e+00 -4.171127080917358398e-01 -8.439325690269470215e-01 -6.948721408843994141e-01 -6.904212236404418945e-01 -9.263972193002700806e-02 1.633704781532287598e+00 8.869622945785522461e-01 1.334670782089233398e+00 -1.186604797840118408e-01 -1.314471364021301270e+00 -5.765318274497985840e-01
-6.325125694274902344e-01 1.458384394645690918e+00 1.555842399597167969e+00 -1.332793831825256348e+00 1.724120616912841797e+00 -7.750816345214843750e-01 -1.193409919738769531e+00 -1.081597685813903809e+00 1.656725764274597168e+00 -4.822533428668975830e-01 -8.366330265998840332e-01 -5.938224196434020996e-01 -7.126716971397399902e-01 8.649925142526626587e-02 1.532296419143676758e+00 8.734786510467529297e-01 1.431331276893615723e+00 -1.138422787189483643e-01 -1.245845079421997070e+00 -6.145943999290466309e-01
-6.472152471542358398e-01 1.698890924453735352e+00 1.456077814102172852e+00 -1.474890112876892090e+00 1.931846141815185547e+00 -8.511822223663330078e-01 -1.423165440559387207e+00 -1.163835167884826660e+00 1.848750948905944824e+00 -5.670785307884216309e-01 -7.689253687858581543e-01 -5.261651277542114258e-01 -7.152712941169738770e-01 3.107306063175201416e-01 1.482400536537170410e+00 9.495980739593505859e-01 1.651000976562500000e+00 -1.419828981161117554e-01 -1.194722414016723633e+00 -6.601892709732055664e-01
-7.091659307479858398e-01 1.905794739723205566e+00 1.382729530334472656e+00 -1.581448197364807129e+00 2.083829164505004883e+00 -1.017791867256164551e+00 -1.620175838470458984e+00 -1.273268461227416992e+00 2.026317834854125977e+00 -6.322935819625854492e-01 -6.435235738754272461e-01 -4.709839224815368652e-01 -6.387143135070800781e-01 5.611988306045532227e-01 1.498708248138427734e+00 1.063621997833251953e+00 1.837380766868591309e+00 -2.438440173864364624e-01 -1.115423083305358887e+00 -6.320188045501708984e-01
-7.444314360618591309e-01 1.880738973617553711e+00 1.323372006416320801e+00 -1.467189788818359375e+00 2.122841119766235352e+00 -1.176367402076721191e+00 -1.619300723075866699e+00 -1.304473280906677246e+00 2.052931308746337891e+00 -6.612993478775024414e-01 -5.636603832244873047e-01 -4.434043765068054199e-01 -4.576585888862609863e-01 6.317434310913085938e-01 1.567766904830932617e+00 1.119163990020751953e+00 1.801084280014038086e+00 -3.417341709136962891e-01 -9.628116488456726074e-01 -5.321278572082519531e-01
-7.170354723930358887e-01 1.746150851249694824e+00 1.310107827186584473e+00 -1.259504079818725586e+00 2.053639650344848633e+00 -1.238550305366516113e+00 -1.515840649604797363e+00 -1.268227458000183105e+00 1.973517894744873047e+00 -6.223857402801513672e-01 -5.229339003562927246e-01 -4.989361166954040527e-01 -3.083779811859130859e-01 5.409993529319763184e-01 1.595032215118408203e+00 1.101535201072692871e+00 1.667663335800170898e+00 -3.783894777297973633e-01 -8.620273470878601074e-01 -4.098063409328460693e-01
-6.771908402442932129e-01 1.626198291778564453e+00 1.330183982849121094e+00 -1.087247729301452637e+00 1.968044161796569824e+00 -1.262368917465209961e+00 -1.427208304405212402e+00 -1.219133853912353516e+00 1.894093513488769531e+00 -5.582043528556823730e-01 -5.121039748191833496e-01 -5.675309300422668457e-01 -2.225049287080764771e-01 4.101496338844299316e-01 1.619999289512634277e+00 1.073013424873352051e+00 1.540685534477233887e+00 -3.833076953887939453e-01 -8.196040391921997070e-01 -3.195408880710601807e-01
-6.472007036209106445e-01 1.523338317871093750e+00 1.410198807716369629e+00 -9.505097270011901855e-01 1.907554507255554199e+00 -1.289524793624877930e+00 -1.384167671203613281e+00 -1.173023939132690430e+00 1.841761469841003418e+00 -4.844616353511810303e-01 -5.258420705795288086e-01 -6.609876751899719238e-01 -1.720771044492721558e-01 2.662945687770843506e-01 1.677952289581298828e+00 1.038896560668945312e+00 1.434255838394165039e+00 -3.727225661277770996e-01 -8.298146128654479980e-01 -2.197105288505554199e-01
-6.377696990966796875e-01 1.456304311752319336e+00 1.496737003326416016e+00 -8.474068045616149902e-01 1.873143911361694336e+00 -1.324003458023071289e+00 -1.360226154327392578e+00 -1.163483858108520508e+00 1.804654955863952637e+00 -4.164091348648071289e-01 -5.580490827560424805e-01 -7.561658024787902832e-01 -1.655303835868835449e-01 1.343882381916046143e-01 1.739329218864440918e+00 1.008969783782958984e+00 1.366813898086547852e+00 -3.729530572891235352e-01 -8.726547956466674805e-01 -1.464490443468093872e-01
-6.675140261650085449e-01 1.437117815017700195e+00 1.630171656608581543e+00 -7.834247350692749023e-01 1.872874498367309570e+00 -1.395361542701721191e+00 -1.371745347976684570e+00 -1.194603800773620605e+00 1.790261507034301758e+00 -3.696356713771820068e-01 -6.125019788742065430e-01 -8.482990264892578125e-01 -1.808372437953948975e-01 1.951692625880241394e-02 1.833841919898986816e+00 1.022021174430847168e+00 1.336100101470947266e+00 -3.785376548767089844e-01 -9.624250531196594238e-01 -9.902946650981903076e-02
-7.120871543884277344e-01 1.411128520965576172e+00 1.777244329452514648e+00 -7.432155609130859375e-01 1.889518022537231445e+00 -1.443165540695190430e+00 -1.379130482673645020e+00 -1.222449421882629395e+00 1.784404873847961426e+00 -3.450580835342407227e-01 -6.934348344802856445e-01 -9.358565211296081543e-01 -2.166693061590194702e-01 -8.360419422388076782e-02 1.927772402763366699e+00 1.047681570053100586e+00 1.322814345359802246e+00 -3.644468188285827637e-01 -1.076400518417358398e+00 -5.740155652165412903e-02
-7.456471323966979980e-01 1.386611700057983398e+00 1.934596300125122070e+00 -7.342145442962646484e-01 1.901289939880371094e+00 -1.470235347747802734e+00 -1.368968844413757324e+00 -1.241594910621643066e+00 1.804690599441528320e+00 -3.329957425594329834e-01 -7.781543135643005371e-01 -1.016152262687683105e+00 -2.775248289108276367e-01 -1.642058491706848145e-01 1.987757086753845215e+00 1.053639292716979980e+00 1.326120376586914062e+00 -3.353573083877563477e-01 -1.209828734397888184e+00 -3.559957817196846008e-02
-7.557799220085144043e-01 1.345571517944335938e+00 2.047418355941772461e+00 -7.400348186492919922e-01 1.893469095230102539e+00 -1.466137647628784180e+00 -1.325216054916381836e+00 -1.243784904479980469e+00 1.814195156097412109e+00 -3.240746855735778809e-01 -8.452124595642089844e-01 -1.070521712303161621e+00 -3.323726654052734375e-01 -2.187084257602691650e-01 2.006551265716552734e+00 1.038017272949218750e+00 1.328012585639953613e+00 -3.060508370399475098e-01 -1.314649701118469238e+00 -3.028689697384834290e-02
-7.418340444564819336e-01 1.288218975067138672e+00 2.080435991287231445e+00 -7.611482739448547363e-01 1.854277729988098145e+00 -1.424815535545349121e+00 -1.243875980377197266e+00 -1.232901573181152344e+00 1.794592618942260742e+00 -3.113747537136077881e-01 -8.876008391380310059e-01 -1.086980938911437988e+00 -3.684595823287963867e-01 -2.445821166038513184e-01 1.980349540710449219e+00 9.960853457450866699e-01 1.320541977882385254e+00 -2.849159836769104004e-01 -1.367358326911926270e+00 -4.814543202519416809e-02
-7.116813063621520996e-01 1.193249106407165527e+00 2.033926486968994141e+00 -7.786260843276977539e-01 1.796358942985534668e+00 -1.341968894004821777e+00 -1.131061077117919922e+00 -1.205042362213134766e+00 1.743908524513244629e+00 -3.037704527378082275e-01 -9.121383428573608398e-01 -1.071727275848388672e+00 -3.811928033828735352e-01 -2.379237711429595947e-01 1.915061354637145996e+00 9.333491921424865723e-01 1.302035808563232422e+00 -2.577781379222869873e-01 -1.358805418014526367e+00 -7.057347893714904785e-02
-6.592130064964294434e-01 1.059910178184509277e+00 1.897887825965881348e+00 -7.960928678512573242e-01 1.713774919509887695e+00 -1.216577172279357910e+00 -9.916099309921264648e-01 -1.154173016548156738e+00 1.661184191703796387e+00 -3.016386032104492188e-01 -9.038925766944885254e-01 -1.011869549751281738e+00 -3.697929382324218750e-01 -1.794812977313995361e-01 1.791845560073852539e+00 8.440801501274108887e-01 1.275374054908752441e+00 -2.234232425689697266e-01 -1.281356930732727051e+00 -9.353570640087127686e-02
-6.175468564033508301e-01 9.288409352302551270e-01 1.669096231460571289e+00 -8.693484067916870117e-01 1.605495095252990723e+00 -1.053611516952514648e+00 -8.554223179817199707e-01 -1.090295195579528809e+00 1.559578776359558105e+00 -3.312667906284332275e-01 -8.415134549140930176e-01 -8.748147487640380859e-01 -3.314331769943237305e-01 2.294197678565979004e-03 1.605953812599182129e+00 7.430986166000366211e-01 1.264213442802429199e+00 -1.938128173351287842e-01 -1.123718380928039551e+00 -1.125919371843338013e-01
-7.874045372009277344e-01 9.005091190338134766e-01 1.429506540298461914e+00 -1.139316916465759277e+00 1.652403593063354492e+00 -9.338955879211425781e-01 -7.775048017501831055e-01 -1.250889301300048828e+00 1.547135233879089355e+00 -4.718163907527923584e-01 -8.413720130920410156e-01 -7.534130811691284180e-01 -3.055641055107116699e-01 3.683154284954071045e-01 1.548664450645446777e+00 8.320411443710327148e-01 1.472526550292968750e+00 -1.839098334312438965e-01 -9.957097768783569336e-01 -1.435726284980773926e-01
-1.003762602806091309e+00 1.037194013595581055e+00 1.287716984748840332e+00 -1.407536506652832031e+00 1.781029820442199707e+00 -9.064066410064697266e-01 -7.857148647308349609e-01 -1.457311749458312988e+00 1.612280607223510742e+00 -6.687357425689697266e-01 -8.453581333160400391e-01 -6.658489108085632324e-01 -3.088996410369873047e-01 6.373607516288757324e-01 1.631862521171569824e+00 1.082270741462707520e+00 1.734989881515502930e+00 -1.861822307109832764e-01 -9.386620521545410156e-01 -2.481240928173065186e-01
-1.145182490348815918e+00 1.156457424163818359e+00 1.253104686737060547e+00 -1.506842613220214844e+00 1.815504550933837891e+00 -8.856632709503173828e-01 -8.469192981719970703e-01 -1.544861912727355957e+00 1.597343325614929199e+00 -7.719290852546691895e-01 -8.223923444747924805e-01 -6.356556415557861328e-01 -3.742305040359497070e-01 7.003901004791259766e-01 1.691339612007141113e+00 1.224673628807067871e+00 1.833018422126770020e+00 -1.678218394517898560e-01 -9.605338573455810547e-01 -3.053112328052520752e-01
-1.203580975532531738e+00 1.209819912910461426e+00 1.287519216537475586e+00 -1.490570545196533203e+00 1.762209296226501465e+00 -8.570270538330078125e-01 -9.181528091430664062e-01 -1.568786263465881348e+00 1.549642443656921387e+00 -7.464618086814880371e-01 -8.009806871414184570e-01 -7.039592266082763672e-01 -4.602235555648803711e-01 6.139479875564575195e-01 1.717703580856323242e+00 1.271210193634033203e+00 1.853906750679016113e+00 -1.213457509875297546e-01 -1.055882692337036133e+00 -3.144390881061553955e-01
-1.210221052169799805e+00 1.219360351562500000e+00 1.339854478836059570e+00 -1.429595828056335449e+00 1.668260216712951660e+00 -8.130400180816650391e-01 -9.524703621864318848e-01 -1.530487179756164551e+00 1.469476580619812012e+00 -6.881754398345947266e-01 -7.793468236923217773e-01 -7.789327502250671387e-01 -5.480967164039611816e-01 4.787318408489227295e-01 1.722290515899658203e+00 1.280520081520080566e+00 1.826047897338867188e+00 -7.111684978008270264e-02 -1.157328844070434570e+00 -3.133424222469329834e-01
-1.203419923782348633e+00 1.206319689750671387e+00 1.406971812248229980e+00 -1.349186897277832031e+00 1.563249707221984863e+00 -7.711985111236572266e-01 -9.541446566581726074e-01 -1.476430654525756836e+00 1.384165644645690918e+00 -6.296046376228332520e-01 -7.700727581977844238e-01 -8.539825081825256348e-01 -6.345112323760986328e-01 3.391183912754058838e-01 1.725610733032226562e+00 1.275560736656188965e+00 1.783323645591735840e+00 -2.004434354603290558e-02 -1.257801055908203125e+00 -3.109907805919647217e-01
-1.200306892395019531e+00 1.175423622131347656e+00 1.497537732124328613e+00 -1.263987898826599121e+00 1.467369318008422852e+00 -7.428052425384521484e-01 -9.310792088508605957e-01 -1.430731296539306641e+00 1.318760514259338379e+00 -5.805727243423461914e-01 -7.813691496849060059e-01 -9.312202334403991699e-01 -7.099087834358215332e-01 2.115384936332702637e-01 1.750163793563842773e+00 1.269097805023193359e+00 1.743450880050659180e+00 3.172451257705688477e-02 -1.360321998596191406e+00 -3.085776269435882568e-01
-1.183190941810607910e+00 1.148202300071716309e+00 1.596642255783081055e+00 -1.207902669906616211e+00 1.401139616966247559e+00 -7.166864871978759766e-01 -8.856614232063293457e-01 -1.393871903419494629e+00 1.288164258003234863e+00 -5.348532795906066895e-01 -8.001206517219543457e-01 -1.016260147094726562e+00 -7.576093673706054688e-01 7.814075052738189697e-02 1.787513971328735352e+00 1.259311914443969727e+00 1.724072933197021484e+00 6.400994211435317993e-02 -1.464715480804443359e+00 -3.283081650733947754e-01
-1.159035444259643555e+00 1.135452985763549805e+00 1.686607480049133301e+00 -1.177491664886474609e+00 1.337399959564208984e+00 -6.962032318115234375e-01 -8.193435668945312500e-01 -1.362992167472839355e+00 1.252146720886230469e+00 -4.985065460205078125e-01 -8.276244997978210449e-01 -1.069687962532043457e+00 -7.983251810073852539e-01 -3.937462717294692993e-02 1.811297774314880371e+00 1.248401045799255371e+00 1.694297671318054199e+00 8.781874179840087891e-02 -1.548685312271118164e+00 -3.874042034149169922e-01
-1.144411802291870117e+00 1.160921573638916016e+00 1.785649895668029785e+00 -1.192769050598144531e+00 1.348739981651306152e+00 -7.128295898437500000e-01 -7.669989466667175293e-01 -1.367474198341369629e+00 1.260088086128234863e+00 -4.940421283245086670e-01 -8.605597615242004395e-01 -1.094453454017639160e+00 -8.095213770866394043e-01 -1.060568764805793762e-01 1.843325614929199219e+00 1.267034411430358887e+00 1.692258834838867188e+00 1.034868806600570679e-01 -1.607004880905151367e+00 -4.784623682498931885e-01
-1.160876989364624023e+00 1.242352604866027832e+00 1.833198428153991699e+00 -1.260264396667480469e+00 1.376138210296630859e+00 -7.561517953872680664e-01 -7.493085861206054688e-01 -1.422261238098144531e+00 1.287203907966613770e+00 -5.103115439414978027e-01 -8.736461997032165527e-01 -1.087560176849365234e+00 -8.221184611320495605e-01 -1.059384867548942566e-01 1.876021623611450195e+00 1.303344964981079102e+00 1.724325895309448242e+00 8.137410879135131836e-02 -1.638431072235107422e+00 -5.724362730979919434e-01
-1.201428651809692383e+00 1.333023428916931152e+00 1.784956574440002441e+00 -1.356458067893981934e+00 1.379615187644958496e+00 -7.796567678451538086e-01 -7.119888663291931152e-01 -1.500353693962097168e+00 1.283837795257568359e+00 -5.438796281814575195e-01 -8.843526840209960938e-01 -1.029600262641906738e+00 -8.168477416038513184e-01 -4.056747257709503174e-02 1.880834937095642090e+00 1.337773680686950684e+00 1.750117301940917969e+00 2.868465334177017212e-02 -1.611636996269226074e+00 -6.793396472930908203e-01
-1.266825675964355469e+00 1.413369297981262207e+00 1.722801089286804199e+00 -1.471809267997741699e+00 1.436946272850036621e+00 -8.272217512130737305e-01 -6.936982274055480957e-01 -1.627438783645629883e+00 1.312897682189941406e+00 -5.754356980323791504e-01 -9.133769273757934570e-01 -9.845300316810607910e-01 -7.732338905334472656e-01 5.787188559770584106e-02 1.917659401893615723e+00 1.383779525756835938e+00 1.801554441452026367e+00 -6.195846945047378540e-02 -1.572034478187561035e+00 -7.608451247215270996e-01
-1.312642455101013184e+00 1.460456848144531250e+00 1.625787496566772461e+00 -1.589703917503356934e+00 1.524948954582214355e+00 -8.916213512420654297e-01 -6.592497825622558594e-01 -1.769273996353149414e+00 1.353630542755126953e+00 -6.014720797538757324e-01 -9.397694468498229980e-01 -9.166955947875976562e-01 -6.794724464416503906e-01 1.877280473709106445e-01 1.934398174285888672e+00 1.404296636581420898e+00 1.837711334228515625e+00 -1.836412549018859863e-01 -1.485270142555236816e+00 -8.136969804763793945e-01
-1.346915364265441895e+00 1.466820836067199707e+00 1.525256991386413574e+00 -1.665202736854553223e+00 1.605560898780822754e+00 -9.610826969146728516e-01 -6.104172468185424805e-01 -1.877064228057861328e+00 1.395324349403381348e+00 -6.436017155647277832e-01 -9.607834815979003906e-01 -8.297897577285766602e-01 -5.653310418128967285e-01 3.507159650325775146e-01 1.929249763488769531e+00 1.389875173568725586e+00 1.848644614219665527e+00 -2.984932065010070801e-01 -1.358627080917358398e+00 -8.172296285629272461e-01
-1.364368081092834473e+00 1.431668281555175781e+00 1.447300791740417480e+00 -1.675584554672241211e+00 1.665101528167724609e+00 -1.028617143630981445e+00 -5.502454638481140137e-01 -1.938405871391296387e+00 1.431483268737792969e+00 -6.908976435661315918e-01 -9.779673814773559570e-01 -7.513667941093444824e-01 -4.481015205383300781e-01 4.972549378871917725e-01 1.924581766128540039e+00 1.357530474662780762e+00 1.834509015083312988e+00 -3.882512450218200684e-01 -1.223205566406250000e+00 -7.839360833168029785e-01
-1.360911965370178223e+00 1.374439239501953125e+00 1.392900228500366211e+00 -1.647103190422058105e+00 1.690650939941406250e+00 -1.068526506423950195e+00 -4.993630647659301758e-01 -1.957356214523315430e+00 1.440636992454528809e+00 -7.146664261817932129e-01 -9.803231358528137207e-01 -7.004425525665283203e-01 -3.588706851005554199e-01 5.868149995803833008e-01 1.904156208038330078e+00 1.316945552825927734e+00 1.799651741981506348e+00 -4.405583143234252930e-01 -1.120725274085998535e+00 -7.324487566947937012e-01
-1.347486376762390137e+00 1.311341047286987305e+00 1.368158459663391113e+00 -1.594710588455200195e+00 1.694741010665893555e+00 -1.088749647140502930e+00 -4.594741463661193848e-01 -1.950813055038452148e+00 1.434577822685241699e+00 -7.223515510559082031e-01 -9.753528833389282227e-01 -6.784073710441589355e-01 -2.985861897468566895e-01 6.224375963211059570e-01 1.882798552513122559e+00 1.280769228935241699e+00 1.756684303283691406e+00 -4.617882370948791504e-01 -1.057559847831726074e+00 -6.762309074401855469e-01
-1.331190347671508789e+00 1.259645462036132812e+00 1.378246545791625977e+00 -1.529883265495300293e+00 1.685808658599853516e+00 -1.103371024131774902e+00 -4.438641667366027832e-01 -1.931834816932678223e+00 1.425484895706176758e+00 -7.182237505912780762e-01 -9.620842933654785156e-01 -6.801861524581909180e-01 -2.653107047080993652e-01 6.121643185615539551e-01 1.871729373931884766e+00 1.258970618247985840e+00 1.713986635208129883e+00 -4.591037631034851074e-01 -1.033935785293579102e+00 -6.222744584083557129e-01
-1.306622266769409180e+00 1.204648971557617188e+00 1.409374356269836426e+00 -1.454984903335571289e+00 1.663952469825744629e+00 -1.103166103363037109e+00 -4.331808686256408691e-01 -1.897129058837890625e+00 1.408275485038757324e+00 -7.015711069107055664e-01 -9.423382282257080078e-01 -7.034004926681518555e-01 -2.519139647483825684e-01 5.628346204757690430e-01 1.860143303871154785e+00 1.244148254394531250e+00 1.669587373733520508e+00 -4.350910782814025879e-01 -1.039129495620727539e+00 -5.714125037193298340e-01
-1.269608139991760254e+00 1.142416715621948242e+00 1.453588008880615234e+00 -1.370121479034423828e+00 1.628657698631286621e+00 -1.083364605903625488e+00 -4.202448129653930664e-01 -1.842387080192565918e+00 1.382249116897583008e+00 -6.732447147369384766e-01 -9.166985154151916504e-01 -7.450501918792724609e-01 -2.552562952041625977e-01 4.751093089580535889e-01 1.842789292335510254e+00 1.233287334442138672e+00 1.620840668678283691e+00 -3.907779455184936523e-01 -1.066830635070800781e+00 -5.256186127662658691e-01
-1.235173344612121582e+00 1.069459557533264160e+00 1.542998433113098145e+00 -1.285485506057739258e+00 1.573272824287414551e+00 -1.057625770568847656e+00 -4.348089694976806641e-01 -1.762641429901123047e+00 1.353845000267028809e+00 -6.197167634963989258e-01 -8.965604901313781738e-01 -8.159065842628479004e-01 -2.850220799446105957e-01 3.545826673507690430e-01 1.842453122138977051e+00 1.235931634902954102e+00 1.577007412910461426e+00 -3.242523074150085449e-01 -1.140430569648742676e+00 -4.751744568347930908e-01
