-8.461253046989440918e-01 1.903814435005187988e+00 1.829871177673339844e+00 -1.290357351303100586e+00 1.592756152153015137e+00 -1.031785726547241211e+00 -1.077011704444885254e+00 -8.820808529853820801e-01 1.903540134429931641e+00 -1.052083015441894531e+00 -7.192400693893432617e-01 -4.157132208347320557e-01 -8.155100941658020020e-01 -8.339885622262954712e-02 1.708261489868164062e+00 1.205885887145996094e+00 1.225038170814514160e+00 -2.243657037615776062e-02 -1.228233814239501953e+00 -6.713176369667053223e-01
-8.591685295104980469e-01 1.839911222457885742e+00 1.852851867675781250e+00 -1.259195327758789062e+00 1.718851208686828613e+00 -1.039901375770568848e+00 -1.362476348876953125e+00 -7.677193880081176758e-01 1.968798398971557617e+00 -1.067643165588378906e+00 -6.216985583305358887e-01 -3.856849372386932373e-01 -7.249925732612609863e-01 -8.738256990909576416e-03 1.821040749549865723e+00 1.321817278861999512e+00 1.251847386360168457e+00 -3.988766670227050781e-02 -1.193498969078063965e+00 -4.556028246879577637e-01
-8.213235735893249512e-01 1.529965162277221680e+00 1.827217578887939453e+00 -1.068612456321716309e+00 1.916605353355407715e+00 -9.923856854438781738e-01 -1.608165025711059570e+00 -6.606000661849975586e-01 1.933909296989440918e+00 -9.715460538864135742e-01 -5.358545184135437012e-01 -4.672639369964599609e-01 -5.225655436515808105e-01 2.768705785274505615e-02 1.925639510154724121e+00 1.388992071151733398e+00 1.278162837028503418e+00 -2.241241186857223511e-02 -1.098942756652832031e+00 -1.098219752311706543e-01
-7.838017940521240234e-01 1.124527931213378906e+00 1.826170921325683594e+00 -9.671278595924377441e-01 2.094686031341552734e+00 -1.079361915588378906e+00 -1.472748398780822754e+00 -8.236479759216308594e-01 1.864310503005981445e+00 -7.900190949440002441e-01 -5.609045028686523438e-01 -5.783742070198059082e-01 -2.028837949037551880e-01 1.380264759063720703e-03 2.113384246826171875e+00 1.391573667526245117e+00 1.273582577705383301e+00 -1.218803375959396362e-01 -9.906300902366638184e-01 7.183755934238433838e-02
-7.652187347412109375e-01 9.184747934341430664e-01 1.836010575294494629e+00 -9.049978256225585938e-01 2.152756214141845703e+00 -1.126456737518310547e+00 -1.352009057998657227e+00 -1.000672936439514160e+00 1.818808794021606445e+00 -6.208212375640869141e-01 -6.043936014175415039e-01 -7.376174926757812500e-01 -3.856197744607925415e-02 -7.372555881738662720e-02 2.217011213302612305e+00 1.345807433128356934e+00 1.295952439308166504e+00 -1.940291225910186768e-01 -9.892570972442626953e-01 1.262922137975692749e-01
-7.478380799293518066e-01 8.048174977302551270e-01 1.849769711494445801e+00 -8.676957488059997559e-01 2.155575752258300781e+00 -1.166012048721313477e+00 -1.264250159263610840e+00 -1.122650861740112305e+00 1.793226838111877441e+00 -4.978190958499908447e-01 -6.537364721298217773e-01 -8.796486854553222656e-01 4.166630282998085022e-02 -1.291640400886535645e-01 2.251896381378173828e+00 1.281967163085937500e+00 1.336061358451843262e+00 -2.264588028192520142e-01 -1.024101376533508301e+00 1.745784580707550049e-01
-7.335878610610961914e-01 7.412946820259094238e-01 1.870161056518554688e+00 -8.480728268623352051e-01 2.153286933898925781e+00 -1.190166950225830078e+00 -1.200422167778015137e+00 -1.200096487998962402e+00 1.781157970428466797e+00 -4.180641174316406250e-01 -6.912289857864379883e-01 -9.729950428009033203e-01 7.573799043893814087e-02 -1.648448705673217773e-01 2.260205030441284180e+00 1.229812026023864746e+00 1.358012914657592773e+00 -2.432106882333755493e-01 -1.053670883178710938e+00 2.025794237852096558e-01
-7.112517952919006348e-01 7.162828445434570312e-01 1.891528725624084473e+00 -8.396196961402893066e-01 2.142157077789306641e+00 -1.199652314186096191e+00 -1.151923656463623047e+00 -1.236866950988769531e+00 1.764903426170349121e+00 -3.633953332901000977e-01 -7.126352190971374512e-01 -1.027078032493591309e+00 7.694217562675476074e-02 -2.060270905494689941e-01 2.257731199264526367e+00 1.191285490989685059e+00 1.362901210784912109e+00 -2.534020245075225830e-01 -1.082888603210449219e+00 1.996305286884307861e-01
-6.813346743583679199e-01 7.269598841667175293e-01 1.919031620025634766e+00 -8.433769345283508301e-01 2.123728990554809570e+00 -1.195204496383666992e+00 -1.116145014762878418e+00 -1.236224770545959473e+00 1.742375612258911133e+00 -3.299470245838165283e-01 -7.209053039550781250e-01 -1.046514153480529785e+00 4.542971402406692505e-02 -2.553965449333190918e-01 2.247253179550170898e+00 1.167609572410583496e+00 1.352507710456848145e+00 -2.567534446716308594e-01 -1.117167592048645020e+00 1.653063446283340454e-01
-6.484999656677246094e-01 7.938680648803710938e-01 1.955229520797729492e+00 -8.684341311454772949e-01 2.089894056320190430e+00 -1.158857464790344238e+00 -1.091230750083923340e+00 -1.184966325759887695e+00 1.707134962081909180e+00 -3.296149671077728271e-01 -7.278914451599121094e-01 -1.017633199691772461e+00 -4.469712823629379272e-02 -3.227687180042266846e-01 2.221653938293457031e+00 1.158942222595214844e+00 1.321267724037170410e+00 -2.401736229658126831e-01 -1.168868422508239746e+00 7.429862767457962036e-02
-6.480805873870849609e-01 9.786472916603088379e-01 2.023785114288330078e+00 -8.951808810234069824e-01 2.013554573059082031e+00 -1.096004605293273926e+00 -1.054802417755126953e+00 -1.098218917846679688e+00 1.669955253601074219e+00 -3.949736654758453369e-01 -7.841538786888122559e-01 -9.097923040390014648e-01 -2.497355788946151733e-01 -4.091725051403045654e-01 2.163634538650512695e+00 1.148235082626342773e+00 1.248832583427429199e+00 -1.832731515169143677e-01 -1.252273082733154297e+00 -1.646855324506759644e-01
-6.715373396873474121e-01 1.379592061042785645e+00 2.046245098114013672e+00 -9.684354662895202637e-01 1.752173423767089844e+00 -1.040581107139587402e+00 -9.510871171951293945e-01 -9.974327087402343750e-01 1.634823083877563477e+00 -5.401719212532043457e-01 -8.070598840713500977e-01 -7.133398652076721191e-01 -6.027856469154357910e-01 -4.315441250801086426e-01 1.936386585235595703e+00 1.168134212493896484e+00 1.175201535224914551e+00 -6.945019960403442383e-02 -1.361766815185546875e+00 -6.566525101661682129e-01
-7.507452964782714844e-01 1.626344084739685059e+00 1.904715895652770996e+00 -1.033858299255371094e+00 1.433552026748657227e+00 -9.833278059959411621e-01 -7.880852222442626953e-01 -9.780790805816650391e-01 1.538471937179565430e+00 -6.560673117637634277e-01 -7.870386242866516113e-01 -5.690734982490539551e-01 -7.845861315727233887e-01 -3.628067374229431152e-01 1.686149716377258301e+00 1.158413052558898926e+00 1.099222064018249512e+00 1.766182482242584229e-03 -1.350756168365478516e+00 -9.548427462577819824e-01
-8.505105376243591309e-01 1.680010914802551270e+00 1.845082402229309082e+00 -1.067343592643737793e+00 1.353206276893615723e+00 -9.863926768302917480e-01 -7.487570047378540039e-01 -1.049120903015136719e+00 1.487000703811645508e+00 -7.151824831962585449e-01 -7.851608395576477051e-01 -5.322114229202270508e-01 -7.984889149665832520e-01 -2.698054909706115723e-01 1.615029811859130859e+00 1.172601103782653809e+00 1.098981738090515137e+00 3.862220793962478638e-03 -1.337212920188903809e+00 -9.941774010658264160e-01
-8.860054612159729004e-01 1.648083686828613281e+00 1.806417465209960938e+00 -1.021061420440673828e+00 1.337418794631958008e+00 -9.812131524085998535e-01 -7.550431489944458008e-01 -1.054569363594055176e+00 1.473795175552368164e+00 -7.424160242080688477e-01 -7.551628351211547852e-01 -5.285538434982299805e-01 -7.576399445533752441e-01 -2.288779318332672119e-01 1.579365253448486328e+00 1.174229264259338379e+00 1.087175369262695312e+00 5.891844630241394043e-04 -1.313071846961975098e+00 -9.341532588005065918e-01
-8.950664997100830078e-01 1.556741952896118164e+00 1.819269299507141113e+00 -9.131187796592712402e-01 1.391627907752990723e+00 -9.851885437965393066e-01 -8.246030807495117188e-01 -1.013692498207092285e+00 1.512236356735229492e+00 -7.502661347389221191e-01 -7.437615394592285156e-01 -5.760248303413391113e-01 -6.877623200416564941e-01 -2.054516971111297607e-01 1.599804282188415527e+00 1.195235967636108398e+00 1.104300975799560547e+00 3.010200336575508118e-02 -1.299700975418090820e+00 -8.071226477622985840e-01
-9.081572890281677246e-01 1.395615339279174805e+00 1.873849511146545410e+00 -7.407901287078857422e-01 1.513202309608459473e+00 -9.953243136405944824e-01 -9.275842905044555664e-01 -9.694766402244567871e-01 1.571016430854797363e+00 -7.433487772941589355e-01 -7.443807125091552734e-01 -6.798885464668273926e-01 -5.879338979721069336e-01 -2.053537964820861816e-01 1.673453211784362793e+00 1.224702715873718262e+00 1.139807939529418945e+00 7.145065069198608398e-02 -1.293983221054077148e+00 -5.967461466789245605e-01
-9.553564786911010742e-01 1.179954409599304199e+00 1.940277576446533203e+00 -5.581002235412597656e-01 1.746420502662658691e+00 -1.016948819160461426e+00 -1.070768237113952637e+00 -1.008479952812194824e+00 1.652216911315917969e+00 -6.856743693351745605e-01 -7.746318578720092773e-01 -8.989114165306091309e-01 -4.451479315757751465e-01 -2.112430334091186523e-01 1.823321461677551270e+00 1.272447228431701660e+00 1.258249759674072266e+00 1.070044040679931641e-01 -1.290719389915466309e+00 -2.996064722537994385e-01
-9.787807464599609375e-01 9.166921973228454590e-01 1.970564961433410645e+00 -3.818116784095764160e-01 1.986478567123413086e+00 -1.021574974060058594e+00 -1.219111919403076172e+00 -1.064780235290527344e+00 1.714865803718566895e+00 -5.725683569908142090e-01 -7.982316613197326660e-01 -1.159328460693359375e+00 -2.912182807922363281e-01 -2.177959978580474854e-01 1.961430788040161133e+00 1.299228668212890625e+00 1.409861326217651367e+00 1.280773133039474487e-01 -1.282363176345825195e+00 3.694640472531318665e-02
-9.891642332077026367e-01 6.871736049652099609e-01 1.998616576194763184e+00 -3.739651441574096680e-01 2.096163749694824219e+00 -1.055542588233947754e+00 -1.270721912384033203e+00 -1.174473762512207031e+00 1.770534753799438477e+00 -4.513647854328155518e-01 -8.188433647155761719e-01 -1.380263566970825195e+00 -1.474815905094146729e-01 -2.502132058143615723e-01 2.116199254989624023e+00 1.326077222824096680e+00 1.546259641647338867e+00 9.834127128124237061e-02 -1.303395628929138184e+00 2.978779673576354980e-01
-9.703304767608642578e-01 5.335701107978820801e-01 1.986368894577026367e+00 -4.437697529792785645e-01 2.065332412719726562e+00 -1.028420090675354004e+00 -1.287698745727539062e+00 -1.214320778846740723e+00 1.750803232192993164e+00 -3.402347266674041748e-01 -8.301581144332885742e-01 -1.480170965194702148e+00 -1.152618825435638428e-01 -2.733868062496185303e-01 2.168651103973388672e+00 1.310696244239807129e+00 1.616100788116455078e+00 8.886012434959411621e-02 -1.337572455406188965e+00 4.222615361213684082e-01
-9.584818482398986816e-01 4.501680135726928711e-01 1.932044029235839844e+00 -5.711066722869873047e-01 1.963266134262084961e+00 -9.869030714035034180e-01 -1.276540875434875488e+00 -1.226071476936340332e+00 1.686297416687011719e+00 -2.574786245822906494e-01 -7.977011203765869141e-01 -1.494303226470947266e+00 -1.357173174619674683e-01 -2.214046120643615723e-01 2.157242059707641602e+00 1.299435257911682129e+00 1.669701695442199707e+00 6.542216241359710693e-02 -1.358571648597717285e+00 4.729003012180328369e-01
-9.395352005958557129e-01 4.496802091598510742e-01 1.796506047248840332e+00 -7.089858651161193848e-01 1.782409667968750000e+00 -9.319880008697509766e-01 -1.241125464439392090e+00 -1.188277244567871094e+00 1.572914004325866699e+00 -2.166288793087005615e-01 -7.210913300514221191e-01 -1.390948534011840820e+00 -2.018683999776840210e-01 -1.105811819434165955e-01 2.059646129608154297e+00 1.279059290885925293e+00 1.667004823684692383e+00 1.228096708655357361e-02 -1.339628458023071289e+00 4.479876756668090820e-01
-1.011747717857360840e+00 6.398198008537292480e-01 1.506454110145568848e+00 -9.770741462707519531e-01 1.506018042564392090e+00 -8.535819649696350098e-01 -1.248576045036315918e+00 -1.168289303779602051e+00 1.346460819244384766e+00 -2.306931912899017334e-01 -5.756866335868835449e-01 -1.109512209892272949e+00 -3.312264084815979004e-01 1.842111349105834961e-01 1.906430721282958984e+00 1.314708590507507324e+00 1.665177583694458008e+00 -1.495057791471481323e-01 -1.265548229217529297e+00 2.761657536029815674e-01
-1.206840157508850098e+00 1.098345041275024414e+00 1.240548610687255859e+00 -1.393193006515502930e+00 1.282293319702148438e+00 -8.517446517944335938e-01 -1.239107966423034668e+00 -1.277676820755004883e+00 1.218963027000427246e+00 -4.097727537155151367e-01 -4.838399887084960938e-01 -7.231323719024658203e-01 -5.229200720787048340e-01 6.288392543792724609e-01 1.732246279716491699e+00 1.365901231765747070e+00 1.723530530929565430e+00 -3.612918555736541748e-01 -1.146749854087829590e+00 -4.836884513497352600e-02
-1.365744352340698242e+00 1.596593737602233887e+00 1.320815920829772949e+00 -1.805027484893798828e+00 1.257534265518188477e+00 -1.036366939544677734e+00 -1.231064200401306152e+00 -1.479685664176940918e+00 1.347855091094970703e+00 -6.087220907211303711e-01 -5.114245414733886719e-01 -5.361084342002868652e-01 -6.665148138999938965e-01 8.696416616439819336e-01 1.777745008468627930e+00 1.447214484214782715e+00 1.851356506347656250e+00 -4.820609986782073975e-01 -1.179525136947631836e+00 -3.889655768871307373e-01
-1.427123785018920898e+00 1.896950125694274902e+00 1.382297754287719727e+00 -1.979312419891357422e+00 1.273117542266845703e+00 -1.168899774551391602e+00 -1.218371033668518066e+00 -1.585461497306823730e+00 1.468049049377441406e+00 -7.378780245780944824e-01 -5.271825194358825684e-01 -4.233952164649963379e-01 -7.184879779815673828e-01 9.678696393966674805e-01 1.785109996795654297e+00 1.450579047203063965e+00 1.884394764900207520e+00 -5.327917337417602539e-01 -1.171011090278625488e+00 -5.872705578804016113e-01
-1.423899173736572266e+00 2.062220096588134766e+00 1.412844777107238770e+00 -2.020965576171875000e+00 1.325030207633972168e+00 -1.280440688133239746e+00 -1.205641269683837891e+00 -1.632262110710144043e+00 1.583846807479858398e+00 -8.255745768547058105e-01 -5.246698856353759766e-01 -3.327873647212982178e-01 -6.848125457763671875e-01 1.010697603225708008e+00 1.780611395835876465e+00 1.434541344642639160e+00 1.861347317695617676e+00 -5.627844929695129395e-01 -1.109556913375854492e+00 -6.963288784027099609e-01
-1.417416930198669434e+00 2.158234119415283203e+00 1.424876213073730469e+00 -1.992127180099487305e+00 1.385055780410766602e+00 -1.369130373001098633e+00 -1.207749128341674805e+00 -1.654253005981445312e+00 1.675830841064453125e+00 -8.979861736297607422e-01 -5.141672492027282715e-01 -2.664242386817932129e-01 -6.186262369155883789e-01 1.035566806793212891e+00 1.783877253532409668e+00 1.420557260513305664e+00 1.821953773498535156e+00 -5.898751020431518555e-01 -1.032480001449584961e+00 -7.365524768829345703e-01
-1.408157825469970703e+00 2.230461120605468750e+00 1.439583420753479004e+00 -1.924567699432373047e+00 1.470385551452636719e+00 -1.461742877960205078e+00 -1.233426570892333984e+00 -1.670248746871948242e+00 1.757530808448791504e+00 -9.610367417335510254e-01 -4.962273240089416504e-01 -2.114553451538085938e-01 -5.244856476783752441e-01 1.055216431617736816e+00 1.803432464599609375e+00 1.407393813133239746e+00 1.772243261337280273e+00 -6.237463355064392090e-01 -9.455565214157104492e-01 -7.334479093551635742e-01
-1.384849905967712402e+00 2.269750118255615234e+00 1.464893460273742676e+00 -1.832812070846557617e+00 1.575670719146728516e+00 -1.538560152053833008e+00 -1.275056123733520508e+00 -1.668333768844604492e+00 1.835534930229187012e+00 -1.013648152351379395e+00 -4.739648699760437012e-01 -1.660263687372207642e-01 -4.197985529899597168e-01 1.052791953086853027e+00 1.837332487106323242e+00 1.394780635833740234e+00 1.710637450218200684e+00 -6.507521271705627441e-01 -8.612391948699951172e-01 -7.041961550712585449e-01
-1.345947623252868652e+00 2.276241302490234375e+00 1.514550328254699707e+00 -1.697501420974731445e+00 1.701555609703063965e+00 -1.590371489524841309e+00 -1.336567878723144531e+00 -1.642279744148254395e+00 1.909942746162414551e+00 -1.052185535430908203e+00 -4.645266830921173096e-01 -1.295223385095596313e-01 -3.179851770401000977e-01 1.024086117744445801e+00 1.863221287727355957e+00 1.372107505798339844e+00 1.622193455696105957e+00 -6.613456606864929199e-01 -7.930911183357238770e-01 -6.632876396179199219e-01
-1.240803837776184082e+00 2.198757171630859375e+00 1.548239946365356445e+00 -1.462430596351623535e+00 1.823827266693115234e+00 -1.604057550430297852e+00 -1.376186728477478027e+00 -1.548539280891418457e+00 1.939415931701660156e+00 -1.060743331909179688e+00 -4.733487069606781006e-01 -8.727813512086868286e-02 -2.031334191560745239e-01 9.458406567573547363e-01 1.850571513175964355e+00 1.288967132568359375e+00 1.457425951957702637e+00 -6.383509635925292969e-01 -6.941707730293273926e-01 -5.834887623786926270e-01
-9.977534413337707520e-01 1.964023590087890625e+00 1.530724644660949707e+00 -1.060423851013183594e+00 1.912354350090026855e+00 -1.501270532608032227e+00 -1.348684310913085938e+00 -1.339042782783508301e+00 1.855305075645446777e+00 -9.655013680458068848e-01 -5.334198474884033203e-01 -1.053372174501419067e-01 -1.186278611421585083e-01 6.811426877975463867e-01 1.760944366455078125e+00 1.085523724555969238e+00 1.180325746536254883e+00 -5.908397436141967773e-01 -6.166587471961975098e-01 -4.455669522285461426e-01
-7.546321153640747070e-01 1.510294914245605469e+00 1.733007311820983887e+00 -6.193574070930480957e-01 1.928982973098754883e+00 -1.438480734825134277e+00 -1.184235811233520508e+00 -1.236069560050964355e+00 1.757344245910644531e+00 -5.962302088737487793e-01 -7.726695537567138672e-01 -5.375474691390991211e-01 -1.531571298837661743e-01 1.074080094695091248e-01 1.788885951042175293e+00 8.024903535842895508e-01 1.004669189453125000e+00 -4.210951030254364014e-01 -8.218562602996826172e-01 -1.825055927038192749e-01
-7.062564492225646973e-01 1.372628092765808105e+00 2.080480337142944336e+00 -6.497358083724975586e-01 2.006642341613769531e+00 -1.351307868957519531e+00 -1.045602083206176758e+00 -1.350868225097656250e+00 1.875376701354980469e+00 -3.570748567581176758e-01 -1.120770096778869629e+00 -1.142343759536743164e+00 -3.353212475776672363e-01 -4.285340309143066406e-01 2.006370067596435547e+00 7.937747240066528320e-01 1.264104723930358887e+00 -2.469898611307144165e-01 -1.301645636558532715e+00 -1.519009023904800415e-01
-7.500583529472351074e-01 1.305988669395446777e+00 2.278185367584228516e+00 -7.436206340789794922e-01 1.974995136260986328e+00 -1.225102186203002930e+00 -9.922059774398803711e-01 -1.404934287071228027e+00 1.933527469635009766e+00 -2.778811156749725342e-01 -1.314245581626892090e+00 -1.462597727775573730e+00 -5.483623147010803223e-01 -6.125511527061462402e-01 2.094348192214965820e+00 8.286535739898681641e-01 1.506977319717407227e+00 -9.683591127395629883e-02 -1.635721683502197266e+00 -1.596343517303466797e-01
-7.909817695617675781e-01 1.282169580459594727e+00 2.349459886550903320e+00 -8.244380354881286621e-01 1.875059485435485840e+00 -1.130093455314636230e+00 -9.509007930755615234e-01 -1.423667311668395996e+00 1.933130502700805664e+00 -2.513783276081085205e-01 -1.378550648689270020e+00 -1.602676033973693848e+00 -7.075797319412231445e-01 -6.735144853591918945e-01 2.122222900390625000e+00 8.615027666091918945e-01 1.648658752441406250e+00 -1.293604448437690735e-02 -1.818381309509277344e+00 -1.898971199989318848e-01
-8.075895905494689941e-01 1.282798647880554199e+00 2.362725734710693359e+00 -9.125004410743713379e-01 1.803561568260192871e+00 -1.068012356758117676e+00 -9.000843763351440430e-01 -1.445443153381347656e+00 1.928228020668029785e+00 -2.478370368480682373e-01 -1.398485660552978516e+00 -1.658855676651000977e+00 -8.120853304862976074e-01 -6.838588714599609375e-01 2.120667934417724609e+00 8.953256011009216309e-01 1.749707221984863281e+00 3.963648155331611633e-02 -1.924186468124389648e+00 -2.515518963336944580e-01
-8.207695484161376953e-01 1.269849777221679688e+00 2.346661806106567383e+00 -9.725986719131469727e-01 1.755049347877502441e+00 -1.025442004203796387e+00 -8.750889301300048828e-01 -1.454364180564880371e+00 1.909475445747375488e+00 -2.492178678512573242e-01 -1.383974075317382812e+00 -1.674665689468383789e+00 -8.651071190834045410e-01 -6.618826985359191895e-01 2.109788179397583008e+00 9.423325657844543457e-01 1.818086385726928711e+00 8.739995956420898438e-02 -1.973582625389099121e+00 -2.989441454410552979e-01
-8.250222802162170410e-01 1.244498372077941895e+00 2.296905755996704102e+00 -1.012864828109741211e+00 1.690706610679626465e+00 -9.952620267868041992e-01 -8.464392423629760742e-01 -1.456270217895507812e+00 1.869907736778259277e+00 -2.436104714870452881e-01 -1.351008296012878418e+00 -1.673347473144531250e+00 -8.859752416610717773e-01 -6.307069063186645508e-01 2.080072164535522461e+00 9.732604026794433594e-01 1.853653550148010254e+00 1.177381873130798340e-01 -1.984086990356445312e+00 -3.252294063568115234e-01
-8.207665085792541504e-01 1.193639039993286133e+00 2.207191467285156250e+00 -1.025022745132446289e+00 1.622757673263549805e+00 -9.707847237586975098e-01 -7.998185157775878906e-01 -1.461411833763122559e+00 1.818052411079406738e+00 -2.366276383399963379e-01 -1.304865241050720215e+00 -1.667803883552551270e+00 -8.604864478111267090e-01 -5.980663299560546875e-01 2.032911777496337891e+00 9.778961539268493652e-01 1.858006358146667480e+00 1.297322660684585571e-01 -1.947808027267456055e+00 -3.138410747051239014e-01
-8.038286566734313965e-01 1.115281820297241211e+00 2.067321062088012695e+00 -1.003219842910766602e+00 1.556105494499206543e+00 -9.659686088562011719e-01 -7.297650575637817383e-01 -1.475946426391601562e+00 1.748485684394836426e+00 -2.320590019226074219e-01 -1.247020959854125977e+00 -1.639895200729370117e+00 -7.692680954933166504e-01 -5.619721412658691406e-01 1.958883047103881836e+00 9.408707022666931152e-01 1.808320045471191406e+00 1.112892180681228638e-01 -1.835005402565002441e+00 -2.607918977737426758e-01
-7.079487442970275879e-01 1.006555318832397461e+00 1.819679021835327148e+00 -9.154477119445800781e-01 1.518896579742431641e+00 -1.010643959045410156e+00 -6.022734642028808594e-01 -1.490430831909179688e+00 1.662380933761596680e+00 -2.201757431030273438e-01 -1.159586310386657715e+00 -1.534381270408630371e+00 -5.151743292808532715e-01 -5.204507708549499512e-01 1.825220704078674316e+00 7.907485365867614746e-01 1.625438690185546875e+00 7.004689425230026245e-03 -1.549634218215942383e+00 -1.569828391075134277e-01
-6.699990034103393555e-01 1.047055125236511230e+00 1.580481886863708496e+00 -8.306235671043395996e-01 1.571769475936889648e+00 -1.214643120765686035e+00 -5.662091970443725586e-01 -1.555013418197631836e+00 1.699361920356750488e+00 -2.623112797737121582e-01 -9.997178316116333008e-01 -1.306367039680480957e+00 -1.534338742494583130e-01 -3.271336257457733154e-01 1.767820358276367188e+00 6.377791166305541992e-01 1.437050580978393555e+00 -2.561262547969818115e-01 -1.161919474601745605e+00 -2.153431624174118042e-02
-7.369464039802551270e-01 1.124224901199340820e+00 1.572387456893920898e+00 -7.772415876388549805e-01 1.813304305076599121e+00 -1.444484353065490723e+00 -7.048573493957519531e-01 -1.657969594001770020e+00 1.867974877357482910e+00 -3.461952507495880127e-01 -9.043266177177429199e-01 -1.114631414413452148e+00 1.355474293231964111e-01 -4.685612767934799194e-02 1.823915004730224609e+00 6.528354287147521973e-01 1.375325560569763184e+00 -4.388805627822875977e-01 -9.337443113327026367e-01 4.215734452009201050e-02
-7.348828315734863281e-01 1.204300999641418457e+00 1.589785695075988770e+00 -7.469739317893981934e-01 1.983505010604858398e+00 -1.566637158393859863e+00 -8.045752048492431641e-01 -1.711683392524719238e+00 1.963022589683532715e+00 -3.674510717391967773e-01 -8.694347739219665527e-01 -1.014505267143249512e+00 2.879599332809448242e-01 4.228300601243972778e-02 1.868882060050964355e+00 6.727825999259948730e-01 1.324205756187438965e+00 -5.256161093711853027e-01 -8.326135873794555664e-01 9.159078821539878845e-03
-6.910485625267028809e-01 1.280901551246643066e+00 1.609229087829589844e+00 -7.405771017074584961e-01 2.080836772918701172e+00 -1.631483912467956543e+00 -8.390421867370605469e-01 -1.742252111434936523e+00 2.014386415481567383e+00 -3.542013466358184814e-01 -8.729186058044433594e-01 -9.913368225097656250e-01 3.456805944442749023e-01 2.724177017807960510e-02 1.893516540527343750e+00 6.699786186218261719e-01 1.300723195075988770e+00 -5.696650147438049316e-01 -8.055160641670227051e-01 -4.740474745631217957e-02
-6.281273961067199707e-01 1.358256697654724121e+00 1.621237993240356445e+00 -7.444289922714233398e-01 2.134634733200073242e+00 -1.668500304222106934e+00 -8.158234357833862305e-01 -1.768341302871704102e+00 2.047881126403808594e+00 -3.335564136505126953e-01 -9.051279425621032715e-01 -1.007439017295837402e+00 3.496664762496948242e-01 -4.452733695507049561e-02 1.897529602050781250e+00 6.496350765228271484e-01 1.289333462715148926e+00 -5.964874029159545898e-01 -8.129696846008300781e-01 -1.208542436361312866e-01
-5.505245327949523926e-01 1.433337688446044922e+00 1.610918998718261719e+00 -7.559725642204284668e-01 2.150378465652465820e+00 -1.679287314414978027e+00 -7.388535737991333008e-01 -1.788807392120361328e+00 2.058969020843505859e+00 -3.116688728332519531e-01 -9.580672979354858398e-01 -1.033732056617736816e+00 3.140798807144165039e-01 -1.452153027057647705e-01 1.869263410568237305e+00 6.146389842033386230e-01 1.278678417205810547e+00 -6.113141179084777832e-01 -8.314004540443420410e-01 -2.239367663860321045e-01
-4.725674986839294434e-01 1.517551898956298828e+00 1.597812891006469727e+00 -7.873759865760803223e-01 2.120994329452514648e+00 -1.651240110397338867e+00 -6.421203613281250000e-01 -1.796414613723754883e+00 2.035538196563720703e+00 -2.904313206672668457e-01 -1.025946140289306641e+00 -1.062634587287902832e+00 2.139970362186431885e-01 -2.727623581886291504e-01 1.809741616249084473e+00 5.789686441421508789e-01 1.277422904968261719e+00 -5.902318954467773438e-01 -8.858206272125244141e-01 -3.752396702766418457e-01
-4.309098422527313232e-01 1.589988708496093750e+00 1.579854846000671387e+00 -8.647028207778930664e-01 2.040800094604492188e+00 -1.553899884223937988e+00 -5.433402061462402344e-01 -1.786629199981689453e+00 1.982574343681335449e+00 -2.907310724258422852e-01 -1.107110619544982910e+00 -1.097163796424865723e+00 2.940126694738864899e-02 -3.768131434917449951e-01 1.711498498916625977e+00 5.375167727470397949e-01 1.322459816932678223e+00 -5.159093141555786133e-01 -9.882426857948303223e-01 -5.301778316497802734e-01
-4.555965363979339600e-01 1.545469641685485840e+00 1.510431766510009766e+00 -9.317246079444885254e-01 1.892220497131347656e+00 -1.398254036903381348e+00 -4.160926043987274170e-01 -1.748004198074340820e+00 1.877346158027648926e+00 -3.169977366924285889e-01 -1.169274806976318359e+00 -1.120845556259155273e+00 -1.558229476213455200e-01 -4.242043793201446533e-01 1.624136090278625488e+00 5.509425997734069824e-01 1.393767356872558594e+00 -4.316681027412414551e-01 -1.077331781387329102e+00 -6.281268596649169922e-01
-5.673161745071411133e-01 1.436475515365600586e+00 1.467772841453552246e+00 -9.704848527908325195e-01 1.745086193084716797e+00 -1.220792293548583984e+00 -3.712728917598724365e-01 -1.718760848045349121e+00 1.748873591423034668e+00 -3.685332834720611572e-01 -1.188389062881469727e+00 -1.131820678710937500e+00 -3.281269073486328125e-01 -3.464770317077636719e-01 1.516757011413574219e+00 6.635094285011291504e-01 1.503003358840942383e+00 -2.731603085994720459e-01 -1.179462552070617676e+00 -6.913251876831054688e-01
-7.174689769744873047e-01 1.264225959777832031e+00 1.387578725814819336e+00 -9.834545850753784180e-01 1.573075771331787109e+00 -1.002144336700439453e+00 -3.541599512100219727e-01 -1.661350727081298828e+00 1.535047769546508789e+00 -4.034021794795989990e-01 -1.144912600517272949e+00 -1.092468738555908203e+00 -4.620646834373474121e-01 -1.867024004459381104e-01 1.417694926261901855e+00 8.280201554298400879e-01 1.578922510147094727e+00 -1.073431819677352905e-01 -1.247513651847839355e+00 -7.095748782157897949e-01
-9.117798805236816406e-01 1.104197382926940918e+00 1.318908333778381348e+00 -1.034385561943054199e+00 1.444229841232299805e+00 -8.186594843864440918e-01 -4.018210470676422119e-01 -1.628321528434753418e+00 1.325909137725830078e+00 -4.422431588172912598e-01 -1.058836817741394043e+00 -1.030851721763610840e+00 -5.273523330688476562e-01 -9.582959115505218506e-03 1.425596952438354492e+00 1.023324012756347656e+00 1.627275824546813965e+00 -4.570946842432022095e-02 -1.291764616966247559e+00 -6.453145146369934082e-01
-1.062766075134277344e+00 1.020302653312683105e+00 1.272378921508789062e+00 -1.129446148872375488e+00 1.422886848449707031e+00 -7.936870455741882324e-01 -4.546073377132415771e-01 -1.627070903778076172e+00 1.248411774635314941e+00 -4.644989967346191406e-01 -1.016023039817810059e+00 -9.544519186019897461e-01 -5.168216824531555176e-01 2.001687288284301758e-01 1.462739229202270508e+00 1.129309415817260742e+00 1.655063271522521973e+00 -1.043103337287902832e-01 -1.241591930389404297e+00 -5.820833444595336914e-01
-1.184986352920532227e+00 9.691997170448303223e-01 1.243398904800415039e+00 -1.198952078819274902e+00 1.417373657226562500e+00 -8.568216562271118164e-01 -4.910140037536621094e-01 -1.643558502197265625e+00 1.212742090225219727e+00 -4.806498885154724121e-01 -9.923757314682006836e-01 -8.650865554809570312e-01 -4.496023058891296387e-01 4.264720678329467773e-01 1.513425588607788086e+00 1.168146729469299316e+00 1.654985189437866211e+00 -2.059681713581085205e-01 -1.138039946556091309e+00 -5.088233351707458496e-01
-1.270681500434875488e+00 9.698245525360107422e-01 1.243917703628540039e+00 -1.247511148452758789e+00 1.424821615219116211e+00 -9.633565545082092285e-01 -5.542041063308715820e-01 -1.704213738441467285e+00 1.226721286773681641e+00 -4.749145507812500000e-01 -9.468984603881835938e-01 -8.075284957885742188e-01 -3.640301823616027832e-01 6.016988158226013184e-01 1.579999089241027832e+00 1.194767951965332031e+00 1.663705110549926758e+00 -3.008970022201538086e-01 -1.060752272605895996e+00 -4.337269961833953857e-01
-1.320778727531433105e+00 1.023864388465881348e+00 1.245991826057434082e+00 -1.312468528747558594e+00 1.403195738792419434e+00 -1.065398335456848145e+00 -5.962237119674682617e-01 -1.779599189758300781e+00 1.252148389816284180e+00 -4.474258124828338623e-01 -9.213113188743591309e-01 -7.781195044517517090e-01 -3.195346593856811523e-01 7.128554582595825195e-01 1.621278166770935059e+00 1.175408482551574707e+00 1.677693009376525879e+00 -3.864459395408630371e-01 -1.022433638572692871e+00 -4.037203192710876465e-01
-1.340040802955627441e+00 1.144806265830993652e+00 1.259346008300781250e+00 -1.411294102668762207e+00 1.354719042778015137e+00 -1.155926704406738281e+00 -6.223121881484985352e-01 -1.853984951972961426e+00 1.274722099304199219e+00 -4.150078594684600830e-01 -9.096648097038269043e-01 -7.518088221549987793e-01 -3.322307467460632324e-01 7.772822976112365723e-01 1.634420633316040039e+00 1.129503607749938965e+00 1.696848869323730469e+00 -4.595550000667572021e-01 -1.022539377212524414e+00 -4.399996697902679443e-01
-1.343757510185241699e+00 1.337465643882751465e+00 1.302276372909545898e+00 -1.544909358024597168e+00 1.305894851684570312e+00 -1.246346473693847656e+00 -6.395514011383056641e-01 -1.944261670112609863e+00 1.309797406196594238e+00 -3.767769634723663330e-01 -9.281405806541442871e-01 -7.396355867385864258e-01 -3.974428176879882812e-01 8.111799359321594238e-01 1.636381864547729492e+00 1.058817625045776367e+00 1.730030298233032227e+00 -5.378117561340332031e-01 -1.074325084686279297e+00 -5.389565825462341309e-01
-1.339643955230712891e+00 1.570937156677246094e+00 1.356028079986572266e+00 -1.689692258834838867e+00 1.254537820816040039e+00 -1.286602616310119629e+00 -6.625238656997680664e-01 -2.021741628646850586e+00 1.349614381790161133e+00 -3.484059870243072510e-01 -9.843170642852783203e-01 -7.388990521430969238e-01 -5.351528525352478027e-01 7.899560928344726562e-01 1.618541359901428223e+00 9.645580053329467773e-01 1.762241005897521973e+00 -5.974691510200500488e-01 -1.186773300170898438e+00 -6.808698773384094238e-01
-1.319151520729064941e+00 1.769034266471862793e+00 1.410434603691101074e+00 -1.800113916397094727e+00 1.244191646575927734e+00 -1.288007497787475586e+00 -7.105470895767211914e-01 -2.061624765396118164e+00 1.383886218070983887e+00 -3.301846385002136230e-01 -1.027934074401855469e+00 -7.329215407371520996e-01 -6.662839055061340332e-01 7.382730245590209961e-01 1.598072886466979980e+00 9.109479188919067383e-01 1.785357356071472168e+00 -6.068347096443176270e-01 -1.301200747489929199e+00 -8.350453376770019531e-01
-1.282937407493591309e+00 1.886466503143310547e+00 1.452644586563110352e+00 -1.857007026672363281e+00 1.249181628227233887e+00 -1.260864138603210449e+00 -7.468041181564331055e-01 -2.066704273223876953e+00 1.407205820083618164e+00 -3.231106400489807129e-01 -1.065422177314758301e+00 -7.300715446472167969e-01 -7.685146927833557129e-01 6.568440794944763184e-01 1.574954867362976074e+00 8.856425285339355469e-01 1.794206380844116211e+00 -5.808253288269042969e-01 -1.395177364349365234e+00 -9.639948606491088867e-01
-1.233140587806701660e+00 1.949343919754028320e+00 1.478273630142211914e+00 -1.872322440147399902e+00 1.273760676383972168e+00 -1.232728362083435059e+00 -7.740708589553833008e-01 -2.041967153549194336e+00 1.454570174217224121e+00 -3.376804590225219727e-01 -1.093237280845642090e+00 -7.206373214721679688e-01 -8.448865413665771484e-01 5.804913640022277832e-01 1.536730647087097168e+00 8.758302927017211914e-01 1.796386241912841797e+00 -5.255032181739807129e-01 -1.449860334396362305e+00 -1.060626864433288574e+00
-1.199609398841857910e+00 1.948297023773193359e+00 1.468914270401000977e+00 -1.852259278297424316e+00 1.303993105888366699e+00 -1.188147902488708496e+00 -7.819303274154663086e-01 -2.016645193099975586e+00 1.462811946868896484e+00 -3.543502688407897949e-01 -1.107192635536193848e+00 -7.211315631866455078e-01 -8.794596791267395020e-01 5.255386233329772949e-01 1.496947407722473145e+00 8.683005571365356445e-01 1.790594458580017090e+00 -4.646553099155426025e-01 -1.463685750961303711e+00 -1.093782305717468262e+00
-1.168794512748718262e+00 1.902852296829223633e+00 1.426102161407470703e+00 -1.809495806694030762e+00 1.318875670433044434e+00 -1.133629441261291504e+00 -7.749077081680297852e-01 -1.986839413642883301e+00 1.452533602714538574e+00 -3.691997230052947998e-01 -1.097558736801147461e+00 -7.249110341072082520e-01 -8.810810446739196777e-01 4.975069463253021240e-01 1.448804020881652832e+00 8.620652556419372559e-01 1.786901235580444336e+00 -4.143561720848083496e-01 -1.453680038452148438e+00 -1.082599163055419922e+00
-1.139764308929443359e+00 1.810292124748229980e+00 1.347853302955627441e+00 -1.731001019477844238e+00 1.316764116287231445e+00 -1.074615955352783203e+00 -7.528053522109985352e-01 -1.950910091400146484e+00 1.430669188499450684e+00 -3.811056315898895264e-01 -1.067628979682922363e+00 -7.375360727310180664e-01 -8.458063006401062012e-01 4.924852848052978516e-01 1.389533638954162598e+00 8.491382002830505371e-01 1.784137129783630371e+00 -3.803877830505371094e-01 -1.417490124702453613e+00 -1.021121859550476074e+00
-1.107202053070068359e+00 1.614729881286621094e+00 1.246178984642028809e+00 -1.600426912307739258e+00 1.340977668762207031e+00 -1.012545704841613770e+00 -7.018558979034423828e-01 -1.899159193038940430e+00 1.432772278785705566e+00 -3.963743746280670166e-01 -1.038923144340515137e+00 -7.760238051414489746e-01 -7.406914234161376953e-01 4.854166507720947266e-01 1.347432255744934082e+00 8.415558934211730957e-01 1.788411855697631836e+00 -3.661192953586578369e-01 -1.341953277587890625e+00 -8.962319493293762207e-01
-1.065540432929992676e+00 1.324586987495422363e+00 1.174877285957336426e+00 -1.400010466575622559e+00 1.387243151664733887e+00 -9.515689015388488770e-01 -6.098270416259765625e-01 -1.803187012672424316e+00 1.412261605262756348e+00 -4.311921000480651855e-01 -1.022952914237976074e+00 -7.968719601631164551e-01 -5.791875123977661133e-01 4.662708342075347900e-01 1.336905717849731445e+00 8.336254358291625977e-01 1.736966490745544434e+00 -3.322581350803375244e-01 -1.207398533821105957e+00 -7.120836973190307617e-01
-1.056666851043701172e+00 9.381502270698547363e-01 1.196784734725952148e+00 -1.132786512374877930e+00 1.431751012802124023e+00 -9.310138821601867676e-01 -5.255579948425292969e-01 -1.666313171386718750e+00 1.384650468826293945e+00 -4.316755235195159912e-01 -1.012173771858215332e+00 -8.505138158798217773e-01 -3.545819520950317383e-01 4.409525096416473389e-01 1.430621266365051270e+00 8.452842235565185547e-01 1.643180966377258301e+00 -2.984535396099090576e-01 -1.068679332733154297e+00 -4.171600639820098877e-01
-9.971891641616821289e-01 6.173620223999023438e-01 1.336079239845275879e+00 -8.255131244659423828e-01 1.599127173423767090e+00 -1.053927063941955566e+00 -5.302526950836181641e-01 -1.565503716468811035e+00 1.451985478401184082e+00 -4.036995172500610352e-01 -9.709606766700744629e-01 -9.399011731147766113e-01 -2.981664240360260010e-02 3.301806151866912842e-01 1.633718967437744141e+00 9.325203299522399902e-01 1.520101666450500488e+00 -2.715130448341369629e-01 -9.266724586486816406e-01 -1.442668884992599487e-01
-9.190601706504821777e-01 4.728329777717590332e-01 1.533926129341125488e+00 -6.341388821601867676e-01 1.757962346076965332e+00 -1.187598586082458496e+00 -5.350285768508911133e-01 -1.513837337493896484e+00 1.594960570335388184e+00 -3.859704732894897461e-01 -9.944462180137634277e-01 -1.060821294784545898e+00 2.005717307329177856e-01 1.219025850296020508e-01 1.852257370948791504e+00 9.904209971427917480e-01 1.418869256973266602e+00 -2.425073981285095215e-01 -8.892075419425964355e-01 -2.409175038337707520e-03
-8.177282214164733887e-01 3.984020948410034180e-01 1.698723912239074707e+00 -5.212672948837280273e-01 1.862341642379760742e+00 -1.302986979484558105e+00 -4.801654517650604248e-01 -1.477949380874633789e+00 1.699393749237060547e+00 -3.565730750560760498e-01 -1.041355609893798828e+00 -1.160953879356384277e+00 3.568474054336547852e-01 -7.230249792337417603e-02 2.013030052185058594e+00 1.009806036949157715e+00 1.327043771743774414e+00 -2.321934252977371216e-01 -8.823369741439819336e-01 6.280341744422912598e-02
-7.202833890914916992e-01 4.592772722244262695e-01 1.852777481079101562e+00 -5.387790203094482422e-01 1.985946297645568848e+00 -1.443616151809692383e+00 -3.966940641403198242e-01 -1.530185699462890625e+00 1.816366791725158691e+00 -3.330824077129364014e-01 -1.137679934501647949e+00 -1.233180642127990723e+00 3.970841765403747559e-01 -2.015770673751831055e-01 2.132002115249633789e+00 9.992589950561523438e-01 1.312927484512329102e+00 -2.614595890045166016e-01 -9.234982728958129883e-01 5.751624703407287598e-04
-6.394956111907958984e-01 6.318460106849670410e-01 1.977407455444335938e+00 -6.863723993301391602e-01 2.062024831771850586e+00 -1.535127401351928711e+00 -2.792227268218994141e-01 -1.607060194015502930e+00 1.914375543594360352e+00 -3.285024464130401611e-01 -1.207310199737548828e+00 -1.292598485946655273e+00 3.336656093597412109e-01 -3.245884478092193604e-01 2.196828126907348633e+00 9.623075723648071289e-01 1.336826920509338379e+00 -3.074519038200378418e-01 -1.000840544700622559e+00 -1.519077271223068237e-01
-5.652291178703308105e-01 9.261978864669799805e-01 2.088569402694702148e+00 -8.807898759841918945e-01 2.042916297912597656e+00 -1.606921195983886719e+00 -2.732038497924804688e-01 -1.623795032501220703e+00 1.988131403923034668e+00 -3.309975564479827881e-01 -1.218442678451538086e+00 -1.247351408004760742e+00 1.563854515552520752e-01 -3.888602554798126221e-01 2.203155755996704102e+00 9.498208165168762207e-01 1.359015941619873047e+00 -3.478603065013885498e-01 -1.101474523544311523e+00 -3.755803406238555908e-01
-5.309152603149414062e-01 1.222533822059631348e+00 2.098249197006225586e+00 -1.074083924293518066e+00 1.896578907966613770e+00 -1.594587683677673340e+00 -2.985995411872863770e-01 -1.586982846260070801e+00 1.987055659294128418e+00 -3.444937467575073242e-01 -1.190096616744995117e+00 -1.125576496124267578e+00 -7.235030084848403931e-02 -3.754324913024902344e-01 2.131145715713500977e+00 9.400257468223571777e-01 1.368840813636779785e+00 -3.645843267440795898e-01 -1.182588815689086914e+00 -6.091150641441345215e-01
-4.831340610980987549e-01 1.396855831146240234e+00 2.002843856811523438e+00 -1.215573668479919434e+00 1.716707944869995117e+00 -1.502934694290161133e+00 -3.161976933479309082e-01 -1.506587624549865723e+00 1.927490472793579102e+00 -3.490833342075347900e-01 -1.136366844177246094e+00 -9.597135782241821289e-01 -2.591275572776794434e-01 -3.098324537277221680e-01 1.966744184494018555e+00 8.986413478851318359e-01 1.353097319602966309e+00 -3.392571806907653809e-01 -1.203126907348632812e+00 -8.123021125793457031e-01
-4.848492741584777832e-01 1.469560503959655762e+00 1.836746454238891602e+00 -1.333192944526672363e+00 1.526858091354370117e+00 -1.398476004600524902e+00 -2.960471808910369873e-01 -1.469388604164123535e+00 1.830207705497741699e+00 -3.502995073795318604e-01 -1.059433817863464355e+00 -8.150863051414489746e-01 -3.742426633834838867e-01 -2.028901875019073486e-01 1.797198057174682617e+00 8.647567033767700195e-01 1.348281145095825195e+00 -3.468825817108154297e-01 -1.169642686843872070e+00 -9.405406713485717773e-01
-5.904698371887207031e-01 1.485795140266418457e+00 1.709008097648620605e+00 -1.451898932456970215e+00 1.401736736297607422e+00 -1.318407177925109863e+00 -3.152158260345458984e-01 -1.491746902465820312e+00 1.718792557716369629e+00 -3.847726285457611084e-01 -1.008436679840087891e+00 -6.664998531341552734e-01 -4.498710036277770996e-01 6.919018924236297607e-03 1.672371029853820801e+00 8.406903147697448730e-01 1.360419750213623047e+00 -3.659071028232574463e-01 -1.121780395507812500e+00 -9.949457049369812012e-01
-7.714575529098510742e-01 1.492717385292053223e+00 1.586111903190612793e+00 -1.575475573539733887e+00 1.330620646476745605e+00 -1.265075802803039551e+00 -3.699616491794586182e-01 -1.545807123184204102e+00 1.613284111022949219e+00 -4.660403132438659668e-01 -9.665763974189758301e-01 -5.243186354637145996e-01 -4.834388494491577148e-01 2.923018336296081543e-01 1.604222416877746582e+00 8.890822529792785645e-01 1.420780301094055176e+00 -3.988521993160247803e-01 -1.068542599678039551e+00 -9.902058243751525879e-01
-9.509322643280029297e-01 1.498274803161621094e+00 1.503498673439025879e+00 -1.688308477401733398e+00 1.334977984428405762e+00 -1.261415481567382812e+00 -4.496022164821624756e-01 -1.635967135429382324e+00 1.566634654998779297e+00 -5.429311394691467285e-01 -9.287488460540771484e-01 -4.638679623603820801e-01 -4.713376760482788086e-01 5.497252345085144043e-01 1.605072617530822754e+00 9.709091782569885254e-01 1.545822381973266602e+00 -4.522656798362731934e-01 -1.039404749870300293e+00 -9.240463972091674805e-01
-1.112013578414916992e+00 1.461382150650024414e+00 1.406597256660461426e+00 -1.747097015380859375e+00 1.370181798934936523e+00 -1.240537285804748535e+00 -5.168425440788269043e-01 -1.688868165016174316e+00 1.513508677482604980e+00 -6.320258975028991699e-01 -8.844631910324096680e-01 -4.097809791564941406e-01 -4.158366918563842773e-01 7.833755016326904297e-01 1.619289278984069824e+00 1.023058533668518066e+00 1.631090998649597168e+00 -5.234425067901611328e-01 -9.782584905624389648e-01 -7.978283762931823730e-01
-1.271348476409912109e+00 1.408538460731506348e+00 1.355471491813659668e+00 -1.711863279342651367e+00 1.423793196678161621e+00 -1.266121149063110352e+00 -5.782196521759033203e-01 -1.765130877494812012e+00 1.486401200294494629e+00 -7.000717520713806152e-01 -8.531850576400756836e-01 -4.195624589920043945e-01 -3.349934816360473633e-01 9.611322879791259766e-01 1.668688058853149414e+00 1.091745853424072266e+00 1.708863019943237305e+00 -5.793828368186950684e-01 -9.240198731422424316e-01 -6.469790339469909668e-01
-1.380302309989929199e+00 1.397779107093811035e+00 1.365360617637634277e+00 -1.652845978736877441e+00 1.498848080635070801e+00 -1.339636325836181641e+00 -6.797354221343994141e-01 -1.837470769882202148e+00 1.504736065864562988e+00 -7.317953705787658691e-01 -7.967843413352966309e-01 -4.480853378772735596e-01 -2.602681517601013184e-01 1.063766479492187500e+00 1.759546041488647461e+00 1.182626605033874512e+00 1.772807240486145020e+00 -6.154209375381469727e-01 -8.975234031677246094e-01 -5.263532400131225586e-01
-1.425180435180664062e+00 1.408955216407775879e+00 1.386432290077209473e+00 -1.608352899551391602e+00 1.516175031661987305e+00 -1.390859842300415039e+00 -7.376012802124023438e-01 -1.865282177925109863e+00 1.512231230735778809e+00 -7.323821187019348145e-01 -7.648938894271850586e-01 -4.552281498908996582e-01 -2.393042296171188354e-01 1.097301363945007324e+00 1.794827818870544434e+00 1.213311791419982910e+00 1.775667071342468262e+00 -6.237372159957885742e-01 -8.945295810699462891e-01 -4.806186556816101074e-01
-1.431677460670471191e+00 1.432464122772216797e+00 1.404919266700744629e+00 -1.589558243751525879e+00 1.479627966880798340e+00 -1.424743413925170898e+00 -7.556666135787963867e-01 -1.866650462150573730e+00 1.478407382965087891e+00 -7.061854004859924316e-01 -7.383701801300048828e-01 -4.468535184860229492e-01 -2.542653083801269531e-01 1.101826190948486328e+00 1.794908523559570312e+00 1.208593726158142090e+00 1.742934942245483398e+00 -6.290013790130615234e-01 -9.027557373046875000e-01 -4.772891998291015625e-01
-1.414065957069396973e+00 1.475658535957336426e+00 1.422687411308288574e+00 -1.599319219589233398e+00 1.404438138008117676e+00 -1.442054510116577148e+00 -7.481286525726318359e-01 -1.851178884506225586e+00 1.417797803878784180e+00 -6.635105013847351074e-01 -7.233996391296386719e-01 -4.322171509265899658e-01 -3.109344244003295898e-01 1.081103205680847168e+00 1.774829268455505371e+00 1.179041862487792969e+00 1.692354559898376465e+00 -6.317151188850402832e-01 -9.292367100715637207e-01 -5.077563524246215820e-01
-1.374198913574218750e+00 1.511904597282409668e+00 1.433726429939270020e+00 -1.616652131080627441e+00 1.291478753089904785e+00 -1.431516051292419434e+00 -7.220394611358642578e-01 -1.821494102478027344e+00 1.337677836418151855e+00 -5.905475020408630371e-01 -7.322397828102111816e-01 -4.398627281188964844e-01 -4.079776406288146973e-01 1.031058073043823242e+00 1.727313518524169922e+00 1.120119810104370117e+00 1.643512010574340820e+00 -6.199167966842651367e-01 -9.847573041915893555e-01 -5.450196862220764160e-01
-1.248009562492370605e+00 1.512888312339782715e+00 1.449875831604003906e+00 -1.620989918708801270e+00 1.201055169105529785e+00 -1.381067752838134766e+00 -6.931266784667968750e-01 -1.735178470611572266e+00 1.286815285682678223e+00 -4.668096303939819336e-01 -7.706097364425659180e-01 -4.705023765563964844e-01 -5.279500484466552734e-01 9.167248010635375977e-01 1.641458511352539062e+00 1.016484856605529785e+00 1.584104537963867188e+00 -5.499026775360107422e-01 -1.053979635238647461e+00 -5.942354798316955566e-01
-9.858277440071105957e-01 1.441347479820251465e+00 1.504927873611450195e+00 -1.557191491127014160e+00 1.168764591217041016e+00 -1.248114347457885742e+00 -6.833757162094116211e-01 -1.528918385505676270e+00 1.260976433753967285e+00 -3.011322915554046631e-01 -8.408021926879882812e-01 -5.503853559494018555e-01 -6.689193248748779297e-01 6.319119930267333984e-01 1.546017885208129883e+00 8.406057953834533691e-01 1.469757318496704102e+00 -4.093561172485351562e-01 -1.158662915229797363e+00 -6.051492691040039062e-01
-6.944401264190673828e-01 1.332292318344116211e+00 1.610914945602416992e+00 -1.476422548294067383e+00 1.287781596183776855e+00 -1.078318715095520020e+00 -7.155519723892211914e-01 -1.285853266716003418e+00 1.352178454399108887e+00 -2.016017436981201172e-01 -9.025948643684387207e-01 -6.848169565200805664e-01 -7.543059587478637695e-01 2.691394984722137451e-01 1.601472258567810059e+00 7.441639304161071777e-01 1.415477871894836426e+00 -2.693073451519012451e-01 -1.253093957901000977e+00 -5.589845180511474609e-01
-5.071163177490234375e-01 1.155159115791320801e+00 1.687171578407287598e+00 -1.316616535186767578e+00 1.487330675125122070e+00 -9.450350403785705566e-01 -7.710909843444824219e-01 -1.116710305213928223e+00 1.529252886772155762e+00 -1.820984482765197754e-01 -9.616622924804687500e-01 -8.858821988105773926e-01 -7.265153527259826660e-01 -3.328097611665725708e-02 1.716258883476257324e+00 7.208874821662902832e-01 1.444199681282043457e+00 -1.574315130710601807e-01 -1.297637701034545898e+00 -3.793229758739471436e-01
-4.849779009819030762e-01 1.026794910430908203e+00 1.782639145851135254e+00 -1.162344694137573242e+00 1.742926478385925293e+00 -9.236918687820434570e-01 -9.197957515716552734e-01 -1.095170617103576660e+00 1.724231362342834473e+00 -2.141365110874176025e-01 -9.507889151573181152e-01 -1.097006559371948242e+00 -6.453949213027954102e-01 -2.006514966487884521e-01 1.855651140213012695e+00 8.324247002601623535e-01 1.562512278556823730e+00 -7.128828763961791992e-02 -1.356473803520202637e+00 -1.689510047435760498e-01
-5.406714081764221191e-01 9.391747713088989258e-01 1.813588023185729980e+00 -1.070465207099914551e+00 1.937528014183044434e+00 -9.334476590156555176e-01 -1.063178181648254395e+00 -1.136797070503234863e+00 1.850917100906372070e+00 -2.651044130325317383e-01 -8.893460631370544434e-01 -1.218491673469543457e+00 -5.509126186370849609e-01 -2.406959831714630127e-01 1.970657348632812500e+00 9.636499285697937012e-01 1.664618492126464844e+00 -3.271350264549255371e-02 -1.370354890823364258e+00 9.937055408954620361e-03
-6.135510206222534180e-01 8.502468466758728027e-01 1.768661737442016602e+00 -9.727183580398559570e-01 2.052464962005615234e+00 -9.195495843887329102e-01 -1.201855540275573730e+00 -1.149564504623413086e+00 1.897374391555786133e+00 -3.141034543514251709e-01 -7.851934432983398438e-01 -1.277458310127258301e+00 -4.378866553306579590e-01 -2.348195612430572510e-01 2.044107198715209961e+00 1.091810822486877441e+00 1.720404982566833496e+00 -1.336210966110229492e-02 -1.333856582641601562e+00 1.821339577436447144e-01
-7.154517173767089844e-01 7.844238877296447754e-01 1.667802691459655762e+00 -8.994095325469970703e-01 2.088901519775390625e+00 -8.809526562690734863e-01 -1.330973744392395020e+00 -1.145552873611450195e+00 1.857524633407592773e+00 -3.635065555572509766e-01 -6.626688838005065918e-01 -1.259545564651489258e+00 -3.326297998428344727e-01 -1.878519654273986816e-01 2.078057765960693359e+00 1.211998701095581055e+00 1.733761191368103027e+00 -4.283033311367034912e-03 -1.256957054138183594e+00 3.083204627037048340e-01
-8.418748974800109863e-01 7.896804213523864746e-01 1.581342220306396484e+00 -8.612571954727172852e-01 2.099626541137695312e+00 -8.449202775955200195e-01 -1.476052165031433105e+00 -1.121095180511474609e+00 1.823363900184631348e+00 -4.545566439628601074e-01 -5.379043221473693848e-01 -1.176643013954162598e+00 -2.511056065559387207e-01 -7.196284085512161255e-02 2.094704627990722656e+00 1.346731424331665039e+00 1.749626636505126953e+00 -3.773000091314315796e-03 -1.179488539695739746e+00 3.596032261848449707e-01
-9.940406084060668945e-01 8.728807568550109863e-01 1.497333526611328125e+00 -8.898443579673767090e-01 2.087454557418823242e+00 -8.454237580299377441e-01 -1.614889264106750488e+00 -1.100240707397460938e+00 1.810606479644775391e+00 -5.935591459274291992e-01 -3.883101046085357666e-01 -1.019854545593261719e+00 -1.473197937011718750e-01 1.539715379476547241e-01 2.102296113967895508e+00 1.539695739746093750e+00 1.768489837646484375e+00 -5.658290535211563110e-02 -1.072309136390686035e+00 3.459794223308563232e-01
-1.127567768096923828e+00 1.023257613182067871e+00 1.396159052848815918e+00 -1.009401559829711914e+00 1.989315271377563477e+00 -8.553493618965148926e-01 -1.656570434570312500e+00 -1.078085064888000488e+00 1.726795554161071777e+00 -7.265027165412902832e-01 -2.797555923461914062e-01 -7.541632652282714844e-01 -6.877582520246505737e-02 4.288491904735565186e-01 2.029225826263427734e+00 1.666248917579650879e+00 1.705008268356323242e+00 -1.241688728332519531e-01 -9.229321479797363281e-01 2.174649685621261597e-01
-1.251393795013427734e+00 1.293695330619812012e+00 1.368867278099060059e+00 -1.175719738006591797e+00 1.789106845855712891e+00 -9.613509774208068848e-01 -1.595442771911621094e+00 -1.130623698234558105e+00 1.613845348358154297e+00 -8.201630115509033203e-01 -2.203016877174377441e-01 -5.139693021774291992e-01 -1.125552505254745483e-01 6.463627815246582031e-01 1.916210412979125977e+00 1.730540990829467773e+00 1.644373059272766113e+00 -2.028451263904571533e-01 -8.731765747070312500e-01 -3.573507443070411682e-02
-1.314109563827514648e+00 1.602377653121948242e+00 1.433461189270019531e+00 -1.363459587097167969e+00 1.625690698623657227e+00 -1.101654291152954102e+00 -1.489249706268310547e+00 -1.202049374580383301e+00 1.558703660964965820e+00 -9.031345844268798828e-01 -2.374667227268218994e-01 -3.511777520179748535e-01 -2.345724850893020630e-01 7.252450585365295410e-01 1.874787449836730957e+00 1.736996412277221680e+00 1.592748284339904785e+00 -2.798709869384765625e-01 -9.111243486404418945e-01 -3.185402750968933105e-01
-1.320747852325439453e+00 1.834693312644958496e+00 1.500443696975708008e+00 -1.492966175079345703e+00 1.506780266761779785e+00 -1.194838047027587891e+00 -1.383608102798461914e+00 -1.233454465866088867e+00 1.524057388305664062e+00 -9.608852267265319824e-01 -2.982741594314575195e-01 -2.258214950561523438e-01 -3.477848172187805176e-01 7.263135910034179688e-01 1.840319991111755371e+00 1.700663208961486816e+00 1.511907219886779785e+00 -3.192164599895477295e-01 -9.504373073577880859e-01 -5.492980480194091797e-01
-1.305874824523925781e+00 1.995265126228332520e+00 1.556665062904357910e+00 -1.568724989891052246e+00 1.434116601943969727e+00 -1.218133568763732910e+00 -1.312285304069519043e+00 -1.241050243377685547e+00 1.531817078590393066e+00 -1.001281976699829102e+00 -3.803784847259521484e-01 -1.540827304124832153e-01 -4.558768868446350098e-01 6.584645509719848633e-01 1.804682493209838867e+00 1.646889090538024902e+00 1.436763167381286621e+00 -3.122152984142303467e-01 -1.006805777549743652e+00 -7.315707802772521973e-01
-1.257325053215026855e+00 2.088452100753784180e+00 1.602122068405151367e+00 -1.594592809677124023e+00 1.409087419509887695e+00 -1.204564690589904785e+00 -1.262430787086486816e+00 -1.214435815811157227e+00 1.556324362754821777e+00 -1.034847378730773926e+00 -4.536425769329071045e-01 -1.017374619841575623e-01 -5.318127274513244629e-01 5.471976399421691895e-01 1.777638077735900879e+00 1.595530867576599121e+00 1.350978970527648926e+00 -2.793678939342498779e-01 -1.043230891227722168e+00 -8.638167381286621094e-01
-1.158658146858215332e+00 2.115581274032592773e+00 1.659708499908447266e+00 -1.565399408340454102e+00 1.467336535453796387e+00 -1.142249345779418945e+00 -1.234681010246276855e+00 -1.125692963600158691e+00 1.592939257621765137e+00 -1.079495906829833984e+00 -5.397100448608398438e-01 -6.199919432401657104e-02 -5.897830724716186523e-01 3.784990310668945312e-01 1.765126228332519531e+00 1.527397274971008301e+00 1.232914090156555176e+00 -1.976387351751327515e-01 -1.054324030876159668e+00 -9.330512285232543945e-01
-9.256119728088378906e-01 2.064751863479614258e+00 1.740247845649719238e+00 -1.424661993980407715e+00 1.643699407577514648e+00 -1.048426747322082520e+00 -1.207216739654541016e+00 -9.544379711151123047e-01 1.697861909866333008e+00 -1.109912037849426270e+00 -6.376643180847167969e-01 -7.069475203752517700e-02 -6.291291117668151855e-01 8.401118218898773193e-02 1.738866806030273438e+00 1.393351793289184570e+00 1.084876060485839844e+00 -9.491406381130218506e-02 -1.056152105331420898e+00 -9.389347434043884277e-01
-5.480337142944335938e-01 1.885941505432128906e+00 1.841331481933593750e+00 -1.157613277435302734e+00 1.941904306411743164e+00 -1.048717379570007324e+00 -1.146750092506408691e+00 -8.327336907386779785e-01 1.951522707939147949e+00 -9.645896553993225098e-01 -7.572839260101318359e-01 -3.649131059646606445e-01 -5.714353322982788086e-01 -3.422872126102447510e-01 1.829464077949523926e+00 1.169612526893615723e+00 1.093169331550598145e+00 -1.008107960224151611e-01 -1.095483422279357910e+00 -7.874795794486999512e-01
-4.221286177635192871e-01 1.534937739372253418e+00 1.956096649169921875e+00 -8.686000704765319824e-01 2.223921775817871094e+00 -1.101237297058105469e+00 -1.108913302421569824e+00 -9.519975781440734863e-01 2.129070043563842773e+00 -7.194293737411499023e-01 -8.432254791259765625e-01 -8.437667489051818848e-01 -4.426433444023132324e-01 -5.670945048332214355e-01 1.963928937911987305e+00 9.977656602859497070e-01 1.251820206642150879e+00 -1.392526179552078247e-01 -1.182958960533142090e+00 -4.155222773551940918e-01
-4.563446938991546631e-01 1.337853074073791504e+00 2.033983945846557617e+00 -7.868918776512145996e-01 2.319704055786132812e+00 -1.202610373497009277e+00 -1.132438063621520996e+00 -1.164014339447021484e+00 2.194316148757934570e+00 -5.091473460197448730e-01 -9.286191463470458984e-01 -1.184118390083312988e+00 -3.468394279479980469e-01 -6.027077436447143555e-01 2.085306882858276367e+00 9.540829062461853027e-01 1.441561818122863770e+00 -1.717263609170913696e-01 -1.303093075752258301e+00 -1.507098972797393799e-01
-5.150923132896423340e-01 1.219895839691162109e+00 2.051605463027954102e+00 -7.460352778434753418e-01 2.322504043579101562e+00 -1.247717261314392090e+00 -1.160741090774536133e+00 -1.289829850196838379e+00 2.194077730178833008e+00 -3.780994117259979248e-01 -9.602540731430053711e-01 -1.365403413772583008e+00 -2.874481678009033203e-01 -6.033798456192016602e-01 2.154553413391113281e+00 9.527823925018310547e-01 1.538343667984008789e+00 -1.949810087680816650e-01 -1.363807201385498047e+00 1.413103379309177399e-02
-5.576078295707702637e-01 1.161504268646240234e+00 2.049963474273681641e+00 -7.171053290367126465e-01 2.295342922210693359e+00 -1.262138605117797852e+00 -1.196347594261169434e+00 -1.352421402931213379e+00 2.174680948257446289e+00 -3.025663197040557861e-01 -9.617825150489807129e-01 -1.468794941902160645e+00 -2.616775631904602051e-01 -6.074771881103515625e-01 2.185840129852294922e+00 9.558219909667968750e-01 1.589226365089416504e+00 -2.036263048648834229e-01 -1.401984333992004395e+00 1.223700791597366333e-01
-6.000236868858337402e-01 1.156300306320190430e+00 2.062088012695312500e+00 -7.136446833610534668e-01 2.269435405731201172e+00 -1.267542362213134766e+00 -1.247331738471984863e+00 -1.395546317100524902e+00 2.161001443862915039e+00 -2.615281343460083008e-01 -9.577353000640869141e-01 -1.539230346679687500e+00 -2.679689526557922363e-01 -6.100668907165527344e-01 2.209348678588867188e+00 9.744405150413513184e-01 1.637068271636962891e+00 -2.023919671773910522e-01 -1.451134562492370605e+00 1.848314851522445679e-01
-6.419193148612976074e-01 1.196814298629760742e+00 2.087477207183837891e+00 -7.313370704650878906e-01 2.233792066574096680e+00 -1.269575834274291992e+00 -1.308967828750610352e+00 -1.424633026123046875e+00 2.146052122116088867e+00 -2.386139333248138428e-01 -9.470691680908203125e-01 -1.585126519203186035e+00 -3.028839230537414551e-01 -6.155652999877929688e-01 2.229744911193847656e+00 1.001532077789306641e+00 1.680181384086608887e+00 -1.983809173107147217e-01 -1.511744976043701172e+00 2.088385820388793945e-01
-6.919927597045898438e-01 1.292541384696960449e+00 2.126811265945434570e+00 -7.674623727798461914e-01 2.157810449600219727e+00 -1.259402990341186523e+00 -1.389070510864257812e+00 -1.421454310417175293e+00 2.115113019943237305e+00 -2.360567450523376465e-01 -9.174574613571166992e-01 -1.597760558128356934e+00 -3.810141086578369141e-01 -6.262229084968566895e-01 2.245198965072631836e+00 1.046150922775268555e+00 1.707645177841186523e+00 -1.905005127191543579e-01 -1.590276598930358887e+00 1.921195536851882935e-01
-7.742754220962524414e-01 1.446602702140808105e+00 2.189550399780273438e+00 -7.955320477485656738e-01 2.015621662139892578e+00 -1.256819725036621094e+00 -1.482390522956848145e+00 -1.390971541404724121e+00 2.023882865905761719e+00 -2.637034356594085693e-01 -8.566719293594360352e-01 -1.545263409614562988e+00 -5.193749070167541504e-01 -6.112794280052185059e-01 2.219433784484863281e+00 1.122496962547302246e+00 1.694972038269042969e+00 -1.719432026147842407e-01 -1.691901087760925293e+00 1.089799404144287109e-01
-8.568101525306701660e-01 1.603347420692443848e+00 2.217534303665161133e+00 -8.884009718894958496e-01 1.716995716094970703e+00 -1.258184790611267090e+00 -1.458946466445922852e+00 -1.318225145339965820e+00 1.839336514472961426e+00 -3.122559785842895508e-01 -7.486702203750610352e-01 -1.360765814781188965e+00 -6.943961381912231445e-01 -5.521703958511352539e-01 2.123640537261962891e+00 1.210052609443664551e+00 1.595236539840698242e+00 -1.698930859565734863e-01 -1.769104719161987305e+00 -9.781539440155029297e-02
-9.210761189460754395e-01 1.751802444458007812e+00 2.121486902236938477e+00 -1.047173023223876953e+00 1.259023904800415039e+00 -1.211936116218566895e+00 -1.318084359169006348e+00 -1.150302052497863770e+00 1.523050069808959961e+00 -4.139160811901092529e-01 -5.819916129112243652e-01 -9.586063027381896973e-01 -8.328865170478820801e-01 -3.860608041286468506e-01 1.914145350456237793e+00 1.297983765602111816e+00 1.350427508354187012e+00 -1.859147548675537109e-01 -1.723260283470153809e+00 -4.258286058902740479e-01
-1.043082714080810547e+00 1.816595315933227539e+00 1.909009337425231934e+00 -1.216231584548950195e+00 9.221301674842834473e-01 -1.148261427879333496e+00 -1.160752534866333008e+00 -1.054758667945861816e+00 1.230901360511779785e+00 -5.081961154937744141e-01 -5.109515190124511719e-01 -6.380618214607238770e-01 -8.103567361831665039e-01 -1.363256871700286865e-01 1.761415123939514160e+00 1.400879383087158203e+00 1.173758625984191895e+00 -1.792415827512741089e-01 -1.541393160820007324e+00 -6.488164067268371582e-01
-1.193505644798278809e+00 1.812517404556274414e+00 1.762132287025451660e+00 -1.315159201622009277e+00 7.995574474334716797e-01 -1.109371781349182129e+00 -1.068013072013854980e+00 -1.051098227500915527e+00 1.055038332939147949e+00 -6.136648654937744141e-01 -5.212601423263549805e-01 -4.054495692253112793e-01 -7.725060582160949707e-01 1.233158260583877563e-01 1.666167616844177246e+00 1.455708146095275879e+00 1.087193012237548828e+00 -1.635676026344299316e-01 -1.389586448669433594e+00 -7.545974850654602051e-01
-1.337306737899780273e+00 1.858996987342834473e+00 1.723204851150512695e+00 -1.370211839675903320e+00 8.377931118011474609e-01 -1.146988034248352051e+00 -1.020279288291931152e+00 -1.164912819862365723e+00 1.047783613204956055e+00 -7.038357257843017578e-01 -5.911850333213806152e-01 -3.105069100856781006e-01 -7.471278309822082520e-01 3.075762987136840820e-01 1.678968310356140137e+00 1.472823262214660645e+00 1.110466837882995605e+00 -1.986626684665679932e-01 -1.328326344490051270e+00 -8.211833834648132324e-01
-1.459453701972961426e+00 1.828120589256286621e+00 1.774248838424682617e+00 -1.389821290969848633e+00 1.009665250778198242e+00 -1.231772065162658691e+00 -9.516570568084716797e-01 -1.294669270515441895e+00 1.125692605972290039e+00 -8.164626359939575195e-01 -6.981304287910461426e-01 -2.540968060493469238e-01 -6.481383442878723145e-01 4.913651347160339355e-01 1.777633428573608398e+00 1.506303071975708008e+00 1.162572741508483887e+00 -2.538945078849792480e-01 -1.270286798477172852e+00 -8.481752872467041016e-01
-1.539042472839355469e+00 1.577593684196472168e+00 1.796203970909118652e+00 -1.274709820747375488e+00 1.327023625373840332e+00 -1.288433790206909180e+00 -8.607321977615356445e-01 -1.404397249221801758e+00 1.215259075164794922e+00 -9.242007136344909668e-01 -8.279536366462707520e-01 -2.417397499084472656e-01 -4.602512121200561523e-01 6.572335958480834961e-01 1.903495788574218750e+00 1.485435247421264648e+00 1.185276865959167480e+00 -3.125489950180053711e-01 -1.129176974296569824e+00 -7.048076391220092773e-01
-1.495844244956970215e+00 1.017115473747253418e+00 1.721054196357727051e+00 -9.065004587173461914e-01 1.764051675796508789e+00 -1.244621753692626953e+00 -7.892949581146240234e-01 -1.406496763229370117e+00 1.310405135154724121e+00 -9.394124150276184082e-01 -9.387403130531311035e-01 -3.718169629573822021e-01 -1.158967167139053345e-01 7.699265480041503906e-01 1.958187103271484375e+00 1.371752977371215820e+00 1.213235139846801758e+00 -2.718373239040374756e-01 -8.620740771293640137e-01 -3.098860383033752441e-01
-1.374121904373168945e+00 6.020191311836242676e-01 1.673400998115539551e+00 -6.072450280189514160e-01 2.009466648101806641e+00 -1.153036355972290039e+00 -7.551702260971069336e-01 -1.407247066497802734e+00 1.455696821212768555e+00 -8.648738265037536621e-01 -1.066178560256958008e+00 -6.437622308731079102e-01 9.292694181203842163e-02 6.618505716323852539e-01 1.937808632850646973e+00 1.176700472831726074e+00 1.278233766555786133e+00 -1.711353212594985962e-01 -7.540305256843566895e-01 4.616211727261543274e-02
-1.255461096763610840e+00 4.828716516494750977e-01 1.650643467903137207e+00 -5.218900442123413086e-01 2.030750513076782227e+00 -1.118207812309265137e+00 -7.406495809555053711e-01 -1.428763508796691895e+00 1.522384285926818848e+00 -7.264327406883239746e-01 -1.102457046508789062e+00 -8.460357785224914551e-01 1.147067472338676453e-01 5.095508098602294922e-01 1.928245544433593750e+00 1.015666127204895020e+00 1.334103107452392578e+00 -1.309143602848052979e-01 -7.748633027076721191e-01 1.851451098918914795e-01
-1.230480432510375977e+00 5.220336914062500000e-01 1.657472729682922363e+00 -5.250394940376281738e-01 2.014500141143798828e+00 -1.126265645027160645e+00 -7.819544076919555664e-01 -1.485974907875061035e+00 1.569035649299621582e+00 -6.322751045227050781e-01 -1.124737977981567383e+00 -9.637166261672973633e-01 6.792777776718139648e-02 4.300898611545562744e-01 1.928783059120178223e+00 9.680078625679016113e-01 1.406461596488952637e+00 -1.295424848794937134e-01 -8.408667445182800293e-01 2.046151310205459595e-01
-1.230747342109680176e+00 5.897594094276428223e-01 1.633669614791870117e+00 -5.391286611557006836e-01 1.958489060401916504e+00 -1.108692407608032227e+00 -8.152334690093994141e-01 -1.533197164535522461e+00 1.572982072830200195e+00 -5.640407800674438477e-01 -1.134186983108520508e+00 -1.045472145080566406e+00 -2.134253457188606262e-02 3.945393860340118408e-01 1.871299862861633301e+00 9.330854415893554688e-01 1.479041218757629395e+00 -1.212999671697616577e-01 -9.117065668106079102e-01 1.806216686964035034e-01
