-1.564307332038879395e+00 1.874860763549804688e+00 1.494065284729003906e+00 -1.289788484573364258e+00 1.679431915283203125e+00 -1.113233327865600586e+00 -8.283793330192565918e-01 -1.658580899238586426e+00 1.771878957748413086e+00 -1.260956168174743652e+00 -1.034298419952392578e+00 -3.639198839664459229e-01 -6.038377881050109863e-01 7.359507679939270020e-01 1.648597121238708496e+00 1.169654250144958496e+00 1.566004753112792969e+00 -3.799000382423400879e-01 -1.023273229598999023e+00 -7.068713307380676270e-01
-1.544815540313720703e+00 1.828768610954284668e+00 1.467155575752258301e+00 -1.199519395828247070e+00 1.747667312622070312e+00 -1.168484330177307129e+00 -8.285562396049499512e-01 -1.689908504486083984e+00 1.782358288764953613e+00 -1.252727150917053223e+00 -1.053575754165649414e+00 -3.706451952457427979e-01 -5.458672046661376953e-01 7.800354957580566406e-01 1.638667464256286621e+00 1.105099201202392578e+00 1.548643708229064941e+00 -4.176039695739746094e-01 -9.579018354415893555e-01 -6.139484643936157227e-01
-1.514323353767395020e+00 1.779511809349060059e+00 1.443971633911132812e+00 -1.105074763298034668e+00 1.780077099800109863e+00 -1.198145389556884766e+00 -8.439133763313293457e-01 -1.698518872261047363e+00 1.776069998741149902e+00 -1.219562649726867676e+00 -1.062253594398498535e+00 -3.965722024440765381e-01 -5.023257732391357422e-01 7.814044952392578125e-01 1.629738926887512207e+00 1.046331524848937988e+00 1.525440692901611328e+00 -4.352055191993713379e-01 -9.187176823616027832e-01 -5.280405282974243164e-01
-1.474032044410705566e+00 1.730740427970886230e+00 1.430695295333862305e+00 -1.001106023788452148e+00 1.805855154991149902e+00 -1.213370680809020996e+00 -8.557825684547424316e-01 -1.700811743736267090e+00 1.767747759819030762e+00 -1.168287754058837891e+00 -1.078898072242736816e+00 -4.494481086730957031e-01 -4.711519479751586914e-01 7.370241284370422363e-01 1.627886295318603516e+00 9.781510829925537109e-01 1.495638966560363770e+00 -4.446823000907897949e-01 -9.027463793754577637e-01 -4.489349424839019775e-01
-1.419031500816345215e+00 1.677302002906799316e+00 1.421823024749755859e+00 -8.782038092613220215e-01 1.828947305679321289e+00 -1.214995741844177246e+00 -8.552981615066528320e-01 -1.690109133720397949e+00 1.753690481185913086e+00 -1.107377409934997559e+00 -1.100511670112609863e+00 -5.185217261314392090e-01 -4.412604570388793945e-01 6.445539593696594238e-01 1.634503126144409180e+00 8.933302164077758789e-01 1.441548109054565430e+00 -4.495931863784790039e-01 -8.961647748947143555e-01 -3.732657432556152344e-01
-1.362565755844116211e+00 1.604285120964050293e+00 1.449108839035034180e+00 -7.378711104393005371e-01 1.849731087684631348e+00 -1.210665464401245117e+00 -8.482708930969238281e-01 -1.655869007110595703e+00 1.742360234260559082e+00 -1.034324169158935547e+00 -1.144285082817077637e+00 -6.087530851364135742e-01 -4.121281802654266357e-01 5.130069255828857422e-01 1.675564169883728027e+00 8.151962161064147949e-01 1.371963262557983398e+00 -4.449294805526733398e-01 -9.099284410476684570e-01 -3.012855947017669678e-01
-1.301321387290954590e+00 1.520588040351867676e+00 1.527300477027893066e+00 -6.150972843170166016e-01 1.869184017181396484e+00 -1.217965126037597656e+00 -8.286832571029663086e-01 -1.606379389762878418e+00 1.750002503395080566e+00 -9.553194642066955566e-01 -1.213297843933105469e+00 -7.115010619163513184e-01 -3.705444633960723877e-01 3.476855754852294922e-01 1.770432233810424805e+00 7.599788308143615723e-01 1.287162423133850098e+00 -4.377469420433044434e-01 -9.428618550300598145e-01 -2.496077269315719604e-01
-1.204769730567932129e+00 1.432532429695129395e+00 1.631089210510253906e+00 -4.938741922378540039e-01 1.882757186889648438e+00 -1.220439791679382324e+00 -8.179703950881958008e-01 -1.515729069709777832e+00 1.765138864517211914e+00 -8.741216659545898438e-01 -1.272321224212646484e+00 -8.071126341819763184e-01 -3.230272829532623291e-01 1.374240219593048096e-01 1.864815354347229004e+00 7.344838976860046387e-01 1.184791564941406250e+00 -4.039702415466308594e-01 -9.878691434860229492e-01 -2.284040898084640503e-01
-1.066410779953002930e+00 1.323833703994750977e+00 1.727669358253479004e+00 -3.691553473472595215e-01 1.898642420768737793e+00 -1.206930637359619141e+00 -7.843430638313293457e-01 -1.381829977035522461e+00 1.782551527023315430e+00 -7.985036969184875488e-01 -1.309007048606872559e+00 -8.931543827056884766e-01 -2.685877382755279541e-01 -1.028497219085693359e-01 1.935746908187866211e+00 7.365854382514953613e-01 1.080036520957946777e+00 -3.440136313438415527e-01 -1.024495005607604980e+00 -2.350344508886337280e-01
-9.540693163871765137e-01 1.213766574859619141e+00 1.768442630767822266e+00 -2.926570773124694824e-01 1.896312952041625977e+00 -1.159584045410156250e+00 -7.282001376152038574e-01 -1.253165245056152344e+00 1.766766548156738281e+00 -7.512946128845214844e-01 -1.314665198326110840e+00 -9.294751286506652832e-01 -2.488581538200378418e-01 -2.804747819900512695e-01 1.953995108604431152e+00 7.826418876647949219e-01 1.019264817237854004e+00 -2.702932357788085938e-01 -1.049681901931762695e+00 -2.902154326438903809e-01
-9.154110550880432129e-01 1.152411103248596191e+00 1.813984394073486328e+00 -2.936950325965881348e-01 1.875250339508056641e+00 -1.122764825820922852e+00 -6.965879797935485840e-01 -1.151505351066589355e+00 1.741160750389099121e+00 -7.650333046913146973e-01 -1.303304553031921387e+00 -8.862943649291992188e-01 -2.854956686496734619e-01 -3.268787264823913574e-01 1.914136528968811035e+00 8.442082405090332031e-01 9.940528869628906250e-01 -1.877284795045852661e-01 -1.069973707199096680e+00 -3.593878149986267090e-01
-9.029394388198852539e-01 1.142938971519470215e+00 1.842951416969299316e+00 -3.795198798179626465e-01 1.804848909378051758e+00 -1.096334099769592285e+00 -6.876592040061950684e-01 -1.066395044326782227e+00 1.663196563720703125e+00 -7.854644656181335449e-01 -1.241127490997314453e+00 -7.734674215316772461e-01 -3.286358714103698730e-01 -2.890290617942810059e-01 1.876205086708068848e+00 9.495631456375122070e-01 9.744161963462829590e-01 -1.182506829500198364e-01 -1.081229567527770996e+00 -4.793530404567718506e-01
-9.264254570007324219e-01 1.149832487106323242e+00 1.833453893661499023e+00 -4.909133315086364746e-01 1.707639932632446289e+00 -1.073053479194641113e+00 -6.919946074485778809e-01 -1.026474714279174805e+00 1.542170763015747070e+00 -7.909187078475952148e-01 -1.168797254562377930e+00 -6.379747986793518066e-01 -3.785841166973114014e-01 -1.788392066955566406e-01 1.823856830596923828e+00 1.061352133750915527e+00 9.672316312789916992e-01 -6.583391129970550537e-02 -1.077959418296813965e+00 -5.997168421745300293e-01
-1.005206108093261719e+00 1.202499747276306152e+00 1.779900431632995605e+00 -6.227514743804931641e-01 1.596464276313781738e+00 -1.076503872871398926e+00 -7.381215095520019531e-01 -1.063485980033874512e+00 1.399352192878723145e+00 -7.698894739151000977e-01 -1.083125591278076172e+00 -5.215867161750793457e-01 -4.179082512855529785e-01 -7.804110646247863770e-04 1.784247994422912598e+00 1.169141292572021484e+00 9.961448311805725098e-01 -6.222074851393699646e-02 -1.061424374580383301e+00 -6.885465979576110840e-01
-1.089956402778625488e+00 1.271206021308898926e+00 1.681420803070068359e+00 -7.100197076797485352e-01 1.455486178398132324e+00 -1.091993451118469238e+00 -8.066194653511047363e-01 -1.118665099143981934e+00 1.225758314132690430e+00 -7.298379540443420410e-01 -9.665560126304626465e-01 -4.135286509990692139e-01 -4.378987848758697510e-01 1.934094876050949097e-01 1.715438485145568848e+00 1.221453189849853516e+00 1.006352066993713379e+00 -9.540144354104995728e-02 -1.022140502929687500e+00 -7.226926684379577637e-01
-1.182041049003601074e+00 1.374118447303771973e+00 1.607896089553833008e+00 -7.947822213172912598e-01 1.374790191650390625e+00 -1.142038226127624512e+00 -9.055331349372863770e-01 -1.220997571945190430e+00 1.109023094177246094e+00 -6.983570456504821777e-01 -8.442968130111694336e-01 -3.572702705860137939e-01 -4.630928039550781250e-01 3.819953799247741699e-01 1.648688673973083496e+00 1.237284302711486816e+00 1.064743280410766602e+00 -1.627441048622131348e-01 -1.013759374618530273e+00 -7.070773839950561523e-01
-1.266224265098571777e+00 1.462603807449340820e+00 1.559922933578491211e+00 -8.544906377792358398e-01 1.326618194580078125e+00 -1.210028171539306641e+00 -1.018866181373596191e+00 -1.334125041961669922e+00 1.057530045509338379e+00 -6.723766326904296875e-01 -7.246607542037963867e-01 -3.544487655162811279e-01 -4.723685383796691895e-01 5.300405025482177734e-01 1.592804551124572754e+00 1.236258149147033691e+00 1.142136693000793457e+00 -2.485628426074981689e-01 -1.025088191032409668e+00 -6.232286691665649414e-01
-1.274759650230407715e+00 1.565232634544372559e+00 1.504497766494750977e+00 -8.739257454872131348e-01 1.322336435317993164e+00 -1.294800996780395508e+00 -1.094765782356262207e+00 -1.452732682228088379e+00 1.106756806373596191e+00 -6.382625699043273926e-01 -6.174031496047973633e-01 -4.105553030967712402e-01 -4.657180905342102051e-01 5.764361023902893066e-01 1.535403728485107422e+00 1.183362007141113281e+00 1.217784643173217773e+00 -3.589752912521362305e-01 -1.029979467391967773e+00 -5.276861190795898438e-01
-1.248002767562866211e+00 1.675550103187561035e+00 1.437600255012512207e+00 -8.751066327095031738e-01 1.342066884040832520e+00 -1.359311342239379883e+00 -1.143397927284240723e+00 -1.581793189048767090e+00 1.202983617782592773e+00 -5.867576599121093750e-01 -5.326980352401733398e-01 -5.330958366394042969e-01 -4.488582611083984375e-01 5.360339283943176270e-01 1.494513034820556641e+00 1.079570293426513672e+00 1.298312306404113770e+00 -4.776839017868041992e-01 -1.044044494628906250e+00 -4.155375659465789795e-01
-1.226595520973205566e+00 1.786069631576538086e+00 1.383763313293457031e+00 -9.045526981353759766e-01 1.356773853302001953e+00 -1.405069351196289062e+00 -1.176548361778259277e+00 -1.695486187934875488e+00 1.314644336700439453e+00 -5.551036000251770020e-01 -4.940080344676971436e-01 -6.663633584976196289e-01 -4.386230409145355225e-01 4.678710699081420898e-01 1.476161241531372070e+00 9.500611424446105957e-01 1.382934927940368652e+00 -5.630216002464294434e-01 -1.077416300773620605e+00 -3.052212297916412354e-01
-1.212415575981140137e+00 1.888802051544189453e+00 1.339241147041320801e+00 -9.650790691375732422e-01 1.381117939949035645e+00 -1.408909559249877930e+00 -1.185860991477966309e+00 -1.756519913673400879e+00 1.423478722572326660e+00 -5.596945285797119141e-01 -4.763064086437225342e-01 -7.524905204772949219e-01 -4.355231821537017822e-01 4.074063301086425781e-01 1.496929049491882324e+00 8.738471865653991699e-01 1.460797786712646484e+00 -6.319214105606079102e-01 -1.106193184852600098e+00 -2.499982267618179321e-01
-1.195348262786865234e+00 1.963501095771789551e+00 1.284346580505371094e+00 -1.036944985389709473e+00 1.412261843681335449e+00 -1.378157377243041992e+00 -1.174885988235473633e+00 -1.771908879280090332e+00 1.514863133430480957e+00 -6.023578047752380371e-01 -4.668992757797241211e-01 -7.784277796745300293e-01 -4.180435836315155029e-01 3.764552474021911621e-01 1.518700838088989258e+00 8.376838564872741699e-01 1.513069510459899902e+00 -6.804397702217102051e-01 -1.099769949913024902e+00 -2.361409217119216919e-01
-1.207898974418640137e+00 2.011664867401123047e+00 1.239278793334960938e+00 -1.121702194213867188e+00 1.452870726585388184e+00 -1.335630774497985840e+00 -1.158404588699340820e+00 -1.778046011924743652e+00 1.591407775878906250e+00 -6.731669902801513672e-01 -4.776549339294433594e-01 -7.565795183181762695e-01 -3.921364843845367432e-01 3.971922993659973145e-01 1.544526576995849609e+00 8.508312702178955078e-01 1.551168203353881836e+00 -7.088883519172668457e-01 -1.071021199226379395e+00 -2.562370002269744873e-01
-1.226737499237060547e+00 2.046635150909423828e+00 1.199257731437683105e+00 -1.215013861656188965e+00 1.506109118461608887e+00 -1.304536938667297363e+00 -1.133365511894226074e+00 -1.762541651725769043e+00 1.672864437103271484e+00 -7.746640443801879883e-01 -4.939363598823547363e-01 -6.711717247962951660e-01 -3.570785522460937500e-01 4.701864719390869141e-01 1.562364220619201660e+00 9.018501043319702148e-01 1.569834232330322266e+00 -7.208888530731201172e-01 -1.003616571426391602e+00 -3.135056197643280029e-01
-1.268966674804687500e+00 2.030488729476928711e+00 1.181621909141540527e+00 -1.321145653724670410e+00 1.582166075706481934e+00 -1.284285545349121094e+00 -1.095528125762939453e+00 -1.750445365905761719e+00 1.738526821136474609e+00 -8.901696801185607910e-01 -5.257585048675537109e-01 -5.511955022811889648e-01 -2.979199588298797607e-01 5.900217890739440918e-01 1.607957720756530762e+00 1.003297805786132812e+00 1.585420012474060059e+00 -7.209629416465759277e-01 -9.169766902923583984e-01 -3.834429383277893066e-01
-1.324301123619079590e+00 1.962848901748657227e+00 1.189365148544311523e+00 -1.423073768615722656e+00 1.648757576942443848e+00 -1.263359665870666504e+00 -1.063841104507446289e+00 -1.729634761810302734e+00 1.764017462730407715e+00 -9.931470155715942383e-01 -5.692865252494812012e-01 -4.377440810203552246e-01 -2.421236932277679443e-01 7.283410429954528809e-01 1.669116377830505371e+00 1.127060651779174805e+00 1.612609744071960449e+00 -6.884662508964538574e-01 -8.443541526794433594e-01 -4.268651902675628662e-01
-1.380068540573120117e+00 1.852967143058776855e+00 1.214435458183288574e+00 -1.498208880424499512e+00 1.695035696029663086e+00 -1.246069431304931641e+00 -1.039220333099365234e+00 -1.717876434326171875e+00 1.755490779876708984e+00 -1.043500423431396484e+00 -6.296640038490295410e-01 -3.723492622375488281e-01 -2.010777294635772705e-01 8.530812263488769531e-01 1.724723815917968750e+00 1.243993997573852539e+00 1.659795761108398438e+00 -6.279469132423400879e-01 -8.051827549934387207e-01 -4.393874108791351318e-01
-1.438228487968444824e+00 1.704347014427185059e+00 1.277803421020507812e+00 -1.528984308242797852e+00 1.744503974914550781e+00 -1.226069927215576172e+00 -1.021929740905761719e+00 -1.699059963226318359e+00 1.709448456764221191e+00 -1.047275066375732422e+00 -7.038094997406005859e-01 -3.446840345859527588e-01 -2.025203108787536621e-01 9.495976567268371582e-01 1.768771648406982422e+00 1.342163085937500000e+00 1.695813179016113281e+00 -5.585962533950805664e-01 -8.137187361717224121e-01 -4.335770606994628906e-01
-1.485448718070983887e+00 1.503250479698181152e+00 1.341581583023071289e+00 -1.501812934875488281e+00 1.761507272720336914e+00 -1.184977412223815918e+00 -9.921116232872009277e-01 -1.650855183601379395e+00 1.611785173416137695e+00 -1.007636189460754395e+00 -7.788726687431335449e-01 -3.328540027141571045e-01 -2.209711074829101562e-01 1.014538884162902832e+00 1.787299752235412598e+00 1.420976758003234863e+00 1.695723891258239746e+00 -4.740989208221435547e-01 -8.346760272979736328e-01 -4.107066392898559570e-01
-1.499105811119079590e+00 1.261240482330322266e+00 1.372635602951049805e+00 -1.413899660110473633e+00 1.745171546936035156e+00 -1.123717665672302246e+00 -9.323907494544982910e-01 -1.604488134384155273e+00 1.478375196456909180e+00 -9.097893834114074707e-01 -8.516440987586975098e-01 -3.622913062572479248e-01 -2.249426245689392090e-01 1.012916564941406250e+00 1.780385255813598633e+00 1.443919062614440918e+00 1.648684740066528320e+00 -3.835666179656982422e-01 -8.454536199569702148e-01 -3.622785210609436035e-01
-1.466189861297607422e+00 9.902817010879516602e-01 1.373425364494323730e+00 -1.274134278297424316e+00 1.704840421676635742e+00 -1.029200196266174316e+00 -8.577521443367004395e-01 -1.515490174293518066e+00 1.327257037162780762e+00 -7.875276803970336914e-01 -9.054171442985534668e-01 -4.032855331897735596e-01 -2.204085886478424072e-01 9.596286416053771973e-01 1.732365012168884277e+00 1.431836962699890137e+00 1.564832448959350586e+00 -2.795375585556030273e-01 -8.453420400619506836e-01 -3.037195801734924316e-01
-1.424492478370666504e+00 7.456940412521362305e-01 1.434393882751464844e+00 -1.133287191390991211e+00 1.666624069213867188e+00 -9.233856797218322754e-01 -8.487050533294677734e-01 -1.401147842407226562e+00 1.215892791748046875e+00 -6.648344993591308594e-01 -9.385551214218139648e-01 -4.873420000076293945e-01 -2.255531847476959229e-01 8.327009677886962891e-01 1.737477064132690430e+00 1.430987119674682617e+00 1.486339092254638672e+00 -1.571689695119857788e-01 -8.978884816169738770e-01 -2.158992439508438110e-01
-1.359465599060058594e+00 5.569133162498474121e-01 1.563870072364807129e+00 -1.035076498985290527e+00 1.609237790107727051e+00 -8.439636230468750000e-01 -8.730646371841430664e-01 -1.292788863182067871e+00 1.157274007797241211e+00 -5.438293218612670898e-01 -9.521548151969909668e-01 -6.208097338676452637e-01 -2.616334557533264160e-01 6.331951618194580078e-01 1.795272946357727051e+00 1.441141247749328613e+00 1.443278551101684570e+00 -2.385589666664600372e-02 -1.012397289276123047e+00 -1.157715320587158203e-01
-1.195861101150512695e+00 4.986528754234313965e-01 1.730835914611816406e+00 -9.654372930526733398e-01 1.627392768859863281e+00 -8.408002853393554688e-01 -8.667355775833129883e-01 -1.234021186828613281e+00 1.222169041633605957e+00 -4.154335558414459229e-01 -9.750224947929382324e-01 -8.202412724494934082e-01 -2.912258803844451904e-01 3.283283710479736328e-01 1.883280992507934570e+00 1.410641551017761230e+00 1.451572299003601074e+00 7.419808208942413330e-02 -1.157062768936157227e+00 -9.594544768333435059e-02
-1.005444049835205078e+00 5.430137515068054199e-01 1.877603650093078613e+00 -9.389629364013671875e-01 1.686121821403503418e+00 -8.844277262687683105e-01 -8.512706160545349121e-01 -1.197356820106506348e+00 1.371938943862915039e+00 -3.407978713512420654e-01 -9.875180721282958984e-01 -9.771538972854614258e-01 -3.155099749565124512e-01 6.807117164134979248e-02 1.953957915306091309e+00 1.344793558120727539e+00 1.490309357643127441e+00 1.340413391590118408e-01 -1.259236216545104980e+00 -1.238347440958023071e-01
-8.294680714607238770e-01 6.526457071304321289e-01 1.972128629684448242e+00 -9.386325478553771973e-01 1.770241022109985352e+00 -9.494487047195434570e-01 -8.250289559364318848e-01 -1.163570165634155273e+00 1.524160504341125488e+00 -3.300207555294036865e-01 -9.832243919372558594e-01 -1.042467832565307617e+00 -3.392350673675537109e-01 -1.118468642234802246e-01 1.991565108299255371e+00 1.241310119628906250e+00 1.499445199966430664e+00 1.335398405790328979e-01 -1.294401526451110840e+00 -1.735809147357940674e-01
-6.726305484771728516e-01 7.961963415145874023e-01 1.971425056457519531e+00 -9.613244533538818359e-01 1.857819914817810059e+00 -9.973542690277099609e-01 -8.094338178634643555e-01 -1.132450103759765625e+00 1.655511140823364258e+00 -3.525550067424774170e-01 -9.369929432868957520e-01 -1.030176043510437012e+00 -3.285609185695648193e-01 -2.195631116628646851e-01 1.989780664443969727e+00 1.148948192596435547e+00 1.487855076789855957e+00 9.249521791934967041e-02 -1.259231328964233398e+00 -2.484253197908401489e-01
-5.450543761253356934e-01 9.276964068412780762e-01 1.902703166007995605e+00 -1.014816761016845703e+00 1.908668756484985352e+00 -1.054086685180664062e+00 -7.690773010253906250e-01 -1.127527952194213867e+00 1.764328122138977051e+00 -3.743993043899536133e-01 -8.684617877006530762e-01 -9.793240427970886230e-01 -2.777541279792785645e-01 -2.655014991760253906e-01 1.968524932861328125e+00 1.075182437896728516e+00 1.455465912818908691e+00 2.183657139539718628e-02 -1.168451786041259766e+00 -3.175130784511566162e-01
-4.600088894367218018e-01 1.039855957031250000e+00 1.821883916854858398e+00 -1.064077138900756836e+00 1.936590909957885742e+00 -1.087365746498107910e+00 -7.638012766838073730e-01 -1.121792435646057129e+00 1.832588791847229004e+00 -3.866161108016967773e-01 -8.024666309356689453e-01 -9.176458716392517090e-01 -2.387967705726623535e-01 -2.505040168762207031e-01 1.923598170280456543e+00 1.039764523506164551e+00 1.434985995292663574e+00 -4.843254387378692627e-02 -1.095867037773132324e+00 -3.827078640460968018e-01
-3.970889747142791748e-01 1.145028471946716309e+00 1.743209719657897949e+00 -1.106667876243591309e+00 1.961994290351867676e+00 -1.133949756622314453e+00 -8.075916767120361328e-01 -1.127784729003906250e+00 1.890414714813232422e+00 -3.913271725177764893e-01 -7.084608078002929688e-01 -8.541038632392883301e-01 -1.858182549476623535e-01 -2.148608416318893433e-01 1.888280630111694336e+00 1.037870049476623535e+00 1.423292875289916992e+00 -1.233384385704994202e-01 -1.025059580802917480e+00 -4.197544157505035400e-01
-3.571658432483673096e-01 1.236670851707458496e+00 1.685980677604675293e+00 -1.121163249015808105e+00 1.997203230857849121e+00 -1.205238342285156250e+00 -8.835296034812927246e-01 -1.151738405227661133e+00 1.928870558738708496e+00 -3.830111920833587646e-01 -6.039044857025146484e-01 -8.034367561340332031e-01 -1.152634695172309875e-01 -1.696104109287261963e-01 1.865903735160827637e+00 1.051893591880798340e+00 1.407025814056396484e+00 -2.079366147518157959e-01 -9.619824886322021484e-01 -4.198043644428253174e-01
-3.488095700740814209e-01 1.313816308975219727e+00 1.672875285148620605e+00 -1.114290356636047363e+00 2.039061546325683594e+00 -1.286403179168701172e+00 -9.949083924293518066e-01 -1.191578269004821777e+00 1.959228277206420898e+00 -3.585890829563140869e-01 -5.128573179244995117e-01 -7.881666421890258789e-01 -5.387122929096221924e-02 -1.320646405220031738e-01 1.864585518836975098e+00 1.064811110496520996e+00 1.400469422340393066e+00 -2.857121229171752930e-01 -9.374669790267944336e-01 -3.758946955204010010e-01
-3.736836016178131104e-01 1.354203462600708008e+00 1.699813842773437500e+00 -1.082883715629577637e+00 2.052695989608764648e+00 -1.355110049247741699e+00 -1.109676241874694824e+00 -1.238883852958679199e+00 1.958295345306396484e+00 -3.022017180919647217e-01 -4.513849914073944092e-01 -8.241936564445495605e-01 -1.828847825527191162e-02 -1.447298824787139893e-01 1.898345828056335449e+00 1.077566266059875488e+00 1.402186870574951172e+00 -3.432363271713256836e-01 -9.646499752998352051e-01 -3.041671514511108398e-01
-4.175367951393127441e-01 1.342189431190490723e+00 1.723437190055847168e+00 -1.028825044631958008e+00 2.019416570663452148e+00 -1.395207405090332031e+00 -1.170322537422180176e+00 -1.303667068481445312e+00 1.900386333465576172e+00 -2.203366756439208984e-01 -4.386353790760040283e-01 -9.099516868591308594e-01 3.161020576953887939e-03 -2.225446254014968872e-01 1.949986577033996582e+00 1.055236101150512695e+00 1.399652481079101562e+00 -3.766821026802062988e-01 -1.007387995719909668e+00 -2.115053087472915649e-01
-4.573180675506591797e-01 1.288729429244995117e+00 1.766673207283020020e+00 -9.785142540931701660e-01 1.968995571136474609e+00 -1.414102196693420410e+00 -1.202992796897888184e+00 -1.357517004013061523e+00 1.842542171478271484e+00 -1.369768679141998291e-01 -4.564344286918640137e-01 -1.044208049774169922e+00 -1.660451292991638184e-02 -3.108705878257751465e-01 1.996810913085937500e+00 1.024577498435974121e+00 1.435064554214477539e+00 -3.741350769996643066e-01 -1.087909936904907227e+00 -1.021184623241424561e-01
-4.876396954059600830e-01 1.248194813728332520e+00 1.820433378219604492e+00 -9.695656299591064453e-01 1.927793860435485840e+00 -1.402305245399475098e+00 -1.222752928733825684e+00 -1.381535887718200684e+00 1.811105608940124512e+00 -8.851692080497741699e-02 -5.001475811004638672e-01 -1.175386548042297363e+00 -7.206846773624420166e-02 -3.871271014213562012e-01 2.058290719985961914e+00 1.014162659645080566e+00 1.501451611518859863e+00 -3.534905314445495605e-01 -1.196174860000610352e+00 -4.931051284074783325e-03
-4.999267756938934326e-01 1.226407527923583984e+00 1.877691388130187988e+00 -1.005598068237304688e+00 1.893494725227355957e+00 -1.390840411186218262e+00 -1.222840547561645508e+00 -1.408997535705566406e+00 1.819640040397644043e+00 -5.568379163742065430e-02 -5.405424833297729492e-01 -1.291805744171142578e+00 -1.221597716212272644e-01 -4.568607807159423828e-01 2.124456882476806641e+00 1.022800564765930176e+00 1.569454312324523926e+00 -3.348684310913085938e-01 -1.296146035194396973e+00 5.673800408840179443e-02
-4.926742315292358398e-01 1.239649176597595215e+00 1.937077283859252930e+00 -1.082993268966674805e+00 1.853963851928710938e+00 -1.371484279632568359e+00 -1.206089019775390625e+00 -1.415640592575073242e+00 1.853723287582397461e+00 -3.934686258435249329e-02 -5.611606836318969727e-01 -1.374614357948303223e+00 -1.997866630554199219e-01 -5.157877206802368164e-01 2.181428194046020508e+00 1.046338319778442383e+00 1.646536946296691895e+00 -3.162233233451843262e-01 -1.401835560798645020e+00 5.537030100822448730e-02
-4.696149528026580811e-01 1.280189990997314453e+00 1.993303179740905762e+00 -1.197028398513793945e+00 1.803311586380004883e+00 -1.330247998237609863e+00 -1.179167985916137695e+00 -1.411680579185485840e+00 1.905324220657348633e+00 -3.422021493315696716e-02 -5.740884542465209961e-01 -1.426994681358337402e+00 -3.061581552028656006e-01 -5.598148107528686523e-01 2.201525449752807617e+00 1.069690823554992676e+00 1.725802421569824219e+00 -2.896576523780822754e-01 -1.518404245376586914e+00 -1.255391165614128113e-02
-4.370666742324829102e-01 1.352680206298828125e+00 2.004418134689331055e+00 -1.333381056785583496e+00 1.738279581069946289e+00 -1.287807822227478027e+00 -1.114404439926147461e+00 -1.408115029335021973e+00 1.942469358444213867e+00 -4.854575544595718384e-02 -5.768368840217590332e-01 -1.418113946914672852e+00 -4.047288894653320312e-01 -5.743062496185302734e-01 2.190095424652099609e+00 1.076027393341064453e+00 1.777638316154479980e+00 -2.817190289497375488e-01 -1.586952328681945801e+00 -1.352116912603378296e-01
-4.190481901168823242e-01 1.465679764747619629e+00 1.972599983215332031e+00 -1.477144479751586914e+00 1.708388328552246094e+00 -1.277911543846130371e+00 -1.026608705520629883e+00 -1.463818907737731934e+00 1.980962276458740234e+00 -7.482929527759552002e-02 -5.991134643554687500e-01 -1.368827581405639648e+00 -4.706665873527526855e-01 -5.498259663581848145e-01 2.168619394302368164e+00 1.070331215858459473e+00 1.814461708068847656e+00 -3.090732097625732422e-01 -1.598716974258422852e+00 -3.050181269645690918e-01
-4.032117724418640137e-01 1.542075037956237793e+00 1.899059891700744629e+00 -1.586759924888610840e+00 1.675758719444274902e+00 -1.257070302963256836e+00 -9.348382949829101562e-01 -1.499717116355895996e+00 1.995943784713745117e+00 -1.081914231181144714e-01 -6.036449670791625977e-01 -1.288445472717285156e+00 -5.074633359909057617e-01 -4.887861609458923340e-01 2.117345333099365234e+00 1.064341545104980469e+00 1.829566478729248047e+00 -3.306289911270141602e-01 -1.560440182685852051e+00 -4.602118134498596191e-01
-3.999186158180236816e-01 1.589966654777526855e+00 1.819064259529113770e+00 -1.679172873497009277e+00 1.662960529327392578e+00 -1.239691615104675293e+00 -8.724516034126281738e-01 -1.515832424163818359e+00 1.993525147438049316e+00 -1.513165831565856934e-01 -5.940375924110412598e-01 -1.177409052848815918e+00 -5.031756162643432617e-01 -3.931444287300109863e-01 2.075329065322875977e+00 1.089742660522460938e+00 1.827916622161865234e+00 -3.434573411941528320e-01 -1.487086176872253418e+00 -5.946813821792602539e-01
-3.956952691078186035e-01 1.608149528503417969e+00 1.734650969505310059e+00 -1.741798520088195801e+00 1.639814853668212891e+00 -1.226573586463928223e+00 -8.196386098861694336e-01 -1.519971966743469238e+00 1.963633537292480469e+00 -1.813631951808929443e-01 -5.785925984382629395e-01 -1.063994765281677246e+00 -4.831295609474182129e-01 -2.947908043861389160e-01 2.027676343917846680e+00 1.111933588981628418e+00 1.806016921997070312e+00 -3.560150861740112305e-01 -1.400479197502136230e+00 -6.996536254882812500e-01
-4.035382270812988281e-01 1.587511181831359863e+00 1.677642941474914551e+00 -1.782530784606933594e+00 1.606183767318725586e+00 -1.221297383308410645e+00 -7.883142232894897461e-01 -1.515054702758789062e+00 1.914986133575439453e+00 -1.895900070667266846e-01 -5.694771409034729004e-01 -9.687242507934570312e-01 -4.570527374744415283e-01 -1.948359459638595581e-01 1.997276902198791504e+00 1.129846572875976562e+00 1.775845050811767578e+00 -3.645687103271484375e-01 -1.326874017715454102e+00 -7.557195425033569336e-01
-4.347754716873168945e-01 1.546417236328125000e+00 1.637106657028198242e+00 -1.819317936897277832e+00 1.576140642166137695e+00 -1.218193769454956055e+00 -7.732455730438232422e-01 -1.507818460464477539e+00 1.855718255043029785e+00 -2.031652927398681641e-01 -5.697895884513854980e-01 -8.781179785728454590e-01 -4.384090006351470947e-01 -6.817030906677246094e-02 1.970271110534667969e+00 1.150364875793457031e+00 1.755224227905273438e+00 -3.634865283966064453e-01 -1.262914061546325684e+00 -7.661495804786682129e-01
-5.003252029418945312e-01 1.488027811050415039e+00 1.598520398139953613e+00 -1.845598459243774414e+00 1.551472187042236328e+00 -1.214017629623413086e+00 -7.808161377906799316e-01 -1.514501333236694336e+00 1.759785890579223633e+00 -2.138432264328002930e-01 -5.935871005058288574e-01 -7.836410999298095703e-01 -4.426777362823486328e-01 8.995804935693740845e-02 1.950865268707275391e+00 1.171408295631408691e+00 1.740844607353210449e+00 -3.638048768043518066e-01 -1.210915565490722656e+00 -7.466729283332824707e-01
-6.008237004280090332e-01 1.394155621528625488e+00 1.559244155883789062e+00 -1.847510576248168945e+00 1.526441931724548340e+00 -1.199761629104614258e+00 -8.068025708198547363e-01 -1.523698687553405762e+00 1.616131544113159180e+00 -2.182804048061370850e-01 -6.362742185592651367e-01 -6.862407326698303223e-01 -4.657339453697204590e-01 2.642267346382141113e-01 1.940835833549499512e+00 1.188668131828308105e+00 1.715739488601684570e+00 -3.701377511024475098e-01 -1.168050169944763184e+00 -6.857397556304931641e-01
-7.549257874488830566e-01 1.252774477005004883e+00 1.560584306716918945e+00 -1.786826491355895996e+00 1.510707974433898926e+00 -1.195690989494323730e+00 -8.849285840988159180e-01 -1.521156907081604004e+00 1.434850454330444336e+00 -2.221212685108184814e-01 -6.772018671035766602e-01 -5.964605808258056641e-01 -4.734010100364685059e-01 4.550822973251342773e-01 1.948896646499633789e+00 1.240051269531250000e+00 1.670312285423278809e+00 -3.521115183830261230e-01 -1.140855669975280762e+00 -5.708954930305480957e-01
-9.514536857604980469e-01 1.127659678459167480e+00 1.622328162193298340e+00 -1.691720008850097656e+00 1.490441799163818359e+00 -1.192003726959228516e+00 -1.005070686340332031e+00 -1.510307192802429199e+00 1.271825790405273438e+00 -2.416819036006927490e-01 -7.221359610557556152e-01 -5.424512028694152832e-01 -4.841879606246948242e-01 6.004196405410766602e-01 1.975793004035949707e+00 1.308658719062805176e+00 1.613211393356323242e+00 -3.145524263381958008e-01 -1.167471408843994141e+00 -4.444512426853179932e-01
-1.109017014503479004e+00 1.026931643486022949e+00 1.653496384620666504e+00 -1.594671368598937988e+00 1.456921935081481934e+00 -1.165658831596374512e+00 -1.088340520858764648e+00 -1.469585657119750977e+00 1.134205341339111328e+00 -2.713511586189270020e-01 -7.302968502044677734e-01 -4.866159558296203613e-01 -4.700171947479248047e-01 7.005100250244140625e-01 1.975948095321655273e+00 1.360710501670837402e+00 1.536202430725097656e+00 -2.964640259742736816e-01 -1.175748109817504883e+00 -3.435455858707427979e-01
-1.202081799507141113e+00 1.009852409362792969e+00 1.696693658828735352e+00 -1.556495904922485352e+00 1.473546624183654785e+00 -1.196715235710144043e+00 -1.103049278259277344e+00 -1.467066407203674316e+00 1.124317407608032227e+00 -3.244051933288574219e-01 -7.435824871063232422e-01 -4.394338130950927734e-01 -4.435809552669525146e-01 7.720069289207458496e-01 2.003800153732299805e+00 1.413994431495666504e+00 1.511920571327209473e+00 -3.176453709602355957e-01 -1.168638825416564941e+00 -3.422293066978454590e-01
-1.245342850685119629e+00 1.020549178123474121e+00 1.728338003158569336e+00 -1.568167686462402344e+00 1.469431519508361816e+00 -1.210252881050109863e+00 -1.069758892059326172e+00 -1.476342558860778809e+00 1.153304338455200195e+00 -3.620614409446716309e-01 -7.392657399177551270e-01 -4.279503524303436279e-01 -4.203335046768188477e-01 7.742209434509277344e-01 2.037338256835937500e+00 1.457141637802124023e+00 1.505719900131225586e+00 -3.434525132179260254e-01 -1.174775958061218262e+00 -3.734433948993682861e-01
-1.231188178062438965e+00 1.054600834846496582e+00 1.754712104797363281e+00 -1.619722962379455566e+00 1.454817771911621094e+00 -1.196412086486816406e+00 -9.999822378158569336e-01 -1.486900448799133301e+00 1.208832859992980957e+00 -3.773273229598999023e-01 -7.346376180648803711e-01 -4.483042657375335693e-01 -4.104773104190826416e-01 6.970195174217224121e-01 2.074232816696166992e+00 1.471884727478027344e+00 1.503277063369750977e+00 -3.673713803291320801e-01 -1.203978419303894043e+00 -4.388135969638824463e-01
-1.142889857292175293e+00 1.083050489425659180e+00 1.767418146133422852e+00 -1.669787287712097168e+00 1.435736179351806641e+00 -1.156045079231262207e+00 -9.019852876663208008e-01 -1.471820116043090820e+00 1.281717181205749512e+00 -3.588424623012542725e-01 -7.322360277175903320e-01 -5.155097842216491699e-01 -3.974565565586090088e-01 5.445238351821899414e-01 2.104265689849853516e+00 1.454189419746398926e+00 1.503325819969177246e+00 -3.751781582832336426e-01 -1.238032221794128418e+00 -5.071586370468139648e-01
-9.748526215553283691e-01 1.073815703392028809e+00 1.763437390327453613e+00 -1.678956627845764160e+00 1.404269814491271973e+00 -1.092322468757629395e+00 -7.794750928878784180e-01 -1.407769560813903809e+00 1.355359554290771484e+00 -3.046350181102752686e-01 -7.266231775283813477e-01 -6.115142703056335449e-01 -3.826523423194885254e-01 3.276312351226806641e-01 2.100273370742797852e+00 1.391917586326599121e+00 1.483532428741455078e+00 -3.496456146240234375e-01 -1.259607553482055664e+00 -5.631343126296997070e-01
-7.208408713340759277e-01 1.048266410827636719e+00 1.802937030792236328e+00 -1.652696490287780762e+00 1.441579222679138184e+00 -1.051159501075744629e+00 -6.595233082771301270e-01 -1.330158591270446777e+00 1.454519391059875488e+00 -2.193729877471923828e-01 -7.285374402999877930e-01 -7.542632818222045898e-01 -3.687267899513244629e-01 2.822268754243850708e-02 2.102986097335815430e+00 1.312687635421752930e+00 1.481138944625854492e+00 -3.072997331619262695e-01 -1.309466004371643066e+00 -6.235120892524719238e-01
-5.332705974578857422e-01 1.010399699211120605e+00 1.889181852340698242e+00 -1.603672981262207031e+00 1.526798367500305176e+00 -1.049384355545043945e+00 -5.647212862968444824e-01 -1.285493731498718262e+00 1.556224822998046875e+00 -1.733901798725128174e-01 -7.607161998748779297e-01 -8.951990008354187012e-01 -3.877048194408416748e-01 -1.978279799222946167e-01 2.116758823394775391e+00 1.242772221565246582e+00 1.520378351211547852e+00 -2.592854797840118408e-01 -1.378319978713989258e+00 -6.310113668441772461e-01
-4.602884650230407715e-01 9.972344040870666504e-01 2.013807773590087891e+00 -1.522189617156982422e+00 1.687858819961547852e+00 -1.085229873657226562e+00 -5.761417746543884277e-01 -1.340736985206604004e+00 1.704294800758361816e+00 -1.399910598993301392e-01 -8.673895597457885742e-01 -1.112210154533386230e+00 -4.439697861671447754e-01 -3.515504598617553711e-01 2.162541151046752930e+00 1.181160449981689453e+00 1.649341940879821777e+00 -1.816680431365966797e-01 -1.494523406028747559e+00 -5.580120682716369629e-01
-4.306919574737548828e-01 1.007142186164855957e+00 2.134479284286499023e+00 -1.444940805435180664e+00 1.843729496002197266e+00 -1.112787008285522461e+00 -6.500334143638610840e-01 -1.387687683105468750e+00 1.838984847068786621e+00 -1.259106993675231934e-01 -9.600096940994262695e-01 -1.303715944290161133e+00 -4.845287799835205078e-01 -4.776895046234130859e-01 2.216530084609985352e+00 1.145748853683471680e+00 1.760318636894226074e+00 -1.109708622097969055e-01 -1.607161402702331543e+00 -4.673816859722137451e-01
-4.388802647590637207e-01 1.013647794723510742e+00 2.219242334365844727e+00 -1.373176336288452148e+00 1.967234969139099121e+00 -1.120170593261718750e+00 -7.461631298065185547e-01 -1.423238039016723633e+00 1.935431599617004395e+00 -1.185566335916519165e-01 -1.032431006431579590e+00 -1.462838053703308105e+00 -5.117111206054687500e-01 -5.644094347953796387e-01 2.269179344177246094e+00 1.129739403724670410e+00 1.851945042610168457e+00 -5.828467756509780884e-02 -1.695333719253540039e+00 -3.698380589485168457e-01
-4.757786393165588379e-01 1.012893557548522949e+00 2.268396615982055664e+00 -1.305816888809204102e+00 2.059741735458374023e+00 -1.110408663749694824e+00 -8.476285338401794434e-01 -1.455929756164550781e+00 2.001253604888916016e+00 -1.115236878395080566e-01 -1.085603475570678711e+00 -1.601912498474121094e+00 -5.342601537704467773e-01 -6.191769838333129883e-01 2.316193342208862305e+00 1.123312830924987793e+00 1.933946609497070312e+00 -2.265559509396553040e-02 -1.763913750648498535e+00 -2.687256634235382080e-01
-5.144575238227844238e-01 1.003380417823791504e+00 2.290710687637329102e+00 -1.243108153343200684e+00 2.114207029342651367e+00 -1.091824650764465332e+00 -9.458661079406738281e-01 -1.472955703735351562e+00 2.035699844360351562e+00 -1.026287376880645752e-01 -1.110974669456481934e+00 -1.704215526580810547e+00 -5.540167093276977539e-01 -6.500798463821411133e-01 2.342163562774658203e+00 1.115126252174377441e+00 1.990898489952087402e+00 5.878943949937820435e-03 -1.811947822570800781e+00 -1.693780124187469482e-01
-5.500870347023010254e-01 9.856209754943847656e-01 2.290971279144287109e+00 -1.188543319702148438e+00 2.140756368637084961e+00 -1.062964558601379395e+00 -1.031141281127929688e+00 -1.475836515426635742e+00 2.045460462570190430e+00 -9.463461488485336304e-02 -1.116841197013854980e+00 -1.775346040725708008e+00 -5.724312663078308105e-01 -6.636564135551452637e-01 2.349735498428344727e+00 1.104994416236877441e+00 2.027491092681884766e+00 2.910286188125610352e-02 -1.842813014984130859e+00 -7.863739132881164551e-02
-5.825557112693786621e-01 9.648593068122863770e-01 2.272948026657104492e+00 -1.143290519714355469e+00 2.145651340484619141e+00 -1.026079773902893066e+00 -1.104924798011779785e+00 -1.468663215637207031e+00 2.037605047225952148e+00 -8.912377804517745972e-02 -1.106160163879394531e+00 -1.821046113967895508e+00 -5.910687446594238281e-01 -6.642072796821594238e-01 2.343560457229614258e+00 1.094978809356689453e+00 2.049513816833496094e+00 4.724889248609542847e-02 -1.860872983932495117e+00 2.401361241936683655e-03
-6.140614748001098633e-01 9.484445452690124512e-01 2.237146377563476562e+00 -1.105768680572509766e+00 2.132087945938110352e+00 -9.827252626419067383e-01 -1.167915463447570801e+00 -1.454028367996215820e+00 2.017230033874511719e+00 -9.112223982810974121e-02 -1.082201004028320312e+00 -1.843191981315612793e+00 -6.109513640403747559e-01 -6.560176610946655273e-01 2.328057527542114258e+00 1.087445020675659180e+00 2.058443546295166016e+00 5.948923528194427490e-02 -1.868152141571044922e+00 7.220604270696640015e-02
-6.430414319038391113e-01 9.411597847938537598e-01 2.188958644866943359e+00 -1.084243774414062500e+00 2.099324464797973633e+00 -9.353874921798706055e-01 -1.223789572715759277e+00 -1.429209828376770020e+00 1.981563329696655273e+00 -1.018123552203178406e-01 -1.040227413177490234e+00 -1.831322312355041504e+00 -6.339771747589111328e-01 -6.325046420097351074e-01 2.300304412841796875e+00 1.085351347923278809e+00 2.051553010940551758e+00 6.809695810079574585e-02 -1.861773014068603516e+00 1.218312531709671021e-01
-6.657645702362060547e-01 9.414839744567871094e-01 2.111601114273071289e+00 -1.076001644134521484e+00 2.036305189132690430e+00 -8.816418051719665527e-01 -1.261648535728454590e+00 -1.390835523605346680e+00 1.926494002342224121e+00 -1.222274750471115112e-01 -9.710512757301330566e-01 -1.776655554771423340e+00 -6.554718613624572754e-01 -5.879479050636291504e-01 2.245827913284301758e+00 1.084476828575134277e+00 2.021404743194580078e+00 6.973302364349365234e-02 -1.830528259277343750e+00 1.489245891571044922e-01
-6.923207044601440430e-01 9.397103786468505859e-01 1.974220633506774902e+00 -1.075490832328796387e+00 1.930251240730285645e+00 -8.027170300483703613e-01 -1.267718791961669922e+00 -1.321328759193420410e+00 1.832088470458984375e+00 -1.725901663303375244e-01 -8.728963732719421387e-01 -1.654638051986694336e+00 -6.729055643081665039e-01 -4.993137121200561523e-01 2.140287160873413086e+00 1.093614101409912109e+00 1.957736372947692871e+00 7.324507832527160645e-02 -1.757394313812255859e+00 1.582820117473602295e-01
-7.282643914222717285e-01 9.785276651382446289e-01 1.737202048301696777e+00 -1.122063875198364258e+00 1.780202865600585938e+00 -7.188290953636169434e-01 -1.218605279922485352e+00 -1.265987396240234375e+00 1.696587681770324707e+00 -2.313918173313140869e-01 -7.412120699882507324e-01 -1.468584179878234863e+00 -6.522682905197143555e-01 -3.486797809600830078e-01 1.999751806259155273e+00 1.107480883598327637e+00 1.876365900039672852e+00 2.191592752933502197e-02 -1.618093132972717285e+00 1.137764006853103638e-01
-8.302084207534790039e-01 1.141811251640319824e+00 1.462167501449584961e+00 -1.244826912879943848e+00 1.557719707489013672e+00 -6.614599227905273438e-01 -1.127952456474304199e+00 -1.259093284606933594e+00 1.555771589279174805e+00 -3.770655095577239990e-01 -5.767659544944763184e-01 -1.186060547828674316e+00 -6.154193878173828125e-01 -1.229307204484939575e-01 1.795080304145812988e+00 1.109626412391662598e+00 1.755850315093994141e+00 -6.307857483625411987e-02 -1.418013572692871094e+00 -1.882016658782958984e-04
-1.035461187362670898e+00 1.356947541236877441e+00 1.281015515327453613e+00 -1.436672806739807129e+00 1.320347905158996582e+00 -6.762861013412475586e-01 -1.033451318740844727e+00 -1.299138426780700684e+00 1.450926303863525391e+00 -5.822044014930725098e-01 -4.766694903373718262e-01 -8.544965982437133789e-01 -5.531392097473144531e-01 1.641922444105148315e-01 1.685284495353698730e+00 1.174742102622985840e+00 1.634664893150329590e+00 -1.894892156124114990e-01 -1.231155633926391602e+00 -1.723446995019912720e-01
-1.193340897560119629e+00 1.618482351303100586e+00 1.239390492439270020e+00 -1.579565405845642090e+00 1.197784185409545898e+00 -7.678977251052856445e-01 -9.260055422782897949e-01 -1.373042225837707520e+00 1.447384834289550781e+00 -7.693732380867004395e-01 -5.102463364601135254e-01 -6.176620125770568848e-01 -5.250826478004455566e-01 3.334092497825622559e-01 1.649758934974670410e+00 1.224020361900329590e+00 1.552490472793579102e+00 -2.891833186149597168e-01 -1.120335221290588379e+00 -4.075772166252136230e-01
-1.278945207595825195e+00 1.820622801780700684e+00 1.252835154533386230e+00 -1.608322501182556152e+00 1.158424258232116699e+00 -8.623619079589843750e-01 -8.164299130439758301e-01 -1.426104307174682617e+00 1.448555707931518555e+00 -9.089869260787963867e-01 -6.081437468528747559e-01 -4.685377478599548340e-01 -5.276713371276855469e-01 3.908098340034484863e-01 1.609855771064758301e+00 1.198213458061218262e+00 1.450206756591796875e+00 -3.559918403625488281e-01 -1.060042858123779297e+00 -5.965026021003723145e-01
-1.291206002235412598e+00 1.925889611244201660e+00 1.275101542472839355e+00 -1.553374290466308594e+00 1.156969308853149414e+00 -9.433640241622924805e-01 -7.557423114776611328e-01 -1.450419187545776367e+00 1.433184981346130371e+00 -9.702726602554321289e-01 -6.900425553321838379e-01 -3.674854040145874023e-01 -5.258870720863342285e-01 4.003580808639526367e-01 1.558685898780822754e+00 1.153277754783630371e+00 1.345273137092590332e+00 -3.837227225303649902e-01 -1.021498203277587891e+00 -7.279335260391235352e-01
-1.266194462776184082e+00 1.982524514198303223e+00 1.292868375778198242e+00 -1.472233772277832031e+00 1.205067276954650879e+00 -1.017860770225524902e+00 -7.408606410026550293e-01 -1.488604784011840820e+00 1.433318853378295898e+00 -9.745900034904479980e-01 -7.304576039314270020e-01 -3.113525807857513428e-01 -5.076302886009216309e-01 3.860538005828857422e-01 1.517499446868896484e+00 1.117688775062561035e+00 1.271318554878234863e+00 -4.178823232650756836e-01 -1.002931594848632812e+00 -8.230790495872497559e-01
-1.241509795188903809e+00 2.003506183624267578e+00 1.293206334114074707e+00 -1.378724217414855957e+00 1.261262416839599609e+00 -1.070829272270202637e+00 -7.548164129257202148e-01 -1.511075735092163086e+00 1.432962775230407715e+00 -9.690088629722595215e-01 -7.534533739089965820e-01 -2.758985459804534912e-01 -5.071688294410705566e-01 4.001714587211608887e-01 1.453021168708801270e+00 1.077690124511718750e+00 1.231654524803161621e+00 -4.432278871536254883e-01 -9.906079173088073730e-01 -8.724830150604248047e-01
-1.261636376380920410e+00 2.013582944869995117e+00 1.335389018058776855e+00 -1.318786978721618652e+00 1.382928729057312012e+00 -1.119420886039733887e+00 -8.002283573150634766e-01 -1.574907302856445312e+00 1.466799259185791016e+00 -9.735602736473083496e-01 -8.165478110313415527e-01 -2.982280552387237549e-01 -5.394670963287353516e-01 4.343800544738769531e-01 1.444323658943176270e+00 1.050850033760070801e+00 1.274767518043518066e+00 -4.556959867477416992e-01 -1.024150371551513672e+00 -8.807981610298156738e-01
-1.323492765426635742e+00 2.004140853881835938e+00 1.376144170761108398e+00 -1.293689608573913574e+00 1.499219298362731934e+00 -1.163987278938293457e+00 -8.737559318542480469e-01 -1.654132485389709473e+00 1.503959774971008301e+00 -9.816802144050598145e-01 -8.662198781967163086e-01 -3.326376378536224365e-01 -5.717852115631103516e-01 5.321464538574218750e-01 1.460942506790161133e+00 1.055158257484436035e+00 1.372460842132568359e+00 -4.638531804084777832e-01 -1.058024406433105469e+00 -8.506549000740051270e-01
-1.403539180755615234e+00 1.975522518157958984e+00 1.400730133056640625e+00 -1.315522789955139160e+00 1.578899979591369629e+00 -1.204414963722229004e+00 -9.694294333457946777e-01 -1.727216482162475586e+00 1.534951567649841309e+00 -9.826885461807250977e-01 -8.894308209419250488e-01 -3.693941235542297363e-01 -6.146370768547058105e-01 6.829372644424438477e-01 1.497372150421142578e+00 1.087800621986389160e+00 1.510460257530212402e+00 -4.704112410545349121e-01 -1.087945342063903809e+00 -7.771641612052917480e-01
-1.478471040725708008e+00 1.919770479202270508e+00 1.408816099166870117e+00 -1.354212284088134766e+00 1.595147728919982910e+00 -1.215085625648498535e+00 -1.052824020385742188e+00 -1.760969042778015137e+00 1.529519677162170410e+00 -9.703406691551208496e-01 -8.767929673194885254e-01 -4.047473371028900146e-01 -6.497476100921630859e-01 8.276481032371520996e-01 1.534566998481750488e+00 1.133271813392639160e+00 1.636701703071594238e+00 -4.698722958564758301e-01 -1.111665368080139160e+00 -6.788372397422790527e-01
-1.537789583206176758e+00 1.844149589538574219e+00 1.412580847740173340e+00 -1.390082001686096191e+00 1.582202076911926270e+00 -1.212102174758911133e+00 -1.113059043884277344e+00 -1.776144504547119141e+00 1.505811452865600586e+00 -9.317716956138610840e-01 -8.500169515609741211e-01 -4.500324130058288574e-01 -6.736142635345458984e-01 9.353404045104980469e-01 1.571628808975219727e+00 1.177619934082031250e+00 1.737719774246215820e+00 -4.709085822105407715e-01 -1.136241436004638672e+00 -5.793029665946960449e-01
-1.570690155029296875e+00 1.734995126724243164e+00 1.407108664512634277e+00 -1.403174877166748047e+00 1.545283079147338867e+00 -1.198321938514709473e+00 -1.134625077247619629e+00 -1.767892122268676758e+00 1.471660733222961426e+00 -8.768807649612426758e-01 -8.229847550392150879e-01 -4.875486195087432861e-01 -6.751855611801147461e-01 1.000169634819030762e+00 1.593179702758789062e+00 1.213844895362854004e+00 1.788725018501281738e+00 -4.675685167312622070e-01 -1.143803477287292480e+00 -4.894610941410064697e-01
-1.586167812347412109e+00 1.617088794708251953e+00 1.400117158889770508e+00 -1.401726007461547852e+00 1.491019606590270996e+00 -1.181963562965393066e+00 -1.126439809799194336e+00 -1.762763381004333496e+00 1.449024915695190430e+00 -8.023879528045654297e-01 -8.180177211761474609e-01 -5.498813390731811523e-01 -6.753487586975097656e-01 1.016332507133483887e+00 1.602754950523376465e+00 1.231096386909484863e+00 1.818373203277587891e+00 -4.555026888847351074e-01 -1.161035776138305664e+00 -4.025450050830841064e-01
-1.593700170516967773e+00 1.484254956245422363e+00 1.400629162788391113e+00 -1.380668878555297852e+00 1.415673732757568359e+00 -1.142611265182495117e+00 -1.106530785560607910e+00 -1.760109782218933105e+00 1.416271328926086426e+00 -7.006918191909790039e-01 -8.296514749526977539e-01 -6.660518050193786621e-01 -6.878415942192077637e-01 9.569278359413146973e-01 1.628771424293518066e+00 1.241170883178710938e+00 1.840913653373718262e+00 -4.305838346481323242e-01 -1.220730185508728027e+00 -2.964032292366027832e-01
-1.556388258934020996e+00 1.302434563636779785e+00 1.390815734863281250e+00 -1.307498931884765625e+00 1.310748815536499023e+00 -1.051631808280944824e+00 -1.080511689186096191e+00 -1.714576244354248047e+00 1.366261601448059082e+00 -5.503091812133789062e-01 -8.314219713211059570e-01 -8.401282429695129395e-01 -6.946506500244140625e-01 8.125861287117004395e-01 1.624049544334411621e+00 1.207130908966064453e+00 1.841561198234558105e+00 -3.692052364349365234e-01 -1.305080413818359375e+00 -1.533008068799972534e-01
-1.436105012893676758e+00 1.033725142478942871e+00 1.407172322273254395e+00 -1.153582930564880371e+00 1.148113369941711426e+00 -9.071112871170043945e-01 -1.048397064208984375e+00 -1.596411585807800293e+00 1.269642591476440430e+00 -3.008680939674377441e-01 -8.450429439544677734e-01 -1.080979943275451660e+00 -6.881856322288513184e-01 5.256317257881164551e-01 1.591538667678833008e+00 1.103606343269348145e+00 1.764949083328247070e+00 -2.506907880306243896e-01 -1.422437071800231934e+00 3.001989983022212982e-02
-1.173791408538818359e+00 8.692600131034851074e-01 1.612803339958190918e+00 -1.008225798606872559e+00 1.211473584175109863e+00 -9.017845988273620605e-01 -1.034802317619323730e+00 -1.487597703933715820e+00 1.344919443130493164e+00 -6.713913381099700928e-02 -8.895137906074523926e-01 -1.379877567291259766e+00 -6.078709363937377930e-01 3.004678338766098022e-02 1.709727644920349121e+00 1.066164135932922363e+00 1.680235862731933594e+00 -1.508604586124420166e-01 -1.585497736930847168e+00 1.255748718976974487e-01
-9.650093913078308105e-01 9.101033806800842285e-01 1.899800419807434082e+00 -9.500588178634643555e-01 1.461816191673278809e+00 -9.904324412345886230e-01 -1.038052797317504883e+00 -1.471597790718078613e+00 1.577331066131591797e+00 4.082575440406799316e-03 -1.010314464569091797e+00 -1.632162213325500488e+00 -5.552788376808166504e-01 -3.571087121963500977e-01 1.901045441627502441e+00 1.021182894706726074e+00 1.706722855567932129e+00 -9.294757246971130371e-02 -1.736212372779846191e+00 1.341583877801895142e-01
-9.130720496177673340e-01 9.877120256423950195e-01 2.081730365753173828e+00 -9.339084625244140625e-01 1.675767660140991211e+00 -1.061754703521728516e+00 -1.045860171318054199e+00 -1.526323914527893066e+00 1.760014891624450684e+00 -2.894087135791778564e-02 -1.155123233795166016e+00 -1.775922536849975586e+00 -5.317167043685913086e-01 -5.285916328430175781e-01 2.077435493469238281e+00 1.012951254844665527e+00 1.788482189178466797e+00 -7.414230704307556152e-02 -1.825272321701049805e+00 1.194490641355514526e-01
-8.626435995101928711e-01 1.041744232177734375e+00 2.162896394729614258e+00 -9.088102579116821289e-01 1.786137580871582031e+00 -1.093348383903503418e+00 -1.048542737960815430e+00 -1.538546204566955566e+00 1.856615185737609863e+00 -5.774035304784774780e-02 -1.232463240623474121e+00 -1.834429025650024414e+00 -5.056955218315124512e-01 -6.326479911804199219e-01 2.163249969482421875e+00 9.798169732093811035e-01 1.807296991348266602e+00 -6.569337844848632812e-02 -1.848476052284240723e+00 1.094258874654769897e-01
-8.048262000083923340e-01 1.084535360336303711e+00 2.187215566635131836e+00 -8.787902593612670898e-01 1.865411043167114258e+00 -1.125838875770568848e+00 -1.020131468772888184e+00 -1.537913084030151367e+00 1.916510939598083496e+00 -9.365770220756530762e-02 -1.274825572967529297e+00 -1.835509419441223145e+00 -4.784407615661621094e-01 -7.017911672592163086e-01 2.198522567749023438e+00 9.383113980293273926e-01 1.781894803047180176e+00 -7.678689062595367432e-02 -1.822351217269897461e+00 8.289898931980133057e-02
-7.357496023178100586e-01 1.138283014297485352e+00 2.195972919464111328e+00 -8.541732430458068848e-01 1.949426412582397461e+00 -1.174192309379577637e+00 -9.814851880073547363e-01 -1.530540108680725098e+00 1.996430635452270508e+00 -1.434545218944549561e-01 -1.298678159713745117e+00 -1.803075194358825684e+00 -4.488852620124816895e-01 -7.480036616325378418e-01 2.207469940185546875e+00 8.998860716819763184e-01 1.743097305297851562e+00 -9.548310935497283936e-02 -1.771058082580566406e+00 3.362254425883293152e-02
-6.646110415458679199e-01 1.191660642623901367e+00 2.192014217376708984e+00 -8.349553346633911133e-01 2.028809785842895508e+00 -1.223497390747070312e+00 -9.358372688293457031e-01 -1.521754503250122070e+00 2.071040153503417969e+00 -1.996400654315948486e-01 -1.306749105453491211e+00 -1.754066467285156250e+00 -4.075257182121276855e-01 -7.753336429595947266e-01 2.207903385162353516e+00 8.684113025665283203e-01 1.700321912765502930e+00 -1.222415417432785034e-01 -1.706238508224487305e+00 -2.224869653582572937e-02
-5.807788372039794922e-01 1.233431458473205566e+00 2.183460235595703125e+00 -8.132310509681701660e-01 2.088559389114379883e+00 -1.282191872596740723e+00 -8.652939200401306152e-01 -1.494074940681457520e+00 2.123127698898315430e+00 -2.628160119056701660e-01 -1.306505441665649414e+00 -1.662655234336853027e+00 -3.565441370010375977e-01 -7.900213003158569336e-01 2.194730043411254883e+00 8.411328792572021484e-01 1.620802760124206543e+00 -1.526281833648681641e-01 -1.611078739166259766e+00 -9.998996555805206299e-02
-4.881258010864257812e-01 1.246039032936096191e+00 2.160039424896240234e+00 -7.847841978073120117e-01 2.104945898056030273e+00 -1.342371821403503418e+00 -7.496824264526367188e-01 -1.434522867202758789e+00 2.127588748931884766e+00 -3.315226435661315918e-01 -1.285410284996032715e+00 -1.513539791107177734e+00 -2.939057350158691406e-01 -7.847341895103454590e-01 2.159883737564086914e+00 8.240549564361572266e-01 1.488774180412292480e+00 -1.863498985767364502e-01 -1.473095297813415527e+00 -2.059514373540878296e-01
-4.340880513191223145e-01 1.223280191421508789e+00 2.122787237167358398e+00 -7.638546228408813477e-01 2.051082372665405273e+00 -1.383255720138549805e+00 -6.027710437774658203e-01 -1.344458937644958496e+00 2.043998003005981445e+00 -4.081205129623413086e-01 -1.228364706039428711e+00 -1.307205319404602051e+00 -2.366462647914886475e-01 -7.209405899047851562e-01 2.129826307296752930e+00 8.459508419036865234e-01 1.325950860977172852e+00 -2.176337838172912598e-01 -1.303370237350463867e+00 -3.354846239089965820e-01
-4.364459812641143799e-01 1.159356594085693359e+00 2.075402975082397461e+00 -7.311354875564575195e-01 1.939605355262756348e+00 -1.412733793258666992e+00 -4.552528262138366699e-01 -1.240916609764099121e+00 1.925160765647888184e+00 -4.983444511890411377e-01 -1.154085516929626465e+00 -1.074484705924987793e+00 -1.667100191116333008e-01 -5.496816039085388184e-01 2.100834846496582031e+00 9.055519104003906250e-01 1.198326110839843750e+00 -2.385519742965698242e-01 -1.120995879173278809e+00 -4.492238759994506836e-01
-4.828450381755828857e-01 1.129434227943420410e+00 2.071685552597045898e+00 -7.707726955413818359e-01 1.834818720817565918e+00 -1.419224739074707031e+00 -4.022592604160308838e-01 -1.174905776977539062e+00 1.834651947021484375e+00 -5.515488386154174805e-01 -1.088064312934875488e+00 -8.941901922225952148e-01 -1.272678673267364502e-01 -3.786813616752624512e-01 2.088211774826049805e+00 1.029670834541320801e+00 1.160905838012695312e+00 -2.375178337097167969e-01 -1.044523596763610840e+00 -5.685842037200927734e-01
-5.411356091499328613e-01 1.114892244338989258e+00 2.107191324234008789e+00 -8.267789483070373535e-01 1.780816793441772461e+00 -1.412382006645202637e+00 -4.026575088500976562e-01 -1.172634124755859375e+00 1.785854339599609375e+00 -5.455822944641113281e-01 -1.052901744842529297e+00 -8.515169620513916016e-01 -1.254113018512725830e-01 -2.853217124938964844e-01 2.101892709732055664e+00 1.139722704887390137e+00 1.205552577972412109e+00 -2.239417284727096558e-01 -1.062300920486450195e+00 -6.386702060699462891e-01
-5.865774154663085938e-01 1.103803277015686035e+00 2.172590970993041992e+00 -8.559090495109558105e-01 1.759199142456054688e+00 -1.395729064941406250e+00 -4.264889359474182129e-01 -1.193003773689270020e+00 1.780660271644592285e+00 -5.129142999649047852e-01 -1.069906234741210938e+00 -8.987256288528442383e-01 -1.703637540340423584e-01 -2.741010189056396484e-01 2.114448785781860352e+00 1.195865154266357422e+00 1.277404427528381348e+00 -1.827358901500701904e-01 -1.146977186203002930e+00 -6.602030992507934570e-01
-6.156677007675170898e-01 1.103542327880859375e+00 2.241881132125854492e+00 -8.617760539054870605e-01 1.758535623550415039e+00 -1.377975821495056152e+00 -4.571596682071685791e-01 -1.218178987503051758e+00 1.802426695823669434e+00 -4.794612824916839600e-01 -1.114747762680053711e+00 -9.780235290527343750e-01 -2.409871518611907959e-01 -3.070508837699890137e-01 2.118200778961181641e+00 1.211587905883789062e+00 1.347947597503662109e+00 -1.317618191242218018e-01 -1.250097036361694336e+00 -6.593267917633056641e-01
-6.378797888755798340e-01 1.127688050270080566e+00 2.294707059860229492e+00 -8.611781597137451172e-01 1.768846988677978516e+00 -1.361527800559997559e+00 -4.816291332244873047e-01 -1.249078392982482910e+00 1.835681796073913574e+00 -4.569820761680603027e-01 -1.170694351196289062e+00 -1.056034326553344727e+00 -3.133488893508911133e-01 -3.528424501419067383e-01 2.115027666091918945e+00 1.200606226921081543e+00 1.406437277793884277e+00 -8.942611515522003174e-02 -1.338571190834045410e+00 -6.677018404006958008e-01
-6.558505296707153320e-01 1.180325984954833984e+00 2.315767288208007812e+00 -8.538973927497863770e-01 1.777068853378295898e+00 -1.347072839736938477e+00 -4.904581606388092041e-01 -1.275393605232238770e+00 1.868429303169250488e+00 -4.603284597396850586e-01 -1.227325320243835449e+00 -1.099219560623168945e+00 -3.791537582874298096e-01 -3.879947662353515625e-01 2.094222784042358398e+00 1.168244004249572754e+00 1.436606049537658691e+00 -6.110435351729393005e-02 -1.388275980949401855e+00 -7.028783559799194336e-01
-6.665673255920410156e-01 1.260172724723815918e+00 2.277056217193603516e+00 -8.256564140319824219e-01 1.758721590042114258e+00 -1.340266823768615723e+00 -4.659859836101531982e-01 -1.282098412513732910e+00 1.888785839080810547e+00 -5.058775544166564941e-01 -1.279258251190185547e+00 -1.062399268150329590e+00 -4.289554655551910400e-01 -3.806478977203369141e-01 2.025961160659790039e+00 1.108977317810058594e+00 1.411684393882751465e+00 -5.452609807252883911e-02 -1.364889740943908691e+00 -7.804273366928100586e-01
-7.183295488357543945e-01 1.395452737808227539e+00 2.099363088607788086e+00 -7.932077050209045410e-01 1.711021304130554199e+00 -1.342765808105468750e+00 -4.067572057247161865e-01 -1.305476427078247070e+00 1.862459540367126465e+00 -6.343283653259277344e-01 -1.311671137809753418e+00 -8.505073189735412598e-01 -4.617149233818054199e-01 -2.441565841436386108e-01 1.882427334785461426e+00 1.028868436813354492e+00 1.305099368095397949e+00 -1.176311895251274109e-01 -1.209428191184997559e+00 -9.477669000625610352e-01
-8.990890979766845703e-01 1.712759733200073242e+00 1.798060774803161621e+00 -9.346754550933837891e-01 1.787031054496765137e+00 -1.351384401321411133e+00 -4.514434039592742920e-01 -1.444372653961181641e+00 1.886479854583740234e+00 -9.532080888748168945e-01 -1.222160458564758301e+00 -4.870767891407012939e-01 -4.896326065063476562e-01 1.052362769842147827e-01 1.736233711242675781e+00 1.034141302108764648e+00 1.302519679069519043e+00 -2.660534977912902832e-01 -9.808284044265747070e-01 -1.118048429489135742e+00
-1.195541858673095703e+00 2.001399517059326172e+00 1.624067425727844238e+00 -1.275321006774902344e+00 2.005081653594970703e+00 -1.393536210060119629e+00 -7.159864902496337891e-01 -1.649813771247863770e+00 2.020577907562255859e+00 -1.269824862480163574e+00 -1.073854565620422363e+00 -2.428180277347564697e-01 -3.996935188770294189e-01 5.897057652473449707e-01 1.710710525512695312e+00 1.091732978820800781e+00 1.459699511528015137e+00 -4.085118770599365234e-01 -8.396530151367187500e-01 -9.850936532020568848e-01
-1.399022340774536133e+00 2.075159072875976562e+00 1.527025461196899414e+00 -1.432533144950866699e+00 2.036517143249511719e+00 -1.410535931587219238e+00 -9.691568613052368164e-01 -1.763505697250366211e+00 2.025990247726440430e+00 -1.295843124389648438e+00 -9.219254851341247559e-01 -2.155470848083496094e-01 -3.423166573047637939e-01 8.891930580139160156e-01 1.733929514884948730e+00 1.184879064559936523e+00 1.618253707885742188e+00 -4.998602867126464844e-01 -8.320236206054687500e-01 -7.868888974189758301e-01
-1.488750815391540527e+00 2.112384080886840820e+00 1.506339192390441895e+00 -1.486477732658386230e+00 2.042645454406738281e+00 -1.462942004203796387e+00 -1.125384926795959473e+00 -1.836184620857238770e+00 2.045601844787597656e+00 -1.257933378219604492e+00 -8.238905668258666992e-01 -2.653319537639617920e-01 -3.189925849437713623e-01 1.017786741256713867e+00 1.785153865814208984e+00 1.265831947326660156e+00 1.747053027153015137e+00 -5.533019304275512695e-01 -8.571934103965759277e-01 -6.603687405586242676e-01
-1.535875082015991211e+00 2.114842414855957031e+00 1.487448692321777344e+00 -1.493660807609558105e+00 2.034641981124877930e+00 -1.494307041168212891e+00 -1.222059726715087891e+00 -1.863559722900390625e+00 2.037526845932006836e+00 -1.226814866065979004e+00 -7.571443319320678711e-01 -2.930216193199157715e-01 -3.034501373767852783e-01 1.085391044616699219e+00 1.812259554862976074e+00 1.317240715026855469e+00 1.804054021835327148e+00 -5.855659246444702148e-01 -8.653656840324401855e-01 -5.688779950141906738e-01
-1.567140102386474609e+00 2.101231336593627930e+00 1.471875309944152832e+00 -1.472541689872741699e+00 2.022180080413818359e+00 -1.511333346366882324e+00 -1.285859465599060059e+00 -1.871047496795654297e+00 2.014498949050903320e+00 -1.201549649238586426e+00 -7.115893959999084473e-01 -3.098016083240509033e-01 -2.869089245796203613e-01 1.122542381286621094e+00 1.825681924819946289e+00 1.350768208503723145e+00 1.823310494422912598e+00 -6.050769090652465820e-01 -8.654702901840209961e-01 -4.998069107532501221e-01
-1.591345548629760742e+00 2.079125881195068359e+00 1.458563923835754395e+00 -1.429090142250061035e+00 2.008924007415771484e+00 -1.517245054244995117e+00 -1.334996581077575684e+00 -1.865973830223083496e+00 1.983056664466857910e+00 -1.180418491363525391e+00 -6.801190972328186035e-01 -3.225555717945098877e-01 -2.722594439983367920e-01 1.138305187225341797e+00 1.830234766006469727e+00 1.372619748115539551e+00 1.819711208343505859e+00 -6.149536371231079102e-01 -8.636646270751953125e-01 -4.420107305049896240e-01
-1.610289692878723145e+00 2.048314332962036133e+00 1.445858955383300781e+00 -1.361154079437255859e+00 1.994492173194885254e+00 -1.509866952896118164e+00 -1.377119183540344238e+00 -1.847952127456665039e+00 1.943143725395202637e+00 -1.160811543464660645e+00 -6.602640748023986816e-01 -3.353085815906524658e-01 -2.617274224758148193e-01 1.132015585899353027e+00 1.825662016868591309e+00 1.383002281188964844e+00 1.796206593513488770e+00 -6.141553521156311035e-01 -8.631280064582824707e-01 -3.895308375358581543e-01
-1.619588136672973633e+00 2.000412940979003906e+00 1.428490638732910156e+00 -1.258275628089904785e+00 1.976250052452087402e+00 -1.487172245979309082e+00 -1.411277294158935547e+00 -1.810166001319885254e+00 1.886310338973999023e+00 -1.139505624771118164e+00 -6.462531089782714844e-01 -3.484931588172912598e-01 -2.512830793857574463e-01 1.101980924606323242e+00 1.807547926902770996e+00 1.381091833114624023e+00 1.747014760971069336e+00 -6.028359532356262207e-01 -8.581373095512390137e-01 -3.340294957160949707e-01
-1.609734416007995605e+00 1.925595998764038086e+00 1.406157016754150391e+00 -1.117170810699462891e+00 1.946434497833251953e+00 -1.443666815757751465e+00 -1.425613880157470703e+00 -1.744438886642456055e+00 1.805794954299926758e+00 -1.110453367233276367e+00 -6.413750648498535156e-01 -3.638398051261901855e-01 -2.477768361568450928e-01 1.038552761077880859e+00 1.772930622100830078e+00 1.360736966133117676e+00 1.665992617607116699e+00 -5.749409198760986328e-01 -8.515177965164184570e-01 -2.771912813186645508e-01
-1.570865511894226074e+00 1.818643450736999512e+00 1.401126980781555176e+00 -9.589680433273315430e-01 1.889839291572570801e+00 -1.374227643013000488e+00 -1.391556143760681152e+00 -1.646259069442749023e+00 1.709372162818908691e+00 -1.064101457595825195e+00 -6.604815721511840820e-01 -3.867232501506805420e-01 -2.725617885589599609e-01 9.185848832130432129e-01 1.731957674026489258e+00 1.315044760704040527e+00 1.546840548515319824e+00 -5.197635293006896973e-01 -8.691734075546264648e-01 -2.407746762037277222e-01
-1.500190734863281250e+00 1.630975365638732910e+00 1.438496947288513184e+00 -7.540531158447265625e-01 1.802875995635986328e+00 -1.258021593093872070e+00 -1.337880015373229980e+00 -1.483316540718078613e+00 1.573364257812500000e+00 -9.854681491851806641e-01 -7.055985331535339355e-01 -4.323782622814178467e-01 -3.112182915210723877e-01 7.085410356521606445e-01 1.697237968444824219e+00 1.239571690559387207e+00 1.371011614799499512e+00 -4.180715680122375488e-01 -9.196502566337585449e-01 -1.925312876701354980e-01
-1.381491541862487793e+00 1.428719997406005859e+00 1.508762717247009277e+00 -5.790727138519287109e-01 1.716433167457580566e+00 -1.106476902961730957e+00 -1.253903746604919434e+00 -1.302279710769653320e+00 1.437158942222595215e+00 -8.803976774215698242e-01 -7.707220911979675293e-01 -5.144104361534118652e-01 -3.686161637306213379e-01 4.228262305259704590e-01 1.672250986099243164e+00 1.142896056175231934e+00 1.198494195938110352e+00 -2.768084406852722168e-01 -1.005823612213134766e+00 -1.741188764572143555e-01
-1.244400978088378906e+00 1.315896511077880859e+00 1.599993944168090820e+00 -4.858585000038146973e-01 1.725101113319396973e+00 -1.009943008422851562e+00 -1.145375132560729980e+00 -1.223690390586853027e+00 1.432758927345275879e+00 -7.662751078605651855e-01 -8.858749270439147949e-01 -6.714748740196228027e-01 -4.165862500667572021e-01 1.043778955936431885e-01 1.688193082809448242e+00 1.066653847694396973e+00 1.125980854034423828e+00 -1.746771484613418579e-01 -1.111693263053894043e+00 -2.298503071069717407e-01
