-7.916837930679321289e-01 7.509057521820068359e-01 1.582175493240356445e+00 -1.059627294540405273e+00 2.008494377136230469e+00 -1.429877400398254395e+00 -2.408580332994461060e-01 -1.699509859085083008e+00 1.781878590583801270e+00 -5.563297867774963379e-01 -1.075345039367675781e+00 -7.117327451705932617e-01 1.875567138195037842e-01 3.841742873191833496e-01 1.929974555969238281e+00 9.123869538307189941e-01 1.353345870971679688e+00 -3.527432084083557129e-01 -6.835303902626037598e-01 -2.583449780941009521e-01
-9.639942646026611328e-01 8.678570985794067383e-01 1.562489748001098633e+00 -9.801388978958129883e-01 2.092806100845336914e+00 -1.461486577987670898e+00 -3.099303245544433594e-01 -1.723278522491455078e+00 1.789503097534179688e+00 -7.722101211547851562e-01 -1.080487608909606934e+00 -5.466183423995971680e-01 1.554681360721588135e-01 5.764555931091308594e-01 1.881128668785095215e+00 9.794913530349731445e-01 1.332763314247131348e+00 -3.787832260131835938e-01 -6.189131140708923340e-01 -3.114596307277679443e-01
-1.110659122467041016e+00 1.045690417289733887e+00 1.558454513549804688e+00 -9.214476346969604492e-01 2.121435403823852539e+00 -1.470669507980346680e+00 -4.498240053653717041e-01 -1.763357877731323242e+00 1.778852701187133789e+00 -8.929954171180725098e-01 -1.079245328903198242e+00 -4.816785454750061035e-01 7.201810181140899658e-02 6.621790528297424316e-01 1.842313170433044434e+00 1.015170216560363770e+00 1.348510622978210449e+00 -4.003738164901733398e-01 -6.497136950492858887e-01 -3.641276359558105469e-01
-1.226078033447265625e+00 1.240901947021484375e+00 1.552259445190429688e+00 -8.889076709747314453e-01 2.104439020156860352e+00 -1.462430477142333984e+00 -5.923635959625244141e-01 -1.794231772422790527e+00 1.748782277107238770e+00 -9.617952108383178711e-01 -1.072903990745544434e+00 -4.534699916839599609e-01 -1.269792020320892334e-02 6.709272265434265137e-01 1.825084567070007324e+00 1.030213236808776855e+00 1.344397187232971191e+00 -4.390433728694915771e-01 -7.046627998352050781e-01 -4.151360094547271729e-01
-1.286195993423461914e+00 1.385122537612915039e+00 1.530378580093383789e+00 -8.469977378845214844e-01 2.044259548187255859e+00 -1.433656811714172363e+00 -6.901034116744995117e-01 -1.793669819831848145e+00 1.695988655090332031e+00 -9.785090088844299316e-01 -1.067381262779235840e+00 -4.550269842147827148e-01 -8.975508809089660645e-02 6.294332146644592285e-01 1.788994550704956055e+00 1.001756191253662109e+00 1.314836740493774414e+00 -4.691459834575653076e-01 -7.568446397781372070e-01 -4.466969668865203857e-01
-1.301337957382202148e+00 1.481538534164428711e+00 1.508221626281738281e+00 -8.027610778808593750e-01 1.964458227157592773e+00 -1.396630048751831055e+00 -7.498220205307006836e-01 -1.773354053497314453e+00 1.638812541961669922e+00 -9.571259021759033203e-01 -1.075106501579284668e+00 -4.813026189804077148e-01 -1.659464687108993530e-01 5.568740963935852051e-01 1.746240735054016113e+00 9.446609020233154297e-01 1.277661323547363281e+00 -4.843984842300415039e-01 -8.109892010688781738e-01 -4.629480838775634766e-01
-1.293295741081237793e+00 1.559549927711486816e+00 1.495851516723632812e+00 -7.573930025100708008e-01 1.871689319610595703e+00 -1.368356823921203613e+00 -8.065695166587829590e-01 -1.749743819236755371e+00 1.590889096260070801e+00 -8.990383148193359375e-01 -1.079066753387451172e+00 -5.364435315132141113e-01 -2.405651807785034180e-01 4.578431844711303711e-01 1.708248376846313477e+00 8.807715177536010742e-01 1.246244549751281738e+00 -4.960374534130096436e-01 -8.783956170082092285e-01 -4.659547805786132812e-01
-1.256497740745544434e+00 1.609187364578247070e+00 1.490895509719848633e+00 -7.151169776916503906e-01 1.769422769546508789e+00 -1.339593529701232910e+00 -8.215057849884033203e-01 -1.714485526084899902e+00 1.551261067390441895e+00 -8.274217247962951660e-01 -1.081657648086547852e+00 -6.014753580093383789e-01 -3.076199293136596680e-01 3.326001167297363281e-01 1.670605540275573730e+00 8.092194795608520508e-01 1.201174974441528320e+00 -5.015923380851745605e-01 -9.459632039070129395e-01 -4.708683490753173828e-01
-1.195275664329528809e+00 1.626478314399719238e+00 1.497458696365356445e+00 -6.612434387207031250e-01 1.661424994468688965e+00 -1.291912555694580078e+00 -8.329758048057556152e-01 -1.651357889175415039e+00 1.505098819732666016e+00 -7.373517155647277832e-01 -1.079111456871032715e+00 -6.888859868049621582e-01 -3.714212477207183838e-01 1.714559048414230347e-01 1.636160135269165039e+00 7.343435287475585938e-01 1.151552677154541016e+00 -4.864141047000885010e-01 -1.023326754570007324e+00 -4.564941823482513428e-01
-1.096861004829406738e+00 1.597034335136413574e+00 1.560684919357299805e+00 -6.055088043212890625e-01 1.592756032943725586e+00 -1.243410110473632812e+00 -8.484416604042053223e-01 -1.571895718574523926e+00 1.495813131332397461e+00 -6.260329484939575195e-01 -1.091783881187438965e+00 -8.324275612831115723e-01 -4.244697988033294678e-01 -5.067846924066543579e-02 1.632678627967834473e+00 6.866862177848815918e-01 1.129388451576232910e+00 -4.422514140605926514e-01 -1.141471147537231445e+00 -4.213357269763946533e-01
-1.004628300666809082e+00 1.557337164878845215e+00 1.692756652832031250e+00 -6.055978536605834961e-01 1.576791644096374512e+00 -1.200488090515136719e+00 -8.833906650543212891e-01 -1.489558458328247070e+00 1.534204840660095215e+00 -5.235968232154846191e-01 -1.121089220046997070e+00 -9.953132867813110352e-01 -4.895720481872558594e-01 -2.358631938695907593e-01 1.651476502418518066e+00 6.658261418342590332e-01 1.167347788810729980e+00 -3.609047234058380127e-01 -1.294991016387939453e+00 -3.697339594364166260e-01
-8.956010341644287109e-01 1.493333578109741211e+00 1.850347280502319336e+00 -6.584576368331909180e-01 1.577517271041870117e+00 -1.139025568962097168e+00 -9.462197422981262207e-01 -1.392327547073364258e+00 1.569717407226562500e+00 -3.946363627910614014e-01 -1.134001731872558594e+00 -1.165205240249633789e+00 -5.629437565803527832e-01 -3.946854472160339355e-01 1.688320159912109375e+00 6.636369824409484863e-01 1.253384232521057129e+00 -2.421457767486572266e-01 -1.464545369148254395e+00 -3.127058148384094238e-01
-8.003805875778198242e-01 1.379059076309204102e+00 1.990839242935180664e+00 -7.015882730484008789e-01 1.602759599685668945e+00 -1.093573808670043945e+00 -9.783670306205749512e-01 -1.305024743080139160e+00 1.624190449714660645e+00 -3.002125024795532227e-01 -1.149517774581909180e+00 -1.302524328231811523e+00 -5.936365127563476562e-01 -4.837407469749450684e-01 1.760685205459594727e+00 6.843971014022827148e-01 1.365847110748291016e+00 -1.276081353425979614e-01 -1.573306202888488770e+00 -2.473517656326293945e-01
-7.299381494522094727e-01 1.269226312637329102e+00 2.072994470596313477e+00 -8.258156776428222656e-01 1.670069813728332520e+00 -1.016298651695251465e+00 -1.039193749427795410e+00 -1.260434746742248535e+00 1.682247519493103027e+00 -2.130619734525680542e-01 -1.100001811981201172e+00 -1.401734352111816406e+00 -6.022214889526367188e-01 -5.133457183837890625e-01 1.857906699180603027e+00 7.889907956123352051e-01 1.528269529342651367e+00 -4.635605961084365845e-02 -1.664563417434692383e+00 -2.224163115024566650e-01
-6.726402044296264648e-01 1.109353661537170410e+00 2.053826093673706055e+00 -9.286570549011230469e-01 1.698357105255126953e+00 -9.046766757965087891e-01 -1.084711432456970215e+00 -1.209019541740417480e+00 1.665473937988281250e+00 -1.302472800016403198e-01 -1.019704937934875488e+00 -1.423239111900329590e+00 -5.751957297325134277e-01 -4.801494479179382324e-01 1.884681105613708496e+00 8.900586366653442383e-01 1.642988085746765137e+00 2.467908337712287903e-02 -1.686102509498596191e+00 -2.035274356603622437e-01
-6.489121913909912109e-01 9.709728956222534180e-01 1.926654338836669922e+00 -9.881614446640014648e-01 1.670353412628173828e+00 -8.052471876144409180e-01 -1.134886741638183594e+00 -1.178720593452453613e+00 1.568828105926513672e+00 -6.343950331211090088e-02 -8.877971768379211426e-01 -1.354949951171875000e+00 -5.368864536285400391e-01 -3.752616643905639648e-01 1.823989987373352051e+00 9.776011109352111816e-01 1.696696996688842773e+00 6.178870424628257751e-02 -1.638177990913391113e+00 -2.054401636123657227e-01
-6.971653699874877930e-01 9.558031558990478516e-01 1.727886915206909180e+00 -1.062018275260925293e+00 1.611683368682861328e+00 -7.337737679481506348e-01 -1.183392047882080078e+00 -1.198509693145751953e+00 1.464784860610961914e+00 -5.515587329864501953e-02 -7.721282839775085449e-01 -1.217934608459472656e+00 -4.957948923110961914e-01 -2.001416534185409546e-01 1.735355973243713379e+00 1.060655832290649414e+00 1.719098091125488281e+00 4.534405842423439026e-02 -1.538702011108398438e+00 -2.834421396255493164e-01
-8.192057609558105469e-01 1.029668927192687988e+00 1.500041723251342773e+00 -1.136064529418945312e+00 1.507581949234008789e+00 -6.764068603515625000e-01 -1.196350812911987305e+00 -1.252854228019714355e+00 1.347802400588989258e+00 -1.356524974107742310e-01 -6.860840320587158203e-01 -1.012151837348937988e+00 -4.580154716968536377e-01 9.872537106275558472e-03 1.635884881019592285e+00 1.124772667884826660e+00 1.687101125717163086e+00 -3.062962740659713745e-02 -1.407213211059570312e+00 -3.936353027820587158e-01
-9.311650991439819336e-01 1.115565657615661621e+00 1.332031965255737305e+00 -1.146512866020202637e+00 1.411153554916381836e+00 -6.503022909164428711e-01 -1.145803928375244141e+00 -1.273911118507385254e+00 1.259262204170227051e+00 -2.713686227798461914e-01 -6.554704904556274414e-01 -8.121365904808044434e-01 -4.325661957263946533e-01 1.878329813480377197e-01 1.551379203796386719e+00 1.125970840454101562e+00 1.609679460525512695e+00 -1.160559058189392090e-01 -1.263009428977966309e+00 -4.937236309051513672e-01
-1.024299383163452148e+00 1.230039477348327637e+00 1.330295801162719727e+00 -1.164424419403076172e+00 1.407125592231750488e+00 -7.070264220237731934e-01 -1.134581446647644043e+00 -1.270439982414245605e+00 1.281725287437438965e+00 -4.199464321136474609e-01 -6.810835003852844238e-01 -6.916353702545166016e-01 -4.575049877166748047e-01 3.080346882343292236e-01 1.519535541534423828e+00 1.135003685951232910e+00 1.573536276817321777e+00 -1.671506464481353760e-01 -1.196259617805480957e+00 -5.634060502052307129e-01
-1.070871114730834961e+00 1.338256597518920898e+00 1.351485967636108398e+00 -1.156413435935974121e+00 1.369595766067504883e+00 -7.312939763069152832e-01 -1.086721777915954590e+00 -1.246105790138244629e+00 1.300483345985412598e+00 -5.522580146789550781e-01 -7.128241658210754395e-01 -5.987465977668762207e-01 -5.146574974060058594e-01 3.242406845092773438e-01 1.495694041252136230e+00 1.134312510490417480e+00 1.495508670806884766e+00 -1.875394433736801147e-01 -1.178581118583679199e+00 -6.343048810958862305e-01
-1.072596907615661621e+00 1.388401627540588379e+00 1.371062755584716797e+00 -1.114226818084716797e+00 1.330902218818664551e+00 -7.033200860023498535e-01 -1.029784798622131348e+00 -1.185703158378601074e+00 1.278778910636901855e+00 -6.379376649856567383e-01 -7.488155364990234375e-01 -5.468034744262695312e-01 -5.803602933883666992e-01 2.553146779537200928e-01 1.470746636390686035e+00 1.118393540382385254e+00 1.386074900627136230e+00 -1.643307358026504517e-01 -1.171117901802062988e+00 -6.766621470451354980e-01
-1.006857156753540039e+00 1.372368812561035156e+00 1.423745632171630859e+00 -1.030165791511535645e+00 1.337043046951293945e+00 -6.656656861305236816e-01 -1.003007769584655762e+00 -1.075292825698852539e+00 1.277634620666503906e+00 -6.825010776519775391e-01 -7.558639049530029297e-01 -5.189805030822753906e-01 -6.218609213829040527e-01 1.175151914358139038e-01 1.473882317543029785e+00 1.133678674697875977e+00 1.264849781990051270e+00 -9.471473097801208496e-02 -1.168516278266906738e+00 -6.963461041450500488e-01
-8.489707708358764648e-01 1.378017067909240723e+00 1.624264001846313477e+00 -9.757357835769653320e-01 1.432848930358886719e+00 -7.092943787574768066e-01 -9.983104467391967773e-01 -9.780233502388000488e-01 1.419149518013000488e+00 -6.581209897994995117e-01 -7.951265573501586914e-01 -6.414850950241088867e-01 -6.789663434028625488e-01 -1.508707404136657715e-01 1.582571506500244141e+00 1.168904066085815430e+00 1.243131875991821289e+00 -1.616186462342739105e-02 -1.282874107360839844e+00 -7.093561291694641113e-01
-7.076240777969360352e-01 1.407470464706420898e+00 1.929653882980346680e+00 -1.020552873611450195e+00 1.621869206428527832e+00 -8.352611064910888672e-01 -1.007047414779663086e+00 -9.860380887985229492e-01 1.657482624053955078e+00 -5.853561758995056152e-01 -8.739190101623535156e-01 -8.658602833747863770e-01 -7.832019329071044922e-01 -4.150865674018859863e-01 1.797954916954040527e+00 1.214253902435302734e+00 1.350965380668640137e+00 5.910031497478485107e-03 -1.498894810676574707e+00 -6.976637840270996094e-01
-5.985972881317138672e-01 1.339137315750122070e+00 2.185961008071899414e+00 -1.033277392387390137e+00 1.841202735900878906e+00 -1.009362936019897461e+00 -9.481858611106872559e-01 -1.041131615638732910e+00 1.870503187179565430e+00 -5.211300849914550781e-01 -9.735198020935058594e-01 -1.051333904266357422e+00 -8.027841448783874512e-01 -5.329105257987976074e-01 2.024734020233154297e+00 1.205178618431091309e+00 1.462245225906372070e+00 -2.341552823781967163e-02 -1.606371998786926270e+00 -5.966143608093261719e-01
-5.061225295066833496e-01 1.238690733909606934e+00 2.288056135177612305e+00 -1.040217161178588867e+00 1.951281189918518066e+00 -1.117829442024230957e+00 -8.767878413200378418e-01 -1.081236481666564941e+00 1.936825871467590332e+00 -4.489636719226837158e-01 -1.002219557762145996e+00 -1.142455458641052246e+00 -7.288413643836975098e-01 -5.861663222312927246e-01 2.149745941162109375e+00 1.168313503265380859e+00 1.480376362800598145e+00 -6.540954113006591797e-02 -1.592412710189819336e+00 -4.818394184112548828e-01
-4.532363414764404297e-01 1.121407747268676758e+00 2.286498546600341797e+00 -1.042548179626464844e+00 2.024771213531494141e+00 -1.191918849945068359e+00 -8.624003529548645020e-01 -1.116933465003967285e+00 1.945203781127929688e+00 -3.752425909042358398e-01 -9.643726348876953125e-01 -1.167012333869934082e+00 -5.947708487510681152e-01 -5.522804260253906250e-01 2.212224006652832031e+00 1.171985864639282227e+00 1.491036534309387207e+00 -9.460812807083129883e-02 -1.518346071243286133e+00 -3.705733120441436768e-01
-4.356497228145599365e-01 1.033753395080566406e+00 2.233961582183837891e+00 -1.052619457244873047e+00 2.027923583984375000e+00 -1.250552177429199219e+00 -8.803486227989196777e-01 -1.161657452583312988e+00 1.921179533004760742e+00 -2.999580800533294678e-01 -8.978807330131530762e-01 -1.178211569786071777e+00 -4.764407873153686523e-01 -4.859608411788940430e-01 2.229660987854003906e+00 1.171237111091613770e+00 1.512170076370239258e+00 -1.223022341728210449e-01 -1.451423048973083496e+00 -2.545045912265777588e-01
-4.410898089408874512e-01 9.693769216537475586e-01 2.159324407577514648e+00 -1.076253652572631836e+00 1.991148948669433594e+00 -1.272207975387573242e+00 -8.967239856719970703e-01 -1.198250055313110352e+00 1.877928733825683594e+00 -2.408830970525741577e-01 -8.331450223922729492e-01 -1.171825408935546875e+00 -3.893838822841644287e-01 -4.154626727104187012e-01 2.221293687820434570e+00 1.164108514785766602e+00 1.525191068649291992e+00 -1.396029740571975708e-01 -1.397701025009155273e+00 -1.667414158582687378e-01
-4.662908911705017090e-01 9.359909296035766602e-01 2.057082414627075195e+00 -1.115274906158447266e+00 1.923214793205261230e+00 -1.264710545539855957e+00 -9.127633571624755859e-01 -1.232650041580200195e+00 1.819844126701354980e+00 -1.902749240398406982e-01 -7.691034674644470215e-01 -1.160953044891357422e+00 -3.288233280181884766e-01 -3.450939059257507324e-01 2.199584484100341797e+00 1.156085848808288574e+00 1.540489315986633301e+00 -1.619707494974136353e-01 -1.351239085197448730e+00 -1.064511537551879883e-01
-4.983543157577514648e-01 9.151202440261840820e-01 1.935073137283325195e+00 -1.150483131408691406e+00 1.826783776283264160e+00 -1.231346487998962402e+00 -9.161791801452636719e-01 -1.249805569648742676e+00 1.742490530014038086e+00 -1.544733941555023193e-01 -7.039658427238464355e-01 -1.137955427169799805e+00 -2.900023460388183594e-01 -2.776973843574523926e-01 2.155810594558715820e+00 1.144948482513427734e+00 1.543597698211669922e+00 -1.824005395174026489e-01 -1.303766608238220215e+00 -6.268873810768127441e-02
-5.317296981811523438e-01 9.033263921737670898e-01 1.808466911315917969e+00 -1.177288413047790527e+00 1.714334607124328613e+00 -1.176080346107482910e+00 -9.048224091529846191e-01 -1.248795270919799805e+00 1.655630111694335938e+00 -1.355310827493667603e-01 -6.466990113258361816e-01 -1.107828021049499512e+00 -2.744808495044708252e-01 -2.217165082693099976e-01 2.095558166503906250e+00 1.129982829093933105e+00 1.534883975982666016e+00 -1.960541158914566040e-01 -1.260612607002258301e+00 -3.603937104344367981e-02
-5.649772286415100098e-01 9.023247957229614258e-01 1.698675870895385742e+00 -1.199685692787170410e+00 1.607231736183166504e+00 -1.110254764556884766e+00 -8.831276893615722656e-01 -1.236878871917724609e+00 1.577163815498352051e+00 -1.349617093801498413e-01 -6.065360307693481445e-01 -1.078583598136901855e+00 -2.815757393836975098e-01 -1.784395426511764526e-01 2.031435251235961914e+00 1.112937211990356445e+00 1.523496270179748535e+00 -2.012507021427154541e-01 -1.229129433631896973e+00 -2.478379756212234497e-02
-5.961911678314208984e-01 9.188011884689331055e-01 1.624879598617553711e+00 -1.222050189971923828e+00 1.530687808990478516e+00 -1.052628040313720703e+00 -8.597084283828735352e-01 -1.229777693748474121e+00 1.523517131805419922e+00 -1.477702260017395020e-01 -5.905128717422485352e-01 -1.059335350990295410e+00 -3.046415746212005615e-01 -1.480946391820907593e-01 1.979940772056579590e+00 1.094816088676452637e+00 1.518064141273498535e+00 -2.054982781410217285e-01 -1.215953946113586426e+00 -2.683659642934799194e-02
-6.218852996826171875e-01 9.531073570251464844e-01 1.588510513305664062e+00 -1.245365262031555176e+00 1.481002330780029297e+00 -1.006802916526794434e+00 -8.392065167427062988e-01 -1.235405445098876953e+00 1.497563600540161133e+00 -1.648140847682952881e-01 -5.955774188041687012e-01 -1.064249634742736816e+00 -3.353801071643829346e-01 -1.522900611162185669e-01 1.959334969520568848e+00 1.083619356155395508e+00 1.521033883094787598e+00 -2.089097350835800171e-01 -1.224671363830566406e+00 -4.448910430073738098e-02
-6.339751482009887695e-01 9.749785661697387695e-01 1.586878299713134766e+00 -1.257410049438476562e+00 1.465437412261962891e+00 -9.763017296791076660e-01 -8.201825618743896484e-01 -1.245405435562133789e+00 1.492612481117248535e+00 -1.733163297176361084e-01 -6.161212325096130371e-01 -1.090056538581848145e+00 -3.663755059242248535e-01 -1.777851581573486328e-01 1.962049126625061035e+00 1.083153963088989258e+00 1.534311890602111816e+00 -2.066025584936141968e-01 -1.250696778297424316e+00 -6.655697524547576904e-02
-6.334991455078125000e-01 9.845644235610961914e-01 1.619340419769287109e+00 -1.262476682662963867e+00 1.484554529190063477e+00 -9.561012387275695801e-01 -8.096593618392944336e-01 -1.260705232620239258e+00 1.513583660125732422e+00 -1.699655055999755859e-01 -6.555572152137756348e-01 -1.137311100959777832e+00 -4.017432630062103271e-01 -2.267815917730331421e-01 1.987223863601684570e+00 1.088711500167846680e+00 1.560576796531677246e+00 -1.939717531204223633e-01 -1.300330638885498047e+00 -9.503139555454254150e-02
-6.269960403442382812e-01 9.869163036346435547e-01 1.685839176177978516e+00 -1.271488785743713379e+00 1.544825315475463867e+00 -9.516077041625976562e-01 -8.135271668434143066e-01 -1.278982877731323242e+00 1.566250324249267578e+00 -1.677927076816558838e-01 -7.040954828262329102e-01 -1.191935300827026367e+00 -4.367878437042236328e-01 -2.706834077835083008e-01 2.027836322784423828e+00 1.098457694053649902e+00 1.603874683380126953e+00 -1.749029308557510376e-01 -1.361284494400024414e+00 -1.151788085699081421e-01
-6.120526790618896484e-01 9.868621826171875000e-01 1.773955345153808594e+00 -1.277253866195678711e+00 1.634400844573974609e+00 -9.606743454933166504e-01 -8.340615630149841309e-01 -1.295778393745422363e+00 1.640891313552856445e+00 -1.666965484619140625e-01 -7.484982609748840332e-01 -1.252092957496643066e+00 -4.651451706886291504e-01 -3.214964866638183594e-01 2.087515830993652344e+00 1.119754672050476074e+00 1.654942035675048828e+00 -1.548108905553817749e-01 -1.425721526145935059e+00 -1.295225471258163452e-01
-5.898205041885375977e-01 9.977777004241943359e-01 1.878872871398925781e+00 -1.280440926551818848e+00 1.753081560134887695e+00 -9.807333350181579590e-01 -8.799103498458862305e-01 -1.304565191268920898e+00 1.739189863204956055e+00 -1.776880472898483276e-01 -7.788296341896057129e-01 -1.307934522628784180e+00 -4.908273220062255859e-01 -3.787207603454589844e-01 2.163038253784179688e+00 1.158383250236511230e+00 1.712285399436950684e+00 -1.337698101997375488e-01 -1.490081429481506348e+00 -1.452278494834899902e-01
-5.578964352607727051e-01 1.009715795516967773e+00 1.985238790512084961e+00 -1.259553909301757812e+00 1.889947652816772461e+00 -9.997114539146423340e-01 -9.527345299720764160e-01 -1.274050474166870117e+00 1.845150828361511230e+00 -2.107098400592803955e-01 -7.803415656089782715e-01 -1.334138751029968262e+00 -5.140021443367004395e-01 -4.358515143394470215e-01 2.237570285797119141e+00 1.213703989982604980e+00 1.750534296035766602e+00 -1.105275750160217285e-01 -1.537010312080383301e+00 -1.537144333124160767e-01
-5.181344747543334961e-01 1.026218414306640625e+00 2.063249588012695312e+00 -1.194044589996337891e+00 2.018597364425659180e+00 -9.990557432174682617e-01 -1.051462411880493164e+00 -1.168965220451354980e+00 1.933586359024047852e+00 -2.855590581893920898e-01 -7.339399456977844238e-01 -1.292542576789855957e+00 -5.382030606269836426e-01 -4.823755025863647461e-01 2.279829025268554688e+00 1.281873822212219238e+00 1.736672759056091309e+00 -8.330839127302169800e-02 -1.540922045707702637e+00 -1.583227068185806274e-01
-5.474410057067871094e-01 1.063945412635803223e+00 2.094194650650024414e+00 -1.102016806602478027e+00 2.108382701873779297e+00 -1.009234309196472168e+00 -1.148313045501708984e+00 -1.074652552604675293e+00 1.993528604507446289e+00 -4.005970060825347900e-01 -6.992685198783874512e-01 -1.207616567611694336e+00 -5.491941571235656738e-01 -4.827554225921630859e-01 2.291601419448852539e+00 1.344365596771240234e+00 1.677983522415161133e+00 -5.324675142765045166e-02 -1.493110895156860352e+00 -1.395511925220489502e-01
-6.523648500442504883e-01 1.202673912048339844e+00 2.090398073196411133e+00 -1.050512909889221191e+00 2.130556344985961914e+00 -1.048629879951477051e+00 -1.299712657928466797e+00 -9.791628718376159668e-01 2.008393526077270508e+00 -5.677924156188964844e-01 -6.334056854248046875e-01 -1.039552688598632812e+00 -5.395890474319458008e-01 -3.881053328514099121e-01 2.276012897491455078e+00 1.472620725631713867e+00 1.597691416740417480e+00 -5.358172208070755005e-02 -1.432038068771362305e+00 -1.600490510463714600e-01
-7.542572021484375000e-01 1.346705675125122070e+00 2.023573160171508789e+00 -1.001544237136840820e+00 2.077072858810424805e+00 -1.066423773765563965e+00 -1.387897014617919922e+00 -8.942650556564331055e-01 1.948652267456054688e+00 -7.170042395591735840e-01 -5.778987407684326172e-01 -8.284362554550170898e-01 -5.240203738212585449e-01 -2.760964632034301758e-01 2.194735527038574219e+00 1.548321723937988281e+00 1.467131137847900391e+00 -7.631165534257888794e-02 -1.341861367225646973e+00 -2.184565663337707520e-01
-8.497750759124755859e-01 1.448375821113586426e+00 1.962442636489868164e+00 -9.478683471679687500e-01 2.002449035644531250e+00 -1.080856084823608398e+00 -1.410228729248046875e+00 -8.248431086540222168e-01 1.889110326766967773e+00 -8.597199916839599609e-01 -5.543854236602783203e-01 -6.411978602409362793e-01 -5.076175332069396973e-01 -1.533801853656768799e-01 2.126755714416503906e+00 1.594876766204833984e+00 1.355739355087280273e+00 -9.760333597660064697e-02 -1.247771143913269043e+00 -2.767488062381744385e-01
-9.349735975265502930e-01 1.561614394187927246e+00 1.922419309616088867e+00 -9.525101184844970703e-01 1.911485671997070312e+00 -1.082629919052124023e+00 -1.417121410369873047e+00 -7.950022816658020020e-01 1.844717383384704590e+00 -9.792169928550720215e-01 -5.538563132286071777e-01 -5.120052099227905273e-01 -5.250164866447448730e-01 -7.140326499938964844e-02 2.087561845779418945e+00 1.616666316986083984e+00 1.287246942520141602e+00 -1.033124327659606934e-01 -1.194715738296508789e+00 -3.352348208427429199e-01
-1.006506919860839844e+00 1.649239897727966309e+00 1.909753084182739258e+00 -9.866626262664794922e-01 1.840983033180236816e+00 -1.085029602050781250e+00 -1.414788484573364258e+00 -7.948221564292907715e-01 1.822810173034667969e+00 -1.064477562904357910e+00 -5.674529075622558594e-01 -4.270521402359008789e-01 -5.494812726974487305e-01 -1.405184715986251831e-02 2.066477060317993164e+00 1.631558299064636230e+00 1.253460049629211426e+00 -1.058474481105804443e-01 -1.173394083976745605e+00 -3.829876780509948730e-01
-1.062970161437988281e+00 1.722933053970336914e+00 1.900254487991333008e+00 -1.024154067039489746e+00 1.771709799766540527e+00 -1.080302596092224121e+00 -1.409052491188049316e+00 -8.032271862030029297e-01 1.799045681953430176e+00 -1.118599414825439453e+00 -5.793676376342773438e-01 -3.728546500205993652e-01 -5.783876776695251465e-01 1.944686099886894226e-02 2.048114061355590820e+00 1.640118837356567383e+00 1.234020471572875977e+00 -1.057316139340400696e-01 -1.169247269630432129e+00 -4.267355799674987793e-01
-1.113773822784423828e+00 1.788903951644897461e+00 1.884955167770385742e+00 -1.067742586135864258e+00 1.698295950889587402e+00 -1.070002555847167969e+00 -1.402059197425842285e+00 -8.181693553924560547e-01 1.766950011253356934e+00 -1.151560187339782715e+00 -5.857002139091491699e-01 -3.355696201324462891e-01 -6.052491664886474609e-01 4.552341252565383911e-02 2.030585050582885742e+00 1.644870996475219727e+00 1.223462820053100586e+00 -1.093854308128356934e-01 -1.170320987701416016e+00 -4.682097434997558594e-01
-1.167502880096435547e+00 1.856686234474182129e+00 1.856645584106445312e+00 -1.122664570808410645e+00 1.611689567565917969e+00 -1.057712316513061523e+00 -1.399311900138854980e+00 -8.461900949478149414e-01 1.722845077514648438e+00 -1.162687778472900391e+00 -5.819929838180541992e-01 -3.120054006576538086e-01 -6.282189488410949707e-01 7.601126283407211304e-02 2.011197328567504883e+00 1.646092057228088379e+00 1.224710464477539062e+00 -1.230185776948928833e-01 -1.173129558563232422e+00 -5.082626342773437500e-01
-1.219238042831420898e+00 1.913643479347229004e+00 1.802326917648315430e+00 -1.184742450714111328e+00 1.493842959403991699e+00 -1.033874154090881348e+00 -1.384611368179321289e+00 -8.791539072990417480e-01 1.650975823402404785e+00 -1.150158762931823730e+00 -5.687078833580017090e-01 -2.906829416751861572e-01 -6.438753008842468262e-01 1.196240931749343872e-01 1.965391278266906738e+00 1.628686070442199707e+00 1.223382949829101562e+00 -1.424816846847534180e-01 -1.166682124137878418e+00 -5.466124415397644043e-01
-1.283842921257019043e+00 1.956256389617919922e+00 1.703225612640380859e+00 -1.273604631423950195e+00 1.325148582458496094e+00 -9.976267218589782715e-01 -1.333657860755920410e+00 -9.513574838638305664e-01 1.547758936882019043e+00 -1.100226402282714844e+00 -5.489695072174072266e-01 -2.871121168136596680e-01 -6.549063920974731445e-01 1.910502165555953979e-01 1.873261690139770508e+00 1.584568977355957031e+00 1.241738677024841309e+00 -1.816400289535522461e-01 -1.153862476348876953e+00 -5.870540738105773926e-01
-1.369236350059509277e+00 1.963174343109130859e+00 1.555254459381103516e+00 -1.382193446159362793e+00 1.130780816078186035e+00 -9.328327775001525879e-01 -1.262404561042785645e+00 -1.077577710151672363e+00 1.398876428604125977e+00 -9.959970712661743164e-01 -5.357328653335571289e-01 -3.171124756336212158e-01 -6.773009896278381348e-01 3.040219545364379883e-01 1.737783789634704590e+00 1.502346992492675781e+00 1.301573753356933594e+00 -2.535628378391265869e-01 -1.154728651046752930e+00 -6.194125413894653320e-01
-1.439417123794555664e+00 1.866893291473388672e+00 1.377400875091552734e+00 -1.479414582252502441e+00 9.679577350616455078e-01 -8.707364797592163086e-01 -1.164940237998962402e+00 -1.279687404632568359e+00 1.230228424072265625e+00 -7.912916541099548340e-01 -5.380694270133972168e-01 -4.513819813728332520e-01 -6.720880270004272461e-01 4.380524158477783203e-01 1.579977393150329590e+00 1.362256169319152832e+00 1.437749266624450684e+00 -3.447408676147460938e-01 -1.175270557403564453e+00 -6.030116081237792969e-01
-1.493778109550476074e+00 1.747139334678649902e+00 1.237859964370727539e+00 -1.568972349166870117e+00 9.092720746994018555e-01 -9.131652116775512695e-01 -1.053880214691162109e+00 -1.618318557739257812e+00 1.168736219406127930e+00 -5.387471914291381836e-01 -6.735800504684448242e-01 -7.504050731658935547e-01 -6.594785451889038086e-01 5.546357035636901855e-01 1.518027305603027344e+00 1.143223762512207031e+00 1.722168684005737305e+00 -4.155587852001190186e-01 -1.266480088233947754e+00 -4.908374547958374023e-01
-1.433451533317565918e+00 1.686479091644287109e+00 1.180544614791870117e+00 -1.619262337684631348e+00 1.031817197799682617e+00 -1.096322178840637207e+00 -9.738807082176208496e-01 -1.956902503967285156e+00 1.276175260543823242e+00 -3.141938447952270508e-01 -8.177711963653564453e-01 -9.725652933120727539e-01 -5.728956460952758789e-01 5.991564393043518066e-01 1.533614277839660645e+00 9.819645881652832031e-01 1.901316523551940918e+00 -5.021560788154602051e-01 -1.289058685302734375e+00 -4.345492422580718994e-01
-1.326071739196777344e+00 1.578321218490600586e+00 1.161796331405639648e+00 -1.628452658653259277e+00 1.121674418449401855e+00 -1.210843801498413086e+00 -8.801087141036987305e-01 -2.100406169891357422e+00 1.335033416748046875e+00 -1.734430491924285889e-01 -9.051614403724670410e-01 -1.037745118141174316e+00 -4.795593023300170898e-01 6.050127744674682617e-01 1.535067200660705566e+00 8.719563484191894531e-01 1.936795592308044434e+00 -5.545931458473205566e-01 -1.255804896354675293e+00 -4.237886965274810791e-01
-1.243281245231628418e+00 1.474530935287475586e+00 1.147545099258422852e+00 -1.616564750671386719e+00 1.174510836601257324e+00 -1.262719511985778809e+00 -7.991264462471008301e-01 -2.142097949981689453e+00 1.355683922767639160e+00 -1.028630435466766357e-01 -9.462746381759643555e-01 -1.045144200325012207e+00 -4.114766716957092285e-01 6.107463836669921875e-01 1.530056238174438477e+00 8.142935037612915039e-01 1.928337574005126953e+00 -5.752668380737304688e-01 -1.211804151535034180e+00 -4.221783876419067383e-01
-1.186369299888610840e+00 1.392191171646118164e+00 1.140226125717163086e+00 -1.602235555648803711e+00 1.207771897315979004e+00 -1.276730298995971680e+00 -7.335516810417175293e-01 -2.124202489852905273e+00 1.358922004699707031e+00 -8.526661247014999390e-02 -9.568454027175903320e-01 -1.017530918121337891e+00 -3.670653104782104492e-01 6.251313686370849609e-01 1.525327801704406738e+00 7.966968417167663574e-01 1.904262781143188477e+00 -5.750762224197387695e-01 -1.166869163513183594e+00 -4.325877726078033447e-01
-1.143039107322692871e+00 1.343792676925659180e+00 1.138134241104125977e+00 -1.602725625038146973e+00 1.239449262619018555e+00 -1.253274917602539062e+00 -6.922209858894348145e-01 -2.054510593414306641e+00 1.371571302413940430e+00 -1.158493757247924805e-01 -9.309905171394348145e-01 -9.680851697921752930e-01 -3.340660333633422852e-01 6.428702473640441895e-01 1.530558824539184570e+00 8.124090433120727539e-01 1.885145902633666992e+00 -5.613881349563598633e-01 -1.124849200248718262e+00 -4.510798156261444092e-01
-1.110159277915954590e+00 1.327455401420593262e+00 1.138322353363037109e+00 -1.616361260414123535e+00 1.276455283164978027e+00 -1.211354613304138184e+00 -6.692617535591125488e-01 -1.949070453643798828e+00 1.387857675552368164e+00 -1.880822777748107910e-01 -8.743325471878051758e-01 -8.899472355842590332e-01 -3.153407573699951172e-01 6.685212850570678711e-01 1.548822283744812012e+00 8.580570220947265625e-01 1.858265757560729980e+00 -5.509487986564636230e-01 -1.077567458152770996e+00 -4.750338196754455566e-01
-1.070417046546936035e+00 1.356235504150390625e+00 1.144825696945190430e+00 -1.633205056190490723e+00 1.331546783447265625e+00 -1.178432822227478027e+00 -6.593720316886901855e-01 -1.802181243896484375e+00 1.446970582008361816e+00 -3.156477212905883789e-01 -7.954257130622863770e-01 -7.664380073547363281e-01 -3.100764155387878418e-01 7.033520936965942383e-01 1.561764121055603027e+00 9.213762879371643066e-01 1.810849189758300781e+00 -5.392364859580993652e-01 -1.005552887916564941e+00 -5.142704844474792480e-01
-1.033883452415466309e+00 1.398586511611938477e+00 1.146172761917114258e+00 -1.623201012611389160e+00 1.387175202369689941e+00 -1.142574429512023926e+00 -6.583395600318908691e-01 -1.626632094383239746e+00 1.503402829170227051e+00 -4.796467125415802002e-01 -6.967640519142150879e-01 -6.080058813095092773e-01 -2.842372953891754150e-01 7.336410284042358398e-01 1.571416497230529785e+00 1.002613425254821777e+00 1.726048707962036133e+00 -5.187678337097167969e-01 -9.006353020668029785e-01 -5.619546771049499512e-01
-1.014511466026306152e+00 1.434539914131164551e+00 1.146355152130126953e+00 -1.579067111015319824e+00 1.459416151046752930e+00 -1.124608993530273438e+00 -6.638454198837280273e-01 -1.463462948799133301e+00 1.561741709709167480e+00 -6.611703038215637207e-01 -6.010534763336181641e-01 -4.373807907104492188e-01 -2.148899137973785400e-01 7.708439826965332031e-01 1.585769772529602051e+00 1.089307308197021484e+00 1.615338802337646484e+00 -4.860418438911437988e-01 -7.581326365470886230e-01 -5.958662033081054688e-01
-1.052930712699890137e+00 1.514579892158508301e+00 1.235248327255249023e+00 -1.525758266448974609e+00 1.570067405700683594e+00 -1.176175475120544434e+00 -7.144824862480163574e-01 -1.390780568122863770e+00 1.648970842361450195e+00 -8.364468812942504883e-01 -5.631134510040283203e-01 -2.985883951187133789e-01 -1.600899994373321533e-01 8.188649415969848633e-01 1.623044729232788086e+00 1.195398330688476562e+00 1.532635092735290527e+00 -4.382436275482177734e-01 -6.669970154762268066e-01 -6.508162021636962891e-01
-1.134585380554199219e+00 1.640471577644348145e+00 1.366463184356689453e+00 -1.465009331703186035e+00 1.729361176490783691e+00 -1.303380727767944336e+00 -7.909681200981140137e-01 -1.464578390121459961e+00 1.751896858215332031e+00 -9.627639055252075195e-01 -5.900362133979797363e-01 -2.379857748746871948e-01 -9.724396467208862305e-02 8.819071650505065918e-01 1.672773003578186035e+00 1.252262234687805176e+00 1.500471353530883789e+00 -4.428338706493377686e-01 -6.421165466308593750e-01 -6.820020675659179688e-01
-1.185797095298767090e+00 1.682687878608703613e+00 1.432212829589843750e+00 -1.341120600700378418e+00 1.849067211151123047e+00 -1.418822646141052246e+00 -8.292827606201171875e-01 -1.590670585632324219e+00 1.781414747238159180e+00 -9.975442290306091309e-01 -6.365578770637512207e-01 -2.319328784942626953e-01 -2.435419335961341858e-02 9.214519858360290527e-01 1.671975255012512207e+00 1.210542440414428711e+00 1.455858349800109863e+00 -4.756936728954315186e-01 -6.153816580772399902e-01 -6.501653790473937988e-01
-1.217993378639221191e+00 1.652709960937500000e+00 1.434294223785400391e+00 -1.189119100570678711e+00 1.884373426437377930e+00 -1.505334138870239258e+00 -8.558731079101562500e-01 -1.720475435256958008e+00 1.747802495956420898e+00 -9.357470870018005371e-01 -6.864616274833679199e-01 -3.006482720375061035e-01 1.285761594772338867e-03 9.023888111114501953e-01 1.643974542617797852e+00 1.113523125648498535e+00 1.428335905075073242e+00 -5.262538790702819824e-01 -6.341902017593383789e-01 -5.423876643180847168e-01
-1.234603643417358398e+00 1.536731481552124023e+00 1.435957431793212891e+00 -1.066195726394653320e+00 1.853260993957519531e+00 -1.538855075836181641e+00 -8.557952046394348145e-01 -1.831692099571228027e+00 1.678134918212890625e+00 -7.873534560203552246e-01 -7.829218506813049316e-01 -4.446660876274108887e-01 -1.882571727037429810e-03 8.316143751144409180e-01 1.639911890029907227e+00 9.790282845497131348e-01 1.419963955879211426e+00 -5.478097796440124512e-01 -7.044452428817749023e-01 -3.909863829612731934e-01
-1.205615520477294922e+00 1.450549483299255371e+00 1.429994106292724609e+00 -9.987006187438964844e-01 1.828156709671020508e+00 -1.534398913383483887e+00 -8.560784459114074707e-01 -1.921440958976745605e+00 1.640657901763916016e+00 -6.174342632293701172e-01 -8.587041497230529785e-01 -6.266596317291259766e-01 -2.765488997101783752e-02 7.235475182533264160e-01 1.640880465507507324e+00 8.530204892158508301e-01 1.470544219017028809e+00 -5.530840754508972168e-01 -8.037988543510437012e-01 -2.844698429107666016e-01
-1.169755697250366211e+00 1.396879673004150391e+00 1.423704147338867188e+00 -9.611529111862182617e-01 1.804156899452209473e+00 -1.520952820777893066e+00 -8.461244702339172363e-01 -1.973623394966125488e+00 1.618749022483825684e+00 -4.977041184902191162e-01 -9.241863489151000977e-01 -7.534074187278747559e-01 -4.157004132866859436e-02 6.174747943878173828e-01 1.649877786636352539e+00 7.694036960601806641e-01 1.497380852699279785e+00 -5.620877742767333984e-01 -8.767651319503784180e-01 -2.282256186008453369e-01
-1.121479511260986328e+00 1.361177086830139160e+00 1.420359611511230469e+00 -9.353861808776855469e-01 1.777563691139221191e+00 -1.502181291580200195e+00 -8.214756846427917480e-01 -1.997547745704650879e+00 1.601773619651794434e+00 -4.054394364356994629e-01 -9.858565926551818848e-01 -8.436992168426513672e-01 -5.945898965001106262e-02 5.053115487098693848e-01 1.653066396713256836e+00 6.943249106407165527e-01 1.498290777206420898e+00 -5.669068694114685059e-01 -9.291313886642456055e-01 -2.083342224359512329e-01
-1.085716843605041504e+00 1.347071647644042969e+00 1.410716056823730469e+00 -9.348076581954956055e-01 1.757251501083374023e+00 -1.476673960685729980e+00 -7.778194546699523926e-01 -2.028021335601806641e+00 1.601681709289550781e+00 -3.333383500576019287e-01 -1.055611848831176758e+00 -9.377979040145874023e-01 -8.230383694171905518e-02 3.964002132415771484e-01 1.666302204132080078e+00 6.331528425216674805e-01 1.510601997375488281e+00 -5.804116129875183105e-01 -9.809451699256896973e-01 -2.072119414806365967e-01
-1.047835350036621094e+00 1.342172503471374512e+00 1.431222200393676758e+00 -9.434915781021118164e-01 1.759229302406311035e+00 -1.438440918922424316e+00 -7.381426692008972168e-01 -2.050015449523925781e+00 1.629121422767639160e+00 -2.780628502368927002e-01 -1.146776676177978516e+00 -1.056073665618896484e+00 -1.238798648118972778e-01 2.645598948001861572e-01 1.679939508438110352e+00 5.936253666877746582e-01 1.544650197029113770e+00 -5.714776515960693359e-01 -1.067439198493957520e+00 -2.169798016548156738e-01
-9.986537694931030273e-01 1.339015603065490723e+00 1.449563264846801758e+00 -9.641069173812866211e-01 1.732586264610290527e+00 -1.372066736221313477e+00 -6.963549256324768066e-01 -2.051578283309936523e+00 1.642115712165832520e+00 -2.204761803150177002e-01 -1.232583045959472656e+00 -1.186132907867431641e+00 -1.881588250398635864e-01 1.095434352755546570e-01 1.676432847976684570e+00 5.468524098396301270e-01 1.583569645881652832e+00 -5.431274175643920898e-01 -1.172465562820434570e+00 -2.281181514263153076e-01
-9.500375986099243164e-01 1.329733490943908691e+00 1.449277400970458984e+00 -9.982854127883911133e-01 1.659746527671813965e+00 -1.281451582908630371e+00 -6.488198637962341309e-01 -2.042053222656250000e+00 1.617465138435363770e+00 -1.552323549985885620e-01 -1.305847525596618652e+00 -1.301569819450378418e+00 -2.825106382369995117e-01 -2.726953476667404175e-02 1.627396702766418457e+00 4.931284189224243164e-01 1.621283411979675293e+00 -4.968759715557098389e-01 -1.285843729972839355e+00 -2.558259069919586182e-01
-9.165588617324829102e-01 1.302199602127075195e+00 1.439655542373657227e+00 -1.050043225288391113e+00 1.572944760322570801e+00 -1.191813230514526367e+00 -6.718165278434753418e-01 -2.027586936950683594e+00 1.530586600303649902e+00 -6.515717506408691406e-02 -1.316033840179443359e+00 -1.369218349456787109e+00 -3.732607960700988770e-01 -7.999974489212036133e-02 1.545965075492858887e+00 4.923185706138610840e-01 1.672972917556762695e+00 -4.068113565444946289e-01 -1.389879465103149414e+00 -3.102550208568572998e-01
-8.971376419067382812e-01 1.260097503662109375e+00 1.385497331619262695e+00 -1.126298904418945312e+00 1.414502859115600586e+00 -1.085481882095336914e+00 -7.021705508232116699e-01 -1.997089624404907227e+00 1.404637217521667480e+00 -2.363279461860656738e-03 -1.245745182037353516e+00 -1.314148783683776855e+00 -4.585231840610504150e-01 -2.389930188655853271e-03 1.399582028388977051e+00 5.038660764694213867e-01 1.686022877693176270e+00 -3.061071634292602539e-01 -1.438605666160583496e+00 -3.733599781990051270e-01
-9.560272693634033203e-01 1.297417402267456055e+00 1.322859764099121094e+00 -1.318202614784240723e+00 1.277718424797058105e+00 -1.035500884056091309e+00 -7.830010056495666504e-01 -1.979733347892761230e+00 1.297955870628356934e+00 4.301222413778305054e-02 -1.163899898529052734e+00 -1.197800278663635254e+00 -5.340026617050170898e-01 1.907149106264114380e-01 1.348821401596069336e+00 5.701453089714050293e-01 1.742352843284606934e+00 -2.958862781524658203e-01 -1.424649953842163086e+00 -4.821492433547973633e-01
-1.021536827087402344e+00 1.390634536743164062e+00 1.298864603042602539e+00 -1.502854228019714355e+00 1.234593272209167480e+00 -1.067569851875305176e+00 -8.409293293952941895e-01 -1.974816918373107910e+00 1.312272429466247559e+00 1.396252959966659546e-02 -1.107930064201354980e+00 -1.085815906524658203e+00 -5.720372200012207031e-01 3.552076220512390137e-01 1.382182121276855469e+00 6.680837869644165039e-01 1.815255165100097656e+00 -3.344359695911407471e-01 -1.384983420372009277e+00 -5.946490168571472168e-01
-1.093637704849243164e+00 1.461466550827026367e+00 1.294265985488891602e+00 -1.624443769454956055e+00 1.261535763740539551e+00 -1.104203224182128906e+00 -8.841338157653808594e-01 -1.978976607322692871e+00 1.343901634216308594e+00 -6.594808399677276611e-02 -1.068828105926513672e+00 -9.871327877044677734e-01 -5.854726433753967285e-01 4.961165785789489746e-01 1.436186552047729492e+00 7.526643872261047363e-01 1.862792611122131348e+00 -3.729791641235351562e-01 -1.344784736633300781e+00 -6.329455971717834473e-01
-1.158145666122436523e+00 1.524203062057495117e+00 1.311587572097778320e+00 -1.704239249229431152e+00 1.305774211883544922e+00 -1.145370364189147949e+00 -9.190448522567749023e-01 -1.993531107902526855e+00 1.377691984176635742e+00 -1.541287899017333984e-01 -1.033300280570983887e+00 -9.054211378097534180e-01 -5.845378637313842773e-01 6.067209243774414062e-01 1.493165493011474609e+00 8.299491405487060547e-01 1.892254352569580078e+00 -4.089585840702056885e-01 -1.320620179176330566e+00 -6.445656418800354004e-01
-1.197178483009338379e+00 1.557134032249450684e+00 1.331536054611206055e+00 -1.741742014884948730e+00 1.363560080528259277e+00 -1.183498024940490723e+00 -9.289148449897766113e-01 -2.006625413894653320e+00 1.419408321380615234e+00 -2.276858836412429810e-01 -1.009599804878234863e+00 -8.542848229408264160e-01 -5.686220526695251465e-01 6.862471699714660645e-01 1.539867758750915527e+00 8.873030543327331543e-01 1.918808460235595703e+00 -4.319677948951721191e-01 -1.293547272682189941e+00 -6.458534598350524902e-01
-1.217443227767944336e+00 1.562996149063110352e+00 1.343016624450683594e+00 -1.756483316421508789e+00 1.425910949707031250e+00 -1.202924728393554688e+00 -9.311171174049377441e-01 -2.005405902862548828e+00 1.457421183586120605e+00 -2.905188202857971191e-01 -9.887113571166992188e-01 -8.133691549301147461e-01 -5.432153344154357910e-01 7.433378100395202637e-01 1.576284766197204590e+00 9.280129671096801758e-01 1.931753277778625488e+00 -4.430073201656341553e-01 -1.260509252548217773e+00 -6.338530182838439941e-01
-1.224037170410156250e+00 1.555910944938659668e+00 1.346336364746093750e+00 -1.758710384368896484e+00 1.482884049415588379e+00 -1.206403493881225586e+00 -9.249090552330017090e-01 -1.991551637649536133e+00 1.488865256309509277e+00 -3.481322824954986572e-01 -9.685978293418884277e-01 -7.757073044776916504e-01 -5.160581469535827637e-01 7.817401289939880371e-01 1.602358460426330566e+00 9.563401341438293457e-01 1.930983066558837891e+00 -4.482821524143218994e-01 -1.223948121070861816e+00 -6.184661984443664551e-01
-1.221561193466186523e+00 1.541278362274169922e+00 1.344901323318481445e+00 -1.752125382423400879e+00 1.537740468978881836e+00 -1.196780204772949219e+00 -9.140748977661132812e-01 -1.964866995811462402e+00 1.516480922698974609e+00 -4.059855937957763672e-01 -9.468098282814025879e-01 -7.374615669250488281e-01 -4.874258041381835938e-01 8.072281479835510254e-01 1.622763633728027344e+00 9.787046909332275391e-01 1.919061422348022461e+00 -4.488328695297241211e-01 -1.183531761169433594e+00 -6.008747816085815430e-01
-1.213957548141479492e+00 1.526306390762329102e+00 1.343163251876831055e+00 -1.738867163658142090e+00 1.594427704811096191e+00 -1.178954720497131348e+00 -9.031368494033813477e-01 -1.929453372955322266e+00 1.545262575149536133e+00 -4.650681316852569580e-01 -9.222688674926757812e-01 -7.003756761550903320e-01 -4.577445089817047119e-01 8.221374154090881348e-01 1.642558336257934570e+00 9.996850490570068359e-01 1.900910615921020508e+00 -4.466384649276733398e-01 -1.141509652137756348e+00 -5.814946293830871582e-01
-1.202109336853027344e+00 1.510884046554565430e+00 1.341064929962158203e+00 -1.709008932113647461e+00 1.656738638877868652e+00 -1.159085750579833984e+00 -8.967730402946472168e-01 -1.878458619117736816e+00 1.569264173507690430e+00 -5.342935323715209961e-01 -8.874334692955017090e-01 -6.497390866279602051e-01 -4.149895012378692627e-01 8.301176428794860840e-01 1.664063096046447754e+00 1.027099847793579102e+00 1.861848115921020508e+00 -4.433825612068176270e-01 -1.085512042045593262e+00 -5.608643889427185059e-01
-1.191365361213684082e+00 1.506830453872680664e+00 1.340507268905639648e+00 -1.663506507873535156e+00 1.727241396903991699e+00 -1.151372790336608887e+00 -9.085368514060974121e-01 -1.813443422317504883e+00 1.595849752426147461e+00 -6.206252574920654297e-01 -8.369442820549011230e-01 -5.842329859733581543e-01 -3.656203448772430420e-01 8.377362489700317383e-01 1.693019628524780273e+00 1.066790461540222168e+00 1.806957125663757324e+00 -4.450995326042175293e-01 -1.016327500343322754e+00 -5.277723073959350586e-01
-1.195559024810791016e+00 1.546077966690063477e+00 1.364913463592529297e+00 -1.609314560890197754e+00 1.808323025703430176e+00 -1.196696519851684570e+00 -9.421288371086120605e-01 -1.754074335098266602e+00 1.660589218139648438e+00 -7.318992018699645996e-01 -7.976027727127075195e-01 -5.162128806114196777e-01 -3.148160278797149658e-01 8.468572497367858887e-01 1.739518404006958008e+00 1.115130543708801270e+00 1.755447506904602051e+00 -4.509030580520629883e-01 -9.519478678703308105e-01 -4.819374084472656250e-01
-1.206264734268188477e+00 1.598801851272583008e+00 1.390636920928955078e+00 -1.526589393615722656e+00 1.875407576560974121e+00 -1.270597100257873535e+00 -9.746850728988647461e-01 -1.691714763641357422e+00 1.714707970619201660e+00 -8.478412032127380371e-01 -7.521287202835083008e-01 -4.281718730926513672e-01 -2.439308762550354004e-01 8.599498271942138672e-01 1.785578846931457520e+00 1.161291003227233887e+00 1.671702980995178223e+00 -4.723308384418487549e-01 -8.671954870223999023e-01 -4.352859854698181152e-01
-1.224328637123107910e+00 1.640196800231933594e+00 1.413466930389404297e+00 -1.434037327766418457e+00 1.905969738960266113e+00 -1.364994645118713379e+00 -9.992142915725708008e-01 -1.649175167083740234e+00 1.733736634254455566e+00 -9.277197122573852539e-01 -7.021929621696472168e-01 -3.409476280212402344e-01 -1.600316762924194336e-01 8.929043412208557129e-01 1.812225341796875000e+00 1.190866470336914062e+00 1.575618386268615723e+00 -5.112528800964355469e-01 -7.781656980514526367e-01 -3.899598419666290283e-01
-1.268203020095825195e+00 1.664520502090454102e+00 1.462555646896362305e+00 -1.389973640441894531e+00 1.917330622673034668e+00 -1.455656409263610840e+00 -1.027377367019653320e+00 -1.679943561553955078e+00 1.740348935127258301e+00 -9.357881546020507812e-01 -6.783024072647094727e-01 -3.056917190551757812e-01 -1.048266738653182983e-01 9.391047954559326172e-01 1.839887857437133789e+00 1.216834902763366699e+00 1.526294708251953125e+00 -5.588627457618713379e-01 -7.538164258003234863e-01 -3.732399642467498779e-01
-1.298745036125183105e+00 1.657711744308471680e+00 1.486028194427490234e+00 -1.384101033210754395e+00 1.894326210021972656e+00 -1.538394093513488770e+00 -1.023274898529052734e+00 -1.745591282844543457e+00 1.715264320373535156e+00 -8.840537667274475098e-01 -6.580577492713928223e-01 -2.980830073356628418e-01 -5.657768622040748596e-02 9.977006912231445312e-01 1.851941704750061035e+00 1.211913108825683594e+00 1.511751532554626465e+00 -6.164937019348144531e-01 -7.413768172264099121e-01 -3.677858412265777588e-01
-1.319169521331787109e+00 1.623743414878845215e+00 1.492866039276123047e+00 -1.419672846794128418e+00 1.848718404769897461e+00 -1.619230508804321289e+00 -9.896119236946105957e-01 -1.849997162818908691e+00 1.685929059982299805e+00 -7.868046164512634277e-01 -6.679601073265075684e-01 -3.478612899780273438e-01 -1.801357790827751160e-02 1.053411245346069336e+00 1.858855009078979492e+00 1.172731995582580566e+00 1.557922720909118652e+00 -6.648144721984863281e-01 -7.590792775154113770e-01 -3.459208309650421143e-01
-1.331454277038574219e+00 1.573049664497375488e+00 1.485332727432250977e+00 -1.468833684921264648e+00 1.808792352676391602e+00 -1.672227740287780762e+00 -9.300203919410705566e-01 -1.963615536689758301e+00 1.665918350219726562e+00 -6.846522092819213867e-01 -7.065292596817016602e-01 -4.358357787132263184e-01 9.683171287178993225e-03 1.068903207778930664e+00 1.882488489151000977e+00 1.121203660964965820e+00 1.624189496040344238e+00 -6.953228712081909180e-01 -7.889168262481689453e-01 -3.181484937667846680e-01
-1.304687976837158203e+00 1.485690593719482422e+00 1.455408573150634766e+00 -1.514302015304565430e+00 1.773762822151184082e+00 -1.687553167343139648e+00 -8.556842207908630371e-01 -2.040178537368774414e+00 1.650988221168518066e+00 -5.812249779701232910e-01 -7.392895817756652832e-01 -5.317230224609375000e-01 2.146634645760059357e-02 1.052377104759216309e+00 1.893802046775817871e+00 1.061996221542358398e+00 1.687105417251586914e+00 -7.031983733177185059e-01 -8.107628822326660156e-01 -2.764485180377960205e-01
-1.229705572128295898e+00 1.344001531600952148e+00 1.403561353683471680e+00 -1.528193950653076172e+00 1.731904268264770508e+00 -1.651914954185485840e+00 -7.484963536262512207e-01 -2.060051441192626953e+00 1.624447464942932129e+00 -4.732870757579803467e-01 -7.674570083618164062e-01 -6.235020756721496582e-01 3.917870670557022095e-02 9.943237900733947754e-01 1.875846028327941895e+00 9.843651056289672852e-01 1.714869260787963867e+00 -6.802431344985961914e-01 -8.119161725044250488e-01 -2.283804714679718018e-01
-1.119367837905883789e+00 1.178077101707458496e+00 1.365113019943237305e+00 -1.533375620841979980e+00 1.701555967330932617e+00 -1.574530124664306641e+00 -6.435213088989257812e-01 -2.048095941543579102e+00 1.610689878463745117e+00 -3.475826382637023926e-01 -7.936757206916809082e-01 -7.296937108039855957e-01 4.960800707340240479e-02 8.888257145881652832e-01 1.851386308670043945e+00 9.246600270271301270e-01 1.732461810111999512e+00 -6.338097453117370605e-01 -8.331160545349121094e-01 -1.956792175769805908e-01
-9.770679473876953125e-01 1.025604724884033203e+00 1.341924190521240234e+00 -1.545901179313659668e+00 1.684934616088867188e+00 -1.467908382415771484e+00 -5.561825037002563477e-01 -1.998448252677917480e+00 1.613552331924438477e+00 -2.418863177299499512e-01 -8.006398677825927734e-01 -8.101845979690551758e-01 7.177558541297912598e-02 7.246212959289550781e-01 1.859311461448669434e+00 9.108293056488037109e-01 1.711186408996582031e+00 -5.796380639076232910e-01 -8.525868058204650879e-01 -1.912221759557723999e-01
-7.899134159088134766e-01 8.767898082733154297e-01 1.383276939392089844e+00 -1.517276406288146973e+00 1.709407448768615723e+00 -1.358087062835693359e+00 -4.638743698596954346e-01 -1.907462000846862793e+00 1.664802789688110352e+00 -1.509467065334320068e-01 -8.193244338035583496e-01 -9.302176237106323242e-01 9.562164545059204102e-02 4.694022536277770996e-01 1.905493974685668945e+00 9.134213328361511230e-01 1.684695720672607422e+00 -4.948990345001220703e-01 -8.915200233459472656e-01 -1.978777498006820679e-01
-5.713584423065185547e-01 7.506664991378784180e-01 1.497819900512695312e+00 -1.435587644577026367e+00 1.789789557456970215e+00 -1.283465743064880371e+00 -4.025060832500457764e-01 -1.783172845840454102e+00 1.765643239021301270e+00 -7.607246935367584229e-02 -8.386560082435607910e-01 -1.085345268249511719e+00 1.175587773323059082e-01 1.477006375789642334e-01 1.975206971168518066e+00 9.505679607391357422e-01 1.659352660179138184e+00 -3.875246942043304443e-01 -9.596034288406372070e-01 -2.116864174604415894e-01
-3.938125967979431152e-01 6.759980916976928711e-01 1.632842540740966797e+00 -1.322037339210510254e+00 1.882730364799499512e+00 -1.223722934722900391e+00 -4.137483537197113037e-01 -1.658265709877014160e+00 1.826733469963073730e+00 -2.094259113073348999e-02 -8.649502396583557129e-01 -1.219820022583007812e+00 8.171643316745758057e-02 -1.533916741609573364e-01 2.043478250503540039e+00 9.859627485275268555e-01 1.628648042678833008e+00 -2.836600542068481445e-01 -1.058078408241271973e+00 -2.181373536586761475e-01
-3.333445787429809570e-01 6.993061304092407227e-01 1.807562351226806641e+00 -1.215497016906738281e+00 1.994604706764221191e+00 -1.209323048591613770e+00 -4.736151695251464844e-01 -1.587383270263671875e+00 1.920517325401306152e+00 -3.115937486290931702e-02 -9.381053447723388672e-01 -1.367328763008117676e+00 -1.902833953499794006e-02 -4.319536685943603516e-01 2.166849613189697266e+00 1.035064220428466797e+00 1.640234947204589844e+00 -2.179215997457504272e-01 -1.215686082839965820e+00 -2.156817167997360229e-01
-3.625794351100921631e-01 7.747136354446411133e-01 1.991489171981811523e+00 -1.145255923271179199e+00 2.111095428466796875e+00 -1.214216351509094238e+00 -5.612821578979492188e-01 -1.546346783638000488e+00 2.041193008422851562e+00 -1.054786145687103271e-01 -1.018667817115783691e+00 -1.486716747283935547e+00 -1.353340744972229004e-01 -6.006668806076049805e-01 2.279084682464599609e+00 1.083965420722961426e+00 1.693330764770507812e+00 -1.660148501396179199e-01 -1.366885304450988770e+00 -1.877549886703491211e-01
-4.157834649085998535e-01 8.719799518585205078e-01 2.133418321609497070e+00 -1.088276743888854980e+00 2.182655811309814453e+00 -1.207617044448852539e+00 -6.608356833457946777e-01 -1.506542801856994629e+00 2.123226404190063477e+00 -1.678051054477691650e-01 -1.079825162887573242e+00 -1.591961145401000977e+00 -2.483678758144378662e-01 -7.324248552322387695e-01 2.365420579910278320e+00 1.121710181236267090e+00 1.743897557258605957e+00 -1.337048262357711792e-01 -1.503095388412475586e+00 -1.657063663005828857e-01
-4.808571636676788330e-01 9.722256660461425781e-01 2.237298727035522461e+00 -1.024878382682800293e+00 2.191904544830322266e+00 -1.182386755943298340e+00 -7.749435901641845703e-01 -1.446578145027160645e+00 2.157529115676879883e+00 -2.219434082508087158e-01 -1.111250281333923340e+00 -1.665366053581237793e+00 -3.683243989944458008e-01 -8.294491767883300781e-01 2.400887727737426758e+00 1.141249179840087891e+00 1.774049162864685059e+00 -1.009184718132019043e-01 -1.627353072166442871e+00 -1.392291933298110962e-01
-5.723370313644409180e-01 1.099020838737487793e+00 2.319922447204589844e+00 -9.808688163757324219e-01 2.156860113143920898e+00 -1.155478477478027344e+00 -9.128999710083007812e-01 -1.392795920372009277e+00 2.151319980621337891e+00 -2.774456739425659180e-01 -1.106165766716003418e+00 -1.703101038932800293e+00 -5.015892386436462402e-01 -8.609699606895446777e-01 2.394706010818481445e+00 1.166979551315307617e+00 1.811731457710266113e+00 -6.998923420906066895e-02 -1.754452705383300781e+00 -1.304734647274017334e-01
-6.787875890731811523e-01 1.220550894737243652e+00 2.347008943557739258e+00 -9.460620880126953125e-01 2.042800903320312500e+00 -1.094110250473022461e+00 -1.040478467941284180e+00 -1.306565284729003906e+00 2.076353788375854492e+00 -3.334394097328186035e-01 -1.066074609756469727e+00 -1.678117752075195312e+00 -6.499075293540954590e-01 -8.315792679786682129e-01 2.318744182586669922e+00 1.175941944122314453e+00 1.814293622970581055e+00 -3.524399548768997192e-02 -1.853208780288696289e+00 -1.437579840421676636e-01
-7.949560880661010742e-01 1.335568666458129883e+00 2.296056985855102539e+00 -9.423239231109619141e-01 1.822602033615112305e+00 -1.005533456802368164e+00 -1.155459523200988770e+00 -1.198902249336242676e+00 1.934328913688659668e+00 -3.752950429916381836e-01 -9.858984351158142090e-01 -1.592008233070373535e+00 -7.982942461967468262e-01 -7.465617060661315918e-01 2.183284997940063477e+00 1.165315270423889160e+00 1.776015162467956543e+00 -4.283919930458068848e-03 -1.903149366378784180e+00 -1.723844259977340698e-01
-9.047466516494750977e-01 1.415350317955017090e+00 2.207354545593261719e+00 -9.935466051101684570e-01 1.634150981903076172e+00 -9.243946075439453125e-01 -1.260268688201904297e+00 -1.113876342773437500e+00 1.795293688774108887e+00 -4.218065142631530762e-01 -8.951097726821899414e-01 -1.426222085952758789e+00 -8.581678867340087891e-01 -6.104258894920349121e-01 2.075199127197265625e+00 1.216431140899658203e+00 1.704061508178710938e+00 4.087544977664947510e-03 -1.878051996231079102e+00 -2.371746003627777100e-01
-9.500073194503784180e-01 1.464412212371826172e+00 2.098871707916259766e+00 -1.065345525741577148e+00 1.510147213935852051e+00 -8.581818938255310059e-01 -1.313954472541809082e+00 -1.047711491584777832e+00 1.691775679588317871e+00 -4.602344334125518799e-01 -8.064228296279907227e-01 -1.238402009010314941e+00 -8.672051429748535156e-01 -4.865415096282958984e-01 1.987148046493530273e+00 1.270235538482666016e+00 1.629283189773559570e+00 -1.198929920792579651e-02 -1.809645652770996094e+00 -3.350244164466857910e-01
-9.515321254730224609e-01 1.489748477935791016e+00 2.003603696823120117e+00 -1.129062771797180176e+00 1.450143694877624512e+00 -7.970952391624450684e-01 -1.332846999168395996e+00 -9.884153008460998535e-01 1.632779598236083984e+00 -4.996480047702789307e-01 -7.327252626419067383e-01 -1.077834844589233398e+00 -8.665409088134765625e-01 -3.974824547767639160e-01 1.929537773132324219e+00 1.317185878753662109e+00 1.570932507514953613e+00 -2.466806955635547638e-02 -1.731270313262939453e+00 -4.274023473262786865e-01
-9.684655666351318359e-01 1.520321965217590332e+00 1.951840639114379883e+00 -1.203442335128784180e+00 1.511732697486877441e+00 -7.538180351257324219e-01 -1.348954081535339355e+00 -9.756691455841064453e-01 1.640454769134521484e+00 -5.650827288627624512e-01 -7.071228623390197754e-01 -9.844925999641418457e-01 -8.570848107337951660e-01 -3.335929512977600098e-01 1.963742494583129883e+00 1.400719285011291504e+00 1.575592279434204102e+00 -2.911790646612644196e-02 -1.666344761848449707e+00 -4.918929338455200195e-01
-9.586441516876220703e-01 1.546530961990356445e+00 1.950970649719238281e+00 -1.248822689056396484e+00 1.630858182907104492e+00 -7.375578284263610840e-01 -1.354797482490539551e+00 -9.673666357994079590e-01 1.713749527931213379e+00 -6.440198421478271484e-01 -7.121165394783020020e-01 -9.355931282043457031e-01 -8.495444059371948242e-01 -3.228405714035034180e-01 2.033711433410644531e+00 1.475833654403686523e+00 1.600897908210754395e+00 -2.426971122622489929e-02 -1.627031207084655762e+00 -5.342587828636169434e-01
-9.220069646835327148e-01 1.559709429740905762e+00 1.996857643127441406e+00 -1.239152908325195312e+00 1.784725308418273926e+00 -7.519680857658386230e-01 -1.345584034919738770e+00 -9.539002776145935059e-01 1.836665749549865723e+00 -7.347359657287597656e-01 -7.465459108352661133e-01 -9.247264862060546875e-01 -8.383623957633972168e-01 -3.691673278808593750e-01 2.118286848068237305e+00 1.524381160736083984e+00 1.622809171676635742e+00 -7.344573736190795898e-03 -1.606016635894775391e+00 -5.433165431022644043e-01
-8.792133331298828125e-01 1.513460159301757812e+00 2.078404664993286133e+00 -1.130973815917968750e+00 1.989807724952697754e+00 -8.057872056961059570e-01 -1.334959983825683594e+00 -9.317130446434020996e-01 1.967230796813964844e+00 -8.228225111961364746e-01 -7.955871820449829102e-01 -9.429711699485778809e-01 -7.810101509094238281e-01 -4.447889924049377441e-01 2.216315507888793945e+00 1.557900905609130859e+00 1.612269520759582520e+00 3.926507756114006042e-02 -1.559481143951416016e+00 -4.848746061325073242e-01
-8.487169742584228516e-01 1.453639626502990723e+00 2.132403373718261719e+00 -9.728342294692993164e-01 2.133022069931030273e+00 -9.030466079711914062e-01 -1.304714679718017578e+00 -9.248539209365844727e-01 2.048569202423095703e+00 -8.590623140335083008e-01 -8.476397395133972168e-01 -9.931159019470214844e-01 -6.955790519714355469e-01 -5.146560668945312500e-01 2.286447525024414062e+00 1.536589980125427246e+00 1.572336435317993164e+00 5.413955077528953552e-02 -1.488723397254943848e+00 -3.851794600486755371e-01
-8.288304805755615234e-01 1.377974510192871094e+00 2.152874946594238281e+00 -7.709652185440063477e-01 2.185240030288696289e+00 -1.011887311935424805e+00 -1.242360830307006836e+00 -9.376848340034484863e-01 2.043757200241088867e+00 -8.500865101814270020e-01 -9.198004603385925293e-01 -1.026463270187377930e+00 -5.982843041419982910e-01 -5.270831584930419922e-01 2.263705730438232422e+00 1.424843072891235352e+00 1.470766663551330566e+00 4.445714130997657776e-02 -1.398617148399353027e+00 -2.708573341369628906e-01
-8.441730737686157227e-01 1.319183468818664551e+00 2.137649297714233398e+00 -5.666234493255615234e-01 2.148917913436889648e+00 -1.128559112548828125e+00 -1.156858325004577637e+00 -9.792432188987731934e-01 1.967307567596435547e+00 -8.276215791702270508e-01 -9.759089350700378418e-01 -1.011576414108276367e+00 -4.875535964965820312e-01 -4.675071835517883301e-01 2.173699140548706055e+00 1.279880166053771973e+00 1.329482555389404297e+00 -1.921432465314865112e-02 -1.297487854957580566e+00 -1.918979436159133911e-01
-8.554050922393798828e-01 1.290913820266723633e+00 2.069259643554687500e+00 -4.435899257659912109e-01 2.050828456878662109e+00 -1.198195576667785645e+00 -1.066623210906982422e+00 -1.016273617744445801e+00 1.856627345085144043e+00 -7.980591058731079102e-01 -9.830610156059265137e-01 -9.570917487144470215e-01 -4.031326472759246826e-01 -3.811938166618347168e-01 2.044903516769409180e+00 1.149751067161560059e+00 1.201726078987121582e+00 -8.593386411666870117e-02 -1.202689886093139648e+00 -1.718811690807342529e-01
-8.957892656326293945e-01 1.330195903778076172e+00 1.999717235565185547e+00 -4.124832153320312500e-01 2.011860847473144531e+00 -1.254575371742248535e+00 -1.033578515052795410e+00 -1.111252546310424805e+00 1.781414628028869629e+00 -7.731026411056518555e-01 -9.866660237312316895e-01 -8.995575904846191406e-01 -3.461176156997680664e-01 -2.822670936584472656e-01 1.978105187416076660e+00 1.074362516403198242e+00 1.139364838600158691e+00 -1.733820140361785889e-01 -1.149879097938537598e+00 -2.030061185359954834e-01
-9.477814435958862305e-01 1.387377619743347168e+00 1.928771257400512695e+00 -4.094929993152618408e-01 1.956059694290161133e+00 -1.284349203109741211e+00 -1.026650547981262207e+00 -1.181481719017028809e+00 1.695051312446594238e+00 -7.654919028282165527e-01 -9.894704222679138184e-01 -8.242027759552001953e-01 -3.284784853458404541e-01 -1.825138777494430542e-01 1.916293978691101074e+00 1.021584153175354004e+00 1.090918660163879395e+00 -2.410502433776855469e-01 -1.116548180580139160e+00 -2.471608221530914307e-01
-1.001219868659973145e+00 1.443044900894165039e+00 1.859556436538696289e+00 -4.225173592567443848e-01 1.882935285568237305e+00 -1.281428217887878418e+00 -1.029719114303588867e+00 -1.211101412773132324e+00 1.607300758361816406e+00 -7.786312103271484375e-01 -9.768884181976318359e-01 -7.359232306480407715e-01 -3.390169441699981689e-01 -9.545171260833740234e-02 1.858042836189270020e+00 9.981625676155090332e-01 1.045766592025756836e+00 -2.869066596031188965e-01 -1.091087579727172852e+00 -2.958815693855285645e-01
-1.064706802368164062e+00 1.495077729225158691e+00 1.795482635498046875e+00 -4.548955261707305908e-01 1.797451019287109375e+00 -1.261469364166259766e+00 -1.039223432540893555e+00 -1.221436977386474609e+00 1.525868535041809082e+00 -8.036299943923950195e-01 -9.607148170471191406e-01 -6.470182538032531738e-01 -3.744630217552185059e-01 -1.733991503715515137e-02 1.811403632164001465e+00 1.002988934516906738e+00 1.011176109313964844e+00 -3.183347880840301514e-01 -1.075624823570251465e+00 -3.432289659976959229e-01
-1.130123019218444824e+00 1.538628101348876953e+00 1.742467641830444336e+00 -4.998901486396789551e-01 1.702144980430603027e+00 -1.229406952857971191e+00 -1.059665203094482422e+00 -1.203918933868408203e+00 1.450050115585327148e+00 -8.376602530479431152e-01 -9.464837312698364258e-01 -5.570853352546691895e-01 -4.263692498207092285e-01 5.287554860115051270e-02 1.776969552040100098e+00 1.029686450958251953e+00 9.818952083587646484e-01 -3.294056653976440430e-01 -1.069028019905090332e+00 -3.837856948375701904e-01
-1.197630167007446289e+00 1.576714158058166504e+00 1.705841779708862305e+00 -5.569117069244384766e-01 1.620167732238769531e+00 -1.180644869804382324e+00 -1.096545577049255371e+00 -1.160781145095825195e+00 1.398102879524230957e+00 -8.949922919273376465e-01 -9.347701668739318848e-01 -4.693536162376403809e-01 -4.839246869087219238e-01 1.104561686515808105e-01 1.761716365814208984e+00 1.084488511085510254e+00 9.671381711959838867e-01 -3.143112957477569580e-01 -1.072551608085632324e+00 -4.167586266994476318e-01
-1.256870150566101074e+00 1.626457452774047852e+00 1.697705984115600586e+00 -6.428171396255493164e-01 1.569793224334716797e+00 -1.119251966476440430e+00 -1.147552847862243652e+00 -1.093626379966735840e+00 1.397883176803588867e+00 -9.830889701843261719e-01 -9.152534008026123047e-01 -3.892500400543212891e-01 -5.477413535118103027e-01 1.514320075511932373e-01 1.773340582847595215e+00 1.179305911064147949e+00 9.808357357978820801e-01 -2.722683846950531006e-01 -1.093077659606933594e+00 -4.569408297538757324e-01
