-1.078884363174438477e+00 7.325894832611083984e-01 1.466276049613952637e+00 -7.758229374885559082e-01 1.814951777458190918e+00 -1.196295619010925293e+00 -1.407625377178192139e-01 -1.724045872688293457e+00 1.558031558990478516e+00 -7.017788887023925781e-01 -1.149718403816223145e+00 -9.003872275352478027e-01 1.094019263982772827e-01 1.681374460458755493e-01 2.008845329284667969e+00 1.069225192070007324e+00 1.358944177627563477e+00 -3.493704199790954590e-01 -7.888814210891723633e-01 -3.093236088752746582e-01
-1.138762235641479492e+00 9.601324796676635742e-01 1.470753550529479980e+00 -9.349884986877441406e-01 1.762979030609130859e+00 -1.269222021102905273e+00 -8.665652573108673096e-02 -1.754709005355834961e+00 1.601581811904907227e+00 -8.961223363876342773e-01 -1.106802463531494141e+00 -7.195690274238586426e-01 1.035197228193283081e-01 2.713639140129089355e-01 2.002328157424926758e+00 1.105976343154907227e+00 1.322780847549438477e+00 -4.247477352619171143e-01 -7.446229457855224609e-01 -4.241196513175964355e-01
-1.163205504417419434e+00 1.186198234558105469e+00 1.502716898918151855e+00 -1.066414833068847656e+00 1.719343185424804688e+00 -1.337820649147033691e+00 -8.485501259565353394e-02 -1.747111916542053223e+00 1.651473641395568848e+00 -1.041269540786743164e+00 -1.057678818702697754e+00 -5.496089458465576172e-01 7.618041336536407471e-02 3.373033702373504639e-01 1.984719991683959961e+00 1.136285066604614258e+00 1.269625902175903320e+00 -4.791052043437957764e-01 -7.172433137893676758e-01 -5.429316163063049316e-01
-1.159750103950500488e+00 1.386150240898132324e+00 1.552161812782287598e+00 -1.179893612861633301e+00 1.707162737846374512e+00 -1.404722213745117188e+00 -1.238819286227226257e-01 -1.717826843261718750e+00 1.720944285392761230e+00 -1.142800569534301758e+00 -9.949256181716918945e-01 -4.032367169857025146e-01 5.027268454432487488e-02 3.802486062049865723e-01 1.977791309356689453e+00 1.178721427917480469e+00 1.216728329658508301e+00 -5.249410867691040039e-01 -7.020859718322753906e-01 -6.510411500930786133e-01
-1.166613340377807617e+00 1.554954171180725098e+00 1.605593681335449219e+00 -1.258507966995239258e+00 1.685694575309753418e+00 -1.453070640563964844e+00 -2.047437578439712524e-01 -1.684720873832702637e+00 1.771660685539245605e+00 -1.193127036094665527e+00 -9.600706696510314941e-01 -3.241843581199645996e-01 1.667005009949207306e-02 3.990409076213836670e-01 1.984171509742736816e+00 1.199277877807617188e+00 1.182628035545349121e+00 -5.500873327255249023e-01 -7.217435836791992188e-01 -7.021239995956420898e-01
-1.152107238769531250e+00 1.668622493743896484e+00 1.652646064758300781e+00 -1.283490896224975586e+00 1.668003201484680176e+00 -1.479561805725097656e+00 -3.027366995811462402e-01 -1.622495770454406738e+00 1.818673491477966309e+00 -1.210157155990600586e+00 -9.291424751281738281e-01 -2.824520468711853027e-01 2.305094152688980103e-03 3.902202248573303223e-01 1.984151005744934082e+00 1.211875557899475098e+00 1.145257949829101562e+00 -5.534737706184387207e-01 -7.405910491943359375e-01 -7.126997709274291992e-01
-1.108723163604736328e+00 1.719427347183227539e+00 1.688227057456970215e+00 -1.261287093162536621e+00 1.652633428573608398e+00 -1.486318111419677734e+00 -4.023637175559997559e-01 -1.528805971145629883e+00 1.834769725799560547e+00 -1.192366600036621094e+00 -8.912424445152282715e-01 -2.508479356765747070e-01 9.377431124448776245e-03 3.651128709316253662e-01 1.968866944313049316e+00 1.209076285362243652e+00 1.086267471313476562e+00 -5.395826101303100586e-01 -7.458119988441467285e-01 -6.971673965454101562e-01
-1.042853593826293945e+00 1.726333141326904297e+00 1.713882327079772949e+00 -1.214690208435058594e+00 1.636441826820373535e+00 -1.472832798957824707e+00 -4.933714866638183594e-01 -1.423643827438354492e+00 1.832068681716918945e+00 -1.143746733665466309e+00 -8.633201718330383301e-01 -2.304575145244598389e-01 1.544573716819286346e-02 3.227635920047760010e-01 1.936067461967468262e+00 1.186482191085815430e+00 1.022452473640441895e+00 -5.113121271133422852e-01 -7.560902237892150879e-01 -6.810587048530578613e-01
-9.738314151763916016e-01 1.702730774879455566e+00 1.731025218963623047e+00 -1.156329154968261719e+00 1.620893716812133789e+00 -1.443853735923767090e+00 -5.756537914276123047e-01 -1.318758964538574219e+00 1.806786060333251953e+00 -1.077726602554321289e+00 -8.334159851074218750e-01 -2.229064702987670898e-01 2.222357690334320068e-02 2.700842022895812988e-01 1.901874661445617676e+00 1.157988190650939941e+00 9.585803747177124023e-01 -4.784510135650634766e-01 -7.661035656929016113e-01 -6.562215089797973633e-01
-9.106262922286987305e-01 1.671165704727172852e+00 1.738063573837280273e+00 -1.102955579757690430e+00 1.611966133117675781e+00 -1.408282160758972168e+00 -6.552401185035705566e-01 -1.230681061744689941e+00 1.771356582641601562e+00 -1.008383750915527344e+00 -8.022854924201965332e-01 -2.255114018917083740e-01 1.861704885959625244e-02 2.147574573755264282e-01 1.869032382965087891e+00 1.127085685729980469e+00 9.047218561172485352e-01 -4.483884274959564209e-01 -7.791835069656372070e-01 -6.253703236579895020e-01
-8.571739196777343750e-01 1.643510580062866211e+00 1.749022722244262695e+00 -1.060857057571411133e+00 1.624286770820617676e+00 -1.374178171157836914e+00 -7.230867743492126465e-01 -1.172162771224975586e+00 1.742537736892700195e+00 -9.445573687553405762e-01 -7.894344329833984375e-01 -2.501641511917114258e-01 4.161674529314041138e-03 1.507814675569534302e-01 1.848021268844604492e+00 1.099622964859008789e+00 8.752730488777160645e-01 -4.190572798252105713e-01 -8.076478838920593262e-01 -5.985890626907348633e-01
-8.233466148376464844e-01 1.623901128768920898e+00 1.731841564178466797e+00 -1.040935754776000977e+00 1.603775620460510254e+00 -1.324740648269653320e+00 -7.761748433113098145e-01 -1.127783417701721191e+00 1.701543211936950684e+00 -8.860610127449035645e-01 -7.721540331840515137e-01 -2.737538516521453857e-01 -2.641314640641212463e-02 1.011442691087722778e-01 1.805042386054992676e+00 1.065333843231201172e+00 8.552307486534118652e-01 -3.938857018947601318e-01 -8.371704816818237305e-01 -5.744348764419555664e-01
-8.116073608398437500e-01 1.633525967597961426e+00 1.686433315277099609e+00 -1.068326711654663086e+00 1.552262425422668457e+00 -1.250615239143371582e+00 -8.219707012176513672e-01 -1.105674743652343750e+00 1.652575731277465820e+00 -8.389447927474975586e-01 -7.638375759124755859e-01 -2.898423373699188232e-01 -9.944860637187957764e-02 8.110176026821136475e-02 1.729898810386657715e+00 1.021586537361145020e+00 8.608803153038024902e-01 -3.644421696662902832e-01 -8.815434575080871582e-01 -5.723166465759277344e-01
-8.350441455841064453e-01 1.696968078613281250e+00 1.611454486846923828e+00 -1.163782000541687012e+00 1.472997188568115234e+00 -1.135973095893859863e+00 -8.744121193885803223e-01 -1.116637706756591797e+00 1.603092908859252930e+00 -8.147156834602355957e-01 -7.714135050773620605e-01 -2.969833314418792725e-01 -2.464741319417953491e-01 1.007038652896881104e-01 1.606518745422363281e+00 9.745165109634399414e-01 9.140697717666625977e-01 -3.228238224983215332e-01 -9.612917304039001465e-01 -6.159023046493530273e-01
-9.021328687667846680e-01 1.804184079170227051e+00 1.503714561462402344e+00 -1.303442001342773438e+00 1.397048711776733398e+00 -9.874034523963928223e-01 -9.277272224426269531e-01 -1.165762543678283691e+00 1.571511387825012207e+00 -8.247116208076477051e-01 -8.060547709465026855e-01 -3.218086361885070801e-01 -4.546897411346435547e-01 1.350461840629577637e-01 1.478434443473815918e+00 9.403839707374572754e-01 1.032290577888488770e+00 -2.788458466529846191e-01 -1.072207689285278320e+00 -6.725860834121704102e-01
-9.934787750244140625e-01 1.847604632377624512e+00 1.398880839347839355e+00 -1.413488626480102539e+00 1.400143623352050781e+00 -8.404189348220825195e-01 -9.499340057373046875e-01 -1.233346700668334961e+00 1.595063328742980957e+00 -8.839192986488342285e-01 -8.520461320877075195e-01 -3.642342388629913330e-01 -6.191999912261962891e-01 1.772574782371520996e-01 1.401765942573547363e+00 9.682686924934387207e-01 1.201325416564941406e+00 -2.175869345664978027e-01 -1.145070195198059082e+00 -7.178512811660766602e-01
-1.090053319931030273e+00 1.818992376327514648e+00 1.366080880165100098e+00 -1.465513944625854492e+00 1.442093014717102051e+00 -7.103691697120666504e-01 -9.853287339210510254e-01 -1.259150862693786621e+00 1.642377734184265137e+00 -9.486205577850341797e-01 -8.993681073188781738e-01 -4.398271441459655762e-01 -7.381557226181030273e-01 1.970369219779968262e-01 1.402140736579895020e+00 1.034047007560729980e+00 1.364075660705566406e+00 -1.258115917444229126e-01 -1.211980104446411133e+00 -7.181183099746704102e-01
-1.130455613136291504e+00 1.781629204750061035e+00 1.368562698364257812e+00 -1.470355987548828125e+00 1.473339796066284180e+00 -6.285013556480407715e-01 -1.002891659736633301e+00 -1.233424782752990723e+00 1.677784085273742676e+00 -9.901657700538635254e-01 -9.126483798027038574e-01 -5.036922693252563477e-01 -7.785648107528686523e-01 1.625535190105438232e-01 1.433834552764892578e+00 1.068904876708984375e+00 1.448652863502502441e+00 -7.744673639535903931e-02 -1.239460587501525879e+00 -6.972848773002624512e-01
-1.130145072937011719e+00 1.750154495239257812e+00 1.364698052406311035e+00 -1.433072090148925781e+00 1.488663673400878906e+00 -5.860454440116882324e-01 -1.016471982002258301e+00 -1.189540266990661621e+00 1.704276680946350098e+00 -1.012692451477050781e+00 -8.997957706451416016e-01 -5.364970564842224121e-01 -7.841227054595947266e-01 1.026211306452751160e-01 1.463124871253967285e+00 1.088978767395019531e+00 1.466106653213500977e+00 -5.161739140748977661e-02 -1.239226102828979492e+00 -6.694630384445190430e-01
-1.113375425338745117e+00 1.736349701881408691e+00 1.372626066207885742e+00 -1.367574810981750488e+00 1.520297646522521973e+00 -5.770647525787353516e-01 -1.030672907829284668e+00 -1.148803591728210449e+00 1.751006603240966797e+00 -1.042049765586853027e+00 -8.813403844833374023e-01 -5.488545298576354980e-01 -7.667154669761657715e-01 3.574427962303161621e-02 1.513012409210205078e+00 1.109064936637878418e+00 1.450637578964233398e+00 -4.686219617724418640e-02 -1.225066661834716797e+00 -6.445451378822326660e-01
-1.072910189628601074e+00 1.727231502532958984e+00 1.393616080284118652e+00 -1.277717947959899902e+00 1.556690335273742676e+00 -5.792413353919982910e-01 -1.056242465972900391e+00 -1.097137331962585449e+00 1.806795120239257812e+00 -1.060709595680236816e+00 -8.532499074935913086e-01 -5.702906250953674316e-01 -7.458097338676452637e-01 -6.421589851379394531e-02 1.564513802528381348e+00 1.133344531059265137e+00 1.418716430664062500e+00 -3.804935887455940247e-02 -1.220319867134094238e+00 -6.140841245651245117e-01
-9.890290498733520508e-01 1.719728708267211914e+00 1.443162679672241211e+00 -1.170371770858764648e+00 1.602666497230529785e+00 -6.033813357353210449e-01 -1.086293101310729980e+00 -1.030636548995971680e+00 1.878214955329895020e+00 -1.049638032913208008e+00 -8.162316083908081055e-01 -6.283540129661560059e-01 -7.091245651245117188e-01 -2.207746505737304688e-01 1.627195477485656738e+00 1.155117988586425781e+00 1.388428211212158203e+00 -3.641691058874130249e-02 -1.233554124832153320e+00 -5.809480547904968262e-01
-8.728861808776855469e-01 1.689878344535827637e+00 1.494993567466735840e+00 -1.057462453842163086e+00 1.648616313934326172e+00 -6.367503404617309570e-01 -1.134294390678405762e+00 -9.629952907562255859e-01 1.933563709259033203e+00 -9.816117286682128906e-01 -7.721728682518005371e-01 -7.172635197639465332e-01 -6.684132814407348633e-01 -3.874999582767486572e-01 1.702310681343078613e+00 1.167589902877807617e+00 1.376907467842102051e+00 -3.895090520381927490e-02 -1.258096575736999512e+00 -5.357550978660583496e-01
-7.449957132339477539e-01 1.645954012870788574e+00 1.557438135147094727e+00 -9.305930733680725098e-01 1.705503940582275391e+00 -6.937060356140136719e-01 -1.197528839111328125e+00 -9.235567450523376465e-01 1.969177842140197754e+00 -8.537033796310424805e-01 -7.214184999465942383e-01 -8.417690396308898926e-01 -6.307156682014465332e-01 -5.359282493591308594e-01 1.786390304565429688e+00 1.182263135910034180e+00 1.405351042747497559e+00 -5.283167213201522827e-02 -1.299505352973937988e+00 -4.952018857002258301e-01
-6.609334945678710938e-01 1.534672856330871582e+00 1.671611666679382324e+00 -8.283740878105163574e-01 1.753770112991333008e+00 -7.697224020957946777e-01 -1.250172615051269531e+00 -9.327386021614074707e-01 1.971780538558959961e+00 -6.757403612136840820e-01 -6.889103651046752930e-01 -1.000753760337829590e+00 -5.801918506622314453e-01 -6.080967187881469727e-01 1.854634523391723633e+00 1.156196355819702148e+00 1.438778638839721680e+00 -4.630209505558013916e-02 -1.343761324882507324e+00 -3.698495626449584961e-01
-6.593248844146728516e-01 1.340178132057189941e+00 1.777163863182067871e+00 -7.621725797653198242e-01 1.771974563598632812e+00 -8.514035344123840332e-01 -1.251047492027282715e+00 -1.016420602798461914e+00 1.919129371643066406e+00 -4.830105006694793701e-01 -6.855506896972656250e-01 -1.181476712226867676e+00 -5.181472301483154297e-01 -6.160544157028198242e-01 1.920961022377014160e+00 1.154580473899841309e+00 1.501473546028137207e+00 -4.733437672257423401e-02 -1.404595017433166504e+00 -1.896232813596725464e-01
-6.998378038406372070e-01 1.183497190475463867e+00 1.846714019775390625e+00 -7.651571631431579590e-01 1.716252326965332031e+00 -9.522250890731811523e-01 -1.259620666503906250e+00 -1.138724923133850098e+00 1.814670920372009277e+00 -2.821053266525268555e-01 -7.019571065902709961e-01 -1.345547437667846680e+00 -4.761953949928283691e-01 -5.546317100524902344e-01 1.958571314811706543e+00 1.144869804382324219e+00 1.600433945655822754e+00 -6.460297852754592896e-02 -1.482446789741516113e+00 -2.218877151608467102e-02
-7.347097396850585938e-01 1.063555836677551270e+00 1.875007390975952148e+00 -7.951046824455261230e-01 1.598376870155334473e+00 -1.049585342407226562e+00 -1.259306430816650391e+00 -1.245285511016845703e+00 1.672783255577087402e+00 -8.505021035671234131e-02 -7.104995846748352051e-01 -1.455845117568969727e+00 -4.724512100219726562e-01 -4.353642761707305908e-01 1.927252292633056641e+00 1.105903744697570801e+00 1.684548735618591309e+00 -8.189538121223449707e-02 -1.548824906349182129e+00 1.021332070231437683e-01
-7.651641368865966797e-01 1.020410180091857910e+00 1.876625180244445801e+00 -8.454532027244567871e-01 1.490336298942565918e+00 -1.124927520751953125e+00 -1.264135479927062988e+00 -1.334929108619689941e+00 1.573922514915466309e+00 4.945097118616104126e-02 -7.056591510772705078e-01 -1.521722197532653809e+00 -4.752910733222961426e-01 -3.062315881252288818e-01 1.876889705657958984e+00 1.056093215942382812e+00 1.760226488113403320e+00 -1.005479022860527039e-01 -1.588531494140625000e+00 1.720907688140869141e-01
-7.839385271072387695e-01 1.011783242225646973e+00 1.845601439476013184e+00 -8.995829224586486816e-01 1.390619516372680664e+00 -1.184296846389770508e+00 -1.261335730552673340e+00 -1.403189897537231445e+00 1.482386708259582520e+00 1.553263068199157715e-01 -6.944823861122131348e-01 -1.548240542411804199e+00 -4.846395254135131836e-01 -1.771983951330184937e-01 1.813482046127319336e+00 1.002691388130187988e+00 1.812340617179870605e+00 -1.298727542161941528e-01 -1.595947623252868652e+00 2.009561359882354736e-01
-7.979478836059570312e-01 1.044073820114135742e+00 1.817324519157409668e+00 -9.364208579063415527e-01 1.325462818145751953e+00 -1.234912514686584473e+00 -1.243869185447692871e+00 -1.449021577835083008e+00 1.432141661643981934e+00 1.968365609645843506e-01 -7.132023572921752930e-01 -1.533955097198486328e+00 -5.102629065513610840e-01 -8.953677117824554443e-02 1.768109083175659180e+00 9.551095962524414062e-01 1.824634313583374023e+00 -1.502412408590316772e-01 -1.591753244400024414e+00 1.817075759172439575e-01
-8.036078214645385742e-01 1.077917218208312988e+00 1.790977120399475098e+00 -9.514780044555664062e-01 1.324809551239013672e+00 -1.271550655364990234e+00 -1.233327150344848633e+00 -1.475488066673278809e+00 1.401788830757141113e+00 1.968947350978851318e-01 -7.515811920166015625e-01 -1.480675101280212402e+00 -5.425069928169250488e-01 -1.502087712287902832e-02 1.733726024627685547e+00 9.168670177459716797e-01 1.810154557228088379e+00 -1.610435843467712402e-01 -1.564093828201293945e+00 1.323783099651336670e-01
-7.776947021484375000e-01 1.100427985191345215e+00 1.770980000495910645e+00 -9.422144889831542969e-01 1.385810136795043945e+00 -1.300371885299682617e+00 -1.222275376319885254e+00 -1.460516452789306641e+00 1.409378647804260254e+00 1.600886881351470947e-01 -7.790449857711791992e-01 -1.391600131988525391e+00 -5.463901162147521973e-01 3.043971210718154907e-02 1.714151501655578613e+00 8.948417305946350098e-01 1.759170413017272949e+00 -1.690303683280944824e-01 -1.500022530555725098e+00 7.027880847454071045e-02
-7.364368438720703125e-01 1.110982179641723633e+00 1.771572947502136230e+00 -9.130522012710571289e-01 1.516486167907714844e+00 -1.320391654968261719e+00 -1.226755738258361816e+00 -1.398078083992004395e+00 1.467642307281494141e+00 7.466118782758712769e-02 -7.880732417106628418e-01 -1.269999027252197266e+00 -5.203921794891357422e-01 5.777125060558319092e-02 1.725399374961853027e+00 9.018660187721252441e-01 1.686218380928039551e+00 -1.680577695369720459e-01 -1.405195474624633789e+00 4.675935953855514526e-03
-7.018543481826782227e-01 1.085325956344604492e+00 1.790102243423461914e+00 -8.697279691696166992e-01 1.685193419456481934e+00 -1.318730711936950684e+00 -1.235170125961303711e+00 -1.292449593544006348e+00 1.541674256324768066e+00 -5.316051095724105835e-02 -7.941975593566894531e-01 -1.124731779098510742e+00 -4.758117794990539551e-01 7.391073554754257202e-02 1.767686605453491211e+00 9.470348358154296875e-01 1.592025041580200195e+00 -1.497725099325180054e-01 -1.294887661933898926e+00 -4.091762006282806396e-02
-6.612173318862915039e-01 1.030202031135559082e+00 1.811148405075073242e+00 -8.315783739089965820e-01 1.828562021255493164e+00 -1.290397882461547852e+00 -1.236447930335998535e+00 -1.170497179031372070e+00 1.604519724845886230e+00 -1.653057634830474854e-01 -7.803824543952941895e-01 -9.934486150741577148e-01 -4.243386387825012207e-01 5.571578815579414368e-02 1.819593906402587891e+00 1.004162073135375977e+00 1.486633062362670898e+00 -1.349913924932479858e-01 -1.199074149131774902e+00 -7.073034346103668213e-02
-6.421084403991699219e-01 9.676237702369689941e-01 1.840271115303039551e+00 -8.190304040908813477e-01 1.903236746788024902e+00 -1.227606773376464844e+00 -1.255738019943237305e+00 -1.064203739166259766e+00 1.635449171066284180e+00 -2.279447615146636963e-01 -7.705661654472351074e-01 -9.094491600990295410e-01 -4.116342663764953613e-01 6.092719733715057373e-03 1.865198493003845215e+00 1.051280736923217773e+00 1.400926709175109863e+00 -1.112696826457977295e-01 -1.169818043708801270e+00 -9.033230692148208618e-02
-6.353683471679687500e-01 9.218878149986267090e-01 1.863439559936523438e+00 -8.370327949523925781e-01 1.911228895187377930e+00 -1.168384313583374023e+00 -1.272365927696228027e+00 -9.986486434936523438e-01 1.634388327598571777e+00 -2.362942397594451904e-01 -7.588528394699096680e-01 -8.881682157516479492e-01 -4.286721646785736084e-01 -5.247889459133148193e-02 1.910999059677124023e+00 1.089158058166503906e+00 1.373535871505737305e+00 -9.281405806541442871e-02 -1.188785076141357422e+00 -1.026731729507446289e-01
-6.682207584381103516e-01 9.013118743896484375e-01 1.882691621780395508e+00 -8.945420384407043457e-01 1.838355064392089844e+00 -1.104396462440490723e+00 -1.318645238876342773e+00 -9.755367040634155273e-01 1.582793593406677246e+00 -1.917158067226409912e-01 -7.450684309005737305e-01 -9.147957563400268555e-01 -4.895551800727844238e-01 -9.096474945545196533e-02 1.942991971969604492e+00 1.125949025154113770e+00 1.395145654678344727e+00 -8.024805784225463867e-02 -1.270333170890808105e+00 -1.005958765745162964e-01
-7.487798929214477539e-01 9.189304113388061523e-01 1.905548095703125000e+00 -9.910237789154052734e-01 1.735417366027832031e+00 -1.075598120689392090e+00 -1.369988560676574707e+00 -1.025199770927429199e+00 1.522768378257751465e+00 -1.293458342552185059e-01 -7.506801486015319824e-01 -9.772565960884094238e-01 -5.672718882560729980e-01 -7.770885527133941650e-02 1.995239496231079102e+00 1.163973808288574219e+00 1.479267001152038574e+00 -8.914539217948913574e-02 -1.390707254409790039e+00 -8.800834417343139648e-02
-8.581910133361816406e-01 9.660525918006896973e-01 1.902875661849975586e+00 -1.112535953521728516e+00 1.578984975814819336e+00 -1.050838232040405273e+00 -1.423291563987731934e+00 -1.113352656364440918e+00 1.429125428199768066e+00 -4.648526757955551147e-02 -7.518088221549987793e-01 -1.059623718261718750e+00 -6.709422469139099121e-01 -2.613807469606399536e-02 2.024847030639648438e+00 1.188663959503173828e+00 1.597498774528503418e+00 -1.069245040416717529e-01 -1.532989025115966797e+00 -6.732534617185592651e-02
-9.563798904418945312e-01 1.043164253234863281e+00 1.863944768905639648e+00 -1.228149056434631348e+00 1.395296335220336914e+00 -1.036543607711791992e+00 -1.467138409614562988e+00 -1.203641772270202637e+00 1.339197039604187012e+00 3.402585536241531372e-02 -7.412489652633666992e-01 -1.124405145645141602e+00 -7.853887677192687988e-01 5.032907053828239441e-02 2.000348091125488281e+00 1.188061237335205078e+00 1.712011814117431641e+00 -1.266544461250305176e-01 -1.652486562728881836e+00 -6.081347912549972534e-02
-1.036914706230163574e+00 1.141109824180603027e+00 1.792110681533813477e+00 -1.323529362678527832e+00 1.219748497009277344e+00 -1.025678753852844238e+00 -1.498887300491333008e+00 -1.277023673057556152e+00 1.266424298286437988e+00 8.312728255987167358e-02 -7.150185108184814453e-01 -1.149662971496582031e+00 -8.893690705299377441e-01 1.541704833507537842e-01 1.921983122825622559e+00 1.163082361221313477e+00 1.804293632507324219e+00 -1.448105424642562866e-01 -1.722917079925537109e+00 -6.332780420780181885e-02
-1.095777034759521484e+00 1.234237313270568848e+00 1.689399957656860352e+00 -1.376043915748596191e+00 1.079786539077758789e+00 -1.005038261413574219e+00 -1.521824836730957031e+00 -1.321256756782531738e+00 1.198228836059570312e+00 9.413806349039077759e-02 -6.686388850212097168e-01 -1.132937550544738770e+00 -9.536390304565429688e-01 2.650281190872192383e-01 1.813764691352844238e+00 1.128581166267395020e+00 1.856160998344421387e+00 -1.619680672883987427e-01 -1.730548262596130371e+00 -6.609137356281280518e-02
-1.147515654563903809e+00 1.326468944549560547e+00 1.571710705757141113e+00 -1.394750952720642090e+00 1.016600251197814941e+00 -9.741268754005432129e-01 -1.543260574340820312e+00 -1.351968407630920410e+00 1.163476467132568359e+00 4.570458829402923584e-02 -6.153287887573242188e-01 -1.089256882667541504e+00 -9.672136902809143066e-01 3.573729395866394043e-01 1.719704508781433105e+00 1.126634120941162109e+00 1.883647799491882324e+00 -1.771989762783050537e-01 -1.686978340148925781e+00 -7.350696623325347900e-02
-1.182237863540649414e+00 1.377721428871154785e+00 1.447904825210571289e+00 -1.387454748153686523e+00 1.020783305168151855e+00 -9.300889968872070312e-01 -1.537923812866210938e+00 -1.357955694198608398e+00 1.159713506698608398e+00 -4.593421518802642822e-02 -5.647144317626953125e-01 -1.022108435630798340e+00 -9.396535754203796387e-01 4.308695495128631592e-01 1.639583230018615723e+00 1.136175155639648438e+00 1.889249444007873535e+00 -1.895562708377838135e-01 -1.597155809402465820e+00 -7.369698584079742432e-02
-1.173883914947509766e+00 1.379703998565673828e+00 1.346469879150390625e+00 -1.355420231819152832e+00 1.101053357124328613e+00 -8.802286982536315918e-01 -1.519947171211242676e+00 -1.318402290344238281e+00 1.183754563331604004e+00 -1.561253368854522705e-01 -5.252624750137329102e-01 -9.340319633483886719e-01 -8.793624043464660645e-01 4.911110997200012207e-01 1.577122330665588379e+00 1.140699744224548340e+00 1.875053882598876953e+00 -1.846848130226135254e-01 -1.474653840065002441e+00 -7.633188366889953613e-02
-1.135165095329284668e+00 1.347967624664306641e+00 1.274018287658691406e+00 -1.278256058692932129e+00 1.260785579681396484e+00 -8.497279286384582520e-01 -1.477481126785278320e+00 -1.253122687339782715e+00 1.259199261665344238e+00 -3.006384372711181641e-01 -5.055326819419860840e-01 -8.342447876930236816e-01 -7.593270540237426758e-01 5.455128550529479980e-01 1.568314313888549805e+00 1.152933597564697266e+00 1.843045473098754883e+00 -1.809351146221160889e-01 -1.305203676223754883e+00 -8.021240681409835815e-02
-1.060921907424926758e+00 1.297297239303588867e+00 1.218931794166564941e+00 -1.179336547851562500e+00 1.459686994552612305e+00 -8.425778746604919434e-01 -1.416462063789367676e+00 -1.184082150459289551e+00 1.344769239425659180e+00 -4.348224401473999023e-01 -4.880257546901702881e-01 -7.279203534126281738e-01 -6.035085916519165039e-01 5.760990381240844727e-01 1.578425526618957520e+00 1.168253302574157715e+00 1.782351255416870117e+00 -1.752063781023025513e-01 -1.112961649894714355e+00 -1.056162863969802856e-01
-9.471496343612670898e-01 1.236624956130981445e+00 1.211112856864929199e+00 -1.087284803390502930e+00 1.687307000160217285e+00 -8.877480626106262207e-01 -1.321157574653625488e+00 -1.125610828399658203e+00 1.478376984596252441e+00 -5.490019917488098145e-01 -4.886014759540557861e-01 -6.206374168395996094e-01 -4.481943547725677490e-01 5.810081958770751953e-01 1.593343973159790039e+00 1.179251074790954590e+00 1.705371737480163574e+00 -1.681593358516693115e-01 -9.293910264968872070e-01 -1.683394461870193481e-01
-8.286523818969726562e-01 1.182548642158508301e+00 1.249047517776489258e+00 -1.032898068428039551e+00 1.910877704620361328e+00 -9.526919126510620117e-01 -1.227469086647033691e+00 -1.118642926216125488e+00 1.615543246269226074e+00 -6.087738871574401855e-01 -5.223004817962646484e-01 -5.621558427810668945e-01 -3.043852746486663818e-01 5.424008369445800781e-01 1.637837767601013184e+00 1.176873564720153809e+00 1.643270850181579590e+00 -1.731350421905517578e-01 -8.055803179740905762e-01 -2.435098439455032349e-01
-7.319487333297729492e-01 1.139963388442993164e+00 1.322281718254089355e+00 -1.025202155113220215e+00 2.082520723342895508e+00 -1.015914201736450195e+00 -1.153677344322204590e+00 -1.159187197685241699e+00 1.717725872993469238e+00 -6.040286421775817871e-01 -5.773699283599853516e-01 -5.728384256362915039e-01 -2.098134160041809082e-01 4.747486412525177002e-01 1.698150038719177246e+00 1.158366560935974121e+00 1.621864080429077148e+00 -1.762703359127044678e-01 -7.683851718902587891e-01 -3.031614422798156738e-01
-6.644337177276611328e-01 1.105009078979492188e+00 1.375121951103210449e+00 -1.068201303482055664e+00 2.175617456436157227e+00 -1.073839187622070312e+00 -1.075316190719604492e+00 -1.244714498519897461e+00 1.763938784599304199e+00 -5.408661961555480957e-01 -6.495954394340515137e-01 -6.185674071311950684e-01 -1.548290848731994629e-01 4.089963734149932861e-01 1.751886367797851562e+00 1.117787599563598633e+00 1.625625014305114746e+00 -1.935044229030609131e-01 -7.756032943725585938e-01 -3.539510369300842285e-01
-6.230671405792236328e-01 1.077704668045043945e+00 1.395905494689941406e+00 -1.151122808456420898e+00 2.169754505157470703e+00 -1.113934278488159180e+00 -9.989322423934936523e-01 -1.354480147361755371e+00 1.734598517417907715e+00 -4.194669127464294434e-01 -7.348831892013549805e-01 -6.893039345741271973e-01 -1.413222402334213257e-01 3.545453846454620361e-01 1.782765746116638184e+00 1.046351790428161621e+00 1.641149163246154785e+00 -2.175931632518768311e-01 -8.211814165115356445e-01 -3.902068138122558594e-01
-6.288769245147705078e-01 1.046514749526977539e+00 1.396604180335998535e+00 -1.250213980674743652e+00 2.056279659271240234e+00 -1.118148207664489746e+00 -9.353637695312500000e-01 -1.485476016998291016e+00 1.632696628570556641e+00 -2.452210485935211182e-01 -8.394636511802673340e-01 -8.038260340690612793e-01 -1.930336505174636841e-01 3.185897469520568848e-01 1.770042538642883301e+00 9.484285712242126465e-01 1.678453683853149414e+00 -2.355378568172454834e-01 -9.311679005622863770e-01 -4.007708430290222168e-01
-7.025645971298217773e-01 1.013016581535339355e+00 1.402336359024047852e+00 -1.358897924423217773e+00 1.852615356445312500e+00 -1.094941616058349609e+00 -8.858188390731811523e-01 -1.637485027313232422e+00 1.496144175529479980e+00 -5.273715406656265259e-02 -9.559020400047302246e-01 -9.621011018753051758e-01 -3.103179037570953369e-01 3.079003691673278809e-01 1.730516314506530762e+00 8.539703488349914551e-01 1.745233416557312012e+00 -2.472177892923355103e-01 -1.114023923873901367e+00 -3.814665079116821289e-01
-8.161625862121582031e-01 9.859182238578796387e-01 1.397959232330322266e+00 -1.436453342437744141e+00 1.636867165565490723e+00 -1.083636283874511719e+00 -8.221601843833923340e-01 -1.779325246810913086e+00 1.377447366714477539e+00 7.766325026750564575e-02 -1.075320839881896973e+00 -1.105728387832641602e+00 -4.321636855602264404e-01 3.521297276020050049e-01 1.696581244468688965e+00 7.778778076171875000e-01 1.833810925483703613e+00 -2.642533183097839355e-01 -1.272284150123596191e+00 -3.396779298782348633e-01
-9.002015590667724609e-01 9.838646650314331055e-01 1.385062456130981445e+00 -1.457845091819763184e+00 1.457128047943115234e+00 -1.096726894378662109e+00 -7.932887077331542969e-01 -1.892213344573974609e+00 1.271942138671875000e+00 1.836747229099273682e-01 -1.145572662353515625e+00 -1.218710541725158691e+00 -5.218997597694396973e-01 3.807465732097625732e-01 1.653022766113281250e+00 7.396466135978698730e-01 1.894009590148925781e+00 -2.826517522335052490e-01 -1.386693000793457031e+00 -3.189000487327575684e-01
-9.550130367279052734e-01 1.018385052680969238e+00 1.420511841773986816e+00 -1.441205859184265137e+00 1.326303362846374512e+00 -1.121382117271423340e+00 -8.031303286552429199e-01 -1.965278148651123047e+00 1.204054117202758789e+00 2.391858398914337158e-01 -1.165017008781433105e+00 -1.297961950302124023e+00 -6.054217219352722168e-01 3.871029019355773926e-01 1.610817909240722656e+00 7.340973615646362305e-01 1.934559583663940430e+00 -2.740844190120697021e-01 -1.499367713928222656e+00 -3.053400516510009766e-01
-9.694329500198364258e-01 1.047910690307617188e+00 1.452432632446289062e+00 -1.400139927864074707e+00 1.260489583015441895e+00 -1.128600835800170898e+00 -8.205341696739196777e-01 -1.984997630119323730e+00 1.179343819618225098e+00 2.532293498516082764e-01 -1.154551744461059570e+00 -1.343008041381835938e+00 -6.545659899711608887e-01 3.858025372028350830e-01 1.566778659820556641e+00 7.351105213165283203e-01 1.958776235580444336e+00 -2.498979717493057251e-01 -1.568929076194763184e+00 -2.879485487937927246e-01
-9.769327640533447266e-01 1.053792834281921387e+00 1.468365192413330078e+00 -1.320951819419860840e+00 1.249263882637023926e+00 -1.112414717674255371e+00 -8.482132554054260254e-01 -1.976172685623168945e+00 1.173520684242248535e+00 2.341241538524627686e-01 -1.128873109817504883e+00 -1.370913028717041016e+00 -6.750120520591735840e-01 3.728240132331848145e-01 1.541214346885681152e+00 7.491534352302551270e-01 1.968989968299865723e+00 -2.211288064718246460e-01 -1.598962664604187012e+00 -2.481174618005752563e-01
-9.553829431533813477e-01 1.054552078247070312e+00 1.442613601684570312e+00 -1.215922951698303223e+00 1.264620304107666016e+00 -1.080113291740417480e+00 -8.811072707176208496e-01 -1.927465915679931641e+00 1.183979392051696777e+00 1.897327601909637451e-01 -1.070393323898315430e+00 -1.368993759155273438e+00 -6.730029582977294922e-01 3.441117107868194580e-01 1.510752439498901367e+00 7.629393935203552246e-01 1.953350543975830078e+00 -2.071428149938583374e-01 -1.576009988784790039e+00 -1.997757107019424438e-01
-8.902131319046020508e-01 1.064699172973632812e+00 1.395919919013977051e+00 -1.117344498634338379e+00 1.336823225021362305e+00 -1.052978038787841797e+00 -9.094420075416564941e-01 -1.821326732635498047e+00 1.244163870811462402e+00 1.248003169894218445e-01 -9.780621528625488281e-01 -1.338857650756835938e+00 -6.383377313613891602e-01 2.856644988059997559e-01 1.494508385658264160e+00 7.894030809402465820e-01 1.926409959793090820e+00 -2.267975062131881714e-01 -1.503873348236083984e+00 -1.732846796512603760e-01
-7.724405527114868164e-01 1.099499702453613281e+00 1.301717758178710938e+00 -1.009391427040100098e+00 1.440410017967224121e+00 -1.018246293067932129e+00 -9.256324172019958496e-01 -1.653358817100524902e+00 1.333042979240417480e+00 2.793734520673751831e-02 -8.439210653305053711e-01 -1.255650401115417480e+00 -5.606185197830200195e-01 1.874082684516906738e-01 1.467970252037048340e+00 7.969640493392944336e-01 1.840240716934204102e+00 -2.741776704788208008e-01 -1.361660718917846680e+00 -1.731108725070953369e-01
-6.327896118164062500e-01 1.183137655258178711e+00 1.198519349098205566e+00 -8.834902644157409668e-01 1.644746780395507812e+00 -1.069534659385681152e+00 -9.655079841613769531e-01 -1.456082463264465332e+00 1.481072306632995605e+00 -1.254747062921524048e-01 -6.693069934844970703e-01 -1.090116143226623535e+00 -3.630515336990356445e-01 1.045843958854675293e-01 1.509352326393127441e+00 8.529428243637084961e-01 1.694122552871704102e+00 -3.645232915878295898e-01 -1.094092369079589844e+00 -2.261870056390762329e-01
-5.292843580245971680e-01 1.357502818107604980e+00 1.264806985855102539e+00 -8.326084613800048828e-01 1.836874723434448242e+00 -1.180814504623413086e+00 -1.039434313774108887e+00 -1.317441940307617188e+00 1.675861597061157227e+00 -3.209421634674072266e-01 -5.009941458702087402e-01 -8.523159623146057129e-01 -2.451356500387191772e-01 6.555177271366119385e-02 1.534138917922973633e+00 9.552384018898010254e-01 1.520952939987182617e+00 -4.216166734695434570e-01 -9.287321567535400391e-01 -3.667106032371520996e-01
-4.741727709770202637e-01 1.502695918083190918e+00 1.395762801170349121e+00 -9.300479888916015625e-01 1.968562126159667969e+00 -1.267413139343261719e+00 -1.094724655151367188e+00 -1.236501574516296387e+00 1.828238844871520996e+00 -4.880665540695190430e-01 -4.533574283123016357e-01 -6.401646733283996582e-01 -2.119416743516921997e-01 3.230741992592811584e-02 1.616085767745971680e+00 1.034461975097656250e+00 1.388132810592651367e+00 -4.219079017639160156e-01 -8.637893795967102051e-01 -4.919172525405883789e-01
-4.862199723720550537e-01 1.585732936859130859e+00 1.532946228981018066e+00 -1.072502136230468750e+00 1.979882121086120605e+00 -1.307561397552490234e+00 -1.115532279014587402e+00 -1.184324264526367188e+00 1.865536451339721680e+00 -5.565661787986755371e-01 -4.501862227916717529e-01 -4.905018508434295654e-01 -2.419333010911941528e-01 2.388416230678558350e-02 1.709846973419189453e+00 1.080270648002624512e+00 1.278101682662963867e+00 -4.119350314140319824e-01 -8.647754192352294922e-01 -5.864943861961364746e-01
-4.915355741977691650e-01 1.632348060607910156e+00 1.619813323020935059e+00 -1.197838783264160156e+00 1.904293060302734375e+00 -1.314376711845397949e+00 -1.074669361114501953e+00 -1.155914068222045898e+00 1.836147785186767578e+00 -5.491966009140014648e-01 -4.513921737670898438e-01 -4.193363189697265625e-01 -2.931758463382720947e-01 8.154138922691345215e-03 1.752921462059020996e+00 1.077209830284118652e+00 1.209839463233947754e+00 -4.069430232048034668e-01 -8.903983235359191895e-01 -6.633211374282836914e-01
-5.313427448272705078e-01 1.643882036209106445e+00 1.666761755943298340e+00 -1.293148875236511230e+00 1.774761795997619629e+00 -1.301161885261535645e+00 -1.039322137832641602e+00 -1.171761989593505859e+00 1.777640581130981445e+00 -4.898930490016937256e-01 -4.750321507453918457e-01 -4.502984285354614258e-01 -3.634014427661895752e-01 -1.696556061506271362e-02 1.763880610466003418e+00 1.040328264236450195e+00 1.208143353462219238e+00 -3.935382366180419922e-01 -9.715956449508666992e-01 -6.631675362586975098e-01
-5.654816627502441406e-01 1.607264280319213867e+00 1.684959292411804199e+00 -1.359783291816711426e+00 1.617186307907104492e+00 -1.277348279953002930e+00 -9.873301386833190918e-01 -1.210678339004516602e+00 1.686243891716003418e+00 -3.800562918186187744e-01 -5.119412541389465332e-01 -5.429903268814086914e-01 -4.480538070201873779e-01 -4.559678584337234497e-02 1.746147036552429199e+00 9.764294624328613281e-01 1.241703152656555176e+00 -3.714609444141387939e-01 -1.080553650856018066e+00 -6.184497475624084473e-01
-6.017208099365234375e-01 1.532164216041564941e+00 1.716567397117614746e+00 -1.432119131088256836e+00 1.462604045867919922e+00 -1.254277944564819336e+00 -9.358354806900024414e-01 -1.292340993881225586e+00 1.593791842460632324e+00 -2.193914353847503662e-01 -5.838612914085388184e-01 -7.067834734916687012e-01 -5.352967977523803711e-01 -7.003836333751678467e-02 1.731562614440917969e+00 9.203833937644958496e-01 1.331768274307250977e+00 -3.420604169368743896e-01 -1.245174169540405273e+00 -5.483916997909545898e-01
-6.706005334854125977e-01 1.382815480232238770e+00 1.792526721954345703e+00 -1.461071610450744629e+00 1.372209191322326660e+00 -1.243105292320251465e+00 -8.632099628448486328e-01 -1.437886953353881836e+00 1.535100698471069336e+00 -4.700518399477005005e-02 -7.476525902748107910e-01 -9.773574471473693848e-01 -5.845579504966735840e-01 -1.083318889141082764e-01 1.788106679916381836e+00 8.992508053779602051e-01 1.496179938316345215e+00 -3.017227649688720703e-01 -1.466531991958618164e+00 -4.402235150337219238e-01
-7.408944368362426758e-01 1.078480243682861328e+00 1.933611750602722168e+00 -1.392290353775024414e+00 1.370148658752441406e+00 -1.235498428344726562e+00 -7.137892842292785645e-01 -1.639550566673278809e+00 1.512425661087036133e+00 1.429814994335174561e-01 -1.009275674819946289e+00 -1.416214346885681152e+00 -5.423489212989807129e-01 -2.056585848331451416e-01 1.917518377304077148e+00 8.998456597328186035e-01 1.743518948554992676e+00 -2.143980115652084351e-01 -1.706514120101928711e+00 -2.724477052688598633e-01
-7.614623308181762695e-01 7.407774329185485840e-01 1.987979769706726074e+00 -1.172081828117370605e+00 1.469481229782104492e+00 -1.207540392875671387e+00 -5.987148880958557129e-01 -1.691859722137451172e+00 1.535040497779846191e+00 1.758598089218139648e-01 -1.165269970893859863e+00 -1.669471025466918945e+00 -4.039521217346191406e-01 -2.504693865776062012e-01 1.951211929321289062e+00 9.102792143821716309e-01 1.837461829185485840e+00 -1.106990277767181396e-01 -1.713200449943542480e+00 -7.418297231197357178e-02
-7.731301784515380859e-01 5.766777992248535156e-01 1.968402266502380371e+00 -9.530628323554992676e-01 1.566768646240234375e+00 -1.168387055397033691e+00 -5.750516653060913086e-01 -1.650833249092102051e+00 1.541066050529479980e+00 1.000951156020164490e-01 -1.213338613510131836e+00 -1.685592651367187500e+00 -2.854512929916381836e-01 -2.789489626884460449e-01 1.946258068084716797e+00 9.347380399703979492e-01 1.775747776031494141e+00 -6.546922028064727783e-02 -1.598192691802978516e+00 1.110509224236011505e-02
-8.131300210952758789e-01 5.432084202766418457e-01 1.954154610633850098e+00 -8.370904922485351562e-01 1.691053509712219238e+00 -1.167822003364562988e+00 -5.696728229522705078e-01 -1.657598972320556641e+00 1.602690339088439941e+00 -4.086598753929138184e-03 -1.256665110588073730e+00 -1.665838956832885742e+00 -1.855607330799102783e-01 -2.795774340629577637e-01 2.015491247177124023e+00 9.691604375839233398e-01 1.743229150772094727e+00 -7.500340044498443604e-02 -1.497076988220214844e+00 3.218514844775199890e-02
-8.292802572250366211e-01 5.239591002464294434e-01 1.934662580490112305e+00 -7.725707888603210449e-01 1.787119150161743164e+00 -1.180528759956359863e+00 -5.540990233421325684e-01 -1.670533895492553711e+00 1.653284549713134766e+00 -7.199463248252868652e-02 -1.268443822860717773e+00 -1.639332294464111328e+00 -9.538175165653228760e-02 -2.712493240833282471e-01 2.064549207687377930e+00 9.940596222877502441e-01 1.719272136688232422e+00 -9.248147904872894287e-02 -1.407615184783935547e+00 3.160141408443450928e-02
-8.420736789703369141e-01 5.252464413642883301e-01 1.923632264137268066e+00 -7.564073801040649414e-01 1.866214990615844727e+00 -1.207035303115844727e+00 -5.334627628326416016e-01 -1.702078342437744141e+00 1.700480818748474121e+00 -1.118873804807662964e-01 -1.271074175834655762e+00 -1.617098093032836914e+00 -2.857050672173500061e-02 -2.539823949337005615e-01 2.109136104583740234e+00 1.022452950477600098e+00 1.720642209053039551e+00 -1.160935461521148682e-01 -1.344998836517333984e+00 3.778757527470588684e-03
-8.481608629226684570e-01 5.278422236442565918e-01 1.902007699012756348e+00 -7.643191218376159668e-01 1.920914411544799805e+00 -1.236308336257934570e+00 -5.020953416824340820e-01 -1.745107531547546387e+00 1.735175251960754395e+00 -1.314485967159271240e-01 -1.265495538711547852e+00 -1.596850633621215820e+00 3.093181177973747253e-02 -2.293641567230224609e-01 2.134730100631713867e+00 1.036204814910888672e+00 1.725194096565246582e+00 -1.421345770359039307e-01 -1.287159323692321777e+00 -2.685176208615303040e-02
-8.552273511886596680e-01 5.310789346694946289e-01 1.860546588897705078e+00 -7.924844026565551758e-01 1.950271964073181152e+00 -1.260251402854919434e+00 -4.610244035720825195e-01 -1.793238759040832520e+00 1.750396847724914551e+00 -1.420409083366394043e-01 -1.252810001373291016e+00 -1.567796349525451660e+00 7.952904701232910156e-02 -1.861111223697662354e-01 2.135177373886108398e+00 1.039127945899963379e+00 1.730895161628723145e+00 -1.664192229509353638e-01 -1.228285551071166992e+00 -5.904589593410491943e-02
-8.685902357101440430e-01 5.516863465309143066e-01 1.799137353897094727e+00 -8.401703238487243652e-01 1.964723825454711914e+00 -1.280887246131896973e+00 -4.189130067825317383e-01 -1.851189494132995605e+00 1.743894696235656738e+00 -1.523329019546508789e-01 -1.235609650611877441e+00 -1.519410729408264160e+00 1.101538836956024170e-01 -1.187089234590530396e-01 2.114850997924804688e+00 1.030101776123046875e+00 1.734149813652038574e+00 -1.974125355482101440e-01 -1.168107628822326660e+00 -9.416636824607849121e-02
-8.783656358718872070e-01 5.807886123657226562e-01 1.698230504989624023e+00 -8.903691768646240234e-01 1.937548160552978516e+00 -1.285680294036865234e+00 -3.708378076553344727e-01 -1.896276116371154785e+00 1.696437120437622070e+00 -1.587812006473541260e-01 -1.201047420501708984e+00 -1.438116073608398438e+00 1.213361620903015137e-01 -2.753120660781860352e-02 2.048110723495483398e+00 9.964968562126159668e-01 1.715651988983154297e+00 -2.343539893627166748e-01 -1.093619227409362793e+00 -1.349070370197296143e-01
-9.050198793411254883e-01 6.411656141281127930e-01 1.571695566177368164e+00 -9.471479058265686035e-01 1.859699368476867676e+00 -1.273000001907348633e+00 -3.285935521125793457e-01 -1.925321340560913086e+00 1.612236976623535156e+00 -1.741929054260253906e-01 -1.151257157325744629e+00 -1.324024319648742676e+00 9.919838607311248779e-02 8.059518784284591675e-02 1.954525351524353027e+00 9.561730027198791504e-01 1.680166602134704590e+00 -2.771485447883605957e-01 -1.017277479171752930e+00 -1.938848793506622314e-01
-9.566924571990966797e-01 7.790417075157165527e-01 1.464586138725280762e+00 -1.034177422523498535e+00 1.757968664169311523e+00 -1.267044544219970703e+00 -3.492423892021179199e-01 -1.953382134437561035e+00 1.517835855484008789e+00 -2.026126980781555176e-01 -1.084947228431701660e+00 -1.197573065757751465e+00 4.050379619002342224e-02 1.872683763504028320e-01 1.885874629020690918e+00 9.357752203941345215e-01 1.655741930007934570e+00 -3.269226551055908203e-01 -9.609423875808715820e-01 -2.758222222328186035e-01
-1.021160244941711426e+00 9.326713681221008301e-01 1.411411285400390625e+00 -1.120783567428588867e+00 1.698561310768127441e+00 -1.276440143585205078e+00 -3.962222933769226074e-01 -1.972400426864624023e+00 1.468257427215576172e+00 -2.671405971050262451e-01 -1.045477509498596191e+00 -1.078097581863403320e+00 -2.802698686718940735e-02 3.006433248519897461e-01 1.840753316879272461e+00 9.258504509925842285e-01 1.649259328842163086e+00 -3.674234449863433838e-01 -9.274997115135192871e-01 -3.432343006134033203e-01
-1.131807088851928711e+00 1.083669662475585938e+00 1.392310023307800293e+00 -1.196717500686645508e+00 1.687340140342712402e+00 -1.287654280662536621e+00 -4.590174555778503418e-01 -1.991730093955993652e+00 1.456573963165283203e+00 -3.919598162174224854e-01 -1.044600129127502441e+00 -9.629266858100891113e-01 -9.755462408065795898e-02 4.474693238735198975e-01 1.820421576499938965e+00 9.455218315124511719e-01 1.670385837554931641e+00 -3.902858495712280273e-01 -9.076853394508361816e-01 -3.836510181427001953e-01
-1.242260694503784180e+00 1.235816836357116699e+00 1.348839044570922852e+00 -1.247042179107666016e+00 1.692884564399719238e+00 -1.291457772254943848e+00 -4.855956435203552246e-01 -1.992637753486633301e+00 1.447706341743469238e+00 -5.712525844573974609e-01 -1.054651975631713867e+00 -8.131765723228454590e-01 -1.605208367109298706e-01 6.113425493240356445e-01 1.775750637054443359e+00 9.531720876693725586e-01 1.671563506126403809e+00 -4.176577031612396240e-01 -8.547793626785278320e-01 -4.327240586280822754e-01
-1.334847092628479004e+00 1.466419935226440430e+00 1.336293697357177734e+00 -1.347080945968627930e+00 1.775424003601074219e+00 -1.321829557418823242e+00 -5.222491025924682617e-01 -1.962954401969909668e+00 1.530362606048583984e+00 -8.462577462196350098e-01 -1.051867127418518066e+00 -5.722088813781738281e-01 -2.089204937219619751e-01 7.843326330184936523e-01 1.757439613342285156e+00 1.039445161819458008e+00 1.647288799285888672e+00 -4.694354832172393799e-01 -7.809693813323974609e-01 -5.713893771171569824e-01
-1.371580600738525391e+00 1.700421333312988281e+00 1.349918246269226074e+00 -1.428070068359375000e+00 1.901746153831481934e+00 -1.325903773307800293e+00 -5.727194547653198242e-01 -1.894235253334045410e+00 1.681666851043701172e+00 -1.127301931381225586e+00 -1.021661043167114258e+00 -3.562279045581817627e-01 -2.361305207014083862e-01 8.733688592910766602e-01 1.765221118927001953e+00 1.159570097923278809e+00 1.626783728599548340e+00 -5.136129260063171387e-01 -7.376118302345275879e-01 -7.262201905250549316e-01
-1.389338016510009766e+00 1.851221203804016113e+00 1.392762660980224609e+00 -1.449043393135070801e+00 1.977712035179138184e+00 -1.359900355339050293e+00 -6.265441179275512695e-01 -1.875075340270996094e+00 1.859317302703857422e+00 -1.263570427894592285e+00 -1.024367570877075195e+00 -3.156217336654663086e-01 -2.232698053121566772e-01 8.493325710296630859e-01 1.798755526542663574e+00 1.244481086730957031e+00 1.648413777351379395e+00 -5.189566016197204590e-01 -7.634066343307495117e-01 -7.796051502227783203e-01
-1.330313801765441895e+00 1.879379987716674805e+00 1.426993846893310547e+00 -1.406178832054138184e+00 2.008497238159179688e+00 -1.362469792366027832e+00 -6.372129917144775391e-01 -1.793909311294555664e+00 1.961418271064758301e+00 -1.314696192741394043e+00 -1.008447289466857910e+00 -3.009222745895385742e-01 -1.936232745647430420e-01 7.546443939208984375e-01 1.820465326309204102e+00 1.280524134635925293e+00 1.600554704666137695e+00 -5.063567757606506348e-01 -7.703596949577331543e-01 -7.860834002494812012e-01
-1.253572463989257812e+00 1.859331607818603516e+00 1.448792695999145508e+00 -1.351430416107177734e+00 1.999471426010131836e+00 -1.366537094116210938e+00 -6.080552935600280762e-01 -1.719213724136352539e+00 2.006321668624877930e+00 -1.321498394012451172e+00 -9.829145073890686035e-01 -2.970861494541168213e-01 -1.581688821315765381e-01 6.526522636413574219e-01 1.828827261924743652e+00 1.286509990692138672e+00 1.530209898948669434e+00 -5.005688071250915527e-01 -7.624785304069519043e-01 -7.824674248695373535e-01
-1.179867506027221680e+00 1.811098814010620117e+00 1.479356884956359863e+00 -1.298876762390136719e+00 1.975381493568420410e+00 -1.380329608917236328e+00 -5.460355281829833984e-01 -1.666142702102661133e+00 2.018723964691162109e+00 -1.305656790733337402e+00 -9.685146808624267578e-01 -3.004691302776336670e-01 -1.116102933883666992e-01 5.606542825698852539e-01 1.842820048332214355e+00 1.275173425674438477e+00 1.453536629676818848e+00 -4.984646439552307129e-01 -7.481467127799987793e-01 -7.804958224296569824e-01
-1.113162755966186523e+00 1.741958975791931152e+00 1.538250446319580078e+00 -1.252915382385253906e+00 1.951103329658508301e+00 -1.414875745773315430e+00 -4.635306596755981445e-01 -1.634916305541992188e+00 2.015847921371459961e+00 -1.270892143249511719e+00 -9.756859540939331055e-01 -3.187530338764190674e-01 -6.605651974678039551e-02 4.752257466316223145e-01 1.877045392990112305e+00 1.246480703353881836e+00 1.378304600715637207e+00 -5.011323690414428711e-01 -7.436785101890563965e-01 -7.743490338325500488e-01
-1.045979261398315430e+00 1.650148749351501465e+00 1.597021222114562988e+00 -1.189950585365295410e+00 1.914257168769836426e+00 -1.455279111862182617e+00 -3.552120923995971680e-01 -1.613665103912353516e+00 1.988348007202148438e+00 -1.212038636207580566e+00 -9.996428489685058594e-01 -3.536734580993652344e-01 -2.000267431139945984e-02 3.880994021892547607e-01 1.919744014739990234e+00 1.198451519012451172e+00 1.301301836967468262e+00 -5.108219981193542480e-01 -7.409893274307250977e-01 -7.637830376625061035e-01
-9.748754501342773438e-01 1.519684195518493652e+00 1.657085537910461426e+00 -1.103880167007446289e+00 1.869734287261962891e+00 -1.488816976547241211e+00 -2.223704904317855835e-01 -1.597886919975280762e+00 1.926274061203002930e+00 -1.119526743888854980e+00 -1.024237751960754395e+00 -4.196340143680572510e-01 4.257266968488693237e-02 2.776255607604980469e-01 1.976144909858703613e+00 1.133725285530090332e+00 1.214730143547058105e+00 -5.242489576339721680e-01 -7.326140403747558594e-01 -7.483008503913879395e-01
-8.742318153381347656e-01 1.306885600090026855e+00 1.720410704612731934e+00 -9.507919549942016602e-01 1.850434780120849609e+00 -1.519688487052917480e+00 -1.028853878378868103e-01 -1.566125631332397461e+00 1.855674147605895996e+00 -9.760751128196716309e-01 -1.033068299293518066e+00 -5.305463671684265137e-01 1.288258135318756104e-01 1.403019130229949951e-01 2.033176183700561523e+00 1.064029812812805176e+00 1.129550695419311523e+00 -5.208395719528198242e-01 -7.175419330596923828e-01 -6.876623630523681641e-01
-7.557693719863891602e-01 1.034540772438049316e+00 1.857114553451538086e+00 -7.565140128135681152e-01 1.964315891265869141e+00 -1.590264916419982910e+00 -6.342906504869461060e-02 -1.616168737411499023e+00 1.882578015327453613e+00 -7.356910109519958496e-01 -1.089994192123413086e+00 -8.229688405990600586e-01 2.579085230827331543e-01 -8.517394959926605225e-02 2.154703855514526367e+00 1.003550767898559570e+00 1.154664397239685059e+00 -4.670980870723724365e-01 -7.703103423118591309e-01 -5.397740006446838379e-01
-7.610912322998046875e-01 8.213301301002502441e-01 2.057952165603637695e+00 -6.592487692832946777e-01 2.223848819732666016e+00 -1.624465227127075195e+00 -2.311577796936035156e-01 -1.692259073257446289e+00 1.957444906234741211e+00 -5.602077841758728027e-01 -1.196528196334838867e+00 -1.124397397041320801e+00 3.282993137836456299e-01 -2.061461508274078369e-01 2.339881658554077148e+00 1.072939276695251465e+00 1.312081456184387207e+00 -3.520447313785552979e-01 -9.108629226684570312e-01 -3.205471634864807129e-01
-8.081618547439575195e-01 6.721257567405700684e-01 2.143694877624511719e+00 -6.198672652244567871e-01 2.364249467849731445e+00 -1.568764686584472656e+00 -4.532180428504943848e-01 -1.748607635498046875e+00 1.995274543762207031e+00 -4.081839025020599365e-01 -1.230117797851562500e+00 -1.374251008033752441e+00 3.204261660575866699e-01 -2.974593341350555420e-01 2.445096492767333984e+00 1.169713258743286133e+00 1.485916972160339355e+00 -2.617033123970031738e-01 -1.056853055953979492e+00 -1.101008057594299316e-01
-8.478772640228271484e-01 6.173806786537170410e-01 2.163112401962280273e+00 -6.175909638404846191e-01 2.378492593765258789e+00 -1.462909102439880371e+00 -6.907759904861450195e-01 -1.722523927688598633e+00 1.993253707885742188e+00 -2.956250309944152832e-01 -1.200425028800964355e+00 -1.520922541618347168e+00 2.205535620450973511e-01 -3.598025143146514893e-01 2.469555616378784180e+00 1.239730596542358398e+00 1.615968942642211914e+00 -1.638479530811309814e-01 -1.180358052253723145e+00 2.813195064663887024e-02
-8.548954725265502930e-01 5.869343876838684082e-01 2.113030195236206055e+00 -6.393331289291381836e-01 2.282843351364135742e+00 -1.330852270126342773e+00 -8.677230477333068848e-01 -1.647737026214599609e+00 1.931030392646789551e+00 -1.999712586402893066e-01 -1.123114109039306641e+00 -1.587893366813659668e+00 8.675155043601989746e-02 -3.887708783149719238e-01 2.422519922256469727e+00 1.264469146728515625e+00 1.695405244827270508e+00 -8.246798068284988403e-02 -1.271743774414062500e+00 1.250938177108764648e-01
-8.497279882431030273e-01 6.189119815826416016e-01 2.036952257156372070e+00 -6.994642019271850586e-01 2.152209520339965820e+00 -1.190056681632995605e+00 -1.046630740165710449e+00 -1.543422579765319824e+00 1.876374006271362305e+00 -1.391687989234924316e-01 -1.004721760749816895e+00 -1.610577106475830078e+00 -9.615972638130187988e-02 -3.885462582111358643e-01 2.330573081970214844e+00 1.286746978759765625e+00 1.774444341659545898e+00 -2.459206804633140564e-02 -1.373484015464782715e+00 1.849853992462158203e-01
-8.524670600891113281e-01 7.115825414657592773e-01 1.955613851547241211e+00 -8.140001893043518066e-01 1.971371054649353027e+00 -1.037310004234313965e+00 -1.224152326583862305e+00 -1.428689718246459961e+00 1.803853988647460938e+00 -8.565492182970046997e-02 -8.837922215461730957e-01 -1.603378653526306152e+00 -3.256915509700775146e-01 -3.649554550647735596e-01 2.209859609603881836e+00 1.285852670669555664e+00 1.854141831398010254e+00 2.302675321698188782e-02 -1.505622982978820801e+00 1.951398402452468872e-01
-8.479927778244018555e-01 9.037148952484130859e-01 1.867869973182678223e+00 -9.804277420043945312e-01 1.804673671722412109e+00 -9.342074990272521973e-01 -1.374241828918457031e+00 -1.367265820503234863e+00 1.736244916915893555e+00 -3.644979745149612427e-02 -7.732201814651489258e-01 -1.553826093673706055e+00 -5.544672012329101562e-01 -3.254945278167724609e-01 2.094018220901489258e+00 1.253907918930053711e+00 1.918097257614135742e+00 1.865938305854797363e-03 -1.634768605232238770e+00 1.240506470203399658e-01
-8.525568246841430664e-01 1.141613364219665527e+00 1.762249708175659180e+00 -1.153290152549743652e+00 1.584622859954833984e+00 -8.426816463470458984e-01 -1.484487056732177734e+00 -1.284699797630310059e+00 1.652640938758850098e+00 -2.280948311090469360e-02 -6.808474063873291016e-01 -1.444984197616577148e+00 -7.870048880577087402e-01 -2.395834326744079590e-01 1.958475708961486816e+00 1.191930055618286133e+00 1.951671361923217773e+00 -4.067611321806907654e-02 -1.727151989936828613e+00 2.763612195849418640e-03
-8.446141481399536133e-01 1.326126694679260254e+00 1.675970315933227539e+00 -1.313159108161926270e+00 1.369509696960449219e+00 -7.743209600448608398e-01 -1.496911048889160156e+00 -1.200337171554565430e+00 1.559384465217590332e+00 -3.394927084445953369e-02 -6.441416144371032715e-01 -1.284832715988159180e+00 -9.833429455757141113e-01 -1.383577287197113037e-01 1.809035420417785645e+00 1.131014823913574219e+00 1.944738388061523438e+00 -8.142331242561340332e-02 -1.782775402069091797e+00 -1.707343757152557373e-01
-9.109107255935668945e-01 1.559679627418518066e+00 1.654366731643676758e+00 -1.520012497901916504e+00 1.214371442794799805e+00 -7.963423132896423340e-01 -1.461275100708007812e+00 -1.226297020912170410e+00 1.512872457504272461e+00 -1.255843937397003174e-01 -6.239829659461975098e-01 -1.107343673706054688e+00 -1.108157277107238770e+00 -2.454311400651931763e-02 1.728390693664550781e+00 1.109008431434631348e+00 1.903513073921203613e+00 -1.183208823204040527e-01 -1.788216710090637207e+00 -3.659824728965759277e-01
-1.014507174491882324e+00 1.726130723953247070e+00 1.676850676536560059e+00 -1.676311969757080078e+00 1.131996631622314453e+00 -8.623203039169311523e-01 -1.425072193145751953e+00 -1.304294347763061523e+00 1.473699569702148438e+00 -2.123269736766815186e-01 -6.368229985237121582e-01 -9.649353623390197754e-01 -1.134303450584411621e+00 6.990193575620651245e-02 1.717532157897949219e+00 1.122975826263427734e+00 1.831451535224914551e+00 -1.409956365823745728e-01 -1.753416657447814941e+00 -5.070902705192565918e-01
-1.067229390144348145e+00 1.837057948112487793e+00 1.701172351837158203e+00 -1.761012792587280273e+00 1.062351703643798828e+00 -9.331913590431213379e-01 -1.367409229278564453e+00 -1.354438185691833496e+00 1.433544874191284180e+00 -2.634451091289520264e-01 -6.503770351409912109e-01 -8.546972274780273438e-01 -1.125120162963867188e+00 1.253750324249267578e-01 1.699635624885559082e+00 1.100373387336730957e+00 1.737409949302673340e+00 -1.734009683132171631e-01 -1.710224270820617676e+00 -6.066786050796508789e-01
-1.086861371994018555e+00 1.906153082847595215e+00 1.724861383438110352e+00 -1.787325739860534668e+00 1.021342515945434570e+00 -9.981876611709594727e-01 -1.313941836357116699e+00 -1.388909220695495605e+00 1.420718550682067871e+00 -2.919839620590209961e-01 -6.612780094146728516e-01 -7.967290878295898438e-01 -1.102499604225158691e+00 1.399791240692138672e-01 1.686192512512207031e+00 1.075611710548400879e+00 1.666754961013793945e+00 -2.041460275650024414e-01 -1.678323507308959961e+00 -6.698018312454223633e-01
-1.085487246513366699e+00 1.934517025947570801e+00 1.725927352905273438e+00 -1.772845149040222168e+00 9.805782437324523926e-01 -1.044898271560668945e+00 -1.265014052391052246e+00 -1.399665951728820801e+00 1.406080722808837891e+00 -2.983182966709136963e-01 -6.628826260566711426e-01 -7.626281380653381348e-01 -1.070165634155273438e+00 1.438626945018768311e-01 1.663900256156921387e+00 1.044176578521728516e+00 1.605117321014404297e+00 -2.276475727558135986e-01 -1.638008356094360352e+00 -7.028191089630126953e-01
-1.061831712722778320e+00 1.935842990875244141e+00 1.707919359207153320e+00 -1.738188982009887695e+00 9.423633813858032227e-01 -1.078957796096801758e+00 -1.217341303825378418e+00 -1.385211586952209473e+00 1.384694695472717285e+00 -2.914614379405975342e-01 -6.539735794067382812e-01 -7.311098575592041016e-01 -1.028363347053527832e+00 1.493787765502929688e-01 1.631761550903320312e+00 1.005696654319763184e+00 1.543878436088562012e+00 -2.457120865583419800e-01 -1.583717226982116699e+00 -7.163196802139282227e-01
-1.029132843017578125e+00 1.931030154228210449e+00 1.689924240112304688e+00 -1.705425143241882324e+00 9.258785247802734375e-01 -1.112859725952148438e+00 -1.174847960472106934e+00 -1.359410881996154785e+00 1.368405222892761230e+00 -2.902168333530426025e-01 -6.348893642425537109e-01 -6.900086998939514160e-01 -9.774786829948425293e-01 1.712336093187332153e-01 1.607820630073547363e+00 9.695523381233215332e-01 1.487343430519104004e+00 -2.682254016399383545e-01 -1.521956682205200195e+00 -7.166125774383544922e-01
-9.606395959854125977e-01 1.930817365646362305e+00 1.679747819900512695e+00 -1.668533682823181152e+00 9.538734555244445801e-01 -1.165861964225769043e+00 -1.135520577430725098e+00 -1.320189833641052246e+00 1.382107973098754883e+00 -2.959634065628051758e-01 -5.940303206443786621e-01 -6.401676535606384277e-01 -9.014011621475219727e-01 1.871490925550460815e-01 1.594770073890686035e+00 9.316390156745910645e-01 1.429822325706481934e+00 -3.096216619014739990e-01 -1.443440556526184082e+00 -7.082280516624450684e-01
-8.497459888458251953e-01 1.902853846549987793e+00 1.664432644844055176e+00 -1.579088687896728516e+00 1.168104290962219238e+00 -1.296658515930175781e+00 -1.153508782386779785e+00 -1.294948101043701172e+00 1.486943125724792480e+00 -3.196833133697509766e-01 -4.976071119308471680e-01 -5.568754076957702637e-01 -6.698043942451477051e-01 2.214457094669342041e-01 1.644028782844543457e+00 9.710040688514709473e-01 1.372948765754699707e+00 -3.761894702911376953e-01 -1.265630483627319336e+00 -6.782747507095336914e-01
-7.100757360458374023e-01 1.691624999046325684e+00 1.754476785659790039e+00 -1.333065867424011230e+00 1.666266798973083496e+00 -1.530578017234802246e+00 -1.221261978149414062e+00 -1.245582699775695801e+00 1.747841954231262207e+00 -4.191979169845581055e-01 -4.262979924678802490e-01 -4.207730293273925781e-01 -1.576086133718490601e-01 3.034589290618896484e-01 1.843918323516845703e+00 1.130049467086791992e+00 1.257651090621948242e+00 -4.731312096118927002e-01 -9.478683471679687500e-01 -5.745874047279357910e-01
-6.020523309707641602e-01 1.426338672637939453e+00 1.799275040626525879e+00 -1.040083289146423340e+00 2.124886751174926758e+00 -1.641581177711486816e+00 -1.305067658424377441e+00 -1.192460060119628906e+00 1.999413132667541504e+00 -5.471315383911132812e-01 -4.451465308666229248e-01 -3.797503113746643066e-01 3.062113225460052490e-01 3.340488970279693604e-01 1.984271407127380371e+00 1.237041831016540527e+00 1.195636868476867676e+00 -5.165264010429382324e-01 -7.183957099914550781e-01 -3.726186156272888184e-01
-6.997890472412109375e-01 1.299268841743469238e+00 1.778196334838867188e+00 -8.641554713249206543e-01 2.274353504180908203e+00 -1.514848709106445312e+00 -1.353488802909851074e+00 -1.112334370613098145e+00 2.084722757339477539e+00 -7.379886507987976074e-01 -5.299217700958251953e-01 -3.782178759574890137e-01 3.800382018089294434e-01 3.320352733135223389e-01 2.037865161895751953e+00 1.334558725357055664e+00 1.195016741752624512e+00 -4.453928768634796143e-01 -6.978331804275512695e-01 -2.252395302057266235e-01
-8.175402879714965820e-01 1.293641924858093262e+00 1.723366737365722656e+00 -8.219436407089233398e-01 2.227895021438598633e+00 -1.368808031082153320e+00 -1.334337353706359863e+00 -1.053411364555358887e+00 2.059211492538452148e+00 -8.989092707633972168e-01 -5.767189264297485352e-01 -3.618477284908294678e-01 2.913965582847595215e-01 3.283060789108276367e-01 2.007584333419799805e+00 1.380720973014831543e+00 1.186511397361755371e+00 -3.706264495849609375e-01 -7.215800285339355469e-01 -1.623643636703491211e-01
-9.207782745361328125e-01 1.379610538482666016e+00 1.660800695419311523e+00 -8.658838272094726562e-01 2.112027168273925781e+00 -1.247366905212402344e+00 -1.303284525871276855e+00 -1.040927648544311523e+00 2.005640983581542969e+00 -1.013102889060974121e+00 -6.117128729820251465e-01 -3.437692224979400635e-01 1.485414057970046997e-01 3.065082430839538574e-01 1.952108860015869141e+00 1.383528947830200195e+00 1.182659626007080078e+00 -3.322835266590118408e-01 -7.707628607749938965e-01 -1.713673323392868042e-01
-9.892324209213256836e-01 1.489901304244995117e+00 1.612490057945251465e+00 -9.337524771690368652e-01 1.966632843017578125e+00 -1.141071557998657227e+00 -1.267343044281005859e+00 -1.028901815414428711e+00 1.940013527870178223e+00 -1.089289307594299316e+00 -6.390903592109680176e-01 -3.222014307975769043e-01 -7.125645875930786133e-03 2.641871869564056396e-01 1.884013056755065918e+00 1.353563308715820312e+00 1.161459565162658691e+00 -2.950330078601837158e-01 -8.313873410224914551e-01 -2.182270139455795288e-01
-1.030546188354492188e+00 1.585449099540710449e+00 1.571911334991455078e+00 -9.960374236106872559e-01 1.812680363655090332e+00 -1.061506152153015137e+00 -1.212796211242675781e+00 -1.016955375671386719e+00 1.867373943328857422e+00 -1.136265516281127930e+00 -6.680524945259094238e-01 -3.002137243747711182e-01 -1.513307690620422363e-01 2.205062508583068848e-01 1.812474966049194336e+00 1.302670717239379883e+00 1.125700592994689941e+00 -2.658919692039489746e-01 -8.825263977050781250e-01 -2.708947658538818359e-01
-1.057811260223388672e+00 1.661834597587585449e+00 1.562479496002197266e+00 -1.036823391914367676e+00 1.686216831207275391e+00 -1.005489349365234375e+00 -1.145244598388671875e+00 -1.015061736106872559e+00 1.811652779579162598e+00 -1.168131947517395020e+00 -7.088668346405029297e-01 -2.959674596786499023e-01 -2.738680243492126465e-01 1.713527143001556396e-01 1.752722859382629395e+00 1.255811095237731934e+00 1.093375563621520996e+00 -2.399208992719650269e-01 -9.356620311737060547e-01 -3.336427211761474609e-01
-1.072060108184814453e+00 1.714510440826416016e+00 1.570532441139221191e+00 -1.057540059089660645e+00 1.592039108276367188e+00 -9.707611799240112305e-01 -1.070905327796936035e+00 -1.018926858901977539e+00 1.769905447959899902e+00 -1.187963724136352539e+00 -7.553119063377380371e-01 -3.031313121318817139e-01 -3.660822212696075439e-01 1.179810091853141785e-01 1.712097167968750000e+00 1.215952634811401367e+00 1.062499642372131348e+00 -2.192389070987701416e-01 -9.806636571884155273e-01 -3.947416543960571289e-01
-1.082142114639282227e+00 1.748618483543395996e+00 1.593791007995605469e+00 -1.066249012947082520e+00 1.528511404991149902e+00 -9.563115835189819336e-01 -9.929805994033813477e-01 -1.026804208755493164e+00 1.738132834434509277e+00 -1.197847485542297363e+00 -8.053888678550720215e-01 -3.166919946670532227e-01 -4.325792789459228516e-01 6.656163930892944336e-02 1.702934265136718750e+00 1.192145109176635742e+00 1.040175199508666992e+00 -2.049107104539871216e-01 -1.018086910247802734e+00 -4.563268423080444336e-01
-1.087073922157287598e+00 1.763608098030090332e+00 1.617295026779174805e+00 -1.056711435317993164e+00 1.489442586898803711e+00 -9.639114737510681152e-01 -9.203670024871826172e-01 -1.047604084014892578e+00 1.718755006790161133e+00 -1.198782682418823242e+00 -8.503670096397399902e-01 -3.380734920501708984e-01 -4.650579690933227539e-01 2.123293653130531311e-02 1.715035080909729004e+00 1.174404263496398926e+00 1.024403572082519531e+00 -1.995475590229034424e-01 -1.038702726364135742e+00 -5.021337270736694336e-01
-1.087442040443420410e+00 1.756810188293457031e+00 1.638216972351074219e+00 -1.030030488967895508e+00 1.476595282554626465e+00 -9.915113449096679688e-01 -8.453269600868225098e-01 -1.083028554916381836e+00 1.712314248085021973e+00 -1.193950533866882324e+00 -8.940292596817016602e-01 -3.671079576015472412e-01 -4.624495506286621094e-01 -1.651767641305923462e-02 1.746499657630920410e+00 1.162065148353576660e+00 1.016189575195312500e+00 -2.037023305892944336e-01 -1.040485858917236328e+00 -5.342426300048828125e-01
-1.080290198326110840e+00 1.719124436378479004e+00 1.650308370590209961e+00 -9.872800111770629883e-01 1.491876006126403809e+00 -1.032974958419799805e+00 -7.517259716987609863e-01 -1.131999731063842773e+00 1.714996099472045898e+00 -1.185628294944763184e+00 -9.419023990631103516e-01 -4.017999172210693359e-01 -4.217046797275543213e-01 -4.434286803007125854e-02 1.790978670120239258e+00 1.151051640510559082e+00 1.013889193534851074e+00 -2.172356098890304565e-01 -1.017748475074768066e+00 -5.574199557304382324e-01
