-1.402188897132873535e+00 1.296067357063293457e+00 1.694351315498352051e+00 -1.946881651878356934e+00 1.556479930877685547e+00 -1.000395536422729492e+00 -6.635789275169372559e-01 -1.779597640037536621e+00 1.472228050231933594e+00 -5.837837457656860352e-01 -9.796655178070068359e-01 -7.559534311294555664e-01 -6.652017831802368164e-01 6.846964359283447266e-01 2.035914421081542969e+00 1.512642502784729004e+00 2.011678218841552734e+00 -2.933794260025024414e-01 -1.434258937835693359e+00 -7.261707782745361328e-01
-1.475770235061645508e+00 1.361695766448974609e+00 1.631355881690979004e+00 -1.906108379364013672e+00 1.545734763145446777e+00 -1.009259343147277832e+00 -7.266489267349243164e-01 -1.754750847816467285e+00 1.422393441200256348e+00 -6.631888151168823242e-01 -9.985383749008178711e-01 -6.265298724174499512e-01 -6.961715221405029297e-01 8.095911741256713867e-01 1.943894863128662109e+00 1.511635899543762207e+00 1.960781455039978027e+00 -3.002856075763702393e-01 -1.364382743835449219e+00 -7.602824568748474121e-01
-1.515058994293212891e+00 1.400300025939941406e+00 1.546864867210388184e+00 -1.804158449172973633e+00 1.529879093170166016e+00 -1.011795282363891602e+00 -7.798463106155395508e-01 -1.707985043525695801e+00 1.358677268028259277e+00 -7.288821935653686523e-01 -1.004055261611938477e+00 -5.022274851799011230e-01 -6.973218321800231934e-01 8.986638784408569336e-01 1.826098322868347168e+00 1.479215383529663086e+00 1.869834542274475098e+00 -2.952149808406829834e-01 -1.263645529747009277e+00 -7.794799208641052246e-01
-1.514525651931762695e+00 1.440131783485412598e+00 1.444524884223937988e+00 -1.628340721130371094e+00 1.501941919326782227e+00 -1.011511445045471191e+00 -8.445122838020324707e-01 -1.641114592552185059e+00 1.281998634338378906e+00 -7.809619903564453125e-01 -9.820929169654846191e-01 -3.982502222061157227e-01 -6.699231863021850586e-01 9.224284291267395020e-01 1.685844063758850098e+00 1.394291162490844727e+00 1.733732700347900391e+00 -2.747185230255126953e-01 -1.138571262359619141e+00 -7.660782337188720703e-01
-1.461359858512878418e+00 1.577067375183105469e+00 1.401726841926574707e+00 -1.394485950469970703e+00 1.621710181236267090e+00 -1.128185391426086426e+00 -9.296177625656127930e-01 -1.645398974418640137e+00 1.311606526374816895e+00 -8.536334633827209473e-01 -1.010716557502746582e+00 -3.092387318611145020e-01 -5.761268734931945801e-01 8.715554475784301758e-01 1.625045180320739746e+00 1.292254090309143066e+00 1.578309416770935059e+00 -3.282871544361114502e-01 -1.005814909934997559e+00 -7.632988095283508301e-01
-1.309364438056945801e+00 1.759273648262023926e+00 1.393391251564025879e+00 -1.139129638671875000e+00 1.780781626701354980e+00 -1.304453134536743164e+00 -9.911966919898986816e-01 -1.630523324012756348e+00 1.424871921539306641e+00 -9.198408722877502441e-01 -9.913852214813232422e-01 -2.221188843250274658e-01 -4.522057175636291504e-01 7.377095222473144531e-01 1.573675870895385742e+00 1.132105708122253418e+00 1.357153177261352539e+00 -4.449541866779327393e-01 -8.708624243736267090e-01 -7.468699812889099121e-01
-1.138840436935424805e+00 1.933663249015808105e+00 1.465634584426879883e+00 -9.441754221916198730e-01 1.926610827445983887e+00 -1.459523797035217285e+00 -1.062897920608520508e+00 -1.652323484420776367e+00 1.589184403419494629e+00 -8.799265027046203613e-01 -9.651688337326049805e-01 -2.631243169307708740e-01 -3.480903208255767822e-01 5.062075257301330566e-01 1.597172021865844727e+00 9.553878307342529297e-01 1.187456250190734863e+00 -5.741228461265563965e-01 -8.503242135047912598e-01 -7.193064689636230469e-01
-1.029667973518371582e+00 2.039080619812011719e+00 1.553629994392395020e+00 -8.566614389419555664e-01 1.992996692657470703e+00 -1.545045137405395508e+00 -1.119339704513549805e+00 -1.647214531898498535e+00 1.697613477706909180e+00 -8.177627921104431152e-01 -9.343107342720031738e-01 -3.131968677043914795e-01 -2.879144847393035889e-01 3.389065265655517578e-01 1.650462388992309570e+00 8.508378863334655762e-01 1.090132594108581543e+00 -6.567480564117431641e-01 -8.766188025474548340e-01 -7.014206051826477051e-01
-9.496236443519592285e-01 2.114922761917114258e+00 1.579486966133117676e+00 -8.451940417289733887e-01 2.009681940078735352e+00 -1.587506890296936035e+00 -1.159111618995666504e+00 -1.636466503143310547e+00 1.777236938476562500e+00 -7.684034705162048340e-01 -9.158226847648620605e-01 -3.605976700782775879e-01 -2.700664103031158447e-01 2.509529590606689453e-01 1.680613398551940918e+00 7.840430140495300293e-01 1.069262146949768066e+00 -7.019613981246948242e-01 -8.903136253356933594e-01 -6.865018010139465332e-01
-9.010274410247802734e-01 2.174376726150512695e+00 1.579964637756347656e+00 -8.613305687904357910e-01 1.997782468795776367e+00 -1.605250477790832520e+00 -1.176686286926269531e+00 -1.626860618591308594e+00 1.821815490722656250e+00 -7.440464496612548828e-01 -9.036456346511840820e-01 -3.774331808090209961e-01 -2.715864777565002441e-01 2.097413688898086548e-01 1.683269858360290527e+00 7.357304692268371582e-01 1.060765385627746582e+00 -7.308371663093566895e-01 -8.949221968650817871e-01 -6.869798302650451660e-01
-8.761131763458251953e-01 2.227340936660766602e+00 1.568738102912902832e+00 -8.933535218238830566e-01 1.971684098243713379e+00 -1.610522389411926270e+00 -1.183502435684204102e+00 -1.620659947395324707e+00 1.843698501586914062e+00 -7.374921441078186035e-01 -8.983361124992370605e-01 -3.733289837837219238e-01 -2.866202294826507568e-01 1.985357403755187988e-01 1.669849514961242676e+00 7.019572257995605469e-01 1.059148311614990234e+00 -7.493162751197814941e-01 -8.967654705047607422e-01 -7.004061937332153320e-01
-8.689853549003601074e-01 2.271955490112304688e+00 1.550717949867248535e+00 -9.331506490707397461e-01 1.936577081680297852e+00 -1.606080651283264160e+00 -1.183031916618347168e+00 -1.617134928703308105e+00 1.845804810523986816e+00 -7.404010891914367676e-01 -9.019602537155151367e-01 -3.573487401008605957e-01 -3.123766481876373291e-01 2.063230723142623901e-01 1.646545767784118652e+00 6.777258515357971191e-01 1.060963273048400879e+00 -7.593390941619873047e-01 -8.993630409240722656e-01 -7.216042280197143555e-01
-8.760004043579101562e-01 2.297176122665405273e+00 1.527334094047546387e+00 -9.704180359840393066e-01 1.893323302268981934e+00 -1.588457107543945312e+00 -1.175196051597595215e+00 -1.613168358802795410e+00 1.823111414909362793e+00 -7.426670789718627930e-01 -9.176601767539978027e-01 -3.393775224685668945e-01 -3.470996022224426270e-01 2.228880077600479126e-01 1.616782188415527344e+00 6.580913662910461426e-01 1.061473727226257324e+00 -7.597715854644775391e-01 -9.060876369476318359e-01 -7.428799271583557129e-01
-8.917399048805236816e-01 2.268775939941406250e+00 1.497565388679504395e+00 -9.817928671836853027e-01 1.836423635482788086e+00 -1.542570948600769043e+00 -1.155223727226257324e+00 -1.596489787101745605e+00 1.755644679069519043e+00 -7.257885336875915527e-01 -9.513711333274841309e-01 -3.352893590927124023e-01 -3.897407650947570801e-01 2.315912991762161255e-01 1.579478144645690918e+00 6.345999240875244141e-01 1.049145936965942383e+00 -7.403259873390197754e-01 -9.225010871887207031e-01 -7.466822266578674316e-01
-9.312788248062133789e-01 2.080299139022827148e+00 1.498427391052246094e+00 -9.165748357772827148e-01 1.752755880355834961e+00 -1.436357259750366211e+00 -1.134047031402587891e+00 -1.561098217964172363e+00 1.597673416137695312e+00 -6.297636628150939941e-01 -1.041689276695251465e+00 -4.321836531162261963e-01 -4.489921629428863525e-01 1.986068338155746460e-01 1.534406781196594238e+00 5.930724740028381348e-01 1.041983008384704590e+00 -6.452779173851013184e-01 -1.018637776374816895e+00 -6.592231392860412598e-01
-9.215077757835388184e-01 1.411100029945373535e+00 1.659342527389526367e+00 -6.617324352264404297e-01 1.646590828895568848e+00 -1.173326849937438965e+00 -1.017367601394653320e+00 -1.473180770874023438e+00 1.313732147216796875e+00 -3.117046058177947998e-01 -1.223276257514953613e+00 -9.133262038230895996e-01 -5.093755125999450684e-01 -1.067548543214797974e-01 1.555742979049682617e+00 5.565795302391052246e-01 1.103039264678955078e+00 -3.521913886070251465e-01 -1.335665941238403320e+00 -3.117387592792510986e-01
-9.218689799308776855e-01 7.159097194671630859e-01 2.050117492675781250e+00 -6.225034594535827637e-01 1.828877806663513184e+00 -1.007622122764587402e+00 -9.757272005081176758e-01 -1.431306123733520508e+00 1.555858016014099121e+00 -1.862879097461700439e-01 -1.315848469734191895e+00 -1.580318450927734375e+00 -4.312618374824523926e-01 -4.385638833045959473e-01 1.944556832313537598e+00 8.837654590606689453e-01 1.562311291694641113e+00 7.226774841547012329e-02 -1.637403130531311035e+00 1.227404996752738953e-01
-9.146956801414489746e-01 5.712800621986389160e-01 2.249352455139160156e+00 -7.058592438697814941e-01 1.987440347671508789e+00 -1.009398698806762695e+00 -1.031702518463134766e+00 -1.435801148414611816e+00 1.750524163246154785e+00 -1.760113239288330078e-01 -1.256154417991638184e+00 -1.779531598091125488e+00 -3.806687891483306885e-01 -5.607991218566894531e-01 2.220145463943481445e+00 1.133403062820434570e+00 1.768688559532165527e+00 1.785558462142944336e-01 -1.724989771842956543e+00 2.316338121891021729e-01
-9.164903163909912109e-01 5.951429009437561035e-01 2.313627243041992188e+00 -7.432752847671508789e-01 2.083274126052856445e+00 -1.071266770362854004e+00 -1.084957003593444824e+00 -1.488121390342712402e+00 1.838579416275024414e+00 -1.662268936634063721e-01 -1.221683621406555176e+00 -1.837700605392456055e+00 -3.545371294021606445e-01 -5.849760174751281738e-01 2.345309257507324219e+00 1.215009927749633789e+00 1.845598697662353516e+00 1.554591953754425049e-01 -1.744952321052551270e+00 2.591502070426940918e-01
-9.067248106002807617e-01 6.331276893615722656e-01 2.329045295715332031e+00 -7.420317530632019043e-01 2.132624626159667969e+00 -1.117657423019409180e+00 -1.121159911155700684e+00 -1.511794567108154297e+00 1.891535997390747070e+00 -1.650958061218261719e-01 -1.189410567283630371e+00 -1.860588073730468750e+00 -3.275165259838104248e-01 -6.083860397338867188e-01 2.400007963180541992e+00 1.241856336593627930e+00 1.866551041603088379e+00 1.259351670742034912e-01 -1.738401293754577637e+00 2.824029624462127686e-01
-8.951396942138671875e-01 6.768317222595214844e-01 2.324403762817382812e+00 -7.259470224380493164e-01 2.157593965530395508e+00 -1.154998660087585449e+00 -1.149784207344055176e+00 -1.522664785385131836e+00 1.926031827926635742e+00 -1.679084897041320801e-01 -1.159415960311889648e+00 -1.867827892303466797e+00 -3.038519322872161865e-01 -6.291016340255737305e-01 2.421915531158447266e+00 1.245078921318054199e+00 1.863916754722595215e+00 9.508401900529861450e-02 -1.723713397979736328e+00 3.032703697681427002e-01
-8.826741576194763184e-01 7.252516746520996094e-01 2.308816432952880859e+00 -7.049205899238586426e-01 2.164864301681518555e+00 -1.187228202819824219e+00 -1.172414183616638184e+00 -1.527160406112670898e+00 1.949242115020751953e+00 -1.714574694633483887e-01 -1.127985835075378418e+00 -1.865299224853515625e+00 -2.834734022617340088e-01 -6.467010974884033203e-01 2.423883438110351562e+00 1.234524250030517578e+00 1.848381996154785156e+00 6.178370118141174316e-02 -1.705917358398437500e+00 3.195230960845947266e-01
-8.743553757667541504e-01 7.994990944862365723e-01 2.294686794281005859e+00 -6.874579191207885742e-01 2.177598714828491211e+00 -1.230869412422180176e+00 -1.197942256927490234e+00 -1.544945001602172852e+00 1.973332643508911133e+00 -1.757400184869766235e-01 -1.098714351654052734e+00 -1.856515645980834961e+00 -2.630602717399597168e-01 -6.543198227882385254e-01 2.419037580490112305e+00 1.212298274040222168e+00 1.827982306480407715e+00 9.984619915485382080e-03 -1.691459059715270996e+00 3.264914453029632568e-01
-8.684938549995422363e-01 8.716433048248291016e-01 2.276346206665039062e+00 -6.688398122787475586e-01 2.172887086868286133e+00 -1.272956132888793945e+00 -1.213022470474243164e+00 -1.560541868209838867e+00 1.983849406242370605e+00 -1.788376569747924805e-01 -1.070613145828247070e+00 -1.839537739753723145e+00 -2.466183006763458252e-01 -6.567256450653076172e-01 2.401561498641967773e+00 1.182599544525146484e+00 1.796662569046020508e+00 -4.341159388422966003e-02 -1.675773620605468750e+00 3.292069733142852783e-01
-8.668123483657836914e-01 9.381219744682312012e-01 2.256752490997314453e+00 -6.496601700782775879e-01 2.151539087295532227e+00 -1.314931273460388184e+00 -1.214164972305297852e+00 -1.575798034667968750e+00 1.979848623275756836e+00 -1.807770431041717529e-01 -1.046914815902709961e+00 -1.814546585083007812e+00 -2.330883145332336426e-01 -6.526986956596374512e-01 2.373779773712158203e+00 1.146871805191040039e+00 1.754120588302612305e+00 -9.766675531864166260e-02 -1.658856511116027832e+00 3.268356621265411377e-01
-8.757504820823669434e-01 9.889647960662841797e-01 2.244176864624023438e+00 -6.200739741325378418e-01 2.121331453323364258e+00 -1.368330955505371094e+00 -1.187963843345642090e+00 -1.593278169631958008e+00 1.969877243041992188e+00 -1.947736293077468872e-01 -1.040973544120788574e+00 -1.776602029800415039e+00 -2.125194668769836426e-01 -6.294716596603393555e-01 2.349756956100463867e+00 1.107615113258361816e+00 1.700876355171203613e+00 -1.543842256069183350e-01 -1.629246234893798828e+00 3.189812898635864258e-01
-8.847410678863525391e-01 1.026915669441223145e+00 2.256543159484863281e+00 -5.970883369445800781e-01 2.076073646545410156e+00 -1.433219075202941895e+00 -1.144741058349609375e+00 -1.596690654754638672e+00 1.933418154716491699e+00 -2.115612626075744629e-01 -1.060745120048522949e+00 -1.700074791908264160e+00 -1.994674205780029297e-01 -5.925996899604797363e-01 2.319813489913940430e+00 1.069403409957885742e+00 1.616481184959411621e+00 -1.991539001464843750e-01 -1.588999271392822266e+00 2.762598395347595215e-01
-8.899646401405334473e-01 1.028595566749572754e+00 2.270064353942871094e+00 -5.853833556175231934e-01 2.030670881271362305e+00 -1.482082128524780273e+00 -1.072353720664978027e+00 -1.584820032119750977e+00 1.880191087722778320e+00 -2.309040725231170654e-01 -1.109521865844726562e+00 -1.597186565399169922e+00 -1.815102696418762207e-01 -5.374234914779663086e-01 2.282542705535888672e+00 1.030291199684143066e+00 1.520422458648681641e+00 -2.243219614028930664e-01 -1.533371329307556152e+00 2.008406221866607666e-01
-8.716356158256530762e-01 9.479836821556091309e-01 2.252574920654296875e+00 -5.799986124038696289e-01 2.001768827438354492e+00 -1.473917245864868164e+00 -9.560517668724060059e-01 -1.540405750274658203e+00 1.791858673095703125e+00 -2.547177970409393311e-01 -1.173585891723632812e+00 -1.459581613540649414e+00 -1.425042897462844849e-01 -4.677431583404541016e-01 2.236829519271850586e+00 1.002082943916320801e+00 1.406986594200134277e+00 -2.142836451530456543e-01 -1.432224750518798828e+00 1.020558401942253113e-01
-8.221795558929443359e-01 7.968274354934692383e-01 2.183024406433105469e+00 -5.650753974914550781e-01 2.004204034805297852e+00 -1.392949223518371582e+00 -8.307213187217712402e-01 -1.459905266761779785e+00 1.690043330192565918e+00 -2.825718522071838379e-01 -1.228615760803222656e+00 -1.323520421981811523e+00 -7.842265069484710693e-02 -4.108101129531860352e-01 2.185799598693847656e+00 9.814960360527038574e-01 1.300368547439575195e+00 -1.632570028305053711e-01 -1.290086150169372559e+00 2.337379381060600281e-02
-7.633499503135681152e-01 6.654424667358398438e-01 2.099195480346679688e+00 -5.469107031822204590e-01 2.076946020126342773e+00 -1.311082124710083008e+00 -7.594153285026550293e-01 -1.405293703079223633e+00 1.650462865829467773e+00 -3.166773915290832520e-01 -1.280651926994323730e+00 -1.233729481697082520e+00 -2.232629433274269104e-02 -3.785354495048522949e-01 2.167556524276733398e+00 9.725447297096252441e-01 1.249539136886596680e+00 -1.075878143310546875e-01 -1.162464737892150879e+00 -1.172713935375213623e-02
-7.085075378417968750e-01 5.847175717353820801e-01 2.053555011749267578e+00 -5.494605898857116699e-01 2.200318574905395508e+00 -1.253227353096008301e+00 -7.234399318695068359e-01 -1.372991442680358887e+00 1.707258105278015137e+00 -3.655553758144378662e-01 -1.310525894165039062e+00 -1.207208156585693359e+00 3.741618990898132324e-02 -3.894783258438110352e-01 2.200687170028686523e+00 9.978091120719909668e-01 1.252550721168518066e+00 -5.443671718239784241e-02 -1.079774379730224609e+00 -9.984139353036880493e-03
-6.580882668495178223e-01 5.831329226493835449e-01 2.033816337585449219e+00 -5.797194242477416992e-01 2.344658851623535156e+00 -1.223834872245788574e+00 -7.660055160522460938e-01 -1.356546282768249512e+00 1.844698429107666016e+00 -3.986632823944091797e-01 -1.289662718772888184e+00 -1.237141728401184082e+00 9.172939509153366089e-02 -4.152380824089050293e-01 2.261140108108520508e+00 1.048702716827392578e+00 1.320829510688781738e+00 -3.920526057481765747e-02 -1.054541468620300293e+00 1.179664768278598785e-02
-6.006658673286437988e-01 6.657121181488037109e-01 1.984412312507629395e+00 -6.112993955612182617e-01 2.487682342529296875e+00 -1.214478135108947754e+00 -8.610468506813049316e-01 -1.335866689682006836e+00 2.018225908279418945e+00 -4.481384456157684326e-01 -1.207630515098571777e+00 -1.245523691177368164e+00 1.369015425443649292e-01 -4.264693260192871094e-01 2.299474954605102539e+00 1.097432732582092285e+00 1.397580981254577637e+00 -6.455869972705841064e-02 -1.025177240371704102e+00 2.864907123148441315e-02
-5.657311081886291504e-01 8.543182611465454102e-01 1.874518871307373047e+00 -6.174591779708862305e-01 2.581394910812377930e+00 -1.232025980949401855e+00 -1.004826903343200684e+00 -1.303730726242065430e+00 2.156750917434692383e+00 -5.336107015609741211e-01 -1.037544965744018555e+00 -1.155145525932312012e+00 1.425063163042068481e-01 -3.456588983535766602e-01 2.243096590042114258e+00 1.142297148704528809e+00 1.443842649459838867e+00 -1.357704699039459229e-01 -9.747291803359985352e-01 1.298818737268447876e-03
-5.214132070541381836e-01 1.126796722412109375e+00 1.577022671699523926e+00 -6.395633816719055176e-01 2.455947160720825195e+00 -1.190123915672302246e+00 -1.115397453308105469e+00 -1.176488876342773438e+00 2.158643007278442383e+00 -6.578675508499145508e-01 -7.465268373489379883e-01 -8.799268007278442383e-01 1.088756918907165527e-01 -1.307514458894729614e-01 1.968698501586914062e+00 1.088059067726135254e+00 1.394413590431213379e+00 -2.472756803035736084e-01 -8.223435282707214355e-01 -6.598842144012451172e-02
-7.143266797065734863e-01 1.720551371574401855e+00 1.315671205520629883e+00 -1.047618865966796875e+00 2.113084793090820312e+00 -1.230978369712829590e+00 -1.147583365440368652e+00 -1.283003807067871094e+00 2.201298475265502930e+00 -9.003172516822814941e-01 -4.523634910583496094e-01 -5.812910199165344238e-01 -3.534531965851783752e-02 2.688822150230407715e-01 1.725481152534484863e+00 1.068352580070495605e+00 1.484031081199645996e+00 -4.679907560348510742e-01 -7.322624921798706055e-01 -2.701593339443206787e-01
-9.489570260047912598e-01 2.072618246078491211e+00 1.271350741386413574e+00 -1.432790517807006836e+00 1.871380209922790527e+00 -1.297206640243530273e+00 -1.129269361495971680e+00 -1.490812182426452637e+00 2.206354618072509766e+00 -1.017274260520935059e+00 -4.159220457077026367e-01 -4.423335194587707520e-01 -1.788936853408813477e-01 5.178721547126770020e-01 1.680002331733703613e+00 1.087103843688964844e+00 1.581674933433532715e+00 -6.067696809768676758e-01 -7.713434696197509766e-01 -4.515831768512725830e-01
-1.079886317253112793e+00 2.256930589675903320e+00 1.299836874008178711e+00 -1.686774015426635742e+00 1.740276694297790527e+00 -1.353245139122009277e+00 -1.093423366546630859e+00 -1.629646539688110352e+00 2.186882495880126953e+00 -1.055085182189941406e+00 -4.686738252639770508e-01 -4.051511585712432861e-01 -3.156960606575012207e-01 6.129233837127685547e-01 1.691068172454833984e+00 1.100544571876525879e+00 1.663656353950500488e+00 -6.634014248847961426e-01 -8.504701256752014160e-01 -5.870150327682495117e-01
-1.168482780456542969e+00 2.347206830978393555e+00 1.321758151054382324e+00 -1.832468032836914062e+00 1.638539314270019531e+00 -1.370908617973327637e+00 -1.057260632514953613e+00 -1.692720293998718262e+00 2.131040573120117188e+00 -1.062673211097717285e+00 -5.181746482849121094e-01 -3.649032413959503174e-01 -4.207493960857391357e-01 6.707293391227722168e-01 1.692500829696655273e+00 1.116097092628479004e+00 1.696904659271240234e+00 -6.858139038085937500e-01 -9.088944792747497559e-01 -6.930121183395385742e-01
-1.228218555450439453e+00 2.376790285110473633e+00 1.351241707801818848e+00 -1.906369566917419434e+00 1.593182325363159180e+00 -1.367730379104614258e+00 -1.046420574188232422e+00 -1.725394487380981445e+00 2.083916425704956055e+00 -1.057956218719482422e+00 -5.657373070716857910e-01 -3.393794298171997070e-01 -4.901981949806213379e-01 7.102461457252502441e-01 1.683149337768554688e+00 1.137651681900024414e+00 1.714407324790954590e+00 -6.764092445373535156e-01 -9.587401151657104492e-01 -7.707927227020263672e-01
-1.259861350059509277e+00 2.380049705505371094e+00 1.375027060508728027e+00 -1.947138667106628418e+00 1.566979169845581055e+00 -1.349545598030090332e+00 -1.033724427223205566e+00 -1.744302153587341309e+00 2.041253566741943359e+00 -1.044156908988952637e+00 -6.196225881576538086e-01 -3.255990743637084961e-01 -5.549568533897399902e-01 7.285612821578979492e-01 1.660318851470947266e+00 1.143813133239746094e+00 1.723118543624877930e+00 -6.561959385871887207e-01 -1.007729649543762207e+00 -8.369957208633422852e-01
-1.275621771812438965e+00 2.363749504089355469e+00 1.393678069114685059e+00 -1.950730323791503906e+00 1.564902782440185547e+00 -1.327391862869262695e+00 -1.015702486038208008e+00 -1.760965824127197266e+00 1.997277975082397461e+00 -1.026760220527648926e+00 -6.799849867820739746e-01 -3.234540224075317383e-01 -6.122879981994628906e-01 7.264594435691833496e-01 1.628536820411682129e+00 1.137112140655517578e+00 1.720257639884948730e+00 -6.253305673599243164e-01 -1.049968600273132324e+00 -8.903244137763977051e-01
-1.259777307510375977e+00 2.321350574493408203e+00 1.393759250640869141e+00 -1.918066740036010742e+00 1.574979186058044434e+00 -1.283859968185424805e+00 -9.832042455673217773e-01 -1.760996818542480469e+00 1.951023221015930176e+00 -1.001235842704772949e+00 -7.492665052413940430e-01 -3.294946849346160889e-01 -6.628203988075256348e-01 6.896951794624328613e-01 1.577074170112609863e+00 1.102418899536132812e+00 1.696541070938110352e+00 -5.832576155662536621e-01 -1.081019401550292969e+00 -9.348501563072204590e-01
-1.195209860801696777e+00 2.234834432601928711e+00 1.372512817382812500e+00 -1.828584194183349609e+00 1.590436697006225586e+00 -1.203504323959350586e+00 -9.293200969696044922e-01 -1.729300498962402344e+00 1.891571640968322754e+00 -9.577656984329223633e-01 -8.300735950469970703e-01 -3.517368137836456299e-01 -7.118829488754272461e-01 5.940619111061096191e-01 1.493410229682922363e+00 1.025390386581420898e+00 1.640055537223815918e+00 -5.185796022415161133e-01 -1.106383919715881348e+00 -9.651492834091186523e-01
-1.046409249305725098e+00 2.078633546829223633e+00 1.323711872100830078e+00 -1.632658720016479492e+00 1.596075057983398438e+00 -1.081677556037902832e+00 -8.637175559997558594e-01 -1.660128235816955566e+00 1.817264199256896973e+00 -8.473367691040039062e-01 -9.143112301826477051e-01 -4.272022545337677002e-01 -7.606058120727539062e-01 3.932909965515136719e-01 1.362559795379638672e+00 8.827632665634155273e-01 1.545492053031921387e+00 -4.201843738555908203e-01 -1.139732837677001953e+00 -9.605764746665954590e-01
-7.696565389633178711e-01 1.832457423210144043e+00 1.321267485618591309e+00 -1.314257025718688965e+00 1.616087436676025391e+00 -9.487814307212829590e-01 -7.456789612770080566e-01 -1.551324605941772461e+00 1.787752747535705566e+00 -6.406132578849792480e-01 -1.011450648307800293e+00 -6.226281523704528809e-01 -7.739648222923278809e-01 2.303263172507286072e-02 1.286800622940063477e+00 7.246256470680236816e-01 1.454749107360839844e+00 -2.993252575397491455e-01 -1.213710308074951172e+00 -9.338937997817993164e-01
-5.131508111953735352e-01 1.617274284362792969e+00 1.543904900550842285e+00 -1.077230095863342285e+00 1.858435511589050293e+00 -1.001786112785339355e+00 -6.854251623153686523e-01 -1.493727564811706543e+00 2.013788938522338867e+00 -4.740152955055236816e-01 -1.148074507713317871e+00 -9.955298900604248047e-01 -6.533625125885009766e-01 -4.213929772377014160e-01 1.578391790390014648e+00 8.012353181838989258e-01 1.540620803833007812e+00 -2.477512657642364502e-01 -1.347718358039855957e+00 -8.610576391220092773e-01
-4.260686635971069336e-01 1.332132101058959961e+00 1.778122544288635254e+00 -9.116754531860351562e-01 2.038480520248413086e+00 -1.048792958259582520e+00 -6.904155015945434570e-01 -1.414585709571838379e+00 2.074273824691772461e+00 -3.694542050361633301e-01 -1.182203412055969238e+00 -1.247498154640197754e+00 -4.886972308158874512e-01 -5.927448272705078125e-01 1.824780821800231934e+00 8.960880041122436523e-01 1.572921633720397949e+00 -1.148606017231941223e-01 -1.369922399520874023e+00 -6.114881634712219238e-01
-4.415913820266723633e-01 1.151368618011474609e+00 1.868955254554748535e+00 -8.749333024024963379e-01 2.026983261108398438e+00 -1.050156950950622559e+00 -6.708261966705322266e-01 -1.349818944931030273e+00 1.975723624229431152e+00 -3.376619517803192139e-01 -1.126969814300537109e+00 -1.285700321197509766e+00 -4.163112640380859375e-01 -5.756840705871582031e-01 1.927139759063720703e+00 9.845455288887023926e-01 1.550340294837951660e+00 -3.258102759718894958e-02 -1.341494202613830566e+00 -4.733350872993469238e-01
-4.976347684860229492e-01 1.031621694564819336e+00 1.830790638923645020e+00 -9.381573796272277832e-01 1.849990248680114746e+00 -1.017522931098937988e+00 -5.954604148864746094e-01 -1.260520935058593750e+00 1.793230772018432617e+00 -3.718111217021942139e-01 -9.688139557838439941e-01 -1.137385725975036621e+00 -3.730050921440124512e-01 -4.300044178962707520e-01 1.928763031959533691e+00 1.092552423477172852e+00 1.466229319572448730e+00 -4.170157015323638916e-03 -1.242393612861633301e+00 -4.371482729911804199e-01
-6.102027297019958496e-01 1.036891102790832520e+00 1.714992523193359375e+00 -1.096595048904418945e+00 1.572871565818786621e+00 -1.044824719429016113e+00 -5.120754241943359375e-01 -1.181478619575500488e+00 1.559468984603881836e+00 -4.461587369441986084e-01 -7.407870888710021973e-01 -8.511958718299865723e-01 -3.652229309082031250e-01 -1.244637370109558105e-01 1.884398341178894043e+00 1.178178787231445312e+00 1.355499505996704102e+00 -9.857404232025146484e-02 -1.094441413879394531e+00 -4.727823734283447266e-01
-8.729811310768127441e-01 1.249770283699035645e+00 1.623294830322265625e+00 -1.442085266113281250e+00 1.309981822967529297e+00 -1.131735563278198242e+00 -5.436556935310363770e-01 -1.229411721229553223e+00 1.413281202316284180e+00 -5.695130825042724609e-01 -5.417617559432983398e-01 -5.516749620437622070e-01 -4.129386246204376221e-01 3.201141953468322754e-01 1.859580278396606445e+00 1.301233530044555664e+00 1.373250365257263184e+00 -2.755970060825347900e-01 -1.013309001922607422e+00 -5.599384307861328125e-01
-1.141695499420166016e+00 1.525951027870178223e+00 1.630187511444091797e+00 -1.763793468475341797e+00 1.195894598960876465e+00 -1.235754847526550293e+00 -6.907892823219299316e-01 -1.342941522598266602e+00 1.415387511253356934e+00 -6.919747591018676758e-01 -4.698752760887145996e-01 -3.583007156848907471e-01 -4.802129268646240234e-01 6.684370040893554688e-01 1.879528045654296875e+00 1.434037923812866211e+00 1.469850659370422363e+00 -4.062587320804595947e-01 -1.036755084991455078e+00 -6.563553214073181152e-01
-1.283689141273498535e+00 1.721485257148742676e+00 1.657496929168701172e+00 -1.948268890380859375e+00 1.210676670074462891e+00 -1.330309510231018066e+00 -8.008610010147094727e-01 -1.434284448623657227e+00 1.471987962722778320e+00 -7.747459411621093750e-01 -4.860592484474182129e-01 -2.572148144245147705e-01 -5.169668197631835938e-01 8.562384843826293945e-01 1.906856894493103027e+00 1.514359951019287109e+00 1.548430919647216797e+00 -4.835917949676513672e-01 -1.055433750152587891e+00 -7.365937232971191406e-01
-1.335660696029663086e+00 1.843196630477905273e+00 1.663180828094482422e+00 -2.029219150543212891e+00 1.242388248443603516e+00 -1.389815449714660645e+00 -8.679968714714050293e-01 -1.464192986488342285e+00 1.516797065734863281e+00 -8.306813836097717285e-01 -5.137567520141601562e-01 -1.804955005645751953e-01 -5.346717834472656250e-01 9.589271545410156250e-01 1.903089284896850586e+00 1.544912219047546387e+00 1.583759665489196777e+00 -5.206414461135864258e-01 -1.043637871742248535e+00 -8.010810613632202148e-01
-1.325245499610900879e+00 1.930105924606323242e+00 1.644090771675109863e+00 -2.040942907333374023e+00 1.274718284606933594e+00 -1.423665404319763184e+00 -9.258189797401428223e-01 -1.447411656379699707e+00 1.552138090133666992e+00 -8.722660541534423828e-01 -5.377893447875976562e-01 -1.069011166691780090e-01 -5.455654263496398926e-01 9.997011423110961914e-01 1.866799950599670410e+00 1.528066873550415039e+00 1.572519302368164062e+00 -5.315332412719726562e-01 -1.007043004035949707e+00 -8.440245389938354492e-01
-1.247707843780517578e+00 2.000193595886230469e+00 1.581438302993774414e+00 -1.969917058944702148e+00 1.308679938316345215e+00 -1.420984506607055664e+00 -9.919359087944030762e-01 -1.364196419715881348e+00 1.575237393379211426e+00 -9.089568257331848145e-01 -5.525532364845275879e-01 -3.005683049559593201e-02 -5.519502162933349609e-01 9.724929332733154297e-01 1.776066899299621582e+00 1.444557070732116699e+00 1.502576351165771484e+00 -5.086808800697326660e-01 -9.307908415794372559e-01 -8.684978485107421875e-01
-1.004836916923522949e+00 2.053677558898925781e+00 1.480014801025390625e+00 -1.708203554153442383e+00 1.426716208457946777e+00 -1.385212779045104980e+00 -1.103822231292724609e+00 -1.185559749603271484e+00 1.624313831329345703e+00 -9.065334200859069824e-01 -5.917379260063171387e-01 3.960151225328445435e-02 -5.341575741767883301e-01 8.142012953758239746e-01 1.594564676284790039e+00 1.203727006912231445e+00 1.314978837966918945e+00 -4.703444242477416992e-01 -8.120659589767456055e-01 -8.362086415290832520e-01
-5.973539948463439941e-01 1.885104656219482422e+00 1.437996268272399902e+00 -1.125048398971557617e+00 1.782614707946777344e+00 -1.279152393341064453e+00 -1.265747427940368652e+00 -1.000152111053466797e+00 1.799177646636962891e+00 -7.743837833404541016e-01 -6.474427580833435059e-01 -1.857878863811492920e-01 -4.760140776634216309e-01 2.686579823493957520e-01 1.466540813446044922e+00 8.615539669990539551e-01 1.112745523452758789e+00 -4.184457361698150635e-01 -8.092989921569824219e-01 -5.849352478981018066e-01
-5.029290318489074707e-01 1.808931350708007812e+00 1.670577883720397949e+00 -8.540582656860351562e-01 2.170940399169921875e+00 -1.322881937026977539e+00 -1.410927891731262207e+00 -1.202653408050537109e+00 2.113353967666625977e+00 -5.419144630432128906e-01 -7.412240505218505859e-01 -7.665132284164428711e-01 -4.288488328456878662e-01 -2.582207918167114258e-01 1.756380796432495117e+00 8.244496583938598633e-01 1.294439792633056641e+00 -4.370414614677429199e-01 -1.114017248153686523e+00 -3.503305613994598389e-01
-5.510679483413696289e-01 1.742485165596008301e+00 1.762108325958251953e+00 -7.900757193565368652e-01 2.297159910202026367e+00 -1.305636882781982422e+00 -1.456319570541381836e+00 -1.346642613410949707e+00 2.217861652374267578e+00 -4.454984962940216064e-01 -7.918660044670104980e-01 -1.070995092391967773e+00 -3.724360167980194092e-01 -4.600419998168945312e-01 1.943861722946166992e+00 8.627898097038269043e-01 1.423393130302429199e+00 -4.200811386108398438e-01 -1.256659388542175293e+00 -1.943367421627044678e-01
-6.074824333190917969e-01 1.678522706031799316e+00 1.779691696166992188e+00 -7.657771706581115723e-01 2.293285131454467773e+00 -1.275268793106079102e+00 -1.486892938613891602e+00 -1.405893564224243164e+00 2.239076375961303711e+00 -4.035669565200805664e-01 -7.827169895172119141e-01 -1.226996898651123047e+00 -3.488517105579376221e-01 -4.952110648155212402e-01 2.001646280288696289e+00 8.847492933273315430e-01 1.522936820983886719e+00 -3.870597183704376221e-01 -1.324700474739074707e+00 -5.843973159790039062e-02
-6.604414582252502441e-01 1.605624079704284668e+00 1.721918582916259766e+00 -7.478955388069152832e-01 2.205153226852416992e+00 -1.219061732292175293e+00 -1.516357302665710449e+00 -1.415085554122924805e+00 2.175543785095214844e+00 -3.678614199161529541e-01 -7.218592166900634766e-01 -1.283744454383850098e+00 -3.423618376255035400e-01 -4.573434591293334961e-01 1.988623261451721191e+00 8.972515463829040527e-01 1.576691389083862305e+00 -3.588742613792419434e-01 -1.333650588989257812e+00 5.160378664731979370e-02
-7.019554376602172852e-01 1.500142693519592285e+00 1.613417267799377441e+00 -7.436783313751220703e-01 2.037786960601806641e+00 -1.132850766181945801e+00 -1.533558845520019531e+00 -1.372874259948730469e+00 2.043173313140869141e+00 -3.293045461177825928e-01 -6.016185879707336426e-01 -1.275240302085876465e+00 -3.437942862510681152e-01 -3.612607717514038086e-01 1.925516605377197266e+00 9.211891293525695801e-01 1.613134741783142090e+00 -3.180170357227325439e-01 -1.295821547508239746e+00 1.464006602764129639e-01
-7.665091156959533691e-01 1.329691290855407715e+00 1.469560265541076660e+00 -7.972608804702758789e-01 1.771810054779052734e+00 -9.880320429801940918e-01 -1.546473622322082520e+00 -1.264957308769226074e+00 1.818530201911926270e+00 -2.976492643356323242e-01 -4.039875864982604980e-01 -1.178462624549865723e+00 -3.799600303173065186e-01 -1.228670328855514526e-01 1.786383867263793945e+00 9.763525724411010742e-01 1.657503962516784668e+00 -2.422585189342498779e-01 -1.224352121353149414e+00 2.413234710693359375e-01
-9.975789785385131836e-01 1.243292093276977539e+00 1.364613294601440430e+00 -1.098490118980407715e+00 1.536329269409179688e+00 -9.236613512039184570e-01 -1.440065622329711914e+00 -1.329573750495910645e+00 1.645441651344299316e+00 -3.376459479331970215e-01 -2.659797072410583496e-01 -1.073283791542053223e+00 -4.175523817539215088e-01 2.747462987899780273e-01 1.832632064819335938e+00 1.227736234664916992e+00 1.858920216560363770e+00 -2.525594830513000488e-01 -1.210796594619750977e+00 2.025251090526580811e-01
-1.220771670341491699e+00 1.234407067298889160e+00 1.458919644355773926e+00 -1.540565252304077148e+00 1.506458640098571777e+00 -1.004681468009948730e+00 -1.252416610717773438e+00 -1.473839879035949707e+00 1.615350484848022461e+00 -4.422059357166290283e-01 -3.011299371719360352e-01 -9.293144345283508301e-01 -4.005564749240875244e-01 5.886007547378540039e-01 2.039201021194458008e+00 1.517670392990112305e+00 2.017348527908325195e+00 -3.469240367412567139e-01 -1.252683639526367188e+00 1.063766330480575562e-02
-1.324822306632995605e+00 1.225256443023681641e+00 1.574942708015441895e+00 -1.833792805671691895e+00 1.530384182929992676e+00 -1.077818870544433594e+00 -1.078558683395385742e+00 -1.567643642425537109e+00 1.585915923118591309e+00 -4.926671385765075684e-01 -4.177416563034057617e-01 -8.122416734695434570e-01 -3.705990016460418701e-01 7.512131929397583008e-01 2.178672552108764648e+00 1.678908109664916992e+00 2.049290657043457031e+00 -4.231967329978942871e-01 -1.286726832389831543e+00 -1.823068261146545410e-01
-1.372664928436279297e+00 1.187704324722290039e+00 1.659515500068664551e+00 -1.946454644203186035e+00 1.562703728675842285e+00 -1.111560583114624023e+00 -9.697074294090270996e-01 -1.628479003906250000e+00 1.527794599533081055e+00 -5.030595064163208008e-01 -5.388162732124328613e-01 -7.461898922920227051e-01 -3.705638647079467773e-01 8.141255974769592285e-01 2.221089839935302734e+00 1.744042873382568359e+00 2.029384851455688477e+00 -4.262849688529968262e-01 -1.314043521881103516e+00 -3.229895532131195068e-01
-1.380614161491394043e+00 1.128972411155700684e+00 1.707867503166198730e+00 -1.958975315093994141e+00 1.579917788505554199e+00 -1.099726438522338867e+00 -9.005069136619567871e-01 -1.654455900192260742e+00 1.477535843849182129e+00 -5.037570595741271973e-01 -6.240162253379821777e-01 -7.302213907241821289e-01 -3.648174107074737549e-01 8.016979098320007324e-01 2.204347610473632812e+00 1.744484782218933105e+00 1.982246637344360352e+00 -3.869461417198181152e-01 -1.333982706069946289e+00 -3.874765038490295410e-01
-1.353262662887573242e+00 1.069343447685241699e+00 1.745324969291687012e+00 -1.936968564987182617e+00 1.608139634132385254e+00 -1.076076149940490723e+00 -8.353312611579895020e-01 -1.659183979034423828e+00 1.454754471778869629e+00 -4.929364323616027832e-01 -6.951374411582946777e-01 -7.517912387847900391e-01 -3.554297983646392822e-01 7.498351335525512695e-01 2.192125558853149414e+00 1.733062744140625000e+00 1.958101034164428711e+00 -3.412934839725494385e-01 -1.351514101028442383e+00 -4.380496144294738770e-01
-1.319911956787109375e+00 9.937748312950134277e-01 1.788333773612976074e+00 -1.892963886260986328e+00 1.629667758941650391e+00 -1.045049905776977539e+00 -7.832766175270080566e-01 -1.652530550956726074e+00 1.437586069107055664e+00 -4.644094705581665039e-01 -7.664012312889099121e-01 -8.028066754341125488e-01 -3.505716025829315186e-01 6.728442907333374023e-01 2.194139957427978516e+00 1.714082360267639160e+00 1.939123392105102539e+00 -2.908081114292144775e-01 -1.379072308540344238e+00 -4.612936377525329590e-01
-1.271800994873046875e+00 9.324581027030944824e-01 1.821262836456298828e+00 -1.849091410636901855e+00 1.630886077880859375e+00 -1.017904281616210938e+00 -7.503432035446166992e-01 -1.642541885375976562e+00 1.423822045326232910e+00 -4.136262536048889160e-01 -8.244771957397460938e-01 -8.667188286781311035e-01 -3.666587769985198975e-01 5.752340555191040039e-01 2.198888063430786133e+00 1.685021042823791504e+00 1.926717638969421387e+00 -2.452380061149597168e-01 -1.415668845176696777e+00 -4.751236438751220703e-01
-1.208616018295288086e+00 8.889073133468627930e-01 1.846156954765319824e+00 -1.803836584091186523e+00 1.601230144500732422e+00 -9.824740290641784668e-01 -7.232777476310729980e-01 -1.625321030616760254e+00 1.405552506446838379e+00 -3.417410254478454590e-01 -8.756169080734252930e-01 -9.403547644615173340e-01 -4.074951708316802979e-01 4.518998861312866211e-01 2.190755844116210938e+00 1.633803248405456543e+00 1.913477897644042969e+00 -1.982911825180053711e-01 -1.468157172203063965e+00 -4.971000552177429199e-01
-1.114305973052978516e+00 8.807503581047058105e-01 1.880521893501281738e+00 -1.763370037078857422e+00 1.566000223159790039e+00 -9.571151137351989746e-01 -6.904430985450744629e-01 -1.601747035980224609e+00 1.406475305557250977e+00 -2.571069598197937012e-01 -9.244805574417114258e-01 -1.034264087677001953e+00 -4.697797298431396484e-01 2.893642783164978027e-01 2.174057960510253906e+00 1.571490406990051270e+00 1.911747574806213379e+00 -1.549261212348937988e-01 -1.542799472808837891e+00 -5.429003834724426270e-01
-1.034380078315734863e+00 9.140674471855163574e-01 1.910551786422729492e+00 -1.715543746948242188e+00 1.498018503189086914e+00 -9.465798139572143555e-01 -6.399326324462890625e-01 -1.573103189468383789e+00 1.414814472198486328e+00 -2.038157284259796143e-01 -9.708111882209777832e-01 -1.099505782127380371e+00 -5.566281676292419434e-01 1.648771166801452637e-01 2.136097431182861328e+00 1.479916214942932129e+00 1.906987667083740234e+00 -1.260275542736053467e-01 -1.605764031410217285e+00 -6.038298606872558594e-01
-9.998904466629028320e-01 1.055906772613525391e+00 1.921175956726074219e+00 -1.708291649818420410e+00 1.370322108268737793e+00 -9.372848868370056152e-01 -6.155319213867187500e-01 -1.552457809448242188e+00 1.412963271141052246e+00 -1.936063766479492188e-01 -9.799294471740722656e-01 -1.118921518325805664e+00 -6.804627180099487305e-01 7.520097494125366211e-02 2.072588205337524414e+00 1.378937840461730957e+00 1.891945242881774902e+00 -1.140067279338836670e-01 -1.662769675254821777e+00 -6.999571323394775391e-01
-9.859725832939147949e-01 1.251690864562988281e+00 1.892364859580993652e+00 -1.700381755828857422e+00 1.218674659729003906e+00 -9.256729483604431152e-01 -6.206121444702148438e-01 -1.515410661697387695e+00 1.398187994956970215e+00 -2.176604270935058594e-01 -9.395399689674377441e-01 -1.072675824165344238e+00 -8.092797398567199707e-01 2.783891558647155762e-02 1.960724830627441406e+00 1.279568076133728027e+00 1.838902592658996582e+00 -1.113153472542762756e-01 -1.687318444252014160e+00 -8.132615685462951660e-01
-1.023807168006896973e+00 1.468985319137573242e+00 1.819956660270690918e+00 -1.700439929962158203e+00 1.053182125091552734e+00 -9.231476187705993652e-01 -6.434697508811950684e-01 -1.519089937210083008e+00 1.367712259292602539e+00 -2.577603161334991455e-01 -8.751909136772155762e-01 -9.938776493072509766e-01 -9.173315763473510742e-01 3.445947915315628052e-02 1.818181157112121582e+00 1.194239616394042969e+00 1.764850139617919922e+00 -1.299951970577239990e-01 -1.680848360061645508e+00 -9.122114777565002441e-01
-1.096999168395996094e+00 1.674908399581909180e+00 1.781522631645202637e+00 -1.744880557060241699e+00 1.004088282585144043e+00 -9.791041612625122070e-01 -6.955553293228149414e-01 -1.564599037170410156e+00 1.384514451026916504e+00 -3.415486514568328857e-01 -8.125454187393188477e-01 -9.029567241668701172e-01 -9.651166200637817383e-01 9.533828496932983398e-02 1.741750478744506836e+00 1.196252584457397461e+00 1.729854941368103027e+00 -1.713871061801910400e-01 -1.652252674102783203e+00 -9.762789607048034668e-01
-1.183304190635681152e+00 1.782861948013305664e+00 1.757289886474609375e+00 -1.813667178153991699e+00 9.826846718788146973e-01 -1.029643774032592773e+00 -7.475844621658325195e-01 -1.597206115722656250e+00 1.389665007591247559e+00 -4.094027280807495117e-01 -7.535931468009948730e-01 -8.126251101493835449e-01 -9.612821340560913086e-01 2.087228149175643921e-01 1.706913590431213379e+00 1.241277575492858887e+00 1.716463685035705566e+00 -2.146876156330108643e-01 -1.612993001937866211e+00 -9.925891757011413574e-01
-1.257925271987915039e+00 1.855463147163391113e+00 1.744347929954528809e+00 -1.899874091148376465e+00 9.938025474548339844e-01 -1.073130488395690918e+00 -7.836680412292480469e-01 -1.628649353981018066e+00 1.403375387191772461e+00 -4.706349372863769531e-01 -7.084783911705017090e-01 -7.355861663818359375e-01 -9.480585455894470215e-01 3.455365300178527832e-01 1.706547141075134277e+00 1.294465184211730957e+00 1.739347577095031738e+00 -2.637500464916229248e-01 -1.580080389976501465e+00 -9.947906136512756348e-01
-1.324714779853820801e+00 1.899464964866638184e+00 1.746423721313476562e+00 -1.983389139175415039e+00 1.040000319480895996e+00 -1.113851666450500488e+00 -7.898156642913818359e-01 -1.662500977516174316e+00 1.439643740653991699e+00 -5.443152189254760742e-01 -6.940385699272155762e-01 -6.770586371421813965e-01 -9.243860244750976562e-01 4.831458330154418945e-01 1.754516005516052246e+00 1.350774765014648438e+00 1.791258692741394043e+00 -3.148607909679412842e-01 -1.551936388015747070e+00 -9.859923720359802246e-01
-1.348129034042358398e+00 1.850566625595092773e+00 1.748631119728088379e+00 -2.055012226104736328e+00 1.115341544151306152e+00 -1.137770891189575195e+00 -7.544432282447814941e-01 -1.688060045242309570e+00 1.482474684715270996e+00 -5.902482867240905762e-01 -6.924031376838684082e-01 -6.417838335037231445e-01 -8.568996191024780273e-01 5.800381898880004883e-01 1.829817175865173340e+00 1.410906195640563965e+00 1.844684004783630371e+00 -3.655083477497100830e-01 -1.517529010772705078e+00 -9.564312696456909180e-01
-1.323136091232299805e+00 1.713336825370788574e+00 1.737308263778686523e+00 -2.093820810317993164e+00 1.220284819602966309e+00 -1.136836647987365723e+00 -6.796464920043945312e-01 -1.705310344696044922e+00 1.515045046806335449e+00 -6.001352071762084961e-01 -6.982308030128479004e-01 -6.473278403282165527e-01 -7.413434386253356934e-01 6.215657591819763184e-01 1.922440767288208008e+00 1.454015970230102539e+00 1.889804601669311523e+00 -4.000852406024932861e-01 -1.462526202201843262e+00 -8.837386369705200195e-01
-1.237476110458374023e+00 1.468245983123779297e+00 1.718241572380065918e+00 -2.054086446762084961e+00 1.373983621597290039e+00 -1.096054792404174805e+00 -5.962417721748352051e-01 -1.691822767257690430e+00 1.570757508277893066e+00 -5.812563300132751465e-01 -7.052890062332153320e-01 -7.220625281333923340e-01 -5.697131156921386719e-01 5.908139944076538086e-01 2.010022878646850586e+00 1.472783207893371582e+00 1.934619188308715820e+00 -3.707134723663330078e-01 -1.390614509582519531e+00 -7.389625310897827148e-01
-1.070855140686035156e+00 1.139783501625061035e+00 1.671555399894714355e+00 -1.922125220298767090e+00 1.516229033470153809e+00 -1.015485882759094238e+00 -4.849630594253540039e-01 -1.618800282478332520e+00 1.603580474853515625e+00 -5.174261331558227539e-01 -7.063120603561401367e-01 -8.364058732986450195e-01 -3.783572614192962646e-01 4.710761308670043945e-01 2.058488607406616211e+00 1.436849594116210938e+00 1.938895702362060547e+00 -2.996497750282287598e-01 -1.299114108085632324e+00 -5.570597052574157715e-01
-9.162280559539794922e-01 8.883655667304992676e-01 1.704336047172546387e+00 -1.771977186203002930e+00 1.648520946502685547e+00 -1.015763878822326660e+00 -4.427676796913146973e-01 -1.578944206237792969e+00 1.639996170997619629e+00 -3.970986902713775635e-01 -7.628073692321777344e-01 -1.012181878089904785e+00 -2.608402073383331299e-01 2.952069044113159180e-01 2.152080535888671875e+00 1.395864367485046387e+00 1.962310314178466797e+00 -2.361683249473571777e-01 -1.290878653526306152e+00 -4.144136607646942139e-01
-7.405261397361755371e-01 7.618792653083801270e-01 1.809791684150695801e+00 -1.588092803955078125e+00 1.817094087600708008e+00 -1.065386056900024414e+00 -4.551586210727691650e-01 -1.571773409843444824e+00 1.742711305618286133e+00 -2.907742261886596680e-01 -8.443163037300109863e-01 -1.228583335876464844e+00 -1.827006191015243530e-01 6.657615303993225098e-04 2.225491762161254883e+00 1.303165078163146973e+00 1.941166520118713379e+00 -1.682783961296081543e-01 -1.334219813346862793e+00 -3.063591122627258301e-01
-5.834379792213439941e-01 7.093307375907897949e-01 1.903777241706848145e+00 -1.426700830459594727e+00 1.919467687606811523e+00 -1.082464933395385742e+00 -4.897381365299224854e-01 -1.528566360473632812e+00 1.816711544990539551e+00 -2.042189538478851318e-01 -9.191725254058837891e-01 -1.388799786567687988e+00 -1.619296967983245850e-01 -2.799546718597412109e-01 2.258013010025024414e+00 1.202074050903320312e+00 1.881410837173461914e+00 -1.162960231304168701e-01 -1.394438982009887695e+00 -2.421331405639648438e-01
-5.260838270187377930e-01 7.308338284492492676e-01 2.013962745666503906e+00 -1.336435198783874512e+00 1.996569395065307617e+00 -1.116187930107116699e+00 -5.335224866867065430e-01 -1.522841691970825195e+00 1.912729501724243164e+00 -1.859943270683288574e-01 -1.002027988433837891e+00 -1.495091795921325684e+00 -1.864831149578094482e-01 -4.331730008125305176e-01 2.277751922607421875e+00 1.129293560981750488e+00 1.867941021919250488e+00 -8.073212206363677979e-02 -1.464016437530517578e+00 -1.957250535488128662e-01
-5.173410773277282715e-01 7.831403613090515137e-01 2.117251873016357422e+00 -1.250152707099914551e+00 2.046562671661376953e+00 -1.143878817558288574e+00 -5.676867365837097168e-01 -1.510018944740295410e+00 1.983902335166931152e+00 -2.145834863185882568e-01 -1.105741024017333984e+00 -1.551446795463562012e+00 -2.294766008853912354e-01 -5.551972985267639160e-01 2.305466175079345703e+00 1.090023636817932129e+00 1.835303664207458496e+00 -4.366126284003257751e-02 -1.527077198028564453e+00 -1.804841756820678711e-01
-5.299950242042541504e-01 8.438873291015625000e-01 2.204073905944824219e+00 -1.181808233261108398e+00 2.073769569396972656e+00 -1.168696284294128418e+00 -6.054253578186035156e-01 -1.503093600273132324e+00 2.022676944732666016e+00 -2.290412783622741699e-01 -1.201764822006225586e+00 -1.592565536499023438e+00 -2.663041949272155762e-01 -6.460748910903930664e-01 2.337825059890747070e+00 1.063802838325500488e+00 1.800282716751098633e+00 -2.314106188714504242e-02 -1.574203014373779297e+00 -1.875474154949188232e-01
-5.583603978157043457e-01 8.838488459587097168e-01 2.295591354370117188e+00 -1.081187963485717773e+00 2.091574907302856445e+00 -1.200680732727050781e+00 -6.482462286949157715e-01 -1.488441109657287598e+00 2.024268627166748047e+00 -2.405567765235900879e-01 -1.293241620063781738e+00 -1.608780503273010254e+00 -2.992556393146514893e-01 -7.089013457298278809e-01 2.349549531936645508e+00 1.048883199691772461e+00 1.742249608039855957e+00 6.479762494564056396e-03 -1.610225081443786621e+00 -2.029146552085876465e-01
-6.144352555274963379e-01 9.320011138916015625e-01 2.405362606048583984e+00 -9.369566440582275391e-01 2.149551630020141602e+00 -1.260357141494750977e+00 -7.313324213027954102e-01 -1.483002901077270508e+00 2.018926143646240234e+00 -2.641316056251525879e-01 -1.368001699447631836e+00 -1.604941368103027344e+00 -3.261450231075286865e-01 -7.246577739715576172e-01 2.340523004531860352e+00 1.068734645843505859e+00 1.690805315971374512e+00 4.496379941701889038e-02 -1.647020220756530762e+00 -2.412443161010742188e-01
-6.812993288040161133e-01 1.002080798149108887e+00 2.476889610290527344e+00 -7.494516372680664062e-01 2.231097459793090820e+00 -1.339704871177673340e+00 -8.536914587020874023e-01 -1.474397540092468262e+00 1.990865111351013184e+00 -2.967996001243591309e-01 -1.414975881576538086e+00 -1.549216747283935547e+00 -3.308711349964141846e-01 -6.870232820510864258e-01 2.296262741088867188e+00 1.074946641921997070e+00 1.596165299415588379e+00 4.501185566186904907e-02 -1.635545015335083008e+00 -2.669814229011535645e-01
-7.349358797073364258e-01 1.073132753372192383e+00 2.454112052917480469e+00 -5.651253461837768555e-01 2.230785846710205078e+00 -1.431709766387939453e+00 -9.417684674263000488e-01 -1.454806685447692871e+00 1.904388308525085449e+00 -3.115629553794860840e-01 -1.389892101287841797e+00 -1.415782809257507324e+00 -3.113839626312255859e-01 -5.817300081253051758e-01 2.179583549499511719e+00 1.037219882011413574e+00 1.434293031692504883e+00 -9.195234626531600952e-03 -1.554422140121459961e+00 -2.859261631965637207e-01
-8.238310217857360840e-01 1.166989564895629883e+00 2.338839054107666016e+00 -4.700781404972076416e-01 2.224545717239379883e+00 -1.495845198631286621e+00 -1.063203096389770508e+00 -1.488343715667724609e+00 1.765549063682556152e+00 -3.058728277683258057e-01 -1.311597466468811035e+00 -1.231916904449462891e+00 -3.188833594322204590e-01 -3.804126977920532227e-01 2.074112892150878906e+00 1.013067126274108887e+00 1.306182265281677246e+00 -1.231715455651283264e-01 -1.454520821571350098e+00 -3.171131610870361328e-01
-8.980888724327087402e-01 1.238287091255187988e+00 2.151418209075927734e+00 -4.075612723827362061e-01 2.171816587448120117e+00 -1.512779951095581055e+00 -1.136867046356201172e+00 -1.505777359008789062e+00 1.618189573287963867e+00 -3.174044191837310791e-01 -1.215220928192138672e+00 -1.033785820007324219e+00 -3.126279413700103760e-01 -1.655595302581787109e-01 1.953394055366516113e+00 9.580005407333374023e-01 1.185774445533752441e+00 -2.412009835243225098e-01 -1.314696311950683594e+00 -3.287026584148406982e-01
-9.702362418174743652e-01 1.335925340652465820e+00 1.959991574287414551e+00 -3.882689476013183594e-01 2.087939023971557617e+00 -1.511391282081604004e+00 -1.176772475242614746e+00 -1.525669574737548828e+00 1.529806852340698242e+00 -3.733123540878295898e-01 -1.141538858413696289e+00 -8.804947137832641602e-01 -2.933129668235778809e-01 1.093433797359466553e-02 1.863881349563598633e+00 8.923777341842651367e-01 1.114071488380432129e+00 -3.447659909725189209e-01 -1.187126755714416504e+00 -3.196972310543060303e-01
-1.045788764953613281e+00 1.428412079811096191e+00 1.794251799583435059e+00 -4.129738807678222656e-01 2.010366916656494141e+00 -1.478192567825317383e+00 -1.206030607223510742e+00 -1.523417711257934570e+00 1.463333964347839355e+00 -4.621915519237518311e-01 -1.079540848731994629e+00 -7.274356484413146973e-01 -2.799561619758605957e-01 1.476566344499588013e-01 1.815373778343200684e+00 8.718025088310241699e-01 1.055457711219787598e+00 -4.277265667915344238e-01 -1.083532333374023438e+00 -3.132590353488922119e-01
-1.146388292312622070e+00 1.585936427116394043e+00 1.673971652984619141e+00 -5.141199827194213867e-01 1.973566770553588867e+00 -1.450665235519409180e+00 -1.254607439041137695e+00 -1.560320973396301270e+00 1.484120607376098633e+00 -5.874279737472534180e-01 -1.018321156501770020e+00 -5.956051349639892578e-01 -3.145362734794616699e-01 2.954048812389373779e-01 1.766629099845886230e+00 8.616245388984680176e-01 1.075998783111572266e+00 -5.049492716789245605e-01 -1.030061602592468262e+00 -3.340022861957550049e-01
-1.215216875076293945e+00 1.809284567832946777e+00 1.633255481719970703e+00 -6.624458432197570801e-01 2.007261276245117188e+00 -1.484131217002868652e+00 -1.288731932640075684e+00 -1.635018587112426758e+00 1.634544968605041504e+00 -7.373552918434143066e-01 -9.785119891166687012e-01 -5.387485623359680176e-01 -3.710367083549499512e-01 3.831647634506225586e-01 1.755701661109924316e+00 8.852632641792297363e-01 1.188700437545776367e+00 -5.769492387771606445e-01 -1.028469324111938477e+00 -3.889323770999908447e-01
-1.248475193977355957e+00 2.010321617126464844e+00 1.571570992469787598e+00 -8.245895504951477051e-01 2.003384590148925781e+00 -1.484054327011108398e+00 -1.290116310119628906e+00 -1.701176881790161133e+00 1.780589580535888672e+00 -8.582394123077392578e-01 -9.446775913238525391e-01 -5.094513297080993652e-01 -4.303416609764099121e-01 4.266840219497680664e-01 1.729075789451599121e+00 8.856589198112487793e-01 1.295892834663391113e+00 -6.319072842597961426e-01 -1.028385043144226074e+00 -4.453125298023223877e-01
-1.240691304206848145e+00 2.169584512710571289e+00 1.485471248626708984e+00 -9.728918671607971191e-01 1.944401502609252930e+00 -1.447254419326782227e+00 -1.255266547203063965e+00 -1.726283311843872070e+00 1.893017888069152832e+00 -9.525823593139648438e-01 -9.003000259399414062e-01 -4.821929931640625000e-01 -4.906842112541198730e-01 4.296489357948303223e-01 1.667317867279052734e+00 8.575462698936462402e-01 1.366760969161987305e+00 -6.673248410224914551e-01 -1.018287777900695801e+00 -4.992851614952087402e-01
-1.221336603164672852e+00 2.267720699310302734e+00 1.436241388320922852e+00 -1.111857295036315918e+00 1.839624166488647461e+00 -1.404157161712646484e+00 -1.200447082519531250e+00 -1.722491741180419922e+00 1.979632258415222168e+00 -1.004596948623657227e+00 -8.549528121948242188e-01 -4.800011813640594482e-01 -5.367617607116699219e-01 3.960374593734741211e-01 1.627094507217407227e+00 8.196554780006408691e-01 1.398343324661254883e+00 -6.885438561439514160e-01 -1.024930119514465332e+00 -5.268735289573669434e-01
-1.176831603050231934e+00 2.282648086547851562e+00 1.418635964393615723e+00 -1.207617521286010742e+00 1.754065990447998047e+00 -1.360910654067993164e+00 -1.124277949333190918e+00 -1.692516565322875977e+00 2.046723365783691406e+00 -1.032853722572326660e+00 -7.945870161056518555e-01 -4.991575479507446289e-01 -5.481003522872924805e-01 3.233962655067443848e-01 1.612438797950744629e+00 8.037585616111755371e-01 1.401697516441345215e+00 -6.618671417236328125e-01 -1.027089715003967285e+00 -5.283559560775756836e-01
-1.085970520973205566e+00 2.230388641357421875e+00 1.395097494125366211e+00 -1.240597367286682129e+00 1.633396387100219727e+00 -1.296294093132019043e+00 -1.030027151107788086e+00 -1.617314934730529785e+00 2.052414178848266602e+00 -1.009539484977722168e+00 -7.309627532958984375e-01 -5.321230888366699219e-01 -5.504653453826904297e-01 2.038783133029937744e-01 1.565749645233154297e+00 7.532429099082946777e-01 1.355925440788269043e+00 -6.094025969505310059e-01 -1.028587460517883301e+00 -5.054366588592529297e-01
-9.607833027839660645e-01 2.140295743942260742e+00 1.391856431961059570e+00 -1.204098105430603027e+00 1.506035327911376953e+00 -1.261496424674987793e+00 -9.654975533485412598e-01 -1.529804110527038574e+00 2.005205392837524414e+00 -9.193012118339538574e-01 -6.723703742027282715e-01 -5.896309614181518555e-01 -5.267108082771301270e-01 3.857788071036338806e-02 1.513999700546264648e+00 6.944850683212280273e-01 1.274970173835754395e+00 -5.386947989463806152e-01 -1.045879840850830078e+00 -4.666704833507537842e-01
-7.980121374130249023e-01 2.002734184265136719e+00 1.401443123817443848e+00 -1.102581739425659180e+00 1.373594880104064941e+00 -1.236155033111572266e+00 -8.836497664451599121e-01 -1.418830513954162598e+00 1.922073721885681152e+00 -7.759863138198852539e-01 -6.315648555755615234e-01 -6.762512922286987305e-01 -5.032982230186462402e-01 -1.562840193510055542e-01 1.456774473190307617e+00 6.048741340637207031e-01 1.176480650901794434e+00 -4.696198999881744385e-01 -1.070848584175109863e+00 -4.059125483036041260e-01
-6.319708824157714844e-01 1.907415866851806641e+00 1.502357363700866699e+00 -9.945262670516967773e-01 1.400928378105163574e+00 -1.280667066574096680e+00 -8.280844092369079590e-01 -1.358893036842346191e+00 1.931199908256530762e+00 -6.439266204833984375e-01 -6.661695241928100586e-01 -8.403625488281250000e-01 -4.621471166610717773e-01 -3.762285709381103516e-01 1.498208522796630859e+00 5.749630331993103027e-01 1.163219571113586426e+00 -4.222954511642456055e-01 -1.146333098411560059e+00 -3.539185822010040283e-01
-5.290890336036682129e-01 1.779271841049194336e+00 1.682478070259094238e+00 -9.139773845672607422e-01 1.518485665321350098e+00 -1.335157871246337891e+00 -8.618068099021911621e-01 -1.347820758819580078e+00 1.935251832008361816e+00 -4.764681160449981689e-01 -7.681961059570312500e-01 -1.041462182998657227e+00 -4.221260249614715576e-01 -5.387742519378662109e-01 1.630091428756713867e+00 5.875453352928161621e-01 1.200908660888671875e+00 -3.708047866821289062e-01 -1.275726795196533203e+00 -2.703916728496551514e-01
-5.092868804931640625e-01 1.632659792900085449e+00 1.835368752479553223e+00 -8.377257585525512695e-01 1.681354522705078125e+00 -1.381915092468261719e+00 -9.062781333923339844e-01 -1.388461351394653320e+00 1.952998399734497070e+00 -3.413267433643341064e-01 -8.709926605224609375e-01 -1.238893985748291016e+00 -3.810019195079803467e-01 -6.199728250503540039e-01 1.763600111007690430e+00 6.290779113769531250e-01 1.299450039863586426e+00 -3.456479012966156006e-01 -1.390708565711975098e+00 -1.658026278018951416e-01
-5.632910728454589844e-01 1.481363773345947266e+00 1.985383272171020508e+00 -7.184016108512878418e-01 1.917584300041198730e+00 -1.452837228775024414e+00 -1.037194609642028809e+00 -1.430778026580810547e+00 1.955454111099243164e+00 -2.696455419063568115e-01 -9.373077154159545898e-01 -1.336472630500793457e+00 -2.769118547439575195e-01 -5.707119107246398926e-01 1.883967518806457520e+00 7.254935503005981445e-01 1.364632010459899902e+00 -3.036302030086517334e-01 -1.420440077781677246e+00 -5.430517345666885376e-02
-6.577896475791931152e-01 1.357741117477416992e+00 2.043860912322998047e+00 -6.034528613090515137e-01 2.019456386566162109e+00 -1.470527648925781250e+00 -1.161457419395446777e+00 -1.450362324714660645e+00 1.863641738891601562e+00 -2.321773469448089600e-01 -9.499052762985229492e-01 -1.345729827880859375e+00 -1.765217036008834839e-01 -4.882851839065551758e-01 1.928324341773986816e+00 7.974274754524230957e-01 1.340865612030029297e+00 -2.760502696037292480e-01 -1.387882828712463379e+00 3.192114457488059998e-02
-7.598813772201538086e-01 1.163683533668518066e+00 1.980381011962890625e+00 -5.346689224243164062e-01 1.956514477729797363e+00 -1.468207359313964844e+00 -1.181178212165832520e+00 -1.422745943069458008e+00 1.653023004531860352e+00 -2.002820968627929688e-01 -9.235977530479431152e-01 -1.219850897789001465e+00 -1.018299013376235962e-01 -2.679784297943115234e-01 1.882207393646240234e+00 8.481855392456054688e-01 1.256566882133483887e+00 -2.762197554111480713e-01 -1.279765725135803223e+00 9.546260535717010498e-02
-8.923217654228210449e-01 9.865593910217285156e-01 1.768838047981262207e+00 -5.055344104766845703e-01 1.881228208541870117e+00 -1.340420484542846680e+00 -1.177042484283447266e+00 -1.376293659210205078e+00 1.378604054450988770e+00 -2.500184476375579834e-01 -9.001752138137817383e-01 -9.701184630393981934e-01 -9.158822894096374512e-02 6.161158159375190735e-02 1.786174774169921875e+00 9.280669093132019043e-01 1.177992582321166992e+00 -2.977204322814941406e-01 -1.123257994651794434e+00 9.175856411457061768e-02
-1.017361283302307129e+00 9.162712097167968750e-01 1.551800370216369629e+00 -5.757535099983215332e-01 1.757239937782287598e+00 -1.185151696205139160e+00 -1.145345807075500488e+00 -1.274321675300598145e+00 1.174611210823059082e+00 -4.033816456794738770e-01 -8.777009248733520508e-01 -6.158543825149536133e-01 -1.411700397729873657e-01 4.391381144523620605e-01 1.626081824302673340e+00 9.999953508377075195e-01 1.103302597999572754e+00 -2.889908552169799805e-01 -9.469903707504272461e-01 -1.263296231627464294e-02
-1.139184117317199707e+00 9.960089325904846191e-01 1.412757754325866699e+00 -7.584775090217590332e-01 1.722160100936889648e+00 -1.134197950363159180e+00 -1.126254320144653320e+00 -1.301629781723022461e+00 1.139316320419311523e+00 -5.402578115463256836e-01 -8.691425323486328125e-01 -4.266604483127593994e-01 -1.980188041925430298e-01 7.029123902320861816e-01 1.580433607101440430e+00 1.121250748634338379e+00 1.210157752037048340e+00 -3.179006576538085938e-01 -8.650150895118713379e-01 -1.790803372859954834e-01
-1.232490062713623047e+00 1.128390669822692871e+00 1.361735463142395020e+00 -9.199554324150085449e-01 1.706036329269409180e+00 -1.130898714065551758e+00 -1.128189563751220703e+00 -1.377917051315307617e+00 1.182544708251953125e+00 -6.448864936828613281e-01 -8.618393540382385254e-01 -3.847646415233612061e-01 -2.472787201404571533e-01 7.819380164146423340e-01 1.612741947174072266e+00 1.209972977638244629e+00 1.338423848152160645e+00 -3.365344703197479248e-01 -8.668664097785949707e-01 -2.867547273635864258e-01
-1.281799793243408203e+00 1.203133940696716309e+00 1.328207254409790039e+00 -9.969493150711059570e-01 1.696032643318176270e+00 -1.125338196754455566e+00 -1.117954611778259277e+00 -1.424107789993286133e+00 1.218891263008117676e+00 -7.138211727142333984e-01 -8.606214523315429688e-01 -3.716608583927154541e-01 -2.657434940338134766e-01 7.854033708572387695e-01 1.646763563156127930e+00 1.254864215850830078e+00 1.400314450263977051e+00 -3.440209627151489258e-01 -8.610343933105468750e-01 -3.461413383483886719e-01
-1.273400783538818359e+00 1.218547463417053223e+00 1.297119379043579102e+00 -9.954395890235900879e-01 1.738056659698486328e+00 -1.099755287170410156e+00 -1.091406941413879395e+00 -1.449711680412292480e+00 1.287116289138793945e+00 -7.527745366096496582e-01 -8.753403425216674805e-01 -4.052831828594207764e-01 -2.342838048934936523e-01 7.094756364822387695e-01 1.694578647613525391e+00 1.278460383415222168e+00 1.428714394569396973e+00 -3.548682630062103271e-01 -8.514244556427001953e-01 -3.641374707221984863e-01
-1.212770462036132812e+00 1.172470927238464355e+00 1.275186657905578613e+00 -9.031032323837280273e-01 1.812592864036560059e+00 -1.071419835090637207e+00 -1.055984735488891602e+00 -1.439127922058105469e+00 1.361267209053039551e+00 -7.618185281753540039e-01 -8.964427709579467773e-01 -4.619392752647399902e-01 -1.684402227401733398e-01 5.677508711814880371e-01 1.744663000106811523e+00 1.261747837066650391e+00 1.404291391372680664e+00 -3.593876659870147705e-01 -8.288071155548095703e-01 -3.356201350688934326e-01
-1.076869130134582520e+00 1.111646890640258789e+00 1.292207479476928711e+00 -7.382289767265319824e-01 1.959365844726562500e+00 -1.076584219932556152e+00 -1.009690642356872559e+00 -1.434692263603210449e+00 1.498300313949584961e+00 -7.214988470077514648e-01 -9.259872436523437500e-01 -5.952249765396118164e-01 -5.572022125124931335e-02 3.125850558280944824e-01 1.833502531051635742e+00 1.188877344131469727e+00 1.348781585693359375e+00 -3.705604374408721924e-01 -8.132206201553344727e-01 -2.666721045970916748e-01
-8.780616521835327148e-01 1.103305935859680176e+00 1.419490575790405273e+00 -5.792204141616821289e-01 2.199740648269653320e+00 -1.153189778327941895e+00 -9.906009435653686523e-01 -1.442183494567871094e+00 1.764696240425109863e+00 -6.544688344001770020e-01 -9.704969525337219238e-01 -8.051914572715759277e-01 5.364897847175598145e-02 6.016865372657775879e-04 1.934865474700927734e+00 1.095614194869995117e+00 1.325111031532287598e+00 -3.768397867679595947e-01 -8.519889116287231445e-01 -1.966177821159362793e-01
-7.221436500549316406e-01 1.165776848793029785e+00 1.539752364158630371e+00 -5.062963962554931641e-01 2.365130424499511719e+00 -1.244183540344238281e+00 -1.002300024032592773e+00 -1.456580162048339844e+00 1.992684960365295410e+00 -5.712346434593200684e-01 -9.896942377090454102e-01 -9.871626496315002441e-01 1.056178957223892212e-01 -2.062226980924606323e-01 1.992988944053649902e+00 9.922444820404052734e-01 1.334230542182922363e+00 -4.090613424777984619e-01 -9.045193195343017578e-01 -1.480227112770080566e-01
-6.229307651519775391e-01 1.283428549766540527e+00 1.629488229751586914e+00 -5.030596852302551270e-01 2.445859193801879883e+00 -1.329870104789733887e+00 -1.036123991012573242e+00 -1.461581230163574219e+00 2.144836664199829102e+00 -5.225641727447509766e-01 -9.835403561592102051e-01 -1.077119469642639160e+00 1.193803846836090088e-01 -3.158907294273376465e-01 2.033100128173828125e+00 9.419469237327575684e-01 1.346525549888610840e+00 -4.536757469177246094e-01 -9.471194148063659668e-01 -1.558158099651336670e-01
-5.826327204704284668e-01 1.417577266693115234e+00 1.684888958930969238e+00 -5.184205770492553711e-01 2.476736783981323242e+00 -1.387511491775512695e+00 -1.089790582656860352e+00 -1.474387288093566895e+00 2.228071212768554688e+00 -5.067875385284423828e-01 -9.596566557884216309e-01 -1.115679740905761719e+00 8.725994825363159180e-02 -3.671358823776245117e-01 2.050283908843994141e+00 9.049150943756103516e-01 1.359037637710571289e+00 -4.916263818740844727e-01 -9.906484484672546387e-01 -1.666696667671203613e-01
-5.881985425949096680e-01 1.572111129760742188e+00 1.693689107894897461e+00 -5.490699410438537598e-01 2.469332218170166016e+00 -1.416633367538452148e+00 -1.149685502052307129e+00 -1.496943473815917969e+00 2.274120807647705078e+00 -5.191028714179992676e-01 -9.381281733512878418e-01 -1.106601119041442871e+00 2.050399035215377808e-02 -3.706268668174743652e-01 2.029912233352661133e+00 8.631880283355712891e-01 1.365373611450195312e+00 -5.284922122955322266e-01 -1.028302788734436035e+00 -2.032159566879272461e-01
