-1.203103065490722656e+00 1.743425488471984863e+00 2.027631282806396484e+00 -7.074608206748962402e-01 1.608030080795288086e+00 -1.252371191978454590e+00 -1.158684372901916504e+00 -1.631521224975585938e+00 1.623500823974609375e+00 -5.148762464523315430e-01 -1.210215091705322266e+00 -1.372290849685668945e+00 -7.250674962997436523e-01 -4.852102994918823242e-01 1.942296385765075684e+00 7.984152436256408691e-01 1.376439332962036133e+00 -2.841740846633911133e-01 -1.706794142723083496e+00 -1.436909139156341553e-01
-1.149332404136657715e+00 1.663507819175720215e+00 2.136839866638183594e+00 -6.522866487503051758e-01 1.733205080032348633e+00 -1.178996324539184570e+00 -1.263945817947387695e+00 -1.337283849716186523e+00 1.668283581733703613e+00 -6.745526790618896484e-01 -1.127336502075195312e+00 -1.216743469238281250e+00 -8.082683086395263672e-01 -5.394917726516723633e-01 2.065521955490112305e+00 9.685100317001342773e-01 1.285251975059509277e+00 -2.120085954666137695e-01 -1.667296528816223145e+00 -9.984482824802398682e-02
-1.092721939086914062e+00 1.613759517669677734e+00 2.164752244949340820e+00 -6.207007765769958496e-01 1.913318157196044922e+00 -1.172474622726440430e+00 -1.395053625106811523e+00 -1.069236993789672852e+00 1.689489126205444336e+00 -8.725311756134033203e-01 -9.616739153861999512e-01 -8.979910016059875488e-01 -7.305992841720581055e-01 -4.243533313274383545e-01 2.173608779907226562e+00 1.204828858375549316e+00 1.157576322555541992e+00 -1.670546978712081909e-01 -1.471867203712463379e+00 -1.212843954563140869e-01
-1.115225195884704590e+00 1.635802984237670898e+00 2.126745939254760742e+00 -6.740271449089050293e-01 1.996535181999206543e+00 -1.212852001190185547e+00 -1.533011913299560547e+00 -9.482033848762512207e-01 1.731032252311706543e+00 -1.017770767211914062e+00 -8.293529748916625977e-01 -6.494144201278686523e-01 -6.271418333053588867e-01 -2.290413379669189453e-01 2.229919672012329102e+00 1.393422722816467285e+00 1.130469679832458496e+00 -1.650886535644531250e-01 -1.321365475654602051e+00 -1.255428344011306763e-01
-1.189572572708129883e+00 1.731634020805358887e+00 2.068750143051147461e+00 -7.772890925407409668e-01 2.013974666595458984e+00 -1.265673756599426270e+00 -1.627490520477294922e+00 -9.308369755744934082e-01 1.784716963768005371e+00 -1.147519350051879883e+00 -7.296403646469116211e-01 -4.317297935485839844e-01 -5.541987419128417969e-01 5.576344579458236694e-02 2.191751241683959961e+00 1.503392696380615234e+00 1.152082800865173340e+00 -1.919434666633605957e-01 -1.189885377883911133e+00 -1.573766469955444336e-01
-1.256677031517028809e+00 1.860217094421386719e+00 1.938310265541076660e+00 -8.831849098205566406e-01 1.920213222503662109e+00 -1.293553113937377930e+00 -1.646166682243347168e+00 -9.388847947120666504e-01 1.775566697120666504e+00 -1.253419637680053711e+00 -6.337127089500427246e-01 -2.182509750127792358e-01 -5.106031298637390137e-01 3.640190958976745605e-01 2.038203716278076172e+00 1.495969176292419434e+00 1.149125099182128906e+00 -2.393549382686614990e-01 -1.044164180755615234e+00 -2.023976594209671021e-01
-1.306671261787414551e+00 2.068017959594726562e+00 1.801050782203674316e+00 -1.077223181724548340e+00 1.802463650703430176e+00 -1.361938238143920898e+00 -1.567804932594299316e+00 -1.079187154769897461e+00 1.823564052581787109e+00 -1.299449682235717773e+00 -5.715138912200927734e-01 -1.429911851882934570e-01 -5.014917254447937012e-01 5.722575783729553223e-01 1.897171497344970703e+00 1.444637298583984375e+00 1.231074213981628418e+00 -3.478296995162963867e-01 -9.780712127685546875e-01 -3.056174814701080322e-01
-1.352159142494201660e+00 2.170428037643432617e+00 1.666264414787292480e+00 -1.243211627006530762e+00 1.672144055366516113e+00 -1.412371158599853516e+00 -1.403537034988403320e+00 -1.277761936187744141e+00 1.825848579406738281e+00 -1.278144836425781250e+00 -5.762095451354980469e-01 -1.501512229442596436e-01 -4.855518341064453125e-01 6.898864507675170898e-01 1.775421142578125000e+00 1.335886359214782715e+00 1.296534538269042969e+00 -4.674512147903442383e-01 -9.425422549247741699e-01 -3.881335258483886719e-01
-1.320424318313598633e+00 2.223940849304199219e+00 1.517226815223693848e+00 -1.376994013786315918e+00 1.556180000305175781e+00 -1.433835387229919434e+00 -1.181179046630859375e+00 -1.491580963134765625e+00 1.800315499305725098e+00 -1.191444158554077148e+00 -6.094498634338378906e-01 -2.040822803974151611e-01 -4.779675006866455078e-01 6.918430328369140625e-01 1.660812497138977051e+00 1.167964100837707520e+00 1.344294071197509766e+00 -5.902113318443298340e-01 -9.284231662750244141e-01 -4.874118268489837646e-01
-1.289321780204772949e+00 2.202347278594970703e+00 1.412958264350891113e+00 -1.475404024124145508e+00 1.499897122383117676e+00 -1.426223516464233398e+00 -9.880153536796569824e-01 -1.695303201675415039e+00 1.774201393127441406e+00 -1.044545769691467285e+00 -6.546122431755065918e-01 -3.227981626987457275e-01 -4.586961269378662109e-01 6.525397896766662598e-01 1.602272748947143555e+00 1.037502169609069824e+00 1.423736214637756348e+00 -6.528339982032775879e-01 -9.558593630790710449e-01 -5.697430968284606934e-01
-1.236232399940490723e+00 2.096108675003051758e+00 1.340738296508789062e+00 -1.529141187667846680e+00 1.414517879486083984e+00 -1.351010680198669434e+00 -8.127177357673645020e-01 -1.857440471649169922e+00 1.706054210662841797e+00 -8.215693235397338867e-01 -7.368648052215576172e-01 -5.109766721725463867e-01 -4.839823246002197266e-01 5.539383292198181152e-01 1.515841007232666016e+00 9.056261181831359863e-01 1.513102054595947266e+00 -6.520895361900329590e-01 -1.061941385269165039e+00 -6.427938938140869141e-01
-1.154759645462036133e+00 1.886704087257385254e+00 1.298034310340881348e+00 -1.532093763351440430e+00 1.330709576606750488e+00 -1.251131653785705566e+00 -6.706307530403137207e-01 -1.982347011566162109e+00 1.603023290634155273e+00 -5.449330806732177734e-01 -8.786680698394775391e-01 -7.534881234169006348e-01 -5.029994845390319824e-01 4.064336717128753662e-01 1.428983807563781738e+00 7.728505730628967285e-01 1.594533085823059082e+00 -5.680948495864868164e-01 -1.199554562568664551e+00 -6.684047579765319824e-01
-1.046571135520935059e+00 1.613549470901489258e+00 1.278017282485961914e+00 -1.537222743034362793e+00 1.273163318634033203e+00 -1.077810883522033691e+00 -5.830884575843811035e-01 -2.010698795318603516e+00 1.514969229698181152e+00 -2.882755398750305176e-01 -9.797530174255371094e-01 -9.792598485946655273e-01 -5.311335325241088867e-01 2.494051754474639893e-01 1.395338416099548340e+00 7.186174988746643066e-01 1.678889989852905273e+00 -4.364643394947052002e-01 -1.337005615234375000e+00 -6.543763279914855957e-01
-9.562840461730957031e-01 1.291712164878845215e+00 1.400089621543884277e+00 -1.539840459823608398e+00 1.391351699829101562e+00 -9.299263358116149902e-01 -5.397068858146667480e-01 -1.975769758224487305e+00 1.540427803993225098e+00 -1.502823233604431152e-01 -1.076274633407592773e+00 -1.168022155761718750e+00 -5.919974446296691895e-01 9.386065602302551270e-02 1.527189016342163086e+00 8.389835357666015625e-01 1.807934999465942383e+00 -2.701282501220703125e-01 -1.491088986396789551e+00 -6.351640820503234863e-01
-8.790577650070190430e-01 1.047790765762329102e+00 1.559094309806823730e+00 -1.539416909217834473e+00 1.591443896293640137e+00 -8.310135602951049805e-01 -5.134033560752868652e-01 -1.866992950439453125e+00 1.619001626968383789e+00 -1.192466169595718384e-01 -1.161033749580383301e+00 -1.290811061859130859e+00 -6.159910559654235840e-01 -4.074409604072570801e-02 1.732555270195007324e+00 9.798367619514465332e-01 1.905411362648010254e+00 -1.765345633029937744e-01 -1.578585147857666016e+00 -6.116738319396972656e-01
-8.211035132408142090e-01 9.066336154937744141e-01 1.683174729347229004e+00 -1.510692596435546875e+00 1.752675414085388184e+00 -7.254840135574340820e-01 -5.687811374664306641e-01 -1.688366413116455078e+00 1.646314382553100586e+00 -1.855354905128479004e-01 -1.138957142829895020e+00 -1.261733293533325195e+00 -6.060603260993957520e-01 -1.358023583889007568e-01 1.903938293457031250e+00 1.145248293876647949e+00 1.887737274169921875e+00 -8.918626606464385986e-02 -1.578546404838562012e+00 -6.117841601371765137e-01
-7.796951532363891602e-01 7.845393419265747070e-01 1.765449643135070801e+00 -1.438309550285339355e+00 1.951629161834716797e+00 -6.567076444625854492e-01 -7.119436860084533691e-01 -1.473855972290039062e+00 1.657615065574645996e+00 -2.860750555992126465e-01 -1.036673307418823242e+00 -1.142291784286499023e+00 -5.353968143463134766e-01 -1.419448852539062500e-01 2.046987056732177734e+00 1.340799927711486816e+00 1.827203035354614258e+00 -1.985561102628707886e-03 -1.494716525077819824e+00 -5.803775787353515625e-01
-7.557026147842407227e-01 7.601815462112426758e-01 1.819244861602783203e+00 -1.404009103775024414e+00 2.126690626144409180e+00 -6.244687438011169434e-01 -8.825102448463439941e-01 -1.291738748550415039e+00 1.673452615737915039e+00 -4.098240137100219727e-01 -9.166628718376159668e-01 -9.676229357719421387e-01 -4.451096951961517334e-01 -1.075599864125251770e-01 2.158326864242553711e+00 1.516688346862792969e+00 1.741821765899658203e+00 3.534161299467086792e-02 -1.396718740463256836e+00 -5.721817016601562500e-01
-7.593899369239807129e-01 8.217471837997436523e-01 1.866325855255126953e+00 -1.411262631416320801e+00 2.276074647903442383e+00 -6.533481478691101074e-01 -1.042228221893310547e+00 -1.190673351287841797e+00 1.748049378395080566e+00 -5.253584384918212891e-01 -8.299071788787841797e-01 -8.258647322654724121e-01 -3.986291587352752686e-01 -4.600577801465988159e-02 2.241939306259155273e+00 1.653823971748352051e+00 1.720877289772033691e+00 4.308166354894638062e-02 -1.329873681068420410e+00 -5.819060802459716797e-01
-7.599997520446777344e-01 9.181910753250122070e-01 1.892783045768737793e+00 -1.439496517181396484e+00 2.376509666442871094e+00 -7.098731994628906250e-01 -1.184604644775390625e+00 -1.108824014663696289e+00 1.825726032257080078e+00 -6.216808557510375977e-01 -7.528454065322875977e-01 -6.971458196640014648e-01 -3.729439079761505127e-01 2.071550115942955017e-02 2.296305894851684570e+00 1.746848940849304199e+00 1.712703108787536621e+00 3.256402909755706787e-02 -1.272511601448059082e+00 -5.863057971000671387e-01
-7.596168518066406250e-01 1.019910931587219238e+00 1.896150350570678711e+00 -1.470334172248840332e+00 2.436957597732543945e+00 -7.796464562416076660e-01 -1.307199954986572266e+00 -1.050823926925659180e+00 1.895602464675903320e+00 -6.898612976074218750e-01 -6.837114095687866211e-01 -5.810567736625671387e-01 -3.503403067588806152e-01 8.380194753408432007e-02 2.335255384445190430e+00 1.806864142417907715e+00 1.692492723464965820e+00 6.381653249263763428e-03 -1.206230401992797852e+00 -5.792120099067687988e-01
-7.425101995468139648e-01 1.130286216735839844e+00 1.900169372558593750e+00 -1.486451268196105957e+00 2.474038839340209961e+00 -8.515914678573608398e-01 -1.413445234298706055e+00 -9.998778700828552246e-01 1.970876693725585938e+00 -7.470048666000366211e-01 -6.112000942230224609e-01 -4.923205673694610596e-01 -3.400349020957946777e-01 1.263141185045242310e-01 2.339036941528320312e+00 1.830818891525268555e+00 1.672112584114074707e+00 -1.465614140033721924e-02 -1.153718113899230957e+00 -5.661492943763732910e-01
-7.013567686080932617e-01 1.242091655731201172e+00 1.898762702941894531e+00 -1.493087291717529297e+00 2.482581853866577148e+00 -9.252101778984069824e-01 -1.501503348350524902e+00 -9.494640827178955078e-01 2.042479991912841797e+00 -7.828119993209838867e-01 -5.314728617668151855e-01 -4.261398315429687500e-01 -3.398571312427520752e-01 1.450387835502624512e-01 2.312812089920043945e+00 1.819658160209655762e+00 1.648529529571533203e+00 -3.717119991779327393e-02 -1.112227797508239746e+00 -5.463175177574157715e-01
-6.331247091293334961e-01 1.348645091056823730e+00 1.883897066116333008e+00 -1.483729481697082520e+00 2.448685407638549805e+00 -1.000120639801025391e+00 -1.568538904190063477e+00 -8.972186446189880371e-01 2.097840070724487305e+00 -7.869702577590942383e-01 -4.349715113639831543e-01 -3.869436383247375488e-01 -3.526128232479095459e-01 1.325822472572326660e-01 2.253384828567504883e+00 1.766560196876525879e+00 1.608389616012573242e+00 -6.762020289897918701e-02 -1.080036044120788574e+00 -5.141151547431945801e-01
-5.206471085548400879e-01 1.441900014877319336e+00 1.854700446128845215e+00 -1.461159825325012207e+00 2.365530014038085938e+00 -1.093330264091491699e+00 -1.592496752738952637e+00 -8.759108185768127441e-01 2.132396936416625977e+00 -7.204642295837402344e-01 -3.301802873611450195e-01 -3.987964093685150146e-01 -3.606744110584259033e-01 6.857783347368240356e-02 2.155483007431030273e+00 1.643866062164306641e+00 1.554601907730102539e+00 -1.260037273168563843e-01 -1.069123148918151855e+00 -4.696916639804840088e-01
-4.047620296478271484e-01 1.540978789329528809e+00 1.767754554748535156e+00 -1.429396510124206543e+00 2.206200599670410156e+00 -1.247206091880798340e+00 -1.457949995994567871e+00 -9.991044402122497559e-01 2.084469079971313477e+00 -5.565862059593200684e-01 -2.954934835433959961e-01 -4.772749841213226318e-01 -3.272795975208282471e-01 -6.473577767610549927e-02 2.047501325607299805e+00 1.358048796653747559e+00 1.464296817779541016e+00 -2.735720276832580566e-01 -1.037877202033996582e+00 -4.341405630111694336e-01
-3.586093783378601074e-01 1.532565474510192871e+00 1.656385540962219238e+00 -1.350831508636474609e+00 1.943618416786193848e+00 -1.378993034362792969e+00 -1.202542304992675781e+00 -1.260648250579833984e+00 1.963913202285766602e+00 -2.935093641281127930e-01 -3.516154289245605469e-01 -7.956517934799194336e-01 -2.776449322700500488e-01 -2.127716243267059326e-01 1.928184747695922852e+00 1.011718511581420898e+00 1.472002387046813965e+00 -4.136006236076354980e-01 -1.103391766548156738e+00 -2.822161018848419189e-01
-4.339977204799652100e-01 1.418249011039733887e+00 1.660340547561645508e+00 -1.301961541175842285e+00 1.631875753402709961e+00 -1.485933303833007812e+00 -1.005517244338989258e+00 -1.549352169036865234e+00 1.832558870315551758e+00 -1.002527773380279541e-02 -4.867680668830871582e-01 -1.233627557754516602e+00 -2.000455260276794434e-01 -2.417211234569549561e-01 1.830371499061584473e+00 8.324024677276611328e-01 1.625520825386047363e+00 -4.767944514751434326e-01 -1.334332346916198730e+00 -8.393731713294982910e-02
-5.466455817222595215e-01 1.217429041862487793e+00 1.749278306961059570e+00 -1.258696436882019043e+00 1.498061060905456543e+00 -1.502109169960021973e+00 -8.458616733551025391e-01 -1.745478153228759766e+00 1.729189395904541016e+00 1.509648561477661133e-01 -6.916427612304687500e-01 -1.508565425872802734e+00 -1.464956849813461304e-01 -2.493509650230407715e-01 1.848851919174194336e+00 8.021653890609741211e-01 1.729275226593017578e+00 -4.261793792247772217e-01 -1.480369210243225098e+00 -3.551077097654342651e-03
-6.018901467323303223e-01 1.039029717445373535e+00 1.812664747238159180e+00 -1.256871104240417480e+00 1.496214509010314941e+00 -1.474729180335998535e+00 -7.135232686996459961e-01 -1.824438571929931641e+00 1.703661799430847168e+00 2.047761976718902588e-01 -8.689666390419006348e-01 -1.614689588546752930e+00 -1.058085560798645020e-01 -2.517093420028686523e-01 1.899930715560913086e+00 8.138302564620971680e-01 1.782438158988952637e+00 -3.536480069160461426e-01 -1.514813661575317383e+00 -1.169756799936294556e-02
-6.326793432235717773e-01 8.383183479309082031e-01 1.828104972839355469e+00 -1.260713338851928711e+00 1.535446405410766602e+00 -1.399141788482666016e+00 -6.236145496368408203e-01 -1.833609819412231445e+00 1.686868667602539062e+00 2.236401736736297607e-01 -9.673806428909301758e-01 -1.663275480270385742e+00 -6.399884074926376343e-02 -2.290157675743103027e-01 1.946790337562561035e+00 8.628643751144409180e-01 1.837781310081481934e+00 -2.826102077960968018e-01 -1.509086251258850098e+00 -6.197098642587661743e-03
-6.512097716331481934e-01 6.658726930618286133e-01 1.827894330024719238e+00 -1.270120143890380859e+00 1.610458731651306152e+00 -1.306917309761047363e+00 -6.060875654220581055e-01 -1.793122529983520508e+00 1.688658595085144043e+00 2.045770287513732910e-01 -9.999091625213623047e-01 -1.667725324630737305e+00 -2.689117193222045898e-02 -2.001199126243591309e-01 2.013633489608764648e+00 9.540164470672607422e-01 1.888096809387207031e+00 -2.133468985557556152e-01 -1.480625629425048828e+00 3.099573776125907898e-03
-6.721625924110412598e-01 5.559399127960205078e-01 1.836778879165649414e+00 -1.268963932991027832e+00 1.742216348648071289e+00 -1.225730657577514648e+00 -6.629149317741394043e-01 -1.731606483459472656e+00 1.700530767440795898e+00 1.543245017528533936e-01 -9.856293797492980957e-01 -1.623189449310302734e+00 2.199973538517951965e-02 -1.557387411594390869e-01 2.107703208923339844e+00 1.074994444847106934e+00 1.915996432304382324e+00 -1.720303595066070557e-01 -1.434166789054870605e+00 -5.524653941392898560e-03
-6.873558163642883301e-01 4.489046037197113037e-01 1.830458641052246094e+00 -1.220335483551025391e+00 1.897723913192749023e+00 -1.118390917778015137e+00 -7.764956951141357422e-01 -1.609267473220825195e+00 1.690452337265014648e+00 7.580332458019256592e-02 -9.058750867843627930e-01 -1.524240493774414062e+00 6.940226256847381592e-02 -9.902975708246231079e-02 2.183953762054443359e+00 1.222767114639282227e+00 1.910950899124145508e+00 -1.231847703456878662e-01 -1.363026738166809082e+00 -1.202669739723205566e-02
-7.185257673263549805e-01 3.722995817661285400e-01 1.800290942192077637e+00 -1.146618485450744629e+00 2.122140407562255859e+00 -9.394263625144958496e-01 -9.848748445510864258e-01 -1.385062217712402344e+00 1.684431433677673340e+00 -1.065761521458625793e-01 -7.817642688751220703e-01 -1.349499225616455078e+00 6.226983666419982910e-02 -2.817460149526596069e-02 2.268008470535278320e+00 1.427068710327148438e+00 1.889301657676696777e+00 -4.772585630416870117e-02 -1.280406355857849121e+00 2.892427332699298859e-02
-7.414885163307189941e-01 4.854855239391326904e-01 1.790905356407165527e+00 -1.142467260360717773e+00 2.330007791519165039e+00 -8.082838058471679688e-01 -1.285457372665405273e+00 -1.099699020385742188e+00 1.744885563850402832e+00 -3.822537660598754883e-01 -5.995629429817199707e-01 -1.034659743309020996e+00 -5.660124123096466064e-03 4.317944496870040894e-02 2.345263957977294922e+00 1.682899475097656250e+00 1.791690468788146973e+00 9.275060147047042847e-03 -1.181433439254760742e+00 9.279400110244750977e-04
-7.489999532699584961e-01 8.292475938796997070e-01 1.783432006835937500e+00 -1.123437881469726562e+00 2.417706966400146484e+00 -8.022897839546203613e-01 -1.617121934890747070e+00 -8.515712618827819824e-01 1.892666220664978027e+00 -6.595394611358642578e-01 -5.146144032478332520e-01 -7.143025994300842285e-01 -1.624240577220916748e-01 4.390580952167510986e-02 2.283648967742919922e+00 1.764880895614624023e+00 1.643482208251953125e+00 8.029209822416305542e-02 -1.107876896858215332e+00 -5.867466703057289124e-02
-8.150407671928405762e-01 1.373546600341796875e+00 1.865332007408142090e+00 -1.075784921646118164e+00 2.449879407882690430e+00 -9.326821565628051758e-01 -1.822487592697143555e+00 -7.733858823776245117e-01 2.088263273239135742e+00 -9.520367383956909180e-01 -5.469264984130859375e-01 -4.861254394054412842e-01 -3.517378568649291992e-01 6.210670992732048035e-02 2.170606136322021484e+00 1.705750107765197754e+00 1.504355430603027344e+00 5.351787805557250977e-02 -1.119444966316223145e+00 -1.854591220617294312e-01
-9.506092667579650879e-01 1.874369502067565918e+00 1.888965368270874023e+00 -9.939662814140319824e-01 2.304716110229492188e+00 -1.088658809661865234e+00 -1.882962703704833984e+00 -8.510867357254028320e-01 2.118370056152343750e+00 -1.149492740631103516e+00 -5.970888137817382812e-01 -3.594236075878143311e-01 -5.080045461654663086e-01 7.401596754789352417e-02 2.013395071029663086e+00 1.533086299896240234e+00 1.337757229804992676e+00 -4.863668978214263916e-02 -1.132957935333251953e+00 -2.967574298381805420e-01
-1.046183466911315918e+00 2.088000774383544922e+00 1.848096609115600586e+00 -9.371291995048522949e-01 2.133509874343872070e+00 -1.185472726821899414e+00 -1.813231825828552246e+00 -9.935928583145141602e-01 2.039959430694580078e+00 -1.195698380470275879e+00 -6.623887419700622559e-01 -3.255913257598876953e-01 -5.924944281578063965e-01 8.090025186538696289e-02 1.903347134590148926e+00 1.364088177680969238e+00 1.222170114517211914e+00 -1.681679487228393555e-01 -1.137759804725646973e+00 -3.514143526554107666e-01
-1.120298862457275391e+00 2.156943321228027344e+00 1.756730675697326660e+00 -8.793511390686035156e-01 1.927311897277832031e+00 -1.227559685707092285e+00 -1.681536555290222168e+00 -1.143407821655273438e+00 1.903087019920349121e+00 -1.156148791313171387e+00 -7.016161084175109863e-01 -3.656729757785797119e-01 -6.431548595428466797e-01 9.139586985111236572e-02 1.785007357597351074e+00 1.197919130325317383e+00 1.156494617462158203e+00 -2.692116200923919678e-01 -1.139179706573486328e+00 -3.551632463932037354e-01
-1.195072054862976074e+00 2.164379358291625977e+00 1.655290007591247559e+00 -8.414013385772705078e-01 1.729420423507690430e+00 -1.269993543624877930e+00 -1.521171808242797852e+00 -1.343180894851684570e+00 1.762568116188049316e+00 -1.040884733200073242e+00 -7.351387739181518555e-01 -4.754695296287536621e-01 -6.611975431442260742e-01 9.638884663581848145e-02 1.691808819770812988e+00 1.055678963661193848e+00 1.162070870399475098e+00 -3.769530355930328369e-01 -1.161747932434082031e+00 -3.497561216354370117e-01
-1.239148378372192383e+00 2.097632884979248047e+00 1.540276169776916504e+00 -8.047013878822326660e-01 1.535269498825073242e+00 -1.296669006347656250e+00 -1.324303030967712402e+00 -1.523118495941162109e+00 1.604753851890563965e+00 -8.926498889923095703e-01 -7.504560947418212891e-01 -5.943003892898559570e-01 -6.363013982772827148e-01 1.079362630844116211e-01 1.600737333297729492e+00 9.251232147216796875e-01 1.177562355995178223e+00 -4.699323177337646484e-01 -1.166420936584472656e+00 -3.393065035343170166e-01
-1.283967137336730957e+00 1.966887593269348145e+00 1.470600724220275879e+00 -7.708381414413452148e-01 1.420959115028381348e+00 -1.358146071434020996e+00 -1.128482341766357422e+00 -1.734156608581542969e+00 1.504922866821289062e+00 -7.250772714614868164e-01 -7.980273365974426270e-01 -7.787709832191467285e-01 -5.463296771049499512e-01 1.242349371314048767e-01 1.576223969459533691e+00 8.301500082015991211e-01 1.257929086685180664e+00 -5.206108093261718750e-01 -1.174673557281494141e+00 -2.841832041740417480e-01
-1.312295913696289062e+00 1.869288921356201172e+00 1.468183159828186035e+00 -7.798169851303100586e-01 1.408900499343872070e+00 -1.429642319679260254e+00 -9.719768166542053223e-01 -1.931450843811035156e+00 1.503598451614379883e+00 -5.937584638595581055e-01 -8.772224783897399902e-01 -9.816150665283203125e-01 -4.233202934265136719e-01 1.141256839036941528e-01 1.642233490943908691e+00 7.887554168701171875e-01 1.385879755020141602e+00 -5.658810138702392578e-01 -1.205936908721923828e+00 -2.407798469066619873e-01
-1.285702466964721680e+00 1.755512952804565430e+00 1.498370289802551270e+00 -7.726020216941833496e-01 1.415686726570129395e+00 -1.477349281311035156e+00 -8.328666687011718750e-01 -2.034523725509643555e+00 1.502625107765197754e+00 -4.818284213542938232e-01 -9.604859948158264160e-01 -1.123809814453125000e+00 -3.171736001968383789e-01 7.251841574907302856e-02 1.695996046066284180e+00 7.477355599403381348e-01 1.452259182929992676e+00 -5.773546099662780762e-01 -1.218989133834838867e+00 -2.279715538024902344e-01
-1.223873376846313477e+00 1.651380896568298340e+00 1.536523938179016113e+00 -7.570502758026123047e-01 1.440600633621215820e+00 -1.515743374824523926e+00 -7.356944084167480469e-01 -2.074625968933105469e+00 1.524919629096984863e+00 -3.908634781837463379e-01 -1.028097271919250488e+00 -1.232405900955200195e+00 -2.506594657897949219e-01 9.305946528911590576e-03 1.738596558570861816e+00 7.158007621765136719e-01 1.492925524711608887e+00 -5.713833570480346680e-01 -1.230979442596435547e+00 -2.184248268604278564e-01
-1.149862527847290039e+00 1.553616046905517578e+00 1.589030742645263672e+00 -7.395747900009155273e-01 1.485720753669738770e+00 -1.545369744300842285e+00 -6.501621603965759277e-01 -2.080253124237060547e+00 1.554230570793151855e+00 -3.199087381362915039e-01 -1.085951209068298340e+00 -1.318521738052368164e+00 -1.866047531366348267e-01 -5.522228777408599854e-02 1.781958937644958496e+00 6.961744427680969238e-01 1.514273524284362793e+00 -5.545220971107482910e-01 -1.239867091178894043e+00 -2.144017070531845093e-01
-1.084111094474792480e+00 1.462416291236877441e+00 1.671180605888366699e+00 -7.511863708496093750e-01 1.575113296508789062e+00 -1.585508465766906738e+00 -5.751071572303771973e-01 -2.084450721740722656e+00 1.618506789207458496e+00 -2.809457182884216309e-01 -1.165474891662597656e+00 -1.384192466735839844e+00 -1.338935941457748413e-01 -8.956447988748550415e-02 1.841288208961486816e+00 6.887478828430175781e-01 1.545401215553283691e+00 -5.350109934806823730e-01 -1.253121852874755859e+00 -2.045144289731979370e-01
-1.012864589691162109e+00 1.396345138549804688e+00 1.770300030708312988e+00 -7.738352417945861816e-01 1.666859030723571777e+00 -1.622619390487670898e+00 -5.471218824386596680e-01 -2.077313423156738281e+00 1.687657833099365234e+00 -2.338899821043014526e-01 -1.231215238571166992e+00 -1.447017669677734375e+00 -1.058820635080337524e-01 -1.274315118789672852e-01 1.895619034767150879e+00 6.891306042671203613e-01 1.581310272216796875e+00 -5.099233984947204590e-01 -1.290807962417602539e+00 -2.020874470472335815e-01
-9.438089728355407715e-01 1.369294762611389160e+00 1.857209086418151855e+00 -7.804808616638183594e-01 1.743267893791198730e+00 -1.654465198516845703e+00 -5.468667745590209961e-01 -2.054224252700805664e+00 1.751182079315185547e+00 -1.963514983654022217e-01 -1.274365186691284180e+00 -1.495490789413452148e+00 -9.767533838748931885e-02 -1.735646426677703857e-01 1.929173946380615234e+00 6.865652799606323242e-01 1.598278403282165527e+00 -4.883031845092773438e-01 -1.329344987869262695e+00 -2.044731825590133667e-01
-8.698160052299499512e-01 1.378423571586608887e+00 1.942179560661315918e+00 -7.764577269554138184e-01 1.818843245506286621e+00 -1.661059141159057617e+00 -5.630828142166137695e-01 -1.999327182769775391e+00 1.810458421707153320e+00 -1.828516721725463867e-01 -1.313568592071533203e+00 -1.526769876480102539e+00 -1.224288493394851685e-01 -2.441467940807342529e-01 1.956051826477050781e+00 6.716005802154541016e-01 1.587135434150695801e+00 -4.693832695484161377e-01 -1.375230073928833008e+00 -2.122468352317810059e-01
-8.097497820854187012e-01 1.457833409309387207e+00 2.056391716003417969e+00 -7.847891449928283691e-01 1.892794966697692871e+00 -1.653470277786254883e+00 -6.281452775001525879e-01 -1.929334402084350586e+00 1.871237039566040039e+00 -2.007367908954620361e-01 -1.357604742050170898e+00 -1.516695261001586914e+00 -2.056441158056259155e-01 -3.453306257724761963e-01 1.990101218223571777e+00 6.613602042198181152e-01 1.548573017120361328e+00 -4.324216842651367188e-01 -1.442018508911132812e+00 -2.711329460144042969e-01
-7.660004496574401855e-01 1.557880043983459473e+00 2.131205081939697266e+00 -7.815966010093688965e-01 1.920773386955261230e+00 -1.626180887222290039e+00 -6.968032121658325195e-01 -1.844117641448974609e+00 1.902175426483154297e+00 -2.372036576271057129e-01 -1.379114866256713867e+00 -1.469134569168090820e+00 -3.116890788078308105e-01 -4.305766224861145020e-01 1.982694387435913086e+00 6.453917026519775391e-01 1.485171794891357422e+00 -3.971767127513885498e-01 -1.493347644805908203e+00 -3.413328826427459717e-01
-7.626985907554626465e-01 1.662918567657470703e+00 2.150689840316772461e+00 -7.822092771530151367e-01 1.890411257743835449e+00 -1.585339903831481934e+00 -7.575489878654479980e-01 -1.761224031448364258e+00 1.906320571899414062e+00 -2.935073673725128174e-01 -1.366464376449584961e+00 -1.385976791381835938e+00 -4.272988736629486084e-01 -4.760147333145141602e-01 1.945649385452270508e+00 6.409775018692016602e-01 1.413626194000244141e+00 -3.817706704139709473e-01 -1.524814605712890625e+00 -4.089733660221099854e-01
-8.039395809173583984e-01 1.761787414550781250e+00 2.143726587295532227e+00 -8.014190793037414551e-01 1.833952546119689941e+00 -1.543707728385925293e+00 -8.220943212509155273e-01 -1.679405927658081055e+00 1.885463595390319824e+00 -3.781078755855560303e-01 -1.312903642654418945e+00 -1.257892370223999023e+00 -5.330647230148315430e-01 -4.712095260620117188e-01 1.916942954063415527e+00 6.735489368438720703e-01 1.333287119865417480e+00 -3.850641846656799316e-01 -1.530482172966003418e+00 -4.773997962474822998e-01
-8.632377386093139648e-01 1.854312062263488770e+00 2.088559627532958984e+00 -8.046324253082275391e-01 1.728819608688354492e+00 -1.509279608726501465e+00 -9.174909591674804688e-01 -1.573314905166625977e+00 1.825788617134094238e+00 -4.722425937652587891e-01 -1.198085904121398926e+00 -1.077112197875976562e+00 -6.264411807060241699e-01 -4.059855937957763672e-01 1.863164663314819336e+00 7.341094613075256348e-01 1.240931153297424316e+00 -3.896451890468597412e-01 -1.487868547439575195e+00 -5.355237126350402832e-01
-9.303321838378906250e-01 1.911872506141662598e+00 1.956338167190551758e+00 -7.919452786445617676e-01 1.565109848976135254e+00 -1.467687606811523438e+00 -9.937620162963867188e-01 -1.447784423828125000e+00 1.710924148559570312e+00 -5.770657062530517578e-01 -1.027910947799682617e+00 -8.408136963844299316e-01 -6.841700673103332520e-01 -2.547683417797088623e-01 1.741947412490844727e+00 7.826575040817260742e-01 1.132532835006713867e+00 -3.920982182025909424e-01 -1.368162870407104492e+00 -5.737722516059875488e-01
-1.041643977165222168e+00 1.969300150871276855e+00 1.832749247550964355e+00 -8.465542197227478027e-01 1.422567367553710938e+00 -1.456365346908569336e+00 -1.081814050674438477e+00 -1.367196798324584961e+00 1.589348316192626953e+00 -7.159835100173950195e-01 -8.517596721649169922e-01 -5.420243144035339355e-01 -6.933422684669494629e-01 4.715506732463836670e-02 1.589458346366882324e+00 8.440198302268981934e-01 1.049633979797363281e+00 -3.922045230865478516e-01 -1.203361988067626953e+00 -6.004455089569091797e-01
-1.152791619300842285e+00 2.017230272293090820e+00 1.723029494285583496e+00 -9.573998451232910156e-01 1.382640004158020020e+00 -1.486385345458984375e+00 -1.129479408264160156e+00 -1.423729419708251953e+00 1.531593084335327148e+00 -7.961381673812866211e-01 -7.136728167533874512e-01 -3.579578101634979248e-01 -5.954502224922180176e-01 3.273358941078186035e-01 1.530186176300048828e+00 9.312025904655456543e-01 1.053166031837463379e+00 -4.646824598312377930e-01 -1.058304667472839355e+00 -6.232819557189941406e-01
-1.223845958709716797e+00 2.015331268310546875e+00 1.661215186119079590e+00 -1.063218235969543457e+00 1.446019411087036133e+00 -1.552346229553222656e+00 -1.124188303947448730e+00 -1.545344352722167969e+00 1.567197442054748535e+00 -8.256292343139648438e-01 -6.451030969619750977e-01 -3.222826719284057617e-01 -4.520287215709686279e-01 5.150715708732604980e-01 1.567098021507263184e+00 1.009219050407409668e+00 1.154779791831970215e+00 -5.361610054969787598e-01 -9.748216271400451660e-01 -5.995735526084899902e-01
-1.206246256828308105e+00 1.935714125633239746e+00 1.587605476379394531e+00 -1.099922657012939453e+00 1.456228613853454590e+00 -1.608307361602783203e+00 -1.015965819358825684e+00 -1.666517972946166992e+00 1.574194788932800293e+00 -7.527483701705932617e-01 -6.523855924606323242e-01 -3.900920450687408447e-01 -3.214476108551025391e-01 5.907137989997863770e-01 1.566528439521789551e+00 9.691657423973083496e-01 1.240871429443359375e+00 -5.828976035118103027e-01 -9.197945594787597656e-01 -5.636070370674133301e-01
-1.142299056053161621e+00 1.849573373794555664e+00 1.535267949104309082e+00 -1.098489999771118164e+00 1.436300992965698242e+00 -1.660805940628051758e+00 -8.704339265823364258e-01 -1.784603595733642578e+00 1.574090957641601562e+00 -6.361031532287597656e-01 -7.173190712928771973e-01 -5.151700973510742188e-01 -2.656067013740539551e-01 5.618190169334411621e-01 1.554777979850769043e+00 8.460781574249267578e-01 1.301442980766296387e+00 -6.246535181999206543e-01 -9.220792055130004883e-01 -5.231512784957885742e-01
-1.110650300979614258e+00 1.784033656120300293e+00 1.528401732444763184e+00 -1.097645044326782227e+00 1.432500481605529785e+00 -1.724984526634216309e+00 -7.305817008018493652e-01 -1.931671857833862305e+00 1.583013296127319336e+00 -5.188589096069335938e-01 -8.012334108352661133e-01 -6.808062195777893066e-01 -2.392039895057678223e-01 5.075802803039550781e-01 1.587514162063598633e+00 7.422029972076416016e-01 1.383728861808776855e+00 -6.654419898986816406e-01 -9.697992205619812012e-01 -4.849881827831268311e-01
-1.099821209907531738e+00 1.719331145286560059e+00 1.519293785095214844e+00 -1.090055227279663086e+00 1.436115860939025879e+00 -1.770479321479797363e+00 -5.982249379158020020e-01 -2.081828355789184570e+00 1.597255110740661621e+00 -4.096794128417968750e-01 -8.945254683494567871e-01 -8.532534241676330566e-01 -2.161477506160736084e-01 4.441963732242584229e-01 1.624632239341735840e+00 6.555679440498352051e-01 1.461728215217590332e+00 -6.949796676635742188e-01 -1.019452214241027832e+00 -4.406433701515197754e-01
-1.113859534263610840e+00 1.684846878051757812e+00 1.507067918777465820e+00 -1.103169441223144531e+00 1.451452255249023438e+00 -1.794575810432434082e+00 -5.065595507621765137e-01 -2.207875728607177734e+00 1.621408820152282715e+00 -3.445996344089508057e-01 -9.760719537734985352e-01 -9.878288507461547852e-01 -1.965963095426559448e-01 4.044376015663146973e-01 1.663848280906677246e+00 6.141001582145690918e-01 1.538940191268920898e+00 -7.139496803283691406e-01 -1.065279960632324219e+00 -4.047160148620605469e-01
-1.134790658950805664e+00 1.680197238922119141e+00 1.499557733535766602e+00 -1.132749080657958984e+00 1.454645514488220215e+00 -1.805962800979614258e+00 -4.553644359111785889e-01 -2.293362140655517578e+00 1.631174564361572266e+00 -3.112534880638122559e-01 -1.032317519187927246e+00 -1.062574386596679688e+00 -1.877795457839965820e-01 3.794360160827636719e-01 1.695391058921813965e+00 6.055561304092407227e-01 1.588399291038513184e+00 -7.265544533729553223e-01 -1.097824335098266602e+00 -3.970130681991577148e-01
-1.160979151725769043e+00 1.678812980651855469e+00 1.487897515296936035e+00 -1.159515976905822754e+00 1.445315122604370117e+00 -1.796803474426269531e+00 -4.252335429191589355e-01 -2.349765777587890625e+00 1.625674486160278320e+00 -2.935112118721008301e-01 -1.067797780036926270e+00 -1.110609531402587891e+00 -1.949587017297744751e-01 3.648358583450317383e-01 1.706951498985290527e+00 6.053584814071655273e-01 1.623864054679870605e+00 -7.287754416465759277e-01 -1.124423146247863770e+00 -3.956800699234008789e-01
-1.191409826278686523e+00 1.675946116447448730e+00 1.475417017936706543e+00 -1.183704257011413574e+00 1.429579377174377441e+00 -1.771159291267395020e+00 -4.134967625141143799e-01 -2.385799169540405273e+00 1.611342906951904297e+00 -2.859927415847778320e-01 -1.089696526527404785e+00 -1.141126394271850586e+00 -2.171768248081207275e-01 3.631249368190765381e-01 1.699453592300415039e+00 6.141934394836425781e-01 1.655169963836669922e+00 -7.223280668258666992e-01 -1.152109980583190918e+00 -3.997364342212677002e-01
-1.218226432800292969e+00 1.669011950492858887e+00 1.453431844711303711e+00 -1.198518514633178711e+00 1.411550402641296387e+00 -1.734507441520690918e+00 -4.156428277492523193e-01 -2.399147748947143555e+00 1.585167884826660156e+00 -2.890413999557495117e-01 -1.094916939735412598e+00 -1.148904800415039062e+00 -2.435474097728729248e-01 3.679281771183013916e-01 1.678112864494323730e+00 6.305009126663208008e-01 1.674312949180603027e+00 -7.085193395614624023e-01 -1.166471481323242188e+00 -4.078069031238555908e-01
-1.250689506530761719e+00 1.657094478607177734e+00 1.427078962326049805e+00 -1.201166033744812012e+00 1.380405664443969727e+00 -1.671408295631408691e+00 -4.323044419288635254e-01 -2.379145860671997070e+00 1.545856952667236328e+00 -3.014618456363677979e-01 -1.096390843391418457e+00 -1.133148670196533203e+00 -2.964169979095458984e-01 3.738721609115600586e-01 1.641692161560058594e+00 6.536975502967834473e-01 1.679924368858337402e+00 -6.743513941764831543e-01 -1.183671474456787109e+00 -4.303266704082489014e-01
-1.318011283874511719e+00 1.608025312423706055e+00 1.399193644523620605e+00 -1.170257210731506348e+00 1.343995809555053711e+00 -1.534118771553039551e+00 -4.902125597000122070e-01 -2.278447389602661133e+00 1.477414131164550781e+00 -3.581856787204742432e-01 -1.098478555679321289e+00 -1.084538936614990234e+00 -4.041809439659118652e-01 3.908922672271728516e-01 1.590875983238220215e+00 7.210874557495117188e-01 1.677089095115661621e+00 -5.848384499549865723e-01 -1.213642716407775879e+00 -4.387087523937225342e-01
-1.394244194030761719e+00 1.445462942123413086e+00 1.364656567573547363e+00 -1.046375036239624023e+00 1.272424697875976562e+00 -1.197344064712524414e+00 -6.519452929496765137e-01 -1.892166852951049805e+00 1.300300955772399902e+00 -5.127195119857788086e-01 -1.070294976234436035e+00 -8.927727937698364258e-01 -6.097691059112548828e-01 4.103426337242126465e-01 1.477502465248107910e+00 8.877353072166442871e-01 1.570920944213867188e+00 -3.395560383796691895e-01 -1.226775169372558594e+00 -4.356594979763031006e-01
-1.281991958618164062e+00 1.269193530082702637e+00 1.552345395088195801e+00 -9.308592677116394043e-01 1.365721821784973145e+00 -7.201514244079589844e-01 -1.095541477203369141e+00 -1.024671077728271484e+00 1.163299083709716797e+00 -7.704793214797973633e-01 -9.656803011894226074e-01 -4.890660941600799561e-01 -8.218256235122680664e-01 2.784706652164459229e-01 1.548133015632629395e+00 1.240916609764099121e+00 1.276281476020812988e+00 5.948381870985031128e-02 -1.227736592292785645e+00 -4.752801358699798584e-01
-1.083207964897155762e+00 1.222558259963989258e+00 1.899418115615844727e+00 -9.971801042556762695e-01 1.872833728790283203e+00 -7.126474380493164062e-01 -1.509142279624938965e+00 -7.285668849945068359e-01 1.507433176040649414e+00 -8.612084388732910156e-01 -9.024598002433776855e-01 -4.114348590373992920e-01 -7.746507525444030762e-01 1.183211952447891235e-01 1.964952230453491211e+00 1.577506065368652344e+00 1.286733388900756836e+00 2.220241427421569824e-01 -1.312388896942138672e+00 -3.980368077754974365e-01
-9.796339273452758789e-01 1.209572434425354004e+00 2.066914796829223633e+00 -1.058602333068847656e+00 2.141281843185424805e+00 -7.777497768402099609e-01 -1.630790829658508301e+00 -6.842312216758728027e-01 1.754558205604553223e+00 -8.896613121032714844e-01 -8.610652089118957520e-01 -4.638513028621673584e-01 -6.931799650192260742e-01 5.448903888463973999e-03 2.175960779190063477e+00 1.717019796371459961e+00 1.371004343032836914e+00 2.236523926258087158e-01 -1.352492570877075195e+00 -3.556328415870666504e-01
-9.454388022422790527e-01 1.216746449470520020e+00 2.140102148056030273e+00 -1.078708529472351074e+00 2.251761436462402344e+00 -8.229346275329589844e-01 -1.679086804389953613e+00 -6.949024796485900879e-01 1.845896720886230469e+00 -8.901691436767578125e-01 -8.544806838035583496e-01 -4.950605034828186035e-01 -6.545885801315307617e-01 -4.802134633064270020e-02 2.274351835250854492e+00 1.757176280021667480e+00 1.400386214256286621e+00 2.084864974021911621e-01 -1.369006037712097168e+00 -3.450289070606231689e-01
-9.300525188446044922e-01 1.203315734863281250e+00 2.180285692214965820e+00 -1.074431180953979492e+00 2.291075229644775391e+00 -8.536105155944824219e-01 -1.684084296226501465e+00 -7.009004950523376465e-01 1.874501228332519531e+00 -8.785884380340576172e-01 -8.569223284721374512e-01 -5.144643783569335938e-01 -6.235961318016052246e-01 -7.337092608213424683e-02 2.320621967315673828e+00 1.771806478500366211e+00 1.405059933662414551e+00 1.989178955554962158e-01 -1.370311498641967773e+00 -3.408582210540771484e-01
-9.369972348213195801e-01 1.172644495964050293e+00 2.201494932174682617e+00 -1.056179761886596680e+00 2.287861824035644531e+00 -8.797883391380310059e-01 -1.660521030426025391e+00 -7.075095176696777344e-01 1.864589095115661621e+00 -8.650426864624023438e-01 -8.684628605842590332e-01 -5.208696126937866211e-01 -5.895423889160156250e-01 -6.623040884733200073e-02 2.345880031585693359e+00 1.778469920158386230e+00 1.397418260574340820e+00 1.894451677799224854e-01 -1.355623722076416016e+00 -3.414348661899566650e-01
-9.665605425834655762e-01 1.120293378829956055e+00 2.196357727050781250e+00 -1.029701709747314453e+00 2.241261720657348633e+00 -9.028460979461669922e-01 -1.600911140441894531e+00 -7.212746739387512207e-01 1.812865376472473145e+00 -8.451125621795654297e-01 -8.880730867385864258e-01 -5.134971737861633301e-01 -5.443674921989440918e-01 -1.494985073804855347e-02 2.349319219589233398e+00 1.780306100845336914e+00 1.386535167694091797e+00 1.762754321098327637e-01 -1.318799972534179688e+00 -3.562053740024566650e-01
-1.022418737411499023e+00 1.018992424011230469e+00 2.123811721801757812e+00 -9.867255687713623047e-01 2.099327564239501953e+00 -9.082878232002258301e-01 -1.467910289764404297e+00 -7.424615621566772461e-01 1.673302412033081055e+00 -7.980564832687377930e-01 -9.086865782737731934e-01 -4.857655167579650879e-01 -4.719974398612976074e-01 1.045305877923965454e-01 2.295857667922973633e+00 1.756175160408020020e+00 1.358382701873779297e+00 1.518194377422332764e-01 -1.234965085983276367e+00 -3.863996565341949463e-01
-1.100409865379333496e+00 9.187229871749877930e-01 1.896572232246398926e+00 -9.860868453979492188e-01 1.698650360107421875e+00 -9.087834954261779785e-01 -1.111884832382202148e+00 -8.576048612594604492e-01 1.401073932647705078e+00 -6.847113370895385742e-01 -8.848820924758911133e-01 -4.663125574588775635e-01 -3.504849076271057129e-01 2.764368355274200439e-01 2.144807577133178711e+00 1.615083932876586914e+00 1.283985018730163574e+00 5.827767401933670044e-02 -1.078187227249145508e+00 -4.745844304561614990e-01
-1.310216188430786133e+00 9.776233434677124023e-01 1.664760470390319824e+00 -1.188512682914733887e+00 1.332971215248107910e+00 -1.091220855712890625e+00 -6.915564537048339844e-01 -1.287071943283081055e+00 1.279464960098266602e+00 -6.165601015090942383e-01 -9.250778555870056152e-01 -5.994853377342224121e-01 -3.378121554851531982e-01 5.468484163284301758e-01 2.018036127090454102e+00 1.454160332679748535e+00 1.441326975822448730e+00 -1.635644137859344482e-01 -1.010566353797912598e+00 -4.974810183048248291e-01
-1.422351837158203125e+00 1.200946450233459473e+00 1.493792176246643066e+00 -1.459399819374084473e+00 1.213901281356811523e+00 -1.296227931976318359e+00 -4.036280810832977295e-01 -1.797662734985351562e+00 1.389376163482666016e+00 -5.727013349533081055e-01 -1.014805197715759277e+00 -8.236877918243408203e-01 -3.436037003993988037e-01 6.643829345703125000e-01 1.946573972702026367e+00 1.229467749595642090e+00 1.727832436561584473e+00 -3.964560627937316895e-01 -1.068148851394653320e+00 -4.970950782299041748e-01
-1.410942196846008301e+00 1.376522541046142578e+00 1.460901379585266113e+00 -1.600970149040222168e+00 1.279183745384216309e+00 -1.411577701568603516e+00 -3.642200231552124023e-01 -2.053339719772338867e+00 1.501212000846862793e+00 -5.300132036209106445e-01 -1.050852656364440918e+00 -9.281756281852722168e-01 -3.394062519073486328e-01 6.676880121231079102e-01 1.926362991333007812e+00 1.126840114593505859e+00 1.871618986129760742e+00 -4.970636963844299316e-01 -1.118449926376342773e+00 -5.458241701126098633e-01
-1.369297504425048828e+00 1.444003343582153320e+00 1.445926666259765625e+00 -1.677541136741638184e+00 1.341108560562133789e+00 -1.436364412307739258e+00 -3.774206340312957764e-01 -2.144427537918090820e+00 1.563668847084045410e+00 -4.938649237155914307e-01 -1.057969331741333008e+00 -9.701242446899414062e-01 -3.405611813068389893e-01 6.553482413291931152e-01 1.906278371810913086e+00 1.091662645339965820e+00 1.944859385490417480e+00 -5.180382132530212402e-01 -1.148642420768737793e+00 -5.855011343955993652e-01
-1.307186841964721680e+00 1.439908504486083984e+00 1.432936787605285645e+00 -1.739610552787780762e+00 1.381064057350158691e+00 -1.395208716392517090e+00 -3.939602971076965332e-01 -2.135706186294555664e+00 1.592641949653625488e+00 -4.625271260738372803e-01 -1.053081154823303223e+00 -9.779254198074340820e-01 -3.587445318698883057e-01 6.369223594665527344e-01 1.885519266128540039e+00 1.088474512100219727e+00 1.986080050468444824e+00 -4.953150153160095215e-01 -1.172541499137878418e+00 -6.222901344299316406e-01
-1.217027902603149414e+00 1.379884958267211914e+00 1.413800954818725586e+00 -1.791967272758483887e+00 1.406759977340698242e+00 -1.299138903617858887e+00 -4.085064530372619629e-01 -2.047787904739379883e+00 1.595012784004211426e+00 -4.289537370204925537e-01 -1.036898136138916016e+00 -9.580355286598205566e-01 -3.905742168426513672e-01 6.112225055694580078e-01 1.855904579162597656e+00 1.104509592056274414e+00 2.002416610717773438e+00 -4.403167068958282471e-01 -1.189316034317016602e+00 -6.622528433799743652e-01
-1.099715113639831543e+00 1.285310506820678711e+00 1.403863668441772461e+00 -1.837170600891113281e+00 1.450994968414306641e+00 -1.154076814651489258e+00 -4.450660943984985352e-01 -1.886458873748779297e+00 1.595576524734497070e+00 -3.919925093650817871e-01 -1.005914330482482910e+00 -9.194969534873962402e-01 -4.283733963966369629e-01 5.867217183113098145e-01 1.826200485229492188e+00 1.128901124000549316e+00 2.004311561584472656e+00 -3.687476217746734619e-01 -1.210267663002014160e+00 -6.949500441551208496e-01
-9.776115417480468750e-01 1.131021857261657715e+00 1.430561184883117676e+00 -1.830311179161071777e+00 1.535333514213562012e+00 -9.792895317077636719e-01 -5.320649147033691406e-01 -1.635813713073730469e+00 1.589566349983215332e+00 -3.675174713134765625e-01 -9.393506646156311035e-01 -8.472858071327209473e-01 -4.623346924781799316e-01 5.911508798599243164e-01 1.792640209197998047e+00 1.194662451744079590e+00 1.987020134925842285e+00 -2.434026002883911133e-01 -1.225520849227905273e+00 -7.027545571327209473e-01
-8.600113391876220703e-01 1.029559373855590820e+00 1.551088213920593262e+00 -1.757141947746276855e+00 1.686877727508544922e+00 -8.538419604301452637e-01 -7.189477682113647461e-01 -1.397533893585205078e+00 1.606155633926391602e+00 -3.695124089717864990e-01 -8.725886344909667969e-01 -7.553645372390747070e-01 -4.710175991058349609e-01 5.188757777214050293e-01 1.815535068511962891e+00 1.301032423973083496e+00 1.891960144042968750e+00 -9.601077437400817871e-02 -1.241997480392456055e+00 -7.230863571166992188e-01
-7.958407402038574219e-01 1.005049228668212891e+00 1.666486501693725586e+00 -1.705554842948913574e+00 1.803628206253051758e+00 -7.785118222236633301e-01 -8.795611262321472168e-01 -1.243874311447143555e+00 1.633052110671997070e+00 -3.956168889999389648e-01 -8.264939188957214355e-01 -6.849920749664306641e-01 -4.745696783065795898e-01 4.325655400753021240e-01 1.882579565048217773e+00 1.386442780494689941e+00 1.799433231353759766e+00 -3.853064030408859253e-03 -1.253891110420227051e+00 -7.352595329284667969e-01
-7.931225299835205078e-01 1.028204917907714844e+00 1.724643945693969727e+00 -1.694490909576416016e+00 1.878635048866271973e+00 -7.772901654243469238e-01 -9.852491021156311035e-01 -1.190852165222167969e+00 1.659488677978515625e+00 -4.285348951816558838e-01 -7.947531342506408691e-01 -6.307787895202636719e-01 -4.784154891967773438e-01 4.184649586677551270e-01 1.946209311485290527e+00 1.460010528564453125e+00 1.765806555747985840e+00 1.210552081465721130e-02 -1.253678321838378906e+00 -7.390918135643005371e-01
-8.634334802627563477e-01 1.086969017982482910e+00 1.727015733718872070e+00 -1.733842730522155762e+00 1.893026113510131836e+00 -8.206490874290466309e-01 -1.019790768623352051e+00 -1.236559152603149414e+00 1.667518019676208496e+00 -4.679025709629058838e-01 -7.815969586372375488e-01 -5.974595546722412109e-01 -4.861184954643249512e-01 4.874816834926605225e-01 1.982937455177307129e+00 1.513557314872741699e+00 1.794699788093566895e+00 -2.544419281184673309e-02 -1.250490188598632812e+00 -7.446852922439575195e-01
-9.992776513099670410e-01 1.169685721397399902e+00 1.677289724349975586e+00 -1.811586499214172363e+00 1.840599060058593750e+00 -8.858855962753295898e-01 -9.832133054733276367e-01 -1.360152721405029297e+00 1.639769315719604492e+00 -5.128968954086303711e-01 -7.713568806648254395e-01 -5.745502710342407227e-01 -4.950577020645141602e-01 6.288502216339111328e-01 1.986588001251220703e+00 1.543733358383178711e+00 1.861312389373779297e+00 -1.114830523729324341e-01 -1.238911151885986328e+00 -7.526103258132934570e-01
-1.192472457885742188e+00 1.240267753601074219e+00 1.588805675506591797e+00 -1.895307302474975586e+00 1.712562084197998047e+00 -9.708048105239868164e-01 -8.864799737930297852e-01 -1.536513805389404297e+00 1.572584152221679688e+00 -5.470196604728698730e-01 -7.801781296730041504e-01 -5.708217620849609375e-01 -4.976788759231567383e-01 8.234197497367858887e-01 1.960732936859130859e+00 1.529817819595336914e+00 1.935224533081054688e+00 -2.364293038845062256e-01 -1.216155052185058594e+00 -7.274971008300781250e-01
-1.378972530364990234e+00 1.347646594047546387e+00 1.464234113693237305e+00 -1.977377295494079590e+00 1.522625565528869629e+00 -1.055134773254394531e+00 -7.579544782638549805e-01 -1.716612339019775391e+00 1.502193808555603027e+00 -5.911374092102050781e-01 -8.125238418579101562e-01 -5.960230827331542969e-01 -5.243034958839416504e-01 9.740774631500244141e-01 1.916696310043334961e+00 1.455642700195312500e+00 2.002756595611572266e+00 -3.785551190376281738e-01 -1.192760109901428223e+00 -6.780222654342651367e-01
-1.502596735954284668e+00 1.476736783981323242e+00 1.396629929542541504e+00 -1.986166715621948242e+00 1.403442859649658203e+00 -1.158426284790039062e+00 -6.697292923927307129e-01 -1.891883850097656250e+00 1.478704810142517090e+00 -6.356006860733032227e-01 -8.485476374626159668e-01 -6.406152248382568359e-01 -5.346098542213439941e-01 1.012191653251647949e+00 1.887996673583984375e+00 1.376691460609436035e+00 2.023169994354248047e+00 -4.890723824501037598e-01 -1.182499647140502930e+00 -6.476432681083679199e-01
-1.562717795372009277e+00 1.564961791038513184e+00 1.352176189422607422e+00 -1.937400698661804199e+00 1.358849883079528809e+00 -1.237677693367004395e+00 -6.361913681030273438e-01 -2.019916534423828125e+00 1.483085393905639648e+00 -6.625019311904907227e-01 -8.626006245613098145e-01 -6.838880777359008789e-01 -5.055168271064758301e-01 9.967097043991088867e-01 1.846192955970764160e+00 1.309011697769165039e+00 2.010714530944824219e+00 -5.471858978271484375e-01 -1.167232871055603027e+00 -6.189606785774230957e-01
-1.586559534072875977e+00 1.638408899307250977e+00 1.344336986541748047e+00 -1.901244878768920898e+00 1.361447095870971680e+00 -1.285767197608947754e+00 -6.406288743019104004e-01 -2.097404479980468750e+00 1.502428770065307617e+00 -6.730405092239379883e-01 -8.788415789604187012e-01 -7.156042456626892090e-01 -4.926929473876953125e-01 9.735690355300903320e-01 1.811629772186279297e+00 1.251289248466491699e+00 2.004687547683715820e+00 -5.733856558799743652e-01 -1.168284535408020020e+00 -6.079438924789428711e-01
-1.585078835487365723e+00 1.676034808158874512e+00 1.333061099052429199e+00 -1.867067456245422363e+00 1.360870718955993652e+00 -1.298646688461303711e+00 -6.430611014366149902e-01 -2.141634225845336914e+00 1.509285092353820801e+00 -6.636805534362792969e-01 -8.923327326774597168e-01 -7.486641407012939453e-01 -4.899324774742126465e-01 9.358744025230407715e-01 1.771086812019348145e+00 1.198246121406555176e+00 1.996197223663330078e+00 -5.814803242683410645e-01 -1.177225351333618164e+00 -6.013246774673461914e-01
-1.561607003211975098e+00 1.676324605941772461e+00 1.316667079925537109e+00 -1.833007693290710449e+00 1.354462504386901855e+00 -1.278235912322998047e+00 -6.391426920890808105e-01 -2.156064748764038086e+00 1.504071593284606934e+00 -6.382893323898315430e-01 -9.032160639762878418e-01 -7.833878397941589355e-01 -4.947612881660461426e-01 8.837980031967163086e-01 1.722681164741516113e+00 1.148725748062133789e+00 1.984450697898864746e+00 -5.711318850517272949e-01 -1.191541194915771484e+00 -5.977231860160827637e-01
-1.504941463470458984e+00 1.625915050506591797e+00 1.290881395339965820e+00 -1.789106965065002441e+00 1.338935852050781250e+00 -1.216401815414428711e+00 -6.221647858619689941e-01 -2.136973142623901367e+00 1.483246207237243652e+00 -5.863748788833618164e-01 -9.117176532745361328e-01 -8.274428844451904297e-01 -5.052850842475891113e-01 8.038802742958068848e-01 1.656760096549987793e+00 1.093060135841369629e+00 1.964087843894958496e+00 -5.388460755348205566e-01 -1.211949825286865234e+00 -5.943673849105834961e-01
-1.379256606101989746e+00 1.488323688507080078e+00 1.258624076843261719e+00 -1.693964958190917969e+00 1.303249239921569824e+00 -1.102031111717224121e+00 -6.181112527847290039e-01 -2.067860126495361328e+00 1.439024925231933594e+00 -4.626812040805816650e-01 -8.916130661964416504e-01 -9.048965573310852051e-01 -5.214153528213500977e-01 6.519108414649963379e-01 1.561411142349243164e+00 1.023974180221557617e+00 1.923481464385986328e+00 -4.691249728202819824e-01 -1.253909468650817871e+00 -5.677503347396850586e-01
-1.032946586608886719e+00 1.206370830535888672e+00 1.319770097732543945e+00 -1.449413895606994629e+00 1.369997620582580566e+00 -8.981145024299621582e-01 -6.788361668586730957e-01 -1.799734830856323242e+00 1.429932117462158203e+00 -2.620579004287719727e-01 -8.325274586677551270e-01 -1.030990362167358398e+00 -5.899879336357116699e-01 2.146523296833038330e-01 1.530322551727294922e+00 9.567621350288391113e-01 1.778539299964904785e+00 -3.411896526813507080e-01 -1.365934133529663086e+00 -4.719363749027252197e-01
-4.854592680931091309e-01 1.046916604042053223e+00 1.897123575210571289e+00 -1.080067634582519531e+00 2.106794834136962891e+00 -9.420216679573059082e-01 -1.008319973945617676e+00 -1.285355806350708008e+00 1.957090377807617188e+00 -2.830450832843780518e-01 -8.729233741760253906e-01 -1.264932870864868164e+00 -4.941201210021972656e-01 -5.442460179328918457e-01 2.031676292419433594e+00 1.106768965721130371e+00 1.640345215797424316e+00 -1.878793835639953613e-01 -1.504670858383178711e+00 -2.651230394840240479e-01
-4.357422292232513428e-01 1.110538244247436523e+00 2.207264900207519531e+00 -9.756487607955932617e-01 2.511161327362060547e+00 -1.124301075935363770e+00 -1.190213441848754883e+00 -1.175998449325561523e+00 2.193542957305908203e+00 -4.450734555721282959e-01 -9.379344582557678223e-01 -1.204435586929321289e+00 -3.833954036235809326e-01 -7.036802172660827637e-01 2.365459680557250977e+00 1.265347838401794434e+00 1.554113507270812988e+00 -1.551533341407775879e-01 -1.449114203453063965e+00 -2.417539954185485840e-01
-4.409086108207702637e-01 1.147300720214843750e+00 2.262236833572387695e+00 -9.222858548164367676e-01 2.586761951446533203e+00 -1.238008141517639160e+00 -1.257095694541931152e+00 -1.159240007400512695e+00 2.217506170272827148e+00 -4.904405772686004639e-01 -9.211926460266113281e-01 -1.136090755462646484e+00 -2.902043163776397705e-01 -6.994093656539916992e-01 2.446236371994018555e+00 1.302855491638183594e+00 1.495560884475708008e+00 -1.613244861364364624e-01 -1.370590090751647949e+00 -2.118705958127975464e-01
-4.471773803234100342e-01 1.160476088523864746e+00 2.250606775283813477e+00 -8.765238523483276367e-01 2.591809511184692383e+00 -1.320386409759521484e+00 -1.283819198608398438e+00 -1.153339624404907227e+00 2.196704626083374023e+00 -5.018275380134582520e-01 -8.810380697250366211e-01 -1.074811697006225586e+00 -2.081541866064071655e-01 -6.652302742004394531e-01 2.455358505249023438e+00 1.309316754341125488e+00 1.439407467842102051e+00 -1.820489168167114258e-01 -1.290331482887268066e+00 -1.828743219375610352e-01
-4.448351860046386719e-01 1.170720219612121582e+00 2.198912382125854492e+00 -8.358536362648010254e-01 2.579577445983886719e+00 -1.395143270492553711e+00 -1.283992528915405273e+00 -1.150459289550781250e+00 2.172133922576904297e+00 -5.113165974617004395e-01 -8.301664590835571289e-01 -1.003728628158569336e+00 -1.165128648281097412e-01 -6.134400367736816406e-01 2.440172195434570312e+00 1.296933531761169434e+00 1.383623242378234863e+00 -2.201063036918640137e-01 -1.187040805816650391e+00 -1.632167994976043701e-01
-4.622000753879547119e-01 1.200976610183715820e+00 2.149423599243164062e+00 -8.026262521743774414e-01 2.554355621337890625e+00 -1.461385726928710938e+00 -1.293994307518005371e+00 -1.172045230865478516e+00 2.161597251892089844e+00 -5.255686640739440918e-01 -7.918617725372314453e-01 -9.353241920471191406e-01 -3.871798515319824219e-02 -5.399671196937561035e-01 2.402577400207519531e+00 1.273294568061828613e+00 1.340453505516052246e+00 -2.625793218612670898e-01 -1.109115481376647949e+00 -1.616463065147399902e-01
-4.882928133010864258e-01 1.262527465820312500e+00 2.059659004211425781e+00 -7.784879207611083984e-01 2.493615150451660156e+00 -1.523737192153930664e+00 -1.307279467582702637e+00 -1.193788766860961914e+00 2.132642984390258789e+00 -5.460866689682006836e-01 -7.251756191253662109e-01 -8.354945778846740723e-01 4.529874771833419800e-02 -4.370607733726501465e-01 2.335464239120483398e+00 1.244453072547912598e+00 1.281968712806701660e+00 -3.303807973861694336e-01 -1.013780951499938965e+00 -1.656255275011062622e-01
-5.212690234184265137e-01 1.359049081802368164e+00 1.913198113441467285e+00 -7.695958614349365234e-01 2.371239900588989258e+00 -1.557089805603027344e+00 -1.311553359031677246e+00 -1.194854974746704102e+00 2.071568250656127930e+00 -5.787515640258789062e-01 -6.247829198837280273e-01 -6.977676749229431152e-01 1.109496802091598511e-01 -3.085703253746032715e-01 2.219171524047851562e+00 1.200983166694641113e+00 1.199510931968688965e+00 -4.176352024078369141e-01 -9.055401086807250977e-01 -1.768109053373336792e-01
-5.653023123741149902e-01 1.488715052604675293e+00 1.766120910644531250e+00 -8.185765743255615234e-01 2.262542247772216797e+00 -1.536019921302795410e+00 -1.326081871986389160e+00 -1.166216135025024414e+00 2.040123462677001953e+00 -6.734865903854370117e-01 -5.393316149711608887e-01 -5.603366494178771973e-01 8.461688458919525146e-02 -9.939239174127578735e-02 2.044232368469238281e+00 1.150289773941040039e+00 1.190444231033325195e+00 -4.590969979763031006e-01 -8.373182415962219238e-01 -1.615485996007919312e-01
-6.107192635536193848e-01 1.623504042625427246e+00 1.652492523193359375e+00 -8.861699700355529785e-01 2.187790870666503906e+00 -1.430411458015441895e+00 -1.354661226272583008e+00 -1.117526054382324219e+00 2.028967142105102539e+00 -7.971417903900146484e-01 -4.853184223175048828e-01 -4.975510835647583008e-01 -3.767561912536621094e-02 3.591357916593551636e-02 1.887580275535583496e+00 1.115647673606872559e+00 1.231644153594970703e+00 -4.424407482147216797e-01 -8.390839695930480957e-01 -1.433587521314620972e-01
-6.247074007987976074e-01 1.719367265701293945e+00 1.563651084899902344e+00 -9.187309741973876953e-01 2.111757755279541016e+00 -1.257964372634887695e+00 -1.387959241867065430e+00 -1.024133801460266113e+00 1.995123505592346191e+00 -8.883086442947387695e-01 -4.694445729255676270e-01 -4.960083961486816406e-01 -2.093203514814376831e-01 2.602120861411094666e-02 1.759419918060302734e+00 1.069134950637817383e+00 1.249984979629516602e+00 -3.837815225124359131e-01 -8.893213868141174316e-01 -1.200244575738906860e-01
-6.115938425064086914e-01 1.765701174736022949e+00 1.554207921028137207e+00 -9.477621912956237793e-01 2.072569847106933594e+00 -1.059579372406005859e+00 -1.423827767372131348e+00 -9.364226460456848145e-01 1.985778808593750000e+00 -9.135979413986206055e-01 -5.184395909309387207e-01 -5.677728652954101562e-01 -4.275504350662231445e-01 -1.394560337066650391e-01 1.713174223899841309e+00 1.028036117553710938e+00 1.267763137817382812e+00 -2.868854105472564697e-01 -1.033980131149291992e+00 -1.380735039710998535e-01
-5.960946679115295410e-01 1.727696299552917480e+00 1.622618556022644043e+00 -9.423404335975646973e-01 2.091208934783935547e+00 -9.423615932464599609e-01 -1.424215674400329590e+00 -8.816714882850646973e-01 2.009086847305297852e+00 -9.112956523895263672e-01 -5.973039269447326660e-01 -6.651636958122253418e-01 -5.677217245101928711e-01 -3.247376978397369385e-01 1.786075949668884277e+00 1.034541487693786621e+00 1.288156151771545410e+00 -2.165891826152801514e-01 -1.165272474288940430e+00 -1.524868905544281006e-01
-5.959469079971313477e-01 1.647088885307312012e+00 1.722441792488098145e+00 -9.190080761909484863e-01 2.126347064971923828e+00 -8.634708523750305176e-01 -1.426153898239135742e+00 -8.532684445381164551e-01 2.032342195510864258e+00 -8.818211555480957031e-01 -6.784260272979736328e-01 -7.796396613121032715e-01 -6.573944687843322754e-01 -4.839771986007690430e-01 1.893852114677429199e+00 1.070470094680786133e+00 1.315207600593566895e+00 -1.583217680454254150e-01 -1.290152192115783691e+00 -1.564394086599349976e-01
-6.082816720008850098e-01 1.572622656822204590e+00 1.838313460350036621e+00 -8.930186629295349121e-01 2.181092977523803711e+00 -8.303886055946350098e-01 -1.434158444404602051e+00 -8.653733134269714355e-01 2.047374486923217773e+00 -8.333590030670166016e-01 -7.563201189041137695e-01 -8.872592449188232422e-01 -7.064417600631713867e-01 -6.062662005424499512e-01 2.012107133865356445e+00 1.129170656204223633e+00 1.349807143211364746e+00 -1.211887076497077942e-01 -1.406667232513427734e+00 -1.740293502807617188e-01
-6.206109523773193359e-01 1.523810386657714844e+00 1.948226213455200195e+00 -8.706119060516357422e-01 2.233787536621093750e+00 -8.355605006217956543e-01 -1.431122660636901855e+00 -8.988798856735229492e-01 2.067985296249389648e+00 -7.965575456619262695e-01 -8.166458606719970703e-01 -9.799345731735229492e-01 -7.198098301887512207e-01 -6.856486201286315918e-01 2.115403652191162109e+00 1.180707931518554688e+00 1.391872882843017578e+00 -1.007566973567008972e-01 -1.490246653556823730e+00 -1.879496127367019653e-01
-6.441713571548461914e-01 1.479982733726501465e+00 2.037242650985717773e+00 -8.463677763938903809e-01 2.262848138809204102e+00 -8.508836627006530762e-01 -1.423559665679931641e+00 -9.330257773399353027e-01 2.074918031692504883e+00 -7.695058584213256836e-01 -8.633338212966918945e-01 -1.050022006034851074e+00 -7.155727744102478027e-01 -7.328908443450927734e-01 2.189978122711181641e+00 1.210372447967529297e+00 1.413429379463195801e+00 -8.893620967864990234e-02 -1.542894124984741211e+00 -1.810823231935501099e-01
-6.797533035278320312e-01 1.433028340339660645e+00 2.104197502136230469e+00 -7.973209619522094727e-01 2.264078617095947266e+00 -8.798347115516662598e-01 -1.405578494071960449e+00 -9.796963334083557129e-01 2.054601192474365234e+00 -7.335072755813598633e-01 -9.054654836654663086e-01 -1.118424654006958008e+00 -6.973947286605834961e-01 -7.627739310264587402e-01 2.239162921905517578e+00 1.220578312873840332e+00 1.413198351860046387e+00 -8.499409258365631104e-02 -1.575431108474731445e+00 -1.548251956701278687e-01
-7.182143330574035645e-01 1.392851114273071289e+00 2.137821674346923828e+00 -7.340463399887084961e-01 2.230458021163940430e+00 -9.157513380050659180e-01 -1.371630549430847168e+00 -1.035450696945190430e+00 2.006951093673706055e+00 -6.848253011703491211e-01 -9.413172602653503418e-01 -1.186745882034301758e+00 -6.698788404464721680e-01 -7.790029048919677734e-01 2.254588127136230469e+00 1.205847501754760742e+00 1.403388023376464844e+00 -9.366181492805480957e-02 -1.591158986091613770e+00 -1.294417083263397217e-01
-8.073691129684448242e-01 1.387958645820617676e+00 2.132269620895385742e+00 -6.583831906318664551e-01 2.125037431716918945e+00 -9.612863063812255859e-01 -1.312190890312194824e+00 -1.125514507293701172e+00 1.910793781280517578e+00 -6.431052684783935547e-01 -1.002072930335998535e+00 -1.270110368728637695e+00 -6.314325332641601562e-01 -7.676637172698974609e-01 2.228023290634155273e+00 1.151213169097900391e+00 1.380981922149658203e+00 -1.020769476890563965e-01 -1.593596339225769043e+00 -8.647094666957855225e-02
-9.014629721641540527e-01 1.433649063110351562e+00 2.005962848663330078e+00 -5.585637092590332031e-01 1.866767287254333496e+00 -1.101936578750610352e+00 -1.164398670196533203e+00 -1.341581106185913086e+00 1.708775043487548828e+00 -5.325389504432678223e-01 -1.054562926292419434e+00 -1.348519563674926758e+00 -4.896113276481628418e-01 -6.588165760040283203e-01 2.049908399581909180e+00 9.703383445739746094e-01 1.330250859260559082e+00 -1.724951863288879395e-01 -1.526881456375122070e+00 -4.292419925332069397e-02
-1.068864464759826660e+00 1.482989192008972168e+00 1.691134810447692871e+00 -6.056173443794250488e-01 1.451473474502563477e+00 -1.308770537376403809e+00 -8.457046151161193848e-01 -1.722410202026367188e+00 1.461498856544494629e+00 -3.831679821014404297e-01 -1.016603946685791016e+00 -1.313604831695556641e+00 -3.049587905406951904e-01 -3.269792199134826660e-01 1.775710821151733398e+00 7.787353396415710449e-01 1.326378226280212402e+00 -3.846136033535003662e-01 -1.366421937942504883e+00 -1.069669574499130249e-01
-1.217127680778503418e+00 1.613723874092102051e+00 1.503976941108703613e+00 -8.154802322387695312e-01 1.272852182388305664e+00 -1.473164081573486328e+00 -7.331220507621765137e-01 -2.028440237045288086e+00 1.413715720176696777e+00 -3.381069004535675049e-01 -9.426004886627197266e-01 -1.209069728851318359e+00 -2.561128735542297363e-01 -1.792646944522857666e-03 1.690173029899597168e+00 7.189063429832458496e-01 1.438898444175720215e+00 -5.535256862640380859e-01 -1.255886793136596680e+00 -2.027083486318588257e-01
-1.265317440032958984e+00 1.708979249000549316e+00 1.439396858215332031e+00 -9.820151329040527344e-01 1.246312499046325684e+00 -1.552589654922485352e+00 -6.836182475090026855e-01 -2.163446903228759766e+00 1.441186308860778809e+00 -3.332109749317169189e-01 -9.091689586639404297e-01 -1.155639410018920898e+00 -2.316559255123138428e-01 1.621082276105880737e-01 1.686124086380004883e+00 6.999053955078125000e-01 1.518743038177490234e+00 -6.581896543502807617e-01 -1.203559279441833496e+00 -2.625374495983123779e-01
-1.246352672576904297e+00 1.746215343475341797e+00 1.418601393699645996e+00 -1.058668375015258789e+00 1.251516103744506836e+00 -1.587528944015502930e+00 -6.576123833656311035e-01 -2.201183557510375977e+00 1.475354194641113281e+00 -3.207121491432189941e-01 -9.020194411277770996e-01 -1.136046171188354492e+00 -2.241747975349426270e-01 2.146419584751129150e-01 1.673492074012756348e+00 6.785557866096496582e-01 1.553368568420410156e+00 -6.957647800445556641e-01 -1.181971907615661621e+00 -2.936255335807800293e-01
