-1.068968892097473145e+00 1.599378347396850586e+00 1.366027116775512695e+00 -1.418493032455444336e+00 1.278967380523681641e+00 -1.201434969902038574e+00 -8.524798154830932617e-01 -1.461469173431396484e+00 1.421834111213684082e+00 -6.463816165924072266e-01 -4.708273410797119141e-01 -4.122629761695861816e-01 -9.044775366783142090e-02 3.329593837261199951e-01 1.830063939094543457e+00 1.251053810119628906e+00 1.255760788917541504e+00 -5.304601788520812988e-01 -8.793609142303466797e-01 -6.155357360839843750e-01
-1.044323563575744629e+00 1.655996918678283691e+00 1.378751039505004883e+00 -1.194942474365234375e+00 1.387623786926269531e+00 -1.363148093223571777e+00 -8.305925130844116211e-01 -1.578573107719421387e+00 1.442952632904052734e+00 -6.499432325363159180e-01 -5.568056702613830566e-01 -3.789906203746795654e-01 3.503560274839401245e-02 3.023409545421600342e-01 1.768027424812316895e+00 1.114014625549316406e+00 1.092727661132812500e+00 -6.353551149368286133e-01 -7.832735180854797363e-01 -6.289364695549011230e-01
-1.059407353401184082e+00 1.730364084243774414e+00 1.402002930641174316e+00 -1.095825433731079102e+00 1.512787699699401855e+00 -1.472505688667297363e+00 -8.097800016403198242e-01 -1.723381161689758301e+00 1.479601383209228516e+00 -6.458997130393981934e-01 -6.695351600646972656e-01 -3.851763010025024414e-01 3.838193416595458984e-02 3.128172755241394043e-01 1.753051519393920898e+00 1.030232429504394531e+00 1.071417689323425293e+00 -7.053609490394592285e-01 -7.690574526786804199e-01 -6.659567356109619141e-01
-1.109674453735351562e+00 1.810016989707946777e+00 1.383189439773559570e+00 -1.109241485595703125e+00 1.578038692474365234e+00 -1.488084912300109863e+00 -8.144324421882629395e-01 -1.840619802474975586e+00 1.489930987358093262e+00 -6.679410934448242188e-01 -7.308148145675659180e-01 -4.189750552177429199e-01 -2.380757033824920654e-02 3.487306237220764160e-01 1.719368100166320801e+00 9.795891642570495605e-01 1.145877480506896973e+00 -7.191998958587646484e-01 -7.984370589256286621e-01 -6.660957336425781250e-01
-1.216942191123962402e+00 1.856093406677246094e+00 1.340130329132080078e+00 -1.222412109375000000e+00 1.587364554405212402e+00 -1.435349583625793457e+00 -8.286485075950622559e-01 -1.931438565254211426e+00 1.493034482002258301e+00 -7.174122929573059082e-01 -7.639180421829223633e-01 -4.584618806838989258e-01 -1.122620552778244019e-01 4.389173984527587891e-01 1.683476209640502930e+00 9.694090485572814941e-01 1.277566075325012207e+00 -6.974948048591613770e-01 -8.479962348937988281e-01 -6.316537261009216309e-01
-1.314045667648315430e+00 1.860593438148498535e+00 1.269091248512268066e+00 -1.414265871047973633e+00 1.531838536262512207e+00 -1.313562750816345215e+00 -8.203650712966918945e-01 -1.963748097419738770e+00 1.489347815513610840e+00 -7.638275623321533203e-01 -7.641195058822631836e-01 -5.229268074035644531e-01 -2.246089428663253784e-01 5.372063517570495605e-01 1.639531850814819336e+00 9.916908740997314453e-01 1.468927621841430664e+00 -6.314636468887329102e-01 -9.141592383384704590e-01 -5.926401019096374512e-01
-1.370368480682373047e+00 1.787178874015808105e+00 1.216784477233886719e+00 -1.583927631378173828e+00 1.474426984786987305e+00 -1.147238850593566895e+00 -8.305581808090209961e-01 -1.927246332168579102e+00 1.478605389595031738e+00 -7.833310365676879883e-01 -7.293840646743774414e-01 -5.986263155937194824e-01 -3.100610673427581787e-01 5.901239514350891113e-01 1.605816602706909180e+00 1.065632104873657227e+00 1.641787528991699219e+00 -5.116744041442871094e-01 -9.836755394935607910e-01 -5.544260144233703613e-01
-1.362054944038391113e+00 1.665363073348999023e+00 1.182499408721923828e+00 -1.677138805389404297e+00 1.425709247589111328e+00 -9.828591346740722656e-01 -8.459664583206176758e-01 -1.841852664947509766e+00 1.457766652107238770e+00 -7.628303170204162598e-01 -6.695770025253295898e-01 -6.660608649253845215e-01 -3.484208881855010986e-01 5.618798732757568359e-01 1.587810635566711426e+00 1.165287971496582031e+00 1.734064698219299316e+00 -3.847176730632781982e-01 -1.037969827651977539e+00 -5.391973853111267090e-01
-1.346358180046081543e+00 1.636109352111816406e+00 1.220271944999694824e+00 -1.794858694076538086e+00 1.445356726646423340e+00 -9.121297001838684082e-01 -8.720635771751403809e-01 -1.819578170776367188e+00 1.483390212059020996e+00 -7.053840160369873047e-01 -6.579564809799194336e-01 -7.481228709220886230e-01 -4.422940909862518311e-01 5.300261974334716797e-01 1.660135030746459961e+00 1.249179005622863770e+00 1.841500401496887207e+00 -3.532104194164276123e-01 -1.154628276824951172e+00 -5.470660328865051270e-01
-1.300186395645141602e+00 1.569684982299804688e+00 1.255866885185241699e+00 -1.847729444503784180e+00 1.428206205368041992e+00 -8.576051592826843262e-01 -8.723343014717102051e-01 -1.778363466262817383e+00 1.474456071853637695e+00 -6.172555088996887207e-01 -6.492109298706054688e-01 -8.291963338851928711e-01 -5.140529870986938477e-01 4.715188443660736084e-01 1.708277225494384766e+00 1.288894772529602051e+00 1.898810863494873047e+00 -3.211411535739898682e-01 -1.251120805740356445e+00 -5.394392609596252441e-01
-1.235124945640563965e+00 1.471078991889953613e+00 1.301013469696044922e+00 -1.845216035842895508e+00 1.389202952384948730e+00 -8.147333264350891113e-01 -8.492164611816406250e-01 -1.724502205848693848e+00 1.453153848648071289e+00 -5.201090574264526367e-01 -6.479570865631103516e-01 -9.241597056388854980e-01 -5.533755421638488770e-01 3.841956555843353271e-01 1.761294245719909668e+00 1.291675925254821777e+00 1.928066134452819824e+00 -2.853848338127136230e-01 -1.328843832015991211e+00 -5.039283633232116699e-01
-1.127245783805847168e+00 1.322747468948364258e+00 1.334635734558105469e+00 -1.780134916305541992e+00 1.325601696968078613e+00 -7.726175189018249512e-01 -7.832990288734436035e-01 -1.657736539840698242e+00 1.407664537429809570e+00 -3.834801018238067627e-01 -6.589226722717285156e-01 -1.036561846733093262e+00 -5.613639354705810547e-01 2.550699412822723389e-01 1.784955143928527832e+00 1.245580911636352539e+00 1.916871905326843262e+00 -2.437729090452194214e-01 -1.383436203002929688e+00 -4.619261920452117920e-01
-9.897228479385375977e-01 1.072764039039611816e+00 1.469342350959777832e+00 -1.623545646667480469e+00 1.274294734001159668e+00 -7.703070640563964844e-01 -6.909325122833251953e-01 -1.591690063476562500e+00 1.373236060142517090e+00 -1.709761768579483032e-01 -7.535029649734497070e-01 -1.234901189804077148e+00 -5.245552659034729004e-01 5.918423831462860107e-02 1.859224557876586914e+00 1.146752595901489258e+00 1.874432206153869629e+00 -1.784744560718536377e-01 -1.462019920349121094e+00 -3.738636374473571777e-01
-8.252724409103393555e-01 8.307394385337829590e-01 1.767437696456909180e+00 -1.408928871154785156e+00 1.390635728836059570e+00 -8.990067839622497559e-01 -6.514659523963928223e-01 -1.566636323928833008e+00 1.457786202430725098e+00 4.652906954288482666e-02 -9.585676193237304688e-01 -1.501879215240478516e+00 -4.609882831573486328e-01 -2.022252976894378662e-01 2.012543201446533203e+00 1.027126431465148926e+00 1.828733205795288086e+00 -1.203923076391220093e-01 -1.581543922424316406e+00 -2.416844964027404785e-01
-8.193897008895874023e-01 6.567690968513488770e-01 2.101191997528076172e+00 -1.140541315078735352e+00 1.658815026283264160e+00 -1.093440651893615723e+00 -6.735051870346069336e-01 -1.601736545562744141e+00 1.651767969131469727e+00 7.074242085218429565e-02 -1.224768996238708496e+00 -1.709059476852416992e+00 -3.749633133411407471e-01 -3.674536943435668945e-01 2.161197423934936523e+00 9.944354891777038574e-01 1.811121702194213867e+00 -4.785909876227378845e-02 -1.677475690841674805e+00 -4.801228642463684082e-02
-8.146637678146362305e-01 8.040270805358886719e-01 2.255120038986206055e+00 -8.403337597846984863e-01 1.995288372039794922e+00 -1.355861425399780273e+00 -7.837238907814025879e-01 -1.693614840507507324e+00 1.818037033081054688e+00 -6.128564476966857910e-03 -1.367826223373413086e+00 -1.696145057678222656e+00 -1.964256763458251953e-01 -4.262611865997314453e-01 2.203362464904785156e+00 9.192863702774047852e-01 1.659161567687988281e+00 -1.590381413698196411e-01 -1.605721712112426758e+00 -1.200868189334869385e-02
-8.035471439361572266e-01 9.527809023857116699e-01 2.215621709823608398e+00 -6.341761946678161621e-01 2.148325443267822266e+00 -1.514499068260192871e+00 -8.242771625518798828e-01 -1.708438634872436523e+00 1.884969234466552734e+00 -1.021997034549713135e-01 -1.386256337165832520e+00 -1.550284624099731445e+00 -5.141598358750343323e-02 -3.730672299861907959e-01 2.144147634506225586e+00 8.444730043411254883e-01 1.484181284904479980e+00 -2.812048792839050293e-01 -1.423693895339965820e+00 -4.612442106008529663e-02
-8.349848985671997070e-01 1.071941494941711426e+00 2.158431529998779297e+00 -5.525832176208496094e-01 2.246860742568969727e+00 -1.614582896232604980e+00 -8.287088871002197266e-01 -1.748191833496093750e+00 1.912404894828796387e+00 -1.954746842384338379e-01 -1.368796944618225098e+00 -1.390077352523803711e+00 1.347534544765949249e-02 -2.609066367149353027e-01 2.139228582382202148e+00 8.400413393974304199e-01 1.386707067489624023e+00 -3.963077962398529053e-01 -1.288239240646362305e+00 -1.238632872700691223e-01
-8.581856489181518555e-01 1.144039750099182129e+00 2.070940494537353516e+00 -4.938062727451324463e-01 2.284051179885864258e+00 -1.657502412796020508e+00 -8.216821551322937012e-01 -1.762802600860595703e+00 1.895210504531860352e+00 -2.634667158126831055e-01 -1.335242271423339844e+00 -1.245899677276611328e+00 5.702453851699829102e-02 -1.576076447963714600e-01 2.103958129882812500e+00 8.283254504203796387e-01 1.300834536552429199e+00 -4.783557951450347900e-01 -1.166170597076416016e+00 -1.827341914176940918e-01
-8.806703090667724609e-01 1.199422717094421387e+00 1.982933521270751953e+00 -4.521008133888244629e-01 2.290927410125732422e+00 -1.670999884605407715e+00 -8.211311697959899902e-01 -1.767091274261474609e+00 1.856886982917785645e+00 -3.189098536968231201e-01 -1.293411254882812500e+00 -1.122774600982666016e+00 8.128855377435684204e-02 -7.095503807067871094e-02 2.068615198135375977e+00 8.163688182830810547e-01 1.231850028038024902e+00 -5.377899408340454102e-01 -1.066709280014038086e+00 -2.214289307594299316e-01
-9.048382043838500977e-01 1.248833179473876953e+00 1.887626051902770996e+00 -4.250547289848327637e-01 2.278080224990844727e+00 -1.664331555366516113e+00 -8.244096040725708008e-01 -1.763048410415649414e+00 1.804678678512573242e+00 -3.732102215290069580e-01 -1.243291258811950684e+00 -1.000644564628601074e+00 9.130688011646270752e-02 2.158489823341369629e-02 2.020243167877197266e+00 8.001710176467895508e-01 1.173046827316284180e+00 -5.833336114883422852e-01 -9.745404124259948730e-01 -2.510938942432403564e-01
-9.406242370605468750e-01 1.324330329895019531e+00 1.791706681251525879e+00 -4.399959743022918701e-01 2.264466524124145508e+00 -1.636122941970825195e+00 -8.450528383255004883e-01 -1.762590765953063965e+00 1.763156414031982422e+00 -4.471572935581207275e-01 -1.186180472373962402e+00 -8.660965561866760254e-01 7.367496192455291748e-02 1.546360552310943604e-01 1.939407348632812500e+00 7.824366688728332520e-01 1.146737098693847656e+00 -6.156340241432189941e-01 -8.969404101371765137e-01 -2.940987348556518555e-01
-1.002660751342773438e+00 1.437666177749633789e+00 1.649628281593322754e+00 -5.280396938323974609e-01 2.205214262008666992e+00 -1.590832591056823730e+00 -8.804030418395996094e-01 -1.796406507492065430e+00 1.716928482055664062e+00 -5.299399495124816895e-01 -1.109561681747436523e+00 -7.358472943305969238e-01 -3.471158444881439209e-03 3.125465810298919678e-01 1.837030291557312012e+00 7.698720097541809082e-01 1.183624029159545898e+00 -6.473551392555236816e-01 -8.408234715461730957e-01 -3.389360010623931885e-01
-1.122376441955566406e+00 1.560443043708801270e+00 1.445063710212707520e+00 -6.908142566680908203e-01 2.087455987930297852e+00 -1.465745449066162109e+00 -9.528164267539978027e-01 -1.788097858428955078e+00 1.629002094268798828e+00 -6.805423498153686523e-01 -1.013040065765380859e+00 -5.585183501243591309e-01 -1.520956009626388550e-01 5.491366386413574219e-01 1.684222221374511719e+00 7.936193943023681641e-01 1.269086360931396484e+00 -6.198967695236206055e-01 -7.983693480491638184e-01 -3.507913351058959961e-01
-1.264696359634399414e+00 1.762508630752563477e+00 1.342994928359985352e+00 -1.027982592582702637e+00 1.959884762763977051e+00 -1.341440677642822266e+00 -1.089388370513916016e+00 -1.696283578872680664e+00 1.672583699226379395e+00 -9.495410323143005371e-01 -8.646534681320190430e-01 -3.452501595020294189e-01 -3.165567219257354736e-01 7.872008681297302246e-01 1.608154177665710449e+00 9.857411384582519531e-01 1.437334179878234863e+00 -5.410019755363464355e-01 -8.209489583969116211e-01 -4.122771918773651123e-01
-1.279105663299560547e+00 1.859793066978454590e+00 1.221987605094909668e+00 -1.461746454238891602e+00 1.766939759254455566e+00 -1.105486989021301270e+00 -1.133050441741943359e+00 -1.554070115089416504e+00 1.748256325721740723e+00 -1.094565153121948242e+00 -6.844027042388916016e-01 -2.832787632942199707e-01 -4.761089086532592773e-01 7.959696054458618164e-01 1.575147867202758789e+00 1.189588785171508789e+00 1.633653640747070312e+00 -4.330892860889434814e-01 -8.923896551132202148e-01 -4.863076508045196533e-01
-1.234057307243347168e+00 1.911904573440551758e+00 1.276732087135314941e+00 -1.814287662506103516e+00 1.590481996536254883e+00 -9.168480634689331055e-01 -1.183763861656188965e+00 -1.447018861770629883e+00 1.745795965194702148e+00 -9.955095648765563965e-01 -5.633106231689453125e-01 -4.046037793159484863e-01 -6.720995903015136719e-01 6.283618807792663574e-01 1.665219783782958984e+00 1.357832431793212891e+00 1.811806797981262207e+00 -3.533351421356201172e-01 -1.117249965667724609e+00 -5.743010044097900391e-01
-1.170560479164123535e+00 1.947819828987121582e+00 1.370764732360839844e+00 -1.972939252853393555e+00 1.555423498153686523e+00 -8.286603093147277832e-01 -1.240494012832641602e+00 -1.405439019203186035e+00 1.731289863586425781e+00 -8.762005567550659180e-01 -4.838295280933380127e-01 -5.198957920074462891e-01 -7.789289951324462891e-01 4.491784572601318359e-01 1.789322376251220703e+00 1.467679023742675781e+00 1.879812359809875488e+00 -3.332426548004150391e-01 -1.296721458435058594e+00 -6.256418824195861816e-01
-1.111291289329528809e+00 1.917087316513061523e+00 1.435481429100036621e+00 -2.012761116027832031e+00 1.535963535308837891e+00 -7.842036485671997070e-01 -1.253875970840454102e+00 -1.364461183547973633e+00 1.716558456420898438e+00 -7.912930846214294434e-01 -4.486336708068847656e-01 -5.995309948921203613e-01 -8.214253187179565430e-01 3.298652470111846924e-01 1.869489550590515137e+00 1.513620257377624512e+00 1.898430585861206055e+00 -2.997065186500549316e-01 -1.387262821197509766e+00 -6.312345266342163086e-01
-1.051435708999633789e+00 1.871510744094848633e+00 1.481170177459716797e+00 -2.008861541748046875e+00 1.520037412643432617e+00 -7.638260722160339355e-01 -1.244311213493347168e+00 -1.325882315635681152e+00 1.710055470466613770e+00 -7.299100160598754883e-01 -4.310896694660186768e-01 -6.499235033988952637e-01 -8.410717248916625977e-01 2.469760924577713013e-01 1.918850302696228027e+00 1.525643467903137207e+00 1.895120382308959961e+00 -2.710845768451690674e-01 -1.436312675476074219e+00 -6.284689307212829590e-01
-9.727470874786376953e-01 1.827231049537658691e+00 1.523130416870117188e+00 -1.993625879287719727e+00 1.520948171615600586e+00 -7.638426423072814941e-01 -1.219201207160949707e+00 -1.290238380432128906e+00 1.716746330261230469e+00 -6.708792448043823242e-01 -4.211291372776031494e-01 -6.955554485321044922e-01 -8.402838706970214844e-01 1.648930609226226807e-01 1.951613068580627441e+00 1.514504671096801758e+00 1.884739160537719727e+00 -2.537541389465332031e-01 -1.466355323791503906e+00 -6.296665668487548828e-01
-8.717995882034301758e-01 1.784900307655334473e+00 1.568479895591735840e+00 -1.971676588058471680e+00 1.546724200248718262e+00 -7.904708981513977051e-01 -1.178515672683715820e+00 -1.264570593833923340e+00 1.746319055557250977e+00 -6.117017865180969238e-01 -4.196172952651977539e-01 -7.452760934829711914e-01 -8.205589056015014648e-01 7.974553108215332031e-02 1.976928710937500000e+00 1.487495899200439453e+00 1.876625895500183105e+00 -2.450286597013473511e-01 -1.485881805419921875e+00 -6.349030733108520508e-01
-7.603836059570312500e-01 1.705503463745117188e+00 1.597135305404663086e+00 -1.932115077972412109e+00 1.585735678672790527e+00 -8.348437547683715820e-01 -1.107281804084777832e+00 -1.257394909858703613e+00 1.767589092254638672e+00 -5.449851751327514648e-01 -4.335735440254211426e-01 -7.798725366592407227e-01 -7.734264731407165527e-01 9.103950113058090210e-03 1.988830924034118652e+00 1.436285734176635742e+00 1.850201606750488281e+00 -2.505328357219696045e-01 -1.479126691818237305e+00 -6.354649662971496582e-01
-6.322703361511230469e-01 1.586746931076049805e+00 1.595674872398376465e+00 -1.860122919082641602e+00 1.609465837478637695e+00 -8.862695097923278809e-01 -9.985797405242919922e-01 -1.251547574996948242e+00 1.775373101234436035e+00 -4.685934185981750488e-01 -4.516788125038146973e-01 -8.103640675544738770e-01 -6.952134370803833008e-01 -5.249606817960739136e-02 1.968354225158691406e+00 1.347527742385864258e+00 1.800830006599426270e+00 -2.615331709384918213e-01 -1.441069841384887695e+00 -6.148605942726135254e-01
-5.035752654075622559e-01 1.434893846511840820e+00 1.566188335418701172e+00 -1.753379344940185547e+00 1.620764613151550293e+00 -9.434689879417419434e-01 -8.619738817214965820e-01 -1.264954924583435059e+00 1.759934067726135254e+00 -3.702172040939331055e-01 -4.846472442150115967e-01 -8.602761030197143555e-01 -5.927750468254089355e-01 -1.116198301315307617e-01 1.920960307121276855e+00 1.217294335365295410e+00 1.738482594490051270e+00 -2.747946381568908691e-01 -1.380979776382446289e+00 -5.611720681190490723e-01
-3.889205455780029297e-01 1.262842535972595215e+00 1.520890474319458008e+00 -1.612812280654907227e+00 1.624687790870666504e+00 -9.984735846519470215e-01 -7.228676080703735352e-01 -1.289414525032043457e+00 1.731967926025390625e+00 -2.615861296653747559e-01 -5.283640623092651367e-01 -9.325040578842163086e-01 -4.704465866088867188e-01 -1.638399958610534668e-01 1.863010048866271973e+00 1.084931135177612305e+00 1.686591863632202148e+00 -2.757605910301208496e-01 -1.308226108551025391e+00 -4.872174561023712158e-01
-3.287522792816162109e-01 1.085291624069213867e+00 1.508300781250000000e+00 -1.463673830032348633e+00 1.617045402526855469e+00 -1.054129123687744141e+00 -6.137763261795043945e-01 -1.326770782470703125e+00 1.708167076110839844e+00 -1.591039299964904785e-01 -6.054532527923583984e-01 -1.028104305267333984e+00 -3.514690101146697998e-01 -1.997276544570922852e-01 1.838737010955810547e+00 9.681884646415710449e-01 1.647184729576110840e+00 -2.660940885543823242e-01 -1.252240896224975586e+00 -3.830714821815490723e-01
-3.128672838211059570e-01 9.744857549667358398e-01 1.538842439651489258e+00 -1.352320432662963867e+00 1.608230233192443848e+00 -1.105234503746032715e+00 -5.722793936729431152e-01 -1.358845233917236328e+00 1.699299931526184082e+00 -8.943816274404525757e-02 -6.855347156524658203e-01 -1.112515449523925781e+00 -2.660099864006042480e-01 -2.201497256755828857e-01 1.840524911880493164e+00 8.925254940986633301e-01 1.626865267753601074e+00 -2.499000877141952515e-01 -1.232624769210815430e+00 -2.937689423561096191e-01
-3.343403339385986328e-01 9.187667369842529297e-01 1.616615891456604004e+00 -1.256981134414672852e+00 1.615653991699218750e+00 -1.164999246597290039e+00 -5.941698551177978516e-01 -1.400734782218933105e+00 1.691138863563537598e+00 -2.246211469173431396e-02 -7.618010044097900391e-01 -1.214433193206787109e+00 -2.356949597597122192e-01 -2.346997857093811035e-01 1.852908253669738770e+00 8.610448837280273438e-01 1.642417073249816895e+00 -2.262929379940032959e-01 -1.274532079696655273e+00 -2.253320217132568359e-01
-3.662046790122985840e-01 8.955538272857666016e-01 1.712943792343139648e+00 -1.163608789443969727e+00 1.636890769004821777e+00 -1.210298538208007812e+00 -6.465953588485717773e-01 -1.426795005798339844e+00 1.696548342704772949e+00 2.800044417381286621e-02 -8.559221029281616211e-01 -1.320580720901489258e+00 -2.350801974534988403e-01 -2.755488753318786621e-01 1.878789782524108887e+00 8.461329936981201172e-01 1.662426829338073730e+00 -1.941508799791336060e-01 -1.345573186874389648e+00 -1.651884019374847412e-01
-3.992976546287536621e-01 8.900650739669799805e-01 1.818644165992736816e+00 -1.066509485244750977e+00 1.670181989669799805e+00 -1.253299117088317871e+00 -7.205219268798828125e-01 -1.448454141616821289e+00 1.704628586769104004e+00 8.292015641927719116e-02 -9.555906057357788086e-01 -1.428123712539672852e+00 -2.468018084764480591e-01 -3.248892724514007568e-01 1.898389697074890137e+00 8.259954452514648438e-01 1.676760077476501465e+00 -1.693779826164245605e-01 -1.427083969116210938e+00 -1.081998869776725769e-01
-4.628196060657501221e-01 9.285039305686950684e-01 1.942219972610473633e+00 -9.536702632904052734e-01 1.742877006530761719e+00 -1.311467409133911133e+00 -8.341642022132873535e-01 -1.491172790527343750e+00 1.725735425949096680e+00 1.235696151852607727e-01 -1.067110538482666016e+00 -1.531292200088500977e+00 -2.668837904930114746e-01 -3.681043684482574463e-01 1.924755454063415527e+00 8.083196878433227539e-01 1.682701826095581055e+00 -1.713162362575531006e-01 -1.515175104141235352e+00 -5.759803205728530884e-02
-5.477164983749389648e-01 9.836112856864929199e-01 2.054478168487548828e+00 -8.450182080268859863e-01 1.810127615928649902e+00 -1.371253848075866699e+00 -9.326353073120117188e-01 -1.536591649055480957e+00 1.749966621398925781e+00 1.315988600254058838e-01 -1.162053346633911133e+00 -1.599027156829833984e+00 -2.935049533843994141e-01 -3.943668603897094727e-01 1.947742700576782227e+00 7.995205521583557129e-01 1.665562868118286133e+00 -1.877738237380981445e-01 -1.582779884338378906e+00 -2.591976895928382874e-02
-6.466060876846313477e-01 1.070508837699890137e+00 2.138370752334594727e+00 -7.803770899772644043e-01 1.884986281394958496e+00 -1.439190030097961426e+00 -1.007829308509826660e+00 -1.596236348152160645e+00 1.790326595306396484e+00 9.596485644578933716e-02 -1.226656198501586914e+00 -1.603734254837036133e+00 -3.153112828731536865e-01 -3.624781966209411621e-01 1.969446778297424316e+00 8.112632036209106445e-01 1.645718574523925781e+00 -2.265389114618301392e-01 -1.617521286010742188e+00 -3.341016173362731934e-02
-7.313885688781738281e-01 1.128883242607116699e+00 2.145958423614501953e+00 -7.017452716827392578e-01 1.917383909225463867e+00 -1.465548515319824219e+00 -1.059710860252380371e+00 -1.604142785072326660e+00 1.790552020072937012e+00 3.455070406198501587e-02 -1.243989586830139160e+00 -1.541311502456665039e+00 -3.243522644042968750e-01 -2.982790172100067139e-01 1.938923478126525879e+00 8.183022737503051758e-01 1.588391423225402832e+00 -2.595091760158538818e-01 -1.587867736816406250e+00 -4.739439487457275391e-02
-8.015854358673095703e-01 1.160059809684753418e+00 2.103768587112426758e+00 -6.276363730430603027e-01 1.910000443458557129e+00 -1.454160094261169434e+00 -1.093117475509643555e+00 -1.573963046073913574e+00 1.752537608146667480e+00 -3.525630384683609009e-02 -1.219924449920654297e+00 -1.445787906646728516e+00 -3.304041028022766113e-01 -2.273046076297760010e-01 1.881353020668029785e+00 8.257734775543212891e-01 1.511852979660034180e+00 -2.794623076915740967e-01 -1.523518085479736328e+00 -6.148178130388259888e-02
-8.538570404052734375e-01 1.171499371528625488e+00 2.043204069137573242e+00 -5.752614140510559082e-01 1.887840270996093750e+00 -1.424635291099548340e+00 -1.115699529647827148e+00 -1.529883503913879395e+00 1.704092621803283691e+00 -9.919828176498413086e-02 -1.165751576423645020e+00 -1.345005273818969727e+00 -3.365621864795684814e-01 -1.597657799720764160e-01 1.827880263328552246e+00 8.487913608551025391e-01 1.442551732063293457e+00 -2.939528524875640869e-01 -1.453666448593139648e+00 -7.463965564966201782e-02
-8.842550516128540039e-01 1.176466941833496094e+00 1.970303535461425781e+00 -5.304775834083557129e-01 1.853867530822753906e+00 -1.380625724792480469e+00 -1.127411723136901855e+00 -1.471341729164123535e+00 1.661209225654602051e+00 -1.613414734601974487e-01 -1.097436070442199707e+00 -1.252927064895629883e+00 -3.345611691474914551e-01 -1.081707626581192017e-01 1.774408459663391113e+00 8.778352737426757812e-01 1.381553530693054199e+00 -3.048995137214660645e-01 -1.383840799331665039e+00 -8.322785049676895142e-02
-9.194239377975463867e-01 1.203983426094055176e+00 1.910182476043701172e+00 -5.028195381164550781e-01 1.803875684738159180e+00 -1.348113417625427246e+00 -1.143290162086486816e+00 -1.418680310249328613e+00 1.624444842338562012e+00 -2.345247566699981689e-01 -1.021848797798156738e+00 -1.164430141448974609e+00 -3.362845182418823242e-01 -7.156541943550109863e-02 1.741540431976318359e+00 9.137715697288513184e-01 1.323536396026611328e+00 -3.102425038814544678e-01 -1.318724155426025391e+00 -9.298109263181686401e-02
-9.699590206146240234e-01 1.274603366851806641e+00 1.875329732894897461e+00 -5.188734531402587891e-01 1.778421998023986816e+00 -1.345648527145385742e+00 -1.172099590301513672e+00 -1.385890841484069824e+00 1.626223921775817871e+00 -3.359613120555877686e-01 -9.409506320953369141e-01 -1.064736008644104004e+00 -3.366779386997222900e-01 -1.916378736495971680e-03 1.729633331298828125e+00 9.563434123992919922e-01 1.291593551635742188e+00 -3.253874480724334717e-01 -1.252721309661865234e+00 -9.953651577234268188e-02
-1.019596815109252930e+00 1.365949511528015137e+00 1.832887053489685059e+00 -5.715138912200927734e-01 1.707489728927612305e+00 -1.355075001716613770e+00 -1.175722718238830566e+00 -1.337952971458435059e+00 1.625829219818115234e+00 -4.595227539539337158e-01 -8.221737146377563477e-01 -9.359627962112426758e-01 -3.426682949066162109e-01 8.468081802129745483e-02 1.721026301383972168e+00 1.010246276855468750e+00 1.252219080924987793e+00 -3.456040024757385254e-01 -1.170841217041015625e+00 -1.170666590332984924e-01
-1.071916580200195312e+00 1.467225790023803711e+00 1.760492682456970215e+00 -6.761981844902038574e-01 1.580400705337524414e+00 -1.354736447334289551e+00 -1.139887690544128418e+00 -1.253254055976867676e+00 1.612028717994689941e+00 -6.370307207107543945e-01 -6.635980606079101562e-01 -7.467598319053649902e-01 -3.658981621265411377e-01 2.142606377601623535e-01 1.700947642326354980e+00 1.085127592086791992e+00 1.208718061447143555e+00 -3.520743846893310547e-01 -1.058849811553955078e+00 -1.438114047050476074e-01
-1.159488797187805176e+00 1.611471533775329590e+00 1.650793671607971191e+00 -8.859853744506835938e-01 1.401852488517761230e+00 -1.332156777381896973e+00 -1.092674255371093750e+00 -1.157280445098876953e+00 1.581499218940734863e+00 -8.801460266113281250e-01 -4.951818287372589111e-01 -4.735392034053802490e-01 -4.346729815006256104e-01 4.064030647277832031e-01 1.679953694343566895e+00 1.204522013664245605e+00 1.195447802543640137e+00 -3.419068455696105957e-01 -9.363627433776855469e-01 -2.256104946136474609e-01
-1.277158617973327637e+00 1.798714160919189453e+00 1.594367504119873047e+00 -1.223329067230224609e+00 1.245153307914733887e+00 -1.319908738136291504e+00 -1.066080927848815918e+00 -1.163394927978515625e+00 1.603167533874511719e+00 -1.070638775825500488e+00 -4.246875345706939697e-01 -2.845163345336914062e-01 -5.024941563606262207e-01 5.753010511398315430e-01 1.748205423355102539e+00 1.365088939666748047e+00 1.298348426818847656e+00 -3.440903425216674805e-01 -9.019849300384521484e-01 -3.500689864158630371e-01
-1.318361163139343262e+00 1.919334530830383301e+00 1.579706907272338867e+00 -1.485459566116333008e+00 1.263763070106506348e+00 -1.306572794914245605e+00 -1.040529012680053711e+00 -1.218147635459899902e+00 1.725801467895507812e+00 -1.169651389122009277e+00 -4.008437991142272949e-01 -2.159671187400817871e-01 -4.520113468170166016e-01 6.457619071006774902e-01 1.840484619140625000e+00 1.474006533622741699e+00 1.393179416656494141e+00 -3.787380456924438477e-01 -8.904630541801452637e-01 -4.382240772247314453e-01
-1.273908138275146484e+00 1.962864995002746582e+00 1.583048105239868164e+00 -1.658802509307861328e+00 1.388755559921264648e+00 -1.293488860130310059e+00 -1.018769979476928711e+00 -1.268426775932312012e+00 1.852362394332885742e+00 -1.186581134796142578e+00 -3.872983157634735107e-01 -2.134159058332443237e-01 -3.899901211261749268e-01 6.477926969528198242e-01 1.924435377120971680e+00 1.531592369079589844e+00 1.477140545845031738e+00 -4.155940115451812744e-01 -8.963572382926940918e-01 -5.022277235984802246e-01
-1.206605076789855957e+00 1.947169184684753418e+00 1.559636473655700684e+00 -1.761531114578247070e+00 1.494835615158081055e+00 -1.238015770912170410e+00 -1.006979465484619141e+00 -1.282274842262268066e+00 1.913578987121582031e+00 -1.171108841896057129e+00 -3.931273519992828369e-01 -2.230016142129898071e-01 -3.583312034606933594e-01 6.235695481300354004e-01 1.961791396141052246e+00 1.555849790573120117e+00 1.541752457618713379e+00 -4.292199015617370605e-01 -9.062066078186035156e-01 -5.445725917816162109e-01
-1.144985675811767578e+00 1.895459175109863281e+00 1.540657520294189453e+00 -1.811253070831298828e+00 1.578661918640136719e+00 -1.169352769851684570e+00 -1.006436824798583984e+00 -1.263390064239501953e+00 1.938982963562011719e+00 -1.146486759185791016e+00 -4.084900915622711182e-01 -2.412970066070556641e-01 -3.553953766822814941e-01 5.887433886528015137e-01 1.981967329978942871e+00 1.569948077201843262e+00 1.587450265884399414e+00 -4.133614301681518555e-01 -9.202932715415954590e-01 -5.604388117790222168e-01
-1.085797071456909180e+00 1.828479647636413574e+00 1.534419417381286621e+00 -1.819962978363037109e+00 1.646425485610961914e+00 -1.092572331428527832e+00 -1.022982478141784668e+00 -1.215855717658996582e+00 1.938941240310668945e+00 -1.117046833038330078e+00 -4.212232530117034912e-01 -2.615848779678344727e-01 -3.804838359355926514e-01 5.430562496185302734e-01 1.989540338516235352e+00 1.582957148551940918e+00 1.615608096122741699e+00 -3.754870295524597168e-01 -9.462670087814331055e-01 -5.593349933624267578e-01
-1.023428797721862793e+00 1.745017409324645996e+00 1.544933557510375977e+00 -1.784756898880004883e+00 1.698272347450256348e+00 -1.003683090209960938e+00 -1.058520913124084473e+00 -1.136351823806762695e+00 1.910530567169189453e+00 -1.076962351799011230e+00 -4.335555136203765869e-01 -2.875962853431701660e-01 -4.402807056903839111e-01 4.755226075649261475e-01 1.985026955604553223e+00 1.593240499496459961e+00 1.623979330062866211e+00 -3.111114799976348877e-01 -9.929042458534240723e-01 -5.441264510154724121e-01
-9.388467073440551758e-01 1.634389519691467285e+00 1.565481305122375488e+00 -1.699320077896118164e+00 1.734211802482604980e+00 -8.801167607307434082e-01 -1.107012271881103516e+00 -1.007577180862426758e+00 1.849554538726806641e+00 -1.016150236129760742e+00 -4.579087793827056885e-01 -3.279691040515899658e-01 -5.444473028182983398e-01 3.505219817161560059e-01 1.966537117958068848e+00 1.567044138908386230e+00 1.595611333847045898e+00 -2.171032577753067017e-01 -1.063346385955810547e+00 -5.081980228424072266e-01
-8.036245107650756836e-01 1.497433304786682129e+00 1.670542955398559570e+00 -1.544301509857177734e+00 1.813203096389770508e+00 -7.787077426910400391e-01 -1.173667907714843750e+00 -8.477899432182312012e-01 1.817327737808227539e+00 -9.170463085174560547e-01 -5.227841138839721680e-01 -4.461088180541992188e-01 -6.586424708366394043e-01 1.162091195583343506e-01 1.985928654670715332e+00 1.521264314651489258e+00 1.556534171104431152e+00 -9.398043155670166016e-02 -1.187358856201171875e+00 -4.467995166778564453e-01
-6.708861589431762695e-01 1.352622270584106445e+00 1.866777896881103516e+00 -1.342133998870849609e+00 1.928779006004333496e+00 -7.452526092529296875e-01 -1.218041181564331055e+00 -7.481028437614440918e-01 1.840094208717346191e+00 -7.849850058555603027e-01 -6.510354280471801758e-01 -6.602779626846313477e-01 -7.534363269805908203e-01 -1.824112534523010254e-01 2.064276933670043945e+00 1.464521765708923340e+00 1.546005964279174805e+00 1.999640837311744690e-02 -1.362716913223266602e+00 -3.808727562427520752e-01
-6.570879220962524414e-01 1.263630151748657227e+00 2.104309797286987305e+00 -1.144636631011962891e+00 2.046000480651855469e+00 -8.223016858100891113e-01 -1.239582538604736328e+00 -7.661608457565307617e-01 1.913034796714782715e+00 -7.110222578048706055e-01 -8.079613447189331055e-01 -8.902812600135803223e-01 -8.188616633415222168e-01 -3.666580319404602051e-01 2.176865100860595703e+00 1.412773013114929199e+00 1.590372800827026367e+00 8.812329173088073730e-02 -1.523995399475097656e+00 -2.987570166587829590e-01
-6.802215576171875000e-01 1.236347913742065430e+00 2.283827543258666992e+00 -9.737783670425415039e-01 2.100278615951538086e+00 -9.186523556709289551e-01 -1.256615400314331055e+00 -8.346807360649108887e-01 1.950036764144897461e+00 -6.559138894081115723e-01 -9.198232889175415039e-01 -1.076305985450744629e+00 -8.488504290580749512e-01 -4.658085107803344727e-01 2.221083641052246094e+00 1.350345134735107422e+00 1.625171303749084473e+00 1.267031431198120117e-01 -1.642643213272094727e+00 -2.318037152290344238e-01
-7.117563486099243164e-01 1.242658495903015137e+00 2.396945714950561523e+00 -8.627654314041137695e-01 2.099285364151000977e+00 -1.013303756713867188e+00 -1.247127532958984375e+00 -9.094681143760681152e-01 1.974551200866699219e+00 -6.026913523674011230e-01 -1.002101540565490723e+00 -1.197203159332275391e+00 -8.493736982345581055e-01 -5.259044766426086426e-01 2.236435174942016602e+00 1.306196212768554688e+00 1.626884818077087402e+00 1.361426711082458496e-01 -1.713845968246459961e+00 -2.168145179748535156e-01
-7.482429742813110352e-01 1.263308405876159668e+00 2.446213483810424805e+00 -7.588654756546020508e-01 2.095515966415405273e+00 -1.104070663452148438e+00 -1.225452065467834473e+00 -9.890131354331970215e-01 1.978217363357543945e+00 -5.597028732299804688e-01 -1.074777483940124512e+00 -1.260546445846557617e+00 -8.186482191085815430e-01 -5.424815416336059570e-01 2.214699506759643555e+00 1.246337532997131348e+00 1.587267637252807617e+00 1.145238131284713745e-01 -1.725214719772338867e+00 -2.196366786956787109e-01
-7.884680032730102539e-01 1.270781517028808594e+00 2.443076372146606445e+00 -6.440576314926147461e-01 2.073523998260498047e+00 -1.183077096939086914e+00 -1.188624858856201172e+00 -1.051728129386901855e+00 1.954277396202087402e+00 -5.299422144889831543e-01 -1.135887980461120605e+00 -1.278636455535888672e+00 -7.629657983779907227e-01 -5.261856317520141602e-01 2.154426097869873047e+00 1.169284224510192871e+00 1.511489272117614746e+00 7.814657688140869141e-02 -1.693477869033813477e+00 -2.144681215286254883e-01
-8.305749893188476562e-01 1.269921064376831055e+00 2.378268241882324219e+00 -5.285311937332153320e-01 2.033204078674316406e+00 -1.258350372314453125e+00 -1.134957194328308105e+00 -1.111334562301635742e+00 1.903327822685241699e+00 -5.023338794708251953e-01 -1.183196783065795898e+00 -1.254676342010498047e+00 -6.781057119369506836e-01 -4.686675071716308594e-01 2.058235883712768555e+00 1.079885363578796387e+00 1.410629749298095703e+00 2.215763553977012634e-02 -1.619884014129638672e+00 -2.081720530986785889e-01
-9.073640108108520508e-01 1.284160494804382324e+00 2.265565872192382812e+00 -4.243289530277252197e-01 2.022961139678955078e+00 -1.365163922309875488e+00 -1.080590367317199707e+00 -1.227057099342346191e+00 1.861206531524658203e+00 -5.076858401298522949e-01 -1.202859878540039062e+00 -1.180279016494750977e+00 -5.471485257148742676e-01 -3.016494810581207275e-01 1.991030454635620117e+00 1.016347885131835938e+00 1.337499499320983887e+00 -9.153641760349273682e-02 -1.491892099380493164e+00 -2.211257517337799072e-01
-1.011540055274963379e+00 1.313884496688842773e+00 2.085589885711669922e+00 -3.301275968551635742e-01 2.001246690750122070e+00 -1.459294438362121582e+00 -1.027627110481262207e+00 -1.387322425842285156e+00 1.771360039710998535e+00 -5.301712751388549805e-01 -1.215695500373840332e+00 -1.040509581565856934e+00 -4.100412130355834961e-01 -8.131198585033416748e-02 1.935109376907348633e+00 9.341933727264404297e-01 1.244669675827026367e+00 -2.398853302001953125e-01 -1.308245420455932617e+00 -2.466902732849121094e-01
-1.107132673263549805e+00 1.322507381439208984e+00 1.808630704879760742e+00 -2.878086566925048828e-01 1.912433624267578125e+00 -1.483951926231384277e+00 -9.673660397529602051e-01 -1.515422940254211426e+00 1.634109735488891602e+00 -5.632992982864379883e-01 -1.171446919441223145e+00 -8.458180427551269531e-01 -2.887653112411499023e-01 2.025760561227798462e-01 1.802704930305480957e+00 8.348491787910461426e-01 1.155047178268432617e+00 -3.872978687286376953e-01 -1.077978849411010742e+00 -2.524486184120178223e-01
-1.244000315666198730e+00 1.379661798477172852e+00 1.619973301887512207e+00 -4.229452908039093018e-01 1.857381582260131836e+00 -1.476799130439758301e+00 -9.757345318794250488e-01 -1.653423309326171875e+00 1.560552597045898438e+00 -6.300970315933227539e-01 -1.109368324279785156e+00 -7.056446075439453125e-01 -2.322433143854141235e-01 4.625765681266784668e-01 1.742295622825622559e+00 8.714947700500488281e-01 1.216685295104980469e+00 -4.894421994686126709e-01 -9.692493677139282227e-01 -2.583349347114562988e-01
-1.358162999153137207e+00 1.428665637969970703e+00 1.543541193008422852e+00 -5.934894680976867676e-01 1.859837889671325684e+00 -1.490785360336303711e+00 -9.855609536170959473e-01 -1.777179837226867676e+00 1.545600891113281250e+00 -6.844278573989868164e-01 -1.074062943458557129e+00 -6.399260759353637695e-01 -1.952452510595321655e-01 6.397002935409545898e-01 1.759682655334472656e+00 9.674629569053649902e-01 1.328219413757324219e+00 -5.537802577018737793e-01 -9.330221414566040039e-01 -2.833591103553771973e-01
-1.431012630462646484e+00 1.424049377441406250e+00 1.496699690818786621e+00 -7.160469293594360352e-01 1.853427886962890625e+00 -1.478797197341918945e+00 -9.801815152168273926e-01 -1.848925232887268066e+00 1.515470981597900391e+00 -7.045201659202575684e-01 -1.062656641006469727e+00 -6.067736744880676270e-01 -1.831238716840744019e-01 7.551437616348266602e-01 1.764738202095031738e+00 1.038864850997924805e+00 1.409265398979187012e+00 -5.769209265708923340e-01 -9.184429645538330078e-01 -3.058376610279083252e-01
-1.466429233551025391e+00 1.365521073341369629e+00 1.490073084831237793e+00 -7.753355503082275391e-01 1.843985557556152344e+00 -1.447619795799255371e+00 -9.607899785041809082e-01 -1.869809269905090332e+00 1.474217057228088379e+00 -6.972994804382324219e-01 -1.079003334045410156e+00 -6.046645045280456543e-01 -1.980690807104110718e-01 8.046789169311523438e-01 1.760494709014892578e+00 1.081440567970275879e+00 1.448960781097412109e+00 -5.646240711212158203e-01 -9.334546923637390137e-01 -3.130170404911041260e-01
-1.464179039001464844e+00 1.258685350418090820e+00 1.523607373237609863e+00 -7.944856286048889160e-01 1.819478631019592285e+00 -1.391277670860290527e+00 -9.506888985633850098e-01 -1.842921137809753418e+00 1.408118844032287598e+00 -6.411829590797424316e-01 -1.109753966331481934e+00 -6.417879462242126465e-01 -2.433679848909378052e-01 7.975565791130065918e-01 1.752125501632690430e+00 1.114362835884094238e+00 1.473735332489013672e+00 -5.045017600059509277e-01 -9.922518134117126465e-01 -3.190157711505889893e-01
-1.439634799957275391e+00 1.101406455039978027e+00 1.601179003715515137e+00 -7.630432844161987305e-01 1.772812247276306152e+00 -1.291347384452819824e+00 -9.471286535263061523e-01 -1.739105105400085449e+00 1.316680669784545898e+00 -5.508930683135986328e-01 -1.163050293922424316e+00 -6.967501044273376465e-01 -3.271800875663757324e-01 7.344210743904113770e-01 1.748609304428100586e+00 1.166684269905090332e+00 1.475567698478698730e+00 -3.950369656085968018e-01 -1.094509363174438477e+00 -3.372557163238525391e-01
-1.375013947486877441e+00 9.280449151992797852e-01 1.700863718986511230e+00 -7.012184858322143555e-01 1.674526691436767578e+00 -1.141384363174438477e+00 -9.461158514022827148e-01 -1.550234913825988770e+00 1.200608134269714355e+00 -4.463363885879516602e-01 -1.215405464172363281e+00 -7.536732554435729980e-01 -4.418872296810150146e-01 5.899459123611450195e-01 1.740897536277770996e+00 1.202878832817077637e+00 1.424184441566467285e+00 -2.345921397209167480e-01 -1.213711738586425781e+00 -3.676082193851470947e-01
-1.291737198829650879e+00 7.893249988555908203e-01 1.822777628898620605e+00 -6.748043298721313477e-01 1.533920526504516602e+00 -9.594161510467529297e-01 -9.748873114585876465e-01 -1.288563370704650879e+00 1.079643249511718750e+00 -3.745763003826141357e-01 -1.211407303810119629e+00 -7.942880988121032715e-01 -5.870190262794494629e-01 3.978065550327301025e-01 1.749125719070434570e+00 1.247110009193420410e+00 1.358911752700805664e+00 -4.265753924846649170e-02 -1.349360704421997070e+00 -3.806635141372680664e-01
-1.224768280982971191e+00 7.322324514389038086e-01 1.925750017166137695e+00 -7.572302222251892090e-01 1.466616868972778320e+00 -8.239072561264038086e-01 -1.028900980949401855e+00 -1.065821886062622070e+00 1.025692701339721680e+00 -3.742413222789764404e-01 -1.144017457962036133e+00 -7.545817494392395020e-01 -7.060952782630920410e-01 2.912884652614593506e-01 1.785319566726684570e+00 1.323265671730041504e+00 1.329666733741760254e+00 9.316985309123992920e-02 -1.439260721206665039e+00 -4.072514474391937256e-01
-1.195132017135620117e+00 7.852441072463989258e-01 1.967122912406921387e+00 -9.106820225715637207e-01 1.466901659965515137e+00 -7.578105926513671875e-01 -1.095798015594482422e+00 -9.548790454864501953e-01 1.032374382019042969e+00 -4.104945361614227295e-01 -1.061318635940551758e+00 -6.743022799491882324e-01 -7.670676112174987793e-01 2.602161169052124023e-01 1.860095977783203125e+00 1.422448992729187012e+00 1.345178008079528809e+00 1.231458634138107300e-01 -1.473001956939697266e+00 -4.543426930904388428e-01
-1.221947908401489258e+00 9.547680616378784180e-01 1.910788655281066895e+00 -1.178483963012695312e+00 1.551670193672180176e+00 -7.611173987388610840e-01 -1.154235243797302246e+00 -1.001208901405334473e+00 1.155419468879699707e+00 -5.114848017692565918e-01 -9.519410133361816406e-01 -5.706017613410949707e-01 -7.427489757537841797e-01 3.563896715641021729e-01 1.949627280235290527e+00 1.544983029365539551e+00 1.446136593818664551e+00 4.296103492379188538e-02 -1.428555250167846680e+00 -5.051575303077697754e-01
-1.263932108879089355e+00 1.200886011123657227e+00 1.747618675231933594e+00 -1.499201536178588867e+00 1.667454004287719727e+00 -8.053213953971862793e-01 -1.209720730781555176e+00 -1.120472788810729980e+00 1.361283540725708008e+00 -6.681435108184814453e-01 -7.733032703399658203e-01 -4.478729367256164551e-01 -6.598744392395019531e-01 5.478403568267822266e-01 1.999038100242614746e+00 1.647873401641845703e+00 1.607986450195312500e+00 -1.012576669454574585e-01 -1.306321620941162109e+00 -5.327346324920654297e-01
-1.281588673591613770e+00 1.425661087036132812e+00 1.607274055480957031e+00 -1.737860202789306641e+00 1.751021385192871094e+00 -8.869071006774902344e-01 -1.173804163932800293e+00 -1.267344236373901367e+00 1.583326697349548340e+00 -8.138907551765441895e-01 -6.347397565841674805e-01 -4.027889370918273926e-01 -5.454109311103820801e-01 6.926738023757934570e-01 2.036326169967651367e+00 1.700950622558593750e+00 1.776016950607299805e+00 -2.353094816207885742e-01 -1.173110485076904297e+00 -5.654929876327514648e-01
-1.307518362998962402e+00 1.577952742576599121e+00 1.532918214797973633e+00 -1.881017446517944336e+00 1.777761459350585938e+00 -9.543909430503845215e-01 -1.142065405845642090e+00 -1.380191087722778320e+00 1.734531998634338379e+00 -9.121633768081665039e-01 -5.491870641708374023e-01 -4.038202762603759766e-01 -4.524440765380859375e-01 7.575833201408386230e-01 2.079500675201416016e+00 1.704633474349975586e+00 1.863328456878662109e+00 -3.303519487380981445e-01 -1.090205192565917969e+00 -5.562300086021423340e-01
-1.319753766059875488e+00 1.667166352272033691e+00 1.494377493858337402e+00 -1.944057941436767578e+00 1.780570030212402344e+00 -1.010441422462463379e+00 -1.107824325561523438e+00 -1.460002183914184570e+00 1.810590982437133789e+00 -9.627750515937805176e-01 -4.825325906276702881e-01 -4.196905493736267090e-01 -3.987559378147125244e-01 7.816628217697143555e-01 2.090282678604125977e+00 1.695670008659362793e+00 1.902393579483032227e+00 -3.883646130561828613e-01 -1.047922134399414062e+00 -5.439601540565490723e-01
-1.312871217727661133e+00 1.716937422752380371e+00 1.474774122238159180e+00 -1.983303308486938477e+00 1.761654496192932129e+00 -1.040977835655212402e+00 -1.075951695442199707e+00 -1.512068510055541992e+00 1.852388620376586914e+00 -9.757114052772521973e-01 -4.405683577060699463e-01 -4.577371776103973389e-01 -3.675292432308197021e-01 7.641049027442932129e-01 2.091808557510375977e+00 1.673210740089416504e+00 1.925499558448791504e+00 -4.165046811103820801e-01 -1.039606809616088867e+00 -5.239123106002807617e-01
-1.280209541320800781e+00 1.750690698623657227e+00 1.472308158874511719e+00 -2.012745380401611328e+00 1.742742300033569336e+00 -1.066415905952453613e+00 -1.042424321174621582e+00 -1.555359482765197754e+00 1.884220242500305176e+00 -9.584090709686279297e-01 -4.146981835365295410e-01 -5.125789046287536621e-01 -3.402456641197204590e-01 7.044706940650939941e-01 2.099903583526611328e+00 1.640511751174926758e+00 1.936591625213623047e+00 -4.341188669204711914e-01 -1.053699016571044922e+00 -5.058549046516418457e-01
-1.223503232002258301e+00 1.762988448143005371e+00 1.473224163055419922e+00 -2.028334856033325195e+00 1.697907328605651855e+00 -1.075266718864440918e+00 -1.006516218185424805e+00 -1.571092963218688965e+00 1.889953970909118652e+00 -9.115670919418334961e-01 -3.906959593296051025e-01 -5.794239044189453125e-01 -3.307810127735137939e-01 6.056483387947082520e-01 2.104580640792846680e+00 1.595204353332519531e+00 1.928969979286193848e+00 -4.378915429115295410e-01 -1.083451509475708008e+00 -4.820328056812286377e-01
-1.153493523597717285e+00 1.762207627296447754e+00 1.478325724601745605e+00 -2.015895128250122070e+00 1.642771005630493164e+00 -1.062029123306274414e+00 -9.827952384948730469e-01 -1.577303409576416016e+00 1.861238837242126465e+00 -8.335573673248291016e-01 -3.940630853176116943e-01 -6.607306003570556641e-01 -3.615585863590240479e-01 4.616676867008209229e-01 2.107813835144042969e+00 1.524481415748596191e+00 1.902768969535827637e+00 -4.239864051342010498e-01 -1.143109321594238281e+00 -4.622222185134887695e-01
-1.004135847091674805e+00 1.702097296714782715e+00 1.474396228790283203e+00 -1.931243419647216797e+00 1.544940710067749023e+00 -1.015778779983520508e+00 -9.308106899261474609e-01 -1.519600391387939453e+00 1.775569200515747070e+00 -6.987756490707397461e-01 -4.045417308807373047e-01 -7.586053013801574707e-01 -4.027272760868072510e-01 2.225740551948547363e-01 2.071200132369995117e+00 1.393790483474731445e+00 1.806307792663574219e+00 -3.777911067008972168e-01 -1.203622341156005859e+00 -4.286982119083404541e-01
-7.417236566543579102e-01 1.540970563888549805e+00 1.628710508346557617e+00 -1.699382305145263672e+00 1.533307552337646484e+00 -1.042916893959045410e+00 -8.586604595184326172e-01 -1.388843536376953125e+00 1.764786839485168457e+00 -5.201269388198852539e-01 -5.004370212554931641e-01 -9.568390846252441406e-01 -3.879745900630950928e-01 -1.571073383092880249e-01 2.112124204635620117e+00 1.242622971534729004e+00 1.683870792388916016e+00 -2.725135684013366699e-01 -1.290565967559814453e+00 -3.615929186344146729e-01
-5.151711702346801758e-01 1.383170127868652344e+00 1.929418087005615234e+00 -1.380565404891967773e+00 1.619499921798706055e+00 -1.173438310623168945e+00 -7.522380352020263672e-01 -1.319512486457824707e+00 1.849798202514648438e+00 -3.610782921314239502e-01 -7.045145034790039062e-01 -1.221050739288330078e+00 -4.233345985412597656e-01 -5.128301978111267090e-01 2.144136428833007812e+00 1.060401201248168945e+00 1.626975417137145996e+00 -1.542064696550369263e-01 -1.427836656570434570e+00 -3.118964433670043945e-01
-4.446035027503967285e-01 1.340208649635314941e+00 2.212294340133666992e+00 -1.162298202514648438e+00 1.733648896217346191e+00 -1.280264258384704590e+00 -7.209998965263366699e-01 -1.302820086479187012e+00 1.954955935478210449e+00 -3.163591623306274414e-01 -9.508136510848999023e-01 -1.374545574188232422e+00 -4.999240040779113770e-01 -7.059791088104248047e-01 2.146604537963867188e+00 9.713073372840881348e-01 1.603241443634033203e+00 -6.134176254272460938e-02 -1.579949855804443359e+00 -3.306646347045898438e-01
-5.023630261421203613e-01 1.344470262527465820e+00 2.376155376434326172e+00 -1.029744148254394531e+00 1.875288844108581543e+00 -1.344303846359252930e+00 -7.515741586685180664e-01 -1.366194009780883789e+00 2.042053937911987305e+00 -3.098269104957580566e-01 -1.154774427413940430e+00 -1.499369382858276367e+00 -5.367322564125061035e-01 -7.587764859199523926e-01 2.189202308654785156e+00 9.654471874237060547e-01 1.637314558029174805e+00 -2.722446620464324951e-02 -1.677556991577148438e+00 -3.378348648548126221e-01
-5.632281899452209473e-01 1.387423396110534668e+00 2.462721824645996094e+00 -9.374914765357971191e-01 1.994675517082214355e+00 -1.390226006507873535e+00 -8.257059454917907715e-01 -1.434809684753417969e+00 2.107565879821777344e+00 -3.058633804321289062e-01 -1.265598893165588379e+00 -1.570118665695190430e+00 -5.519876480102539062e-01 -7.603381276130676270e-01 2.204314708709716797e+00 9.607092738151550293e-01 1.663082480430603027e+00 -3.779703378677368164e-02 -1.735725879669189453e+00 -3.385930061340332031e-01
-6.207705736160278320e-01 1.392090559005737305e+00 2.482363462448120117e+00 -8.650072216987609863e-01 2.045605659484863281e+00 -1.379393100738525391e+00 -8.826875686645507812e-01 -1.468967199325561523e+00 2.123766183853149414e+00 -2.991507053375244141e-01 -1.333403348922729492e+00 -1.614668607711791992e+00 -5.776864886283874512e-01 -7.485247254371643066e-01 2.187075138092041016e+00 9.533128142356872559e-01 1.676019072532653809e+00 -4.234841465950012207e-02 -1.771709918975830078e+00 -3.218620717525482178e-01
-6.810109615325927734e-01 1.360601782798767090e+00 2.448514223098754883e+00 -8.120095133781433105e-01 2.034657478332519531e+00 -1.312375903129577637e+00 -9.337984919548034668e-01 -1.478082776069641113e+00 2.095093250274658203e+00 -2.830084264278411865e-01 -1.369754910469055176e+00 -1.652115583419799805e+00 -6.238944530487060547e-01 -7.284306883811950684e-01 2.140021085739135742e+00 9.436109066009521484e-01 1.689153313636779785e+00 -3.627481311559677124e-02 -1.802484035491943359e+00 -2.839784920215606689e-01
-7.426586151123046875e-01 1.281045556068420410e+00 2.327740430831909180e+00 -7.962750792503356934e-01 1.938126921653747559e+00 -1.165397405624389648e+00 -9.863312244415283203e-01 -1.460135817527770996e+00 1.997541666030883789e+00 -2.417273223400115967e-01 -1.361333847045898438e+00 -1.683140277862548828e+00 -7.087093591690063477e-01 -6.826362013816833496e-01 2.035834789276123047e+00 9.324104785919189453e-01 1.724621891975402832e+00 -1.560311764478683472e-02 -1.832863092422485352e+00 -2.305634021759033203e-01
-8.231577873229980469e-01 1.138594388961791992e+00 2.039635658264160156e+00 -8.403807282447814941e-01 1.733757972717285156e+00 -8.943987488746643066e-01 -1.034635305404663086e+00 -1.416499257087707520e+00 1.776649236679077148e+00 -1.963616311550140381e-01 -1.273522615432739258e+00 -1.644603252410888672e+00 -8.157222270965576172e-01 -5.639161467552185059e-01 1.850937247276306152e+00 9.258411526679992676e-01 1.759900569915771484e+00 1.239140331745147705e-02 -1.817679882049560547e+00 -1.656492054462432861e-01
-9.602454900741577148e-01 1.012252688407897949e+00 1.632786870002746582e+00 -9.752503037452697754e-01 1.568878769874572754e+00 -6.495150327682495117e-01 -1.062212824821472168e+00 -1.432512760162353516e+00 1.578267574310302734e+00 -2.355502247810363770e-01 -1.077553391456604004e+00 -1.462007761001586914e+00 -8.926437497138977051e-01 -2.823139727115631104e-01 1.603523135185241699e+00 1.008845686912536621e+00 1.838279366493225098e+00 2.346131950616836548e-03 -1.730991601943969727e+00 -1.373798251152038574e-01
-1.124027729034423828e+00 1.026665806770324707e+00 1.395410299301147461e+00 -1.200536251068115234e+00 1.468783855438232422e+00 -5.642784833908081055e-01 -1.096517324447631836e+00 -1.486854672431945801e+00 1.459062576293945312e+00 -3.397012352943420410e-01 -8.757345676422119141e-01 -1.224445343017578125e+00 -8.941099047660827637e-01 7.064326107501983643e-02 1.460000276565551758e+00 1.067612290382385254e+00 1.873522162437438965e+00 -6.730050593614578247e-02 -1.619585990905761719e+00 -1.095341965556144714e-01
-1.194901108741760254e+00 1.120033979415893555e+00 1.320557117462158203e+00 -1.391552925109863281e+00 1.447839260101318359e+00 -5.918503403663635254e-01 -1.102899193763732910e+00 -1.536571979522705078e+00 1.457714796066284180e+00 -4.034035503864288330e-01 -7.573094367980957031e-01 -1.127140522003173828e+00 -8.301733732223510742e-01 2.319879829883575439e-01 1.495909571647644043e+00 1.157932519912719727e+00 1.937950849533081055e+00 -1.463763117790222168e-01 -1.543159008026123047e+00 -1.572388112545013428e-01
-1.211045026779174805e+00 1.238437175750732422e+00 1.314644098281860352e+00 -1.501831293106079102e+00 1.427880287170410156e+00 -6.451753377914428711e-01 -1.129703879356384277e+00 -1.567342400550842285e+00 1.490007400512695312e+00 -4.460670053958892822e-01 -6.708123683929443359e-01 -1.082274913787841797e+00 -7.695370316505432129e-01 2.531609535217285156e-01 1.574010014533996582e+00 1.229329109191894531e+00 1.959031939506530762e+00 -2.012829482555389404e-01 -1.509966850280761719e+00 -1.977727115154266357e-01
-1.185492396354675293e+00 1.324150800704956055e+00 1.297529816627502441e+00 -1.536134481430053711e+00 1.370697140693664551e+00 -6.744419932365417480e-01 -1.119625329971313477e+00 -1.560334563255310059e+00 1.484607219696044922e+00 -4.664176106452941895e-01 -6.045508384704589844e-01 -1.043828487396240234e+00 -7.101051211357116699e-01 2.013761997222900391e-01 1.617894172668457031e+00 1.236682534217834473e+00 1.906391978263854980e+00 -2.369306534528732300e-01 -1.460340738296508789e+00 -2.340655326843261719e-01
-1.114734053611755371e+00 1.403289556503295898e+00 1.257376313209533691e+00 -1.510262012481689453e+00 1.266882658004760742e+00 -6.871252059936523438e-01 -1.065700769424438477e+00 -1.499575257301330566e+00 1.429591655731201172e+00 -4.889143407344818115e-01 -5.426404476165771484e-01 -9.556038975715637207e-01 -6.379367113113403320e-01 1.026431769132614136e-01 1.612655282020568848e+00 1.179205536842346191e+00 1.749536037445068359e+00 -2.615749537944793701e-01 -1.356122016906738281e+00 -2.983656227588653564e-01
-9.932529926300048828e-01 1.508185148239135742e+00 1.187533736228942871e+00 -1.429643630981445312e+00 1.153960704803466797e+00 -7.186673879623413086e-01 -9.316046833992004395e-01 -1.398678302764892578e+00 1.349982023239135742e+00 -5.503069758415222168e-01 -5.256681442260742188e-01 -7.739519476890563965e-01 -5.256476402282714844e-01 -2.489473670721054077e-02 1.575905203819274902e+00 1.046004772186279297e+00 1.462376713752746582e+00 -2.944082319736480713e-01 -1.157369852066040039e+00 -4.211101830005645752e-01
-8.286567926406860352e-01 1.735023736953735352e+00 1.180108547210693359e+00 -1.387216091156005859e+00 1.241222500801086426e+00 -9.175530672073364258e-01 -7.455337047576904297e-01 -1.386133193969726562e+00 1.436798691749572754e+00 -6.705882549285888672e-01 -6.079787015914916992e-01 -4.834745228290557861e-01 -3.794373273849487305e-01 -4.033929109573364258e-02 1.563096642494201660e+00 8.744516968727111816e-01 1.159306526184082031e+00 -4.181384146213531494e-01 -8.913877606391906738e-01 -6.677051186561584473e-01
-8.232287168502807617e-01 1.941083669662475586e+00 1.317036271095275879e+00 -1.422374486923217773e+00 1.452786445617675781e+00 -1.132375478744506836e+00 -6.828528642654418945e-01 -1.462491035461425781e+00 1.646642565727233887e+00 -8.378542661666870117e-01 -7.233469486236572266e-01 -3.096457421779632568e-01 -3.072349131107330322e-01 8.555197715759277344e-02 1.652992129325866699e+00 8.893109560012817383e-01 1.103339076042175293e+00 -5.055161118507385254e-01 -7.901701927185058594e-01 -8.727476000785827637e-01
-8.956533670425415039e-01 2.071251869201660156e+00 1.425118446350097656e+00 -1.522467851638793945e+00 1.613888263702392578e+00 -1.277222275733947754e+00 -6.934437751770019531e-01 -1.540544271469116211e+00 1.805556058883666992e+00 -9.798244237899780273e-01 -7.817105054855346680e-01 -2.115554809570312500e-01 -2.810629904270172119e-01 2.571390867233276367e-01 1.738481283187866211e+00 9.581400752067565918e-01 1.168086767196655273e+00 -5.453368425369262695e-01 -7.672443389892578125e-01 -9.523488879203796387e-01
-9.945769309997558594e-01 2.139499664306640625e+00 1.480983853340148926e+00 -1.652167558670043945e+00 1.708719968795776367e+00 -1.345078706741333008e+00 -7.367989420890808105e-01 -1.606740713119506836e+00 1.911556601524353027e+00 -1.073044776916503906e+00 -7.872956991195678711e-01 -1.712329983711242676e-01 -2.883849740028381348e-01 4.226025044918060303e-01 1.802859067916870117e+00 1.054025650024414062e+00 1.288356423377990723e+00 -5.572580099105834961e-01 -7.829296588897705078e-01 -9.654883146286010742e-01
-1.081898212432861328e+00 2.148224115371704102e+00 1.498127460479736328e+00 -1.771004438400268555e+00 1.745643615722656250e+00 -1.353664994239807129e+00 -7.772023081779479980e-01 -1.639799833297729492e+00 1.968037486076354980e+00 -1.128257632255554199e+00 -7.566100358963012695e-01 -1.688209474086761475e-01 -3.072234392166137695e-01 5.514717102050781250e-01 1.845218420028686523e+00 1.152547717094421387e+00 1.415598273277282715e+00 -5.459232330322265625e-01 -8.103736042976379395e-01 -9.377399086952209473e-01
-1.136785268783569336e+00 2.108015775680541992e+00 1.493546724319458008e+00 -1.856567144393920898e+00 1.739736557006835938e+00 -1.323228240013122559e+00 -7.976852655410766602e-01 -1.641076207160949707e+00 1.987038493156433105e+00 -1.144864082336425781e+00 -7.065132856369018555e-01 -2.012315988540649414e-01 -3.276357948780059814e-01 6.254299283027648926e-01 1.869689345359802246e+00 1.238065719604492188e+00 1.530571103096008301e+00 -5.172666907310485840e-01 -8.420218229293823242e-01 -8.886241316795349121e-01
-1.155444264411926270e+00 2.024713039398193359e+00 1.467777371406555176e+00 -1.918567895889282227e+00 1.707827091217041016e+00 -1.254615306854248047e+00 -8.096264004707336426e-01 -1.618744611740112305e+00 1.967989444732666016e+00 -1.117447018623352051e+00 -6.303815841674804688e-01 -2.556042671203613281e-01 -3.475044965744018555e-01 6.413736343383789062e-01 1.886854052543640137e+00 1.312427401542663574e+00 1.617498278617858887e+00 -4.849071800708770752e-01 -8.785652518272399902e-01 -8.242909312248229980e-01
-1.145205855369567871e+00 1.959637880325317383e+00 1.449589490890502930e+00 -1.961813211441040039e+00 1.703963041305541992e+00 -1.196017026901245117e+00 -8.326093554496765137e-01 -1.620835423469543457e+00 1.934346318244934082e+00 -1.047132968902587891e+00 -5.474833250045776367e-01 -3.340306282043457031e-01 -3.580618202686309814e-01 6.064891815185546875e-01 1.923547029495239258e+00 1.365223288536071777e+00 1.676032423973083496e+00 -4.934842288494110107e-01 -9.318569302558898926e-01 -7.572717666625976562e-01
-1.114440560340881348e+00 1.881156325340270996e+00 1.451308369636535645e+00 -1.973776578903198242e+00 1.661830902099609375e+00 -1.134380102157592773e+00 -8.719574213027954102e-01 -1.614166617393493652e+00 1.879550814628601074e+00 -9.396511912345886230e-01 -4.860508441925048828e-01 -4.856123626232147217e-01 -3.789595365524291992e-01 4.882343411445617676e-01 1.976408243179321289e+00 1.382478475570678711e+00 1.742918252944946289e+00 -4.686907827854156494e-01 -1.038717031478881836e+00 -6.285806894302368164e-01
-1.020012021064758301e+00 1.724774479866027832e+00 1.429069876670837402e+00 -1.918070316314697266e+00 1.560649991035461426e+00 -1.035576224327087402e+00 -8.888745903968811035e-01 -1.560072422027587891e+00 1.758688330650329590e+00 -7.635571360588073730e-01 -4.263364672660827637e-01 -6.672012209892272949e-01 -3.980441987514495850e-01 3.008607625961303711e-01 1.984083175659179688e+00 1.336642265319824219e+00 1.757792592048645020e+00 -4.159939289093017578e-01 -1.146675825119018555e+00 -4.617803096771240234e-01
-8.654979467391967773e-01 1.513608694076538086e+00 1.458338022232055664e+00 -1.750282287597656250e+00 1.499468803405761719e+00 -9.618808031082153320e-01 -9.255672693252563477e-01 -1.503908991813659668e+00 1.624057531356811523e+00 -5.201410055160522461e-01 -4.309292435646057129e-01 -9.089704155921936035e-01 -4.158629477024078369e-01 3.254310786724090576e-02 1.981066465377807617e+00 1.257362127304077148e+00 1.750053524971008301e+00 -3.379258215427398682e-01 -1.294209957122802734e+00 -2.993746697902679443e-01
-6.429660320281982422e-01 1.238043308258056641e+00 1.623874783515930176e+00 -1.453998327255249023e+00 1.504567146301269531e+00 -9.968384504318237305e-01 -9.409072399139404297e-01 -1.455502033233642578e+00 1.608817696571350098e+00 -1.962743103504180908e-01 -5.590706467628479004e-01 -1.266510009765625000e+00 -4.091511666774749756e-01 -3.124250471591949463e-01 2.007648468017578125e+00 1.092347383499145508e+00 1.748713016510009766e+00 -2.350980490446090698e-01 -1.471664905548095703e+00 -1.097230836749076843e-01
-5.908128023147583008e-01 1.020171880722045898e+00 1.958794713020324707e+00 -1.216546535491943359e+00 1.633740663528442383e+00 -1.152858614921569824e+00 -1.002544999122619629e+00 -1.507513642311096191e+00 1.703016042709350586e+00 2.867914736270904541e-02 -8.102666139602661133e-01 -1.580374717712402344e+00 -3.794527351856231689e-01 -4.827132821083068848e-01 2.071369409561157227e+00 9.854753613471984863e-01 1.789770483970642090e+00 -1.343630552291870117e-01 -1.658673524856567383e+00 6.760966777801513672e-02
-6.780551671981811523e-01 9.496707320213317871e-01 2.174624919891357422e+00 -9.612731337547302246e-01 1.811745047569274902e+00 -1.304132223129272461e+00 -1.065850734710693359e+00 -1.611185550689697266e+00 1.788208007812500000e+00 9.965623170137405396e-02 -1.070790767669677734e+00 -1.769667625427246094e+00 -3.369865715503692627e-01 -5.114239454269409180e-01 2.101811885833740234e+00 9.417869448661804199e-01 1.814557075500488281e+00 -1.008614152669906616e-01 -1.760786533355712891e+00 1.470602750778198242e-01
-7.601817846298217773e-01 1.008162975311279297e+00 2.236061334609985352e+00 -7.719218730926513672e-01 1.930413126945495605e+00 -1.435120224952697754e+00 -1.088006973266601562e+00 -1.711938738822937012e+00 1.825525403022766113e+00 1.039455458521842957e-01 -1.217491269111633301e+00 -1.793946981430053711e+00 -2.555017769336700439e-01 -4.560559391975402832e-01 2.063982486724853516e+00 8.714246749877929688e-01 1.745853066444396973e+00 -1.662600189447402954e-01 -1.734944581985473633e+00 1.250389516353607178e-01
-8.291376829147338867e-01 1.068218469619750977e+00 2.184735298156738281e+00 -6.428009271621704102e-01 1.958415150642395020e+00 -1.521600961685180664e+00 -1.065704703330993652e+00 -1.765438556671142578e+00 1.790498137474060059e+00 7.866362482309341431e-02 -1.279327273368835449e+00 -1.694309949874877930e+00 -2.099616676568984985e-01 -3.374337553977966309e-01 1.975743412971496582e+00 8.081868886947631836e-01 1.629823684692382812e+00 -2.517808377742767334e-01 -1.639839410781860352e+00 6.522555649280548096e-02
-9.200304746627807617e-01 1.135997533798217773e+00 2.105965375900268555e+00 -5.837180018424987793e-01 2.026039361953735352e+00 -1.576834559440612793e+00 -1.055973649024963379e+00 -1.850074172019958496e+00 1.741438627243041992e+00 2.800472825765609741e-02 -1.310006022453308105e+00 -1.537472724914550781e+00 -1.959675699472427368e-01 -1.749843209981918335e-01 1.961712121963500977e+00 8.002659678459167480e-01 1.544233798980712891e+00 -3.633010685443878174e-01 -1.530799627304077148e+00 -3.450556099414825439e-02
-9.948092699050903320e-01 1.178289771080017090e+00 1.986915230751037598e+00 -5.250623822212219238e-01 2.061558961868286133e+00 -1.617504119873046875e+00 -1.010984420776367188e+00 -1.889834523200988770e+00 1.693390488624572754e+00 -6.554522365331649780e-02 -1.311218380928039551e+00 -1.324096202850341797e+00 -1.620728522539138794e-01 2.963668480515480042e-02 1.933451890945434570e+00 7.920964360237121582e-01 1.447056651115417480e+00 -4.654226899147033691e-01 -1.359775781631469727e+00 -1.391894817352294922e-01
-1.058868288993835449e+00 1.216688394546508789e+00 1.830563783645629883e+00 -5.162109136581420898e-01 2.056680202484130859e+00 -1.602791070938110352e+00 -9.665815234184265137e-01 -1.914868474006652832e+00 1.627230882644653320e+00 -1.658773720264434814e-01 -1.261825680732727051e+00 -1.127034664154052734e+00 -1.483263373374938965e-01 2.129672914743423462e-01 1.890740633010864258e+00 8.060101866722106934e-01 1.401690125465393066e+00 -5.500249266624450684e-01 -1.209090948104858398e+00 -2.355200946331024170e-01
-1.140673398971557617e+00 1.253493785858154297e+00 1.665050387382507324e+00 -5.668644905090332031e-01 2.030738353729248047e+00 -1.558270096778869629e+00 -9.154608845710754395e-01 -1.924014568328857422e+00 1.575026035308837891e+00 -3.064339756965637207e-01 -1.189728975296020508e+00 -9.031354784965515137e-01 -1.552072465419769287e-01 4.506303668022155762e-01 1.799273371696472168e+00 8.075695037841796875e-01 1.383205413818359375e+00 -6.130313277244567871e-01 -1.051851034164428711e+00 -3.033713698387145996e-01
-1.193566322326660156e+00 1.326321363449096680e+00 1.567523956298828125e+00 -6.738029718399047852e-01 2.045217037200927734e+00 -1.564398765563964844e+00 -8.956211805343627930e-01 -1.946789026260375977e+00 1.603599548339843750e+00 -4.381304681301116943e-01 -1.134335398674011230e+00 -7.624861001968383789e-01 -1.488044261932373047e-01 6.241756677627563477e-01 1.757069826126098633e+00 8.466698527336120605e-01 1.444119930267333984e+00 -6.487323641777038574e-01 -9.543244838714599609e-01 -3.615424036979675293e-01
-1.269077658653259277e+00 1.422711253166198730e+00 1.487197995185852051e+00 -8.278534412384033203e-01 2.027440071105957031e+00 -1.560916662216186523e+00 -9.090106487274169922e-01 -1.950620770454406738e+00 1.614022850990295410e+00 -5.805673003196716309e-01 -1.070017457008361816e+00 -6.088400483131408691e-01 -1.416850537061691284e-01 7.884057164192199707e-01 1.746769428253173828e+00 9.274876117706298828e-01 1.494910001754760742e+00 -6.689041852951049805e-01 -8.685731291770935059e-01 -4.268397986888885498e-01
