-1.360527515411376953e+00 2.058104038238525391e+00 1.471661567687988281e+00 -1.373029589653015137e+00 1.752307415008544922e+00 -1.717898249626159668e+00 -7.858228683471679688e-01 -2.083786964416503906e+00 1.672402262687683105e+00 -8.557214140892028809e-01 -8.090265989303588867e-01 -4.030391573905944824e-01 -1.565182209014892578e-01 8.285291194915771484e-01 1.822948336601257324e+00 1.101173281669616699e+00 1.526577711105346680e+00 -8.303485512733459473e-01 -8.018411397933959961e-01 -8.085736036300659180e-01
-1.367433190345764160e+00 2.068083286285400391e+00 1.486665010452270508e+00 -1.365702271461486816e+00 1.743108987808227539e+00 -1.730661153793334961e+00 -7.709757089614868164e-01 -2.115773677825927734e+00 1.664481997489929199e+00 -8.331098556518554688e-01 -8.271218538284301758e-01 -4.439945816993713379e-01 -1.727898567914962769e-01 8.093225955963134766e-01 1.823754906654357910e+00 1.080709695816040039e+00 1.541154861450195312e+00 -8.448407649993896484e-01 -8.373694419860839844e-01 -8.057624101638793945e-01
-1.369540572166442871e+00 2.083361387252807617e+00 1.499889492988586426e+00 -1.340459465980529785e+00 1.725251913070678711e+00 -1.737683534622192383e+00 -7.769615650177001953e-01 -2.125011444091796875e+00 1.649168729782104492e+00 -8.113369941711425781e-01 -8.330362439155578613e-01 -4.768342375755310059e-01 -1.912995874881744385e-01 7.824569940567016602e-01 1.814993739128112793e+00 1.055287957191467285e+00 1.536688327789306641e+00 -8.544716238975524902e-01 -8.685175180435180664e-01 -7.913163304328918457e-01
-1.369851708412170410e+00 2.097071647644042969e+00 1.512352585792541504e+00 -1.291419506072998047e+00 1.698248386383056641e+00 -1.739580869674682617e+00 -8.033199310302734375e-01 -2.113480567932128906e+00 1.626695990562438965e+00 -7.893098592758178711e-01 -8.254665136337280273e-01 -5.037348866462707520e-01 -2.081189006567001343e-01 7.443361282348632812e-01 1.799098134040832520e+00 1.027028918266296387e+00 1.509496092796325684e+00 -8.621444106101989746e-01 -8.953205943107604980e-01 -7.598273754119873047e-01
-1.369788289070129395e+00 2.102516651153564453e+00 1.522406458854675293e+00 -1.200214505195617676e+00 1.654647588729858398e+00 -1.725192308425903320e+00 -8.640282154083251953e-01 -2.062960147857666016e+00 1.593923449516296387e+00 -7.707314491271972656e-01 -7.941443920135498047e-01 -5.251544117927551270e-01 -2.261239886283874512e-01 6.862491369247436523e-01 1.771471023559570312e+00 9.980588555335998535e-01 1.451114177703857422e+00 -8.626966476440429688e-01 -9.203465580940246582e-01 -6.958440542221069336e-01
-1.349533557891845703e+00 2.075145721435546875e+00 1.519248127937316895e+00 -1.047797322273254395e+00 1.562524795532226562e+00 -1.665100812911987305e+00 -9.692014455795288086e-01 -1.923668742179870605e+00 1.525346636772155762e+00 -7.492659687995910645e-01 -7.146770358085632324e-01 -5.319047570228576660e-01 -2.451192140579223633e-01 5.898078680038452148e-01 1.710661768913269043e+00 9.558926820755004883e-01 1.328978180885314941e+00 -8.326263427734375000e-01 -9.342637658119201660e-01 -5.684733986854553223e-01
-1.316886425018310547e+00 1.965458393096923828e+00 1.584121227264404297e+00 -8.562658429145812988e-01 1.446562767028808594e+00 -1.525392413139343262e+00 -1.209326267242431641e+00 -1.632623553276062012e+00 1.448052644729614258e+00 -7.392978072166442871e-01 -5.862183570861816406e-01 -5.765954852104187012e-01 -3.088345229625701904e-01 4.143571853637695312e-01 1.700254440307617188e+00 9.496161937713623047e-01 1.179607510566711426e+00 -7.070854306221008301e-01 -1.003540635108947754e+00 -2.787955105304718018e-01
-1.233454704284667969e+00 1.819558262825012207e+00 1.641261339187622070e+00 -7.468941807746887207e-01 1.392039060592651367e+00 -1.345590949058532715e+00 -1.435335993766784668e+00 -1.305737018585205078e+00 1.432063937187194824e+00 -7.568019032478332520e-01 -4.559104740619659424e-01 -6.175088286399841309e-01 -3.812525570392608643e-01 2.616796493530273438e-01 1.697219729423522949e+00 9.934339523315429688e-01 1.107767224311828613e+00 -5.187874436378479004e-01 -1.068967342376708984e+00 -1.940625160932540894e-02
-1.176751732826232910e+00 1.789488077163696289e+00 1.730971574783325195e+00 -7.688342928886413574e-01 1.496125459671020508e+00 -1.274122953414916992e+00 -1.599235177040100098e+00 -1.152149915695190430e+00 1.539345026016235352e+00 -8.047574758529663086e-01 -3.998257517814636230e-01 -6.219356060028076172e-01 -4.258593320846557617e-01 1.920686811208724976e-01 1.795256018638610840e+00 1.076303601264953613e+00 1.149339795112609863e+00 -4.013079702854156494e-01 -1.122469186782836914e+00 7.681721448898315430e-02
-1.154474020004272461e+00 1.796336770057678223e+00 1.750950932502746582e+00 -8.387400507926940918e-01 1.573981046676635742e+00 -1.243061304092407227e+00 -1.649256587028503418e+00 -1.103899717330932617e+00 1.638986349105834961e+00 -8.689146637916564941e-01 -3.749694526195526123e-01 -5.822115540504455566e-01 -4.360923767089843750e-01 1.976438909769058228e-01 1.858694553375244141e+00 1.140288591384887695e+00 1.195366382598876953e+00 -3.583636581897735596e-01 -1.115985393524169922e+00 8.900481462478637695e-02
-1.137725830078125000e+00 1.820655465126037598e+00 1.737305998802185059e+00 -9.146338105201721191e-01 1.625940322875976562e+00 -1.244001746177673340e+00 -1.636031508445739746e+00 -1.089668273925781250e+00 1.726338028907775879e+00 -9.439405202865600586e-01 -3.649867773056030273e-01 -5.110273361206054688e-01 -4.033465087413787842e-01 2.516373395919799805e-01 1.883800745010375977e+00 1.187919974327087402e+00 1.220170617103576660e+00 -3.546613454818725586e-01 -1.063060760498046875e+00 5.255660414695739746e-02
-1.161217093467712402e+00 1.883221387863159180e+00 1.697082757949829102e+00 -1.012718439102172852e+00 1.656253099441528320e+00 -1.270363330841064453e+00 -1.589841485023498535e+00 -1.139358639717102051e+00 1.800494670867919922e+00 -1.024823904037475586e+00 -3.814757764339447021e-01 -4.312065839767456055e-01 -3.783624768257141113e-01 3.491114974021911621e-01 1.883888840675354004e+00 1.223937034606933594e+00 1.259849071502685547e+00 -3.850637078285217285e-01 -1.003868818283081055e+00 -2.594666555523872375e-02
-1.218241095542907715e+00 1.963319778442382812e+00 1.641588449478149414e+00 -1.109190702438354492e+00 1.666820764541625977e+00 -1.316305518150329590e+00 -1.524498343467712402e+00 -1.237992286682128906e+00 1.853252530097961426e+00 -1.088636994361877441e+00 -4.173646867275238037e-01 -3.563221096992492676e-01 -3.667110204696655273e-01 4.780592918395996094e-01 1.865565419197082520e+00 1.247679591178894043e+00 1.307307958602905273e+00 -4.327259957790374756e-01 -9.461117386817932129e-01 -1.293585598468780518e-01
-1.278998613357543945e+00 2.029400110244750977e+00 1.571375250816345215e+00 -1.197790026664733887e+00 1.650033235549926758e+00 -1.349642515182495117e+00 -1.443663954734802246e+00 -1.339743494987487793e+00 1.866886496543884277e+00 -1.131313204765319824e+00 -4.615636765956878662e-01 -2.907177507877349854e-01 -3.613257408142089844e-01 6.027104854583740234e-01 1.830140590667724609e+00 1.257653832435607910e+00 1.347250342369079590e+00 -4.835517704486846924e-01 -8.946964144706726074e-01 -2.371053397655487061e-01
-1.320342898368835449e+00 2.080192327499389648e+00 1.503808140754699707e+00 -1.273019909858703613e+00 1.631077766418457031e+00 -1.371972203254699707e+00 -1.369991064071655273e+00 -1.435025572776794434e+00 1.859354853630065918e+00 -1.140504717826843262e+00 -5.067691206932067871e-01 -2.504854798316955566e-01 -3.576526343822479248e-01 6.900122165679931641e-01 1.796629548072814941e+00 1.258641004562377930e+00 1.384995698928833008e+00 -5.311903357505798340e-01 -8.650529384613037109e-01 -3.412396311759948730e-01
-1.341768026351928711e+00 2.097815275192260742e+00 1.462461948394775391e+00 -1.308958888053894043e+00 1.604390144348144531e+00 -1.365121126174926758e+00 -1.341283202171325684e+00 -1.478302717208862305e+00 1.828141570091247559e+00 -1.117190837860107422e+00 -5.400020480155944824e-01 -2.469384074211120605e-01 -3.780846297740936279e-01 7.128763198852539062e-01 1.771143674850463867e+00 1.248600482940673828e+00 1.405107498168945312e+00 -5.550940632820129395e-01 -8.758220076560974121e-01 -3.992977738380432129e-01
-1.329372525215148926e+00 2.075372934341430664e+00 1.416506886482238770e+00 -1.288146376609802246e+00 1.536320686340332031e+00 -1.295893788337707520e+00 -1.363064169883728027e+00 -1.431348323822021484e+00 1.758942961692810059e+00 -1.067720055580139160e+00 -5.352284908294677734e-01 -2.711132764816284180e-01 -4.292055666446685791e-01 6.588479280471801758e-01 1.729527831077575684e+00 1.235071301460266113e+00 1.396651983261108398e+00 -5.344408750534057617e-01 -9.124726653099060059e-01 -3.982151746749877930e-01
-1.299181342124938965e+00 2.011962175369262695e+00 1.414813637733459473e+00 -1.243837714195251465e+00 1.450302600860595703e+00 -1.176832556724548340e+00 -1.454635620117187500e+00 -1.306748867034912109e+00 1.677582025527954102e+00 -9.934290647506713867e-01 -4.917835295200347900e-01 -3.425868153572082520e-01 -4.978869855403900146e-01 5.336779356002807617e-01 1.728244423866271973e+00 1.253076553344726562e+00 1.384998559951782227e+00 -4.615789055824279785e-01 -9.984637498855590820e-01 -3.277074992656707764e-01
-1.215747833251953125e+00 1.881147503852844238e+00 1.471532464027404785e+00 -1.205956816673278809e+00 1.397153854370117188e+00 -1.009968638420104980e+00 -1.604432940483093262e+00 -1.134526968002319336e+00 1.609403014183044434e+00 -8.538882136344909668e-01 -3.946135640144348145e-01 -4.835767745971679688e-01 -5.715246200561523438e-01 3.111907839775085449e-01 1.808294892311096191e+00 1.324849367141723633e+00 1.390129327774047852e+00 -3.576974272727966309e-01 -1.150310635566711426e+00 -2.066013067960739136e-01
-1.082185745239257812e+00 1.745480060577392578e+00 1.613101363182067871e+00 -1.178092479705810547e+00 1.432768583297729492e+00 -8.908880352973937988e-01 -1.747008085250854492e+00 -9.963610172271728516e-01 1.617951512336730957e+00 -6.752545833587646484e-01 -3.212439715862274170e-01 -7.064363360404968262e-01 -6.524381637573242188e-01 2.475526928901672363e-02 1.924476623535156250e+00 1.391958475112915039e+00 1.444420099258422852e+00 -2.539182305335998535e-01 -1.363407850265502930e+00 -8.480413258075714111e-02
-1.006187677383422852e+00 1.674016237258911133e+00 1.771839737892150879e+00 -1.172924280166625977e+00 1.575430393218994141e+00 -9.004446864128112793e-01 -1.818056464195251465e+00 -9.969266057014465332e-01 1.722173333168029785e+00 -5.788356065750122070e-01 -3.255601227283477783e-01 -9.076207280158996582e-01 -7.093868255615234375e-01 -1.650290042161941528e-01 2.085441350936889648e+00 1.468406200408935547e+00 1.573660492897033691e+00 -2.147919237613677979e-01 -1.531640887260437012e+00 -2.461664751172065735e-02
-9.670141339302062988e-01 1.655197501182556152e+00 1.862640380859375000e+00 -1.192803144454956055e+00 1.676208257675170898e+00 -9.368768334388732910e-01 -1.818215608596801758e+00 -1.031244635581970215e+00 1.789886832237243652e+00 -5.339565277099609375e-01 -3.542567193508148193e-01 -1.005018472671508789e+00 -7.408697605133056641e-01 -2.601139545440673828e-01 2.183064460754394531e+00 1.480123162269592285e+00 1.649420261383056641e+00 -2.048421800136566162e-01 -1.604168891906738281e+00 -9.709149599075317383e-03
-9.287860989570617676e-01 1.662009954452514648e+00 1.909810066223144531e+00 -1.221461772918701172e+00 1.738244771957397461e+00 -9.895313382148742676e-01 -1.793041825294494629e+00 -1.067256212234497070e+00 1.845501303672790527e+00 -5.081107020378112793e-01 -3.717642426490783691e-01 -1.054976224899291992e+00 -7.541218996047973633e-01 -2.997094988822937012e-01 2.223049640655517578e+00 1.459146499633789062e+00 1.696402192115783691e+00 -2.112589776515960693e-01 -1.630418896675109863e+00 -4.528768360614776611e-03
-8.677175045013427734e-01 1.677043795585632324e+00 1.916232705116271973e+00 -1.251976013183593750e+00 1.771735191345214844e+00 -1.054754853248596191e+00 -1.735337853431701660e+00 -1.102943539619445801e+00 1.891468524932861328e+00 -4.780876636505126953e-01 -3.763042688369750977e-01 -1.077206730842590332e+00 -7.538215517997741699e-01 -3.163273632526397705e-01 2.220145940780639648e+00 1.412426114082336426e+00 1.719736576080322266e+00 -2.372598946094512939e-01 -1.620785832405090332e+00 -1.879087090492248535e-02
-7.461504936218261719e-01 1.693009376525878906e+00 1.871052503585815430e+00 -1.293293118476867676e+00 1.777513027191162109e+00 -1.146517992019653320e+00 -1.609315514564514160e+00 -1.150320291519165039e+00 1.937168717384338379e+00 -4.176557958126068115e-01 -3.780399560928344727e-01 -1.089401841163635254e+00 -7.479237318038940430e-01 -3.091794550418853760e-01 2.143898725509643555e+00 1.307301998138427734e+00 1.739107370376586914e+00 -2.839935421943664551e-01 -1.577390313148498535e+00 -6.941594183444976807e-02
-4.769394099712371826e-01 1.623029470443725586e+00 1.695266604423522949e+00 -1.321986079216003418e+00 1.680389404296875000e+00 -1.262432336807250977e+00 -1.263159751892089844e+00 -1.194844245910644531e+00 1.937684059143066406e+00 -2.753166556358337402e-01 -4.042734205722808838e-01 -1.065588355064392090e+00 -7.118701934814453125e-01 -2.130122184753417969e-01 1.821676254272460938e+00 1.004858016967773438e+00 1.707415819168090820e+00 -3.474349975585937500e-01 -1.434371232986450195e+00 -1.737855523824691772e-01
-3.069360256195068359e-01 1.413127899169921875e+00 1.460002899169921875e+00 -1.331016778945922852e+00 1.690994262695312500e+00 -1.439861536026000977e+00 -5.635660886764526367e-01 -1.495256185531616211e+00 1.875468850135803223e+00 -1.839170157909393311e-01 -7.370499372482299805e-01 -9.734914302825927734e-01 -4.005645513534545898e-01 6.675948947668075562e-02 1.478893160820007324e+00 6.364459395408630371e-01 1.624004006385803223e+00 -4.177212119102478027e-01 -1.101890683174133301e+00 -4.871918857097625732e-01
-6.133821010589599609e-01 1.287546753883361816e+00 1.472641825675964355e+00 -1.371385931968688965e+00 1.773791313171386719e+00 -1.496111154556274414e+00 -2.241000682115554810e-01 -1.938676953315734863e+00 1.768471956253051758e+00 -2.296269834041595459e-01 -1.123482227325439453e+00 -1.031877756118774414e+00 -2.959513962268829346e-01 2.660333514213562012e-01 1.586210370063781738e+00 6.283798217773437500e-01 1.747154116630554199e+00 -4.292511641979217529e-01 -1.061058878898620605e+00 -6.525897979736328125e-01
-7.314652204513549805e-01 1.215858221054077148e+00 1.471991777420043945e+00 -1.359038352966308594e+00 1.784908294677734375e+00 -1.485351443290710449e+00 -1.888679563999176025e-01 -2.070820808410644531e+00 1.729162812232971191e+00 -2.299124598503112793e-01 -1.251030564308166504e+00 -1.070362806320190430e+00 -2.960530519485473633e-01 3.114758431911468506e-01 1.639197230339050293e+00 6.649980545043945312e-01 1.801184296607971191e+00 -4.138548672199249268e-01 -1.082344651222229004e+00 -6.594732999801635742e-01
-7.608183026313781738e-01 1.145023465156555176e+00 1.468966126441955566e+00 -1.329032897949218750e+00 1.769365549087524414e+00 -1.437610626220703125e+00 -1.903123706579208374e-01 -2.089915752410888672e+00 1.702157378196716309e+00 -2.036766707897186279e-01 -1.314535856246948242e+00 -1.115612506866455078e+00 -2.978647947311401367e-01 2.906131446361541748e-01 1.646437406539916992e+00 6.753079891204833984e-01 1.820251107215881348e+00 -3.745241165161132812e-01 -1.113373637199401855e+00 -6.410091519355773926e-01
-7.512652873992919922e-01 1.065552473068237305e+00 1.468941569328308105e+00 -1.290246009826660156e+00 1.736569881439208984e+00 -1.376748204231262207e+00 -2.035574465990066528e-01 -2.063996791839599609e+00 1.670024156570434570e+00 -1.581045687198638916e-01 -1.356406807899475098e+00 -1.168847322463989258e+00 -3.022227883338928223e-01 2.335250675678253174e-01 1.636596918106079102e+00 6.739894151687622070e-01 1.819024562835693359e+00 -3.204707801342010498e-01 -1.150211215019226074e+00 -6.102576851844787598e-01
-7.317609190940856934e-01 9.717276096343994141e-01 1.480178952217102051e+00 -1.236251354217529297e+00 1.702630043029785156e+00 -1.297882556915283203e+00 -2.413859665393829346e-01 -2.007786035537719727e+00 1.642351746559143066e+00 -1.060322746634483337e-01 -1.390417695045471191e+00 -1.239620566368103027e+00 -3.128742873668670654e-01 1.489904671907424927e-01 1.627047777175903320e+00 6.782736182212829590e-01 1.815292358398437500e+00 -2.466421425342559814e-01 -1.200843572616577148e+00 -5.605333447456359863e-01
-7.045601010322570801e-01 8.669158220291137695e-01 1.521420240402221680e+00 -1.197148680686950684e+00 1.695179939270019531e+00 -1.191477894783020020e+00 -3.149261176586151123e-01 -1.929998517036437988e+00 1.627232313156127930e+00 -4.568767547607421875e-02 -1.407196879386901855e+00 -1.333629488945007324e+00 -3.393720686435699463e-01 2.647271379828453064e-02 1.659525156021118164e+00 7.082852721214294434e-01 1.824445843696594238e+00 -1.559478640556335449e-01 -1.280476927757263184e+00 -4.942959845066070557e-01
-6.772747635841369629e-01 7.485278844833374023e-01 1.591777205467224121e+00 -1.156176090240478516e+00 1.701956748962402344e+00 -1.072501659393310547e+00 -4.063462615013122559e-01 -1.814173579216003418e+00 1.626102328300476074e+00 7.816791534423828125e-03 -1.416360259056091309e+00 -1.427924871444702148e+00 -3.736268877983093262e-01 -9.816892445087432861e-02 1.730966329574584961e+00 7.542469501495361328e-01 1.835550308227539062e+00 -6.607783585786819458e-02 -1.371057510375976562e+00 -4.050249755382537842e-01
-6.563711166381835938e-01 6.586711406707763672e-01 1.713417172431945801e+00 -1.112743258476257324e+00 1.764996528625488281e+00 -9.559732079505920410e-01 -5.732637643814086914e-01 -1.650324225425720215e+00 1.663181781768798828e+00 2.237100154161453247e-02 -1.383172154426574707e+00 -1.510952115058898926e+00 -3.925170600414276123e-01 -2.121910452842712402e-01 1.859142541885375977e+00 8.366881012916564941e-01 1.854557275772094727e+00 2.027029544115066528e-02 -1.469788789749145508e+00 -2.776437401771545410e-01
-6.457758545875549316e-01 6.087640523910522461e-01 1.845077514648437500e+00 -1.069154620170593262e+00 1.856529951095581055e+00 -8.568767905235290527e-01 -8.299267292022705078e-01 -1.427724003791809082e+00 1.716286182403564453e+00 -1.917121186852455139e-02 -1.253260254859924316e+00 -1.536834597587585449e+00 -4.329885244369506836e-01 -2.985042631626129150e-01 1.995463013648986816e+00 9.792659878730773926e-01 1.861897110939025879e+00 9.427972882986068726e-02 -1.561699271202087402e+00 -1.070074886083602905e-01
-6.684252619743347168e-01 6.434176564216613770e-01 1.905766725540161133e+00 -1.074226737022399902e+00 1.948096752166748047e+00 -8.153766989707946777e-01 -1.104051351547241211e+00 -1.244153738021850586e+00 1.753232955932617188e+00 -1.034023314714431763e-01 -1.070125699043273926e+00 -1.446630358695983887e+00 -4.989508688449859619e-01 -2.978248596191406250e-01 2.107508659362792969e+00 1.139234423637390137e+00 1.849893450736999512e+00 8.967775851488113403e-02 -1.591370463371276855e+00 1.454698853194713593e-02
-6.516582369804382324e-01 7.081913948059082031e-01 1.892948389053344727e+00 -1.096455454826354980e+00 1.993929147720336914e+00 -8.344936966896057129e-01 -1.298952817916870117e+00 -1.082134366035461426e+00 1.766801238059997559e+00 -1.859097182750701904e-01 -8.671819567680358887e-01 -1.260897397994995117e+00 -5.055720210075378418e-01 -2.227917909622192383e-01 2.140366792678833008e+00 1.235081672668457031e+00 1.775408506393432617e+00 4.038216173648834229e-02 -1.514547586441040039e+00 7.481206953525543213e-02
-6.026416420936584473e-01 7.670412063598632812e-01 1.843133687973022461e+00 -1.150510072708129883e+00 2.040251255035400391e+00 -9.062061309814453125e-01 -1.322233676910400391e+00 -9.967733025550842285e-01 1.779603838920593262e+00 -2.611026465892791748e-01 -7.630014419555664062e-01 -1.045654892921447754e+00 -4.513461291790008545e-01 -9.616108238697052002e-02 2.114994049072265625e+00 1.234415054321289062e+00 1.686788797378540039e+00 -2.712111547589302063e-02 -1.355416774749755859e+00 4.332435503602027893e-02
-5.004356503486633301e-01 7.565490007400512695e-01 1.795142531394958496e+00 -1.197429180145263672e+00 2.104596853256225586e+00 -1.039921522140502930e+00 -1.182245612144470215e+00 -9.812758564949035645e-01 1.832317233085632324e+00 -3.135377764701843262e-01 -7.554343342781066895e-01 -8.582170009613037109e-01 -3.209318220615386963e-01 7.563853263854980469e-02 2.061190605163574219e+00 1.167125344276428223e+00 1.603566169738769531e+00 -1.038064062595367432e-01 -1.148198246955871582e+00 -3.991336002945899963e-02
-4.374471306800842285e-01 7.733351588249206543e-01 1.747738838195800781e+00 -1.266338348388671875e+00 2.176255464553833008e+00 -1.211401700973510742e+00 -9.413653612136840820e-01 -1.106253504753112793e+00 1.851570010185241699e+00 -3.482922613620758057e-01 -8.895758986473083496e-01 -6.997580528259277344e-01 -1.958052963018417358e-01 2.664443850517272949e-01 2.013496875762939453e+00 1.023200988769531250e+00 1.540562510490417480e+00 -2.009292840957641602e-01 -9.637471437454223633e-01 -1.991382539272308350e-01
-4.174254238605499268e-01 8.031307458877563477e-01 1.733728528022766113e+00 -1.312410116195678711e+00 2.195494890213012695e+00 -1.324124574661254883e+00 -6.839454174041748047e-01 -1.285289883613586426e+00 1.825693249702453613e+00 -3.446533977985382080e-01 -1.065915107727050781e+00 -6.816202998161315918e-01 -1.309209764003753662e-01 3.515139222145080566e-01 1.967819571495056152e+00 8.722821474075317383e-01 1.539670586585998535e+00 -2.463538646697998047e-01 -8.921842575073242188e-01 -3.611530363559722900e-01
-4.635604023933410645e-01 8.326314687728881836e-01 1.723996996879577637e+00 -1.328764796257019043e+00 2.164132356643676758e+00 -1.374754071235656738e+00 -5.218069553375244141e-01 -1.480176687240600586e+00 1.806650042533874512e+00 -3.106850087642669678e-01 -1.201513171195983887e+00 -7.718105316162109375e-01 -1.227186471223831177e-01 3.501661121845245361e-01 1.939364194869995117e+00 7.933214902877807617e-01 1.599013447761535645e+00 -2.565448582172393799e-01 -9.183510541915893555e-01 -4.569825828075408936e-01
-4.967776834964752197e-01 8.385331034660339355e-01 1.708458662033081055e+00 -1.329076170921325684e+00 2.105878114700317383e+00 -1.376286149024963379e+00 -4.144664704799652100e-01 -1.616666316986083984e+00 1.790200471878051758e+00 -2.597980201244354248e-01 -1.290897965431213379e+00 -8.803132772445678711e-01 -1.393739581108093262e-01 2.924822568893432617e-01 1.911177277565002441e+00 7.512135505676269531e-01 1.654959559440612793e+00 -2.479294538497924805e-01 -9.755014777183532715e-01 -5.107709765434265137e-01
-5.009264349937438965e-01 8.286752700805664062e-01 1.699520230293273926e+00 -1.322900891304016113e+00 2.058237314224243164e+00 -1.354536175727844238e+00 -3.631571829319000244e-01 -1.687307476997375488e+00 1.787752151489257812e+00 -2.086278200149536133e-01 -1.342350840568542480e+00 -9.813263416290283203e-01 -1.698993593454360962e-01 2.122113704681396484e-01 1.895411372184753418e+00 7.388170361518859863e-01 1.702789068222045898e+00 -2.239093780517578125e-01 -1.038791418075561523e+00 -5.310575962066650391e-01
-4.889449477195739746e-01 8.036619424819946289e-01 1.707400560379028320e+00 -1.307221531867980957e+00 2.025550842285156250e+00 -1.322784781455993652e+00 -3.428298830986022949e-01 -1.719274282455444336e+00 1.791837573051452637e+00 -1.567589342594146729e-01 -1.371773838996887207e+00 -1.076556205749511719e+00 -2.017378211021423340e-01 1.214234009385108948e-01 1.889832496643066406e+00 7.501322627067565918e-01 1.744522809982299805e+00 -1.857029497623443604e-01 -1.107753634452819824e+00 -5.388823151588439941e-01
-4.639073014259338379e-01 7.687082290649414062e-01 1.725430727005004883e+00 -1.290612339973449707e+00 2.008300542831420898e+00 -1.278432369232177734e+00 -3.432764112949371338e-01 -1.726584553718566895e+00 1.805997729301452637e+00 -1.004643440246582031e-01 -1.387088656425476074e+00 -1.175798654556274414e+00 -2.284409701824188232e-01 1.620250940322875977e-02 1.901079773902893066e+00 7.831982374191284180e-01 1.789425015449523926e+00 -1.388702243566513062e-01 -1.180077195167541504e+00 -5.438098311424255371e-01
-4.583612680435180664e-01 7.564883828163146973e-01 1.779426097869873047e+00 -1.286217331886291504e+00 2.036341428756713867e+00 -1.222215771675109863e+00 -3.923790156841278076e-01 -1.730902075767517090e+00 1.851613283157348633e+00 -5.971480906009674072e-02 -1.389695048332214355e+00 -1.294228076934814453e+00 -2.647948861122131348e-01 -9.802994132041931152e-02 1.945258975028991699e+00 8.486678004264831543e-01 1.860502004623413086e+00 -8.375883847475051880e-02 -1.276227474212646484e+00 -5.434687733650207520e-01
-4.613251388072967529e-01 7.606546878814697266e-01 1.875925779342651367e+00 -1.271893143653869629e+00 2.109782695770263672e+00 -1.157340288162231445e+00 -4.811645150184631348e-01 -1.710307836532592773e+00 1.934956789016723633e+00 -4.992575943470001221e-02 -1.374260902404785156e+00 -1.411566376686096191e+00 -3.015604615211486816e-01 -2.170840799808502197e-01 2.017650127410888672e+00 9.477424621582031250e-01 1.939737200736999512e+00 -1.806446351110935211e-02 -1.380342245101928711e+00 -5.383691787719726562e-01
-4.756721258163452148e-01 7.715098261833190918e-01 2.008848905563354492e+00 -1.208940982818603516e+00 2.172074556350708008e+00 -1.029155492782592773e+00 -6.443794965744018555e-01 -1.585610389709472656e+00 2.011452913284301758e+00 -9.146524220705032349e-02 -1.281027197837829590e+00 -1.520953893661499023e+00 -3.521303236484527588e-01 -3.850803375244140625e-01 2.117631435394287109e+00 1.110286474227905273e+00 1.999143958091735840e+00 8.833392709493637085e-02 -1.500406503677368164e+00 -4.915222227573394775e-01
-5.636152029037475586e-01 8.445463180541992188e-01 2.037586927413940430e+00 -1.094954609870910645e+00 2.148042678833007812e+00 -8.417224884033203125e-01 -9.021033048629760742e-01 -1.365599870681762695e+00 1.959838747978210449e+00 -2.061356604099273682e-01 -1.082276463508605957e+00 -1.482556462287902832e+00 -4.713838398456573486e-01 -4.944646656513214111e-01 2.142063140869140625e+00 1.297563195228576660e+00 1.958210468292236328e+00 1.583080291748046875e-01 -1.577003121376037598e+00 -4.151103496551513672e-01
-6.439061164855957031e-01 9.884119629859924316e-01 1.936424374580383301e+00 -1.012449264526367188e+00 2.015710353851318359e+00 -7.481481432914733887e-01 -1.090670943260192871e+00 -1.164982080459594727e+00 1.831579089164733887e+00 -3.331449329853057861e-01 -8.211202621459960938e-01 -1.280305743217468262e+00 -5.036840438842773438e-01 -4.888551533222198486e-01 2.084693193435668945e+00 1.388435363769531250e+00 1.776003599166870117e+00 1.045771464705467224e-01 -1.516394734382629395e+00 -3.519531190395355225e-01
-7.446581721305847168e-01 1.188103556632995605e+00 1.836330771446228027e+00 -1.014895915985107422e+00 1.821866750717163086e+00 -7.175890803337097168e-01 -1.243779897689819336e+00 -1.055169582366943359e+00 1.724587440490722656e+00 -4.572243988513946533e-01 -6.112282872200012207e-01 -1.083464026451110840e+00 -5.114916563034057617e-01 -4.454592168331146240e-01 2.038668870925903320e+00 1.436184167861938477e+00 1.605261802673339844e+00 3.507430106401443481e-02 -1.440980911254882812e+00 -3.260973095893859863e-01
-8.081490993499755859e-01 1.307721018791198730e+00 1.765260338783264160e+00 -1.040145635604858398e+00 1.688903331756591797e+00 -7.094233632087707520e-01 -1.316657543182373047e+00 -1.004539847373962402e+00 1.655955314636230469e+00 -5.205398201942443848e-01 -5.119017958641052246e-01 -9.713035821914672852e-01 -5.123763680458068848e-01 -4.018650949001312256e-01 2.006995916366577148e+00 1.446381568908691406e+00 1.512228250503540039e+00 -1.453848555684089661e-02 -1.394629120826721191e+00 -3.142970502376556396e-01
-8.384234309196472168e-01 1.359759926795959473e+00 1.728553771972656250e+00 -1.059533834457397461e+00 1.608507156372070312e+00 -6.999326944351196289e-01 -1.343813657760620117e+00 -9.753292798995971680e-01 1.614984512329101562e+00 -5.483726263046264648e-01 -4.714600145816802979e-01 -9.121357798576354980e-01 -5.234685540199279785e-01 -3.765677809715270996e-01 1.986298322677612305e+00 1.440576791763305664e+00 1.460703849792480469e+00 -3.868689760565757751e-02 -1.376134276390075684e+00 -3.074426054954528809e-01
-8.523588776588439941e-01 1.374938964843750000e+00 1.722983837127685547e+00 -1.081810593605041504e+00 1.568253517150878906e+00 -6.884696483612060547e-01 -1.354687690734863281e+00 -9.619971513748168945e-01 1.598127484321594238e+00 -5.543274283409118652e-01 -4.652501344680786133e-01 -8.914732336997985840e-01 -5.482864975929260254e-01 -3.654422163963317871e-01 1.984201431274414062e+00 1.434157729148864746e+00 1.444182991981506348e+00 -4.728427529335021973e-02 -1.387289166450500488e+00 -3.017436861991882324e-01
-8.579615354537963867e-01 1.367456555366516113e+00 1.743329882621765137e+00 -1.112255096435546875e+00 1.558288335800170898e+00 -6.745003461837768555e-01 -1.363462924957275391e+00 -9.604971408843994141e-01 1.601139426231384277e+00 -5.443999767303466797e-01 -4.796680212020874023e-01 -8.999458551406860352e-01 -5.881558060646057129e-01 -3.632193505764007568e-01 2.001153230667114258e+00 1.432046294212341309e+00 1.458232402801513672e+00 -4.608376324176788330e-02 -1.427428483963012695e+00 -2.932751774787902832e-01
-8.578959107398986816e-01 1.345943212509155273e+00 1.780667901039123535e+00 -1.152948617935180664e+00 1.573670148849487305e+00 -6.606978774070739746e-01 -1.375075697898864746e+00 -9.684032797813415527e-01 1.618867039680480957e+00 -5.231680870056152344e-01 -5.023789405822753906e-01 -9.263727068901062012e-01 -6.413058042526245117e-01 -3.640958666801452637e-01 2.034107685089111328e+00 1.436215996742248535e+00 1.496027946472167969e+00 -4.250818863511085510e-02 -1.489905953407287598e+00 -2.813250124454498291e-01
-8.541039824485778809e-01 1.316398024559020996e+00 1.822816133499145508e+00 -1.203978657722473145e+00 1.603014945983886719e+00 -6.454684734344482422e-01 -1.394875168800354004e+00 -9.786248207092285156e-01 1.643362402915954590e+00 -4.943051934242248535e-01 -5.210272073745727539e-01 -9.581968188285827637e-01 -7.014890909194946289e-01 -3.598598837852478027e-01 2.074583053588867188e+00 1.445841193199157715e+00 1.548914790153503418e+00 -4.043088108301162720e-02 -1.564347505569458008e+00 -2.638805508613586426e-01
-8.550176024436950684e-01 1.290038824081420898e+00 1.856551885604858398e+00 -1.265333175659179688e+00 1.634335041046142578e+00 -6.386049389839172363e-01 -1.425254583358764648e+00 -9.966036677360534668e-01 1.670235037803649902e+00 -4.623495340347290039e-01 -5.313282608985900879e-01 -9.898198843002319336e-01 -7.557637691497802734e-01 -3.420719206333160400e-01 2.114496469497680664e+00 1.456481099128723145e+00 1.611566066741943359e+00 -4.378345981240272522e-02 -1.638577103614807129e+00 -2.345040738582611084e-01
-8.596115708351135254e-01 1.279997825622558594e+00 1.880162596702575684e+00 -1.333045482635498047e+00 1.653106689453125000e+00 -6.481180787086486816e-01 -1.458901405334472656e+00 -1.016594648361206055e+00 1.701595783233642578e+00 -4.297816157341003418e-01 -5.286422967910766602e-01 -1.018110513687133789e+00 -7.931098341941833496e-01 -3.057143688201904297e-01 2.152118444442749023e+00 1.474177122116088867e+00 1.683720231056213379e+00 -5.591523647308349609e-02 -1.698048830032348633e+00 -2.073094993829727173e-01
-8.697151541709899902e-01 1.290329456329345703e+00 1.873799085617065430e+00 -1.396671295166015625e+00 1.651599645614624023e+00 -6.615717411041259766e-01 -1.499493360519409180e+00 -1.022982478141784668e+00 1.717708468437194824e+00 -4.112717509269714355e-01 -4.951662123203277588e-01 -1.012420892715454102e+00 -8.026369810104370117e-01 -2.502357363700866699e-01 2.173559665679931641e+00 1.499594211578369141e+00 1.732295036315917969e+00 -7.908508181571960449e-02 -1.718651056289672852e+00 -1.876991242170333862e-01
-8.915833234786987305e-01 1.318386197090148926e+00 1.839603781700134277e+00 -1.445616602897644043e+00 1.643242120742797852e+00 -6.712925434112548828e-01 -1.541792154312133789e+00 -1.016381859779357910e+00 1.717508077621459961e+00 -4.229402840137481689e-01 -4.391326606273651123e-01 -9.687049388885498047e-01 -7.786455154418945312e-01 -1.838894039392471313e-01 2.183886289596557617e+00 1.537767767906188965e+00 1.747378349304199219e+00 -1.041843444108963013e-01 -1.690967559814453125e+00 -1.815303415060043335e-01
-9.286613464355468750e-01 1.378479003906250000e+00 1.784425854682922363e+00 -1.489962458610534668e+00 1.628496646881103516e+00 -6.851687431335449219e-01 -1.582821846008300781e+00 -9.967355728149414062e-01 1.709558844566345215e+00 -4.770679175853729248e-01 -3.569870889186859131e-01 -8.702992796897888184e-01 -7.233210206031799316e-01 -8.545802533626556396e-02 2.166983842849731445e+00 1.576931953430175781e+00 1.724878430366516113e+00 -1.356729865074157715e-01 -1.610317707061767578e+00 -1.875063627958297729e-01
-9.723105430603027344e-01 1.476010560989379883e+00 1.708745479583740234e+00 -1.523926258087158203e+00 1.612058401107788086e+00 -7.160161733627319336e-01 -1.606828927993774414e+00 -9.912126064300537109e-01 1.699519157409667969e+00 -5.482483506202697754e-01 -2.613770961761474609e-01 -7.444731593132019043e-01 -6.417313218116760254e-01 2.087285742163658142e-02 2.124089479446411133e+00 1.609489083290100098e+00 1.674618005752563477e+00 -1.809402704238891602e-01 -1.488303780555725098e+00 -2.195346355438232422e-01
-1.005503177642822266e+00 1.562405109405517578e+00 1.592368125915527344e+00 -1.514721632003784180e+00 1.556361675262451172e+00 -7.403327226638793945e-01 -1.583713769912719727e+00 -9.677877426147460938e-01 1.649870276451110840e+00 -6.306700110435485840e-01 -1.670885384082794189e-01 -5.898831486701965332e-01 -5.184502601623535156e-01 1.167474687099456787e-01 2.031974554061889648e+00 1.608669638633728027e+00 1.564795613288879395e+00 -2.215958833694458008e-01 -1.312692642211914062e+00 -2.614189386367797852e-01
-1.026272177696228027e+00 1.600468873977661133e+00 1.485046148300170898e+00 -1.446640014648437500e+00 1.491844177246093750e+00 -8.054106831550598145e-01 -1.466964483261108398e+00 -9.524539113044738770e-01 1.589823842048645020e+00 -7.367487549781799316e-01 -1.432812362909317017e-01 -4.295438528060913086e-01 -3.629212081432342529e-01 2.372726500034332275e-01 1.940480709075927734e+00 1.566230893135070801e+00 1.433417797088623047e+00 -2.449330687522888184e-01 -1.090780973434448242e+00 -3.109516799449920654e-01
-1.078328967094421387e+00 1.558467388153076172e+00 1.451344251632690430e+00 -1.320998549461364746e+00 1.435897588729858398e+00 -8.938679099082946777e-01 -1.273262381553649902e+00 -9.966297149658203125e-01 1.494011759757995605e+00 -8.191856741905212402e-01 -2.398022115230560303e-01 -3.504130840301513672e-01 -2.565553486347198486e-01 3.310874700546264648e-01 1.844219326972961426e+00 1.506497144699096680e+00 1.316878557205200195e+00 -2.280057668685913086e-01 -9.388334751129150391e-01 -3.746341168880462646e-01
-1.104339241981506348e+00 1.422742128372192383e+00 1.432160139083862305e+00 -1.115718126296997070e+00 1.390080451965332031e+00 -9.583840370178222656e-01 -9.962505102157592773e-01 -1.073380470275878906e+00 1.339906454086303711e+00 -8.410640358924865723e-01 -4.282683730125427246e-01 -3.359463214874267578e-01 -1.590054482221603394e-01 3.262335062026977539e-01 1.741337537765502930e+00 1.358199238777160645e+00 1.141002416610717773e+00 -2.170113623142242432e-01 -8.207172751426696777e-01 -4.187236428260803223e-01
-1.079526782035827637e+00 1.288930654525756836e+00 1.452311515808105469e+00 -8.813118338584899902e-01 1.419422388076782227e+00 -1.034008502960205078e+00 -7.052340507507324219e-01 -1.191285371780395508e+00 1.274624586105346680e+00 -8.369145393371582031e-01 -6.785098314285278320e-01 -4.790491461753845215e-01 -1.699888110160827637e-01 2.051237523555755615e-01 1.698883771896362305e+00 1.214515566825866699e+00 1.104464650154113770e+00 -1.834784746170043945e-01 -8.041860461235046387e-01 -4.523345828056335449e-01
-1.052782058715820312e+00 1.164846181869506836e+00 1.513018488883972168e+00 -7.274307608604431152e-01 1.514735460281372070e+00 -1.065173387527465820e+00 -4.832342267036437988e-01 -1.352646112442016602e+00 1.332707881927490234e+00 -7.910539507865905762e-01 -9.383796453475952148e-01 -7.591233253479003906e-01 -2.022902369499206543e-01 2.132289111614227295e-02 1.693489313125610352e+00 1.058922171592712402e+00 1.189846038818359375e+00 -1.014675199985504150e-01 -8.853197693824768066e-01 -4.054746031761169434e-01
-1.077556610107421875e+00 1.083787441253662109e+00 1.620460510253906250e+00 -6.694830656051635742e-01 1.558739185333251953e+00 -1.053218126296997070e+00 -4.375377297401428223e-01 -1.504032731056213379e+00 1.405316710472106934e+00 -6.814942955970764160e-01 -1.120750904083251953e+00 -1.088001012802124023e+00 -3.016883730888366699e-01 -1.531305015087127686e-01 1.739138841629028320e+00 9.596353769302368164e-01 1.352137923240661621e+00 -1.786532253026962280e-02 -1.080077052116394043e+00 -2.974343299865722656e-01
-1.129810452461242676e+00 1.079168438911437988e+00 1.764817476272583008e+00 -7.263615727424621582e-01 1.592351675033569336e+00 -9.953302145004272461e-01 -5.387178659439086914e-01 -1.596647977828979492e+00 1.477301716804504395e+00 -5.731336474418640137e-01 -1.230593323707580566e+00 -1.352933287620544434e+00 -4.180748462677001953e-01 -2.993947863578796387e-01 1.840833187103271484e+00 9.819675683975219727e-01 1.524930238723754883e+00 5.152336508035659790e-02 -1.331376791000366211e+00 -2.304927110671997070e-01
-1.166811227798461914e+00 1.054932951927185059e+00 1.870338201522827148e+00 -7.722375988960266113e-01 1.575953722000122070e+00 -9.075873494148254395e-01 -6.490647792816162109e-01 -1.600853323936462402e+00 1.502284884452819824e+00 -4.933927357196807861e-01 -1.271791934967041016e+00 -1.521301865577697754e+00 -5.264051556587219238e-01 -3.976649045944213867e-01 1.909653663635253906e+00 1.009444594383239746e+00 1.638111472129821777e+00 1.221869215369224548e-01 -1.527552962303161621e+00 -1.593653857707977295e-01
-1.179030179977416992e+00 1.045105695724487305e+00 1.949603676795959473e+00 -8.239531517028808594e-01 1.533649444580078125e+00 -8.353774547576904297e-01 -7.461644411087036133e-01 -1.559942722320556641e+00 1.508296370506286621e+00 -4.436656534671783447e-01 -1.288655519485473633e+00 -1.598061203956604004e+00 -6.384986639022827148e-01 -4.353665411472320557e-01 1.948270201683044434e+00 1.018116354942321777e+00 1.707432389259338379e+00 1.803607642650604248e-01 -1.667544960975646973e+00 -1.098808199167251587e-01
-1.176899194717407227e+00 1.042205333709716797e+00 1.983313083648681641e+00 -8.532977104187011719e-01 1.474624633789062500e+00 -7.779298424720764160e-01 -8.266670703887939453e-01 -1.497203111648559570e+00 1.478553414344787598e+00 -4.102004170417785645e-01 -1.254850625991821289e+00 -1.600314259529113770e+00 -7.184373736381530762e-01 -4.534273445606231689e-01 1.944718480110168457e+00 1.027999758720397949e+00 1.710258007049560547e+00 2.082216143608093262e-01 -1.747671604156494141e+00 -8.522920310497283936e-02
-1.160804867744445801e+00 1.047037720680236816e+00 1.970791578292846680e+00 -8.704110383987426758e-01 1.413302659988403320e+00 -7.453783750534057617e-01 -8.705554008483886719e-01 -1.438221812248229980e+00 1.427905201911926270e+00 -3.903914391994476318e-01 -1.188679575920104980e+00 -1.549781680107116699e+00 -7.684150934219360352e-01 -4.549333751201629639e-01 1.912594437599182129e+00 1.029433608055114746e+00 1.670976638793945312e+00 1.985156834125518799e-01 -1.775385618209838867e+00 -8.196109533309936523e-02
-1.164032340049743652e+00 1.081516385078430176e+00 1.946747303009033203e+00 -9.057571291923522949e-01 1.334738731384277344e+00 -7.388085126876831055e-01 -9.364156723022460938e-01 -1.391547799110412598e+00 1.378579020500183105e+00 -3.812335431575775146e-01 -1.099624395370483398e+00 -1.481442332267761230e+00 -8.180499076843261719e-01 -4.156891405582427979e-01 1.876329064369201660e+00 1.044281125068664551e+00 1.643275260925292969e+00 1.756967008113861084e-01 -1.793203353881835938e+00 -7.524098455905914307e-02
-1.179959416389465332e+00 1.116086125373840332e+00 1.898672342300415039e+00 -9.309611916542053223e-01 1.220811367034912109e+00 -7.417028546333312988e-01 -9.900145530700683594e-01 -1.349809765815734863e+00 1.300886869430541992e+00 -3.711740374565124512e-01 -9.970649480819702148e-01 -1.391789317131042480e+00 -8.505104780197143555e-01 -3.438571989536285400e-01 1.809980034828186035e+00 1.051876544952392578e+00 1.603360652923583984e+00 1.503491997718811035e-01 -1.786072373390197754e+00 -7.689611613750457764e-02
-1.211199760437011719e+00 1.143021106719970703e+00 1.807183384895324707e+00 -9.500815272331237793e-01 1.074941396713256836e+00 -7.365828156471252441e-01 -1.003097653388977051e+00 -1.318399906158447266e+00 1.185759902000427246e+00 -3.592812418937683105e-01 -9.011019468307495117e-01 -1.287060618400573730e+00 -8.554430603981018066e-01 -2.329888045787811279e-01 1.707606554031372070e+00 1.042726635932922363e+00 1.555561661720275879e+00 1.193503364920616150e-01 -1.738412499427795410e+00 -1.034986972808837891e-01
-1.259248971939086914e+00 1.195289492607116699e+00 1.678121089935302734e+00 -9.809403419494628906e-01 9.482961297035217285e-01 -7.747344970703125000e-01 -9.497364759445190430e-01 -1.353359222412109375e+00 1.064229011535644531e+00 -3.518083095550537109e-01 -8.309472203254699707e-01 -1.154248714447021484e+00 -8.225238323211669922e-01 -4.838200658559799194e-02 1.557249069213867188e+00 1.001110672950744629e+00 1.513718247413635254e+00 6.007599085569381714e-02 -1.628914237022399902e+00 -1.857904642820358276e-01
-1.236950397491455078e+00 1.324294567108154297e+00 1.540555477142333984e+00 -1.044453859329223633e+00 9.949451684951782227e-01 -9.613249897956848145e-01 -7.776364088058471680e-01 -1.484123468399047852e+00 1.061400771141052246e+00 -3.976044058799743652e-01 -8.344064950942993164e-01 -9.486480355262756348e-01 -6.924153566360473633e-01 1.948812901973724365e-01 1.408176541328430176e+00 9.122301936149597168e-01 1.462144851684570312e+00 -9.295570850372314453e-02 -1.402163982391357422e+00 -3.704997599124908447e-01
-1.197147011756896973e+00 1.486261129379272461e+00 1.488834500312805176e+00 -1.156651496887207031e+00 1.336183309555053711e+00 -1.258987307548522949e+00 -5.650434494018554688e-01 -1.727918982505798340e+00 1.298449277877807617e+00 -5.502538681030273438e-01 -9.254761934280395508e-01 -7.579888701438903809e-01 -4.813828766345977783e-01 4.479435384273529053e-01 1.492614150047302246e+00 9.088981151580810547e-01 1.491764307022094727e+00 -3.267803788185119629e-01 -1.122678875923156738e+00 -5.862892866134643555e-01
-1.093222498893737793e+00 1.550854206085205078e+00 1.457906842231750488e+00 -1.200584053993225098e+00 1.663810491561889648e+00 -1.472917914390563965e+00 -4.291687011718750000e-01 -1.884022593498229980e+00 1.502949357032775879e+00 -6.469046473503112793e-01 -9.986504316329956055e-01 -6.279554367065429688e-01 -2.753778696060180664e-01 5.726650953292846680e-01 1.595886349678039551e+00 9.090926051139831543e-01 1.502360939979553223e+00 -4.686225950717926025e-01 -8.881723284721374512e-01 -7.357698678970336914e-01
-1.012180566787719727e+00 1.480546116828918457e+00 1.478966236114501953e+00 -1.195253133773803711e+00 1.891091108322143555e+00 -1.555133223533630371e+00 -3.781305551528930664e-01 -1.939507842063903809e+00 1.625530958175659180e+00 -6.869449615478515625e-01 -1.038328170776367188e+00 -5.934578776359558105e-01 -1.182889193296432495e-01 5.826485157012939453e-01 1.694026708602905273e+00 9.481568336486816406e-01 1.514929056167602539e+00 -4.977132678031921387e-01 -7.778974771499633789e-01 -7.663182616233825684e-01
-9.769902229309082031e-01 1.409767389297485352e+00 1.496221661567687988e+00 -1.178558945655822754e+00 2.005763530731201172e+00 -1.566354274749755859e+00 -3.427095413208007812e-01 -1.945904731750488281e+00 1.681079626083374023e+00 -7.102368474006652832e-01 -1.074298739433288574e+00 -5.835255384445190430e-01 -4.241507872939109802e-02 5.664538145065307617e-01 1.756187915802001953e+00 9.766916632652282715e-01 1.514276981353759766e+00 -4.925001263618469238e-01 -7.317324280738830566e-01 -7.706705927848815918e-01
-9.578770995140075684e-01 1.341389894485473633e+00 1.496116518974304199e+00 -1.151266336441040039e+00 2.054095268249511719e+00 -1.542465090751647949e+00 -3.100622892379760742e-01 -1.926818132400512695e+00 1.701191425323486328e+00 -7.315996289253234863e-01 -1.102860093116760254e+00 -5.812795162200927734e-01 1.137122511863708496e-03 5.383337736129760742e-01 1.786413192749023438e+00 9.863439202308654785e-01 1.496953487396240234e+00 -4.722239077091217041e-01 -7.041855454444885254e-01 -7.521515488624572754e-01
-9.532003402709960938e-01 1.282533526420593262e+00 1.493617773056030273e+00 -1.120856046676635742e+00 2.063482761383056641e+00 -1.491263747215270996e+00 -2.860372066497802734e-01 -1.889557123184204102e+00 1.700045704841613770e+00 -7.606442570686340332e-01 -1.119433283805847168e+00 -5.827085971832275391e-01 2.185314893722534180e-02 4.908421337604522705e-01 1.802643656730651855e+00 9.887173175811767578e-01 1.462997555732727051e+00 -4.393556714057922363e-01 -6.913525462150573730e-01 -7.212883234024047852e-01
-9.552502036094665527e-01 1.235729694366455078e+00 1.500877618789672852e+00 -1.093976259231567383e+00 2.035244226455688477e+00 -1.424497961997985840e+00 -2.768780589103698730e-01 -1.836046695709228516e+00 1.683202862739562988e+00 -7.868837714195251465e-01 -1.125823020935058594e+00 -5.911906957626342773e-01 1.201397553086280823e-02 4.130875170230865479e-01 1.822018742561340332e+00 9.875851869583129883e-01 1.416292428970336914e+00 -3.988168835639953613e-01 -7.024703621864318848e-01 -6.773452162742614746e-01
-9.595190882682800293e-01 1.195901155471801758e+00 1.494771003723144531e+00 -1.061224818229675293e+00 1.954876661300659180e+00 -1.328325390815734863e+00 -2.797979414463043213e-01 -1.751545906066894531e+00 1.636232614517211914e+00 -7.992776632308959961e-01 -1.119373679161071777e+00 -6.110751628875732422e-01 -2.439158037304878235e-02 3.122346103191375732e-01 1.828901171684265137e+00 9.772606492042541504e-01 1.355182528495788574e+00 -3.527224361896514893e-01 -7.299927473068237305e-01 -6.211660504341125488e-01
-9.760142564773559570e-01 1.172825574874877930e+00 1.524328112602233887e+00 -1.038969397544860840e+00 1.823743343353271484e+00 -1.206779956817626953e+00 -3.177013099193572998e-01 -1.632122516632080078e+00 1.557343363761901855e+00 -7.903758287429809570e-01 -1.085796236991882324e+00 -6.619306802749633789e-01 -1.152807176113128662e-01 1.684755980968475342e-01 1.857704997062683105e+00 9.928857684135437012e-01 1.309126257896423340e+00 -2.847423255443572998e-01 -8.213477134704589844e-01 -5.525774359703063965e-01
-9.837692379951477051e-01 1.141030192375183105e+00 1.582748889923095703e+00 -1.029756546020507812e+00 1.681507587432861328e+00 -1.074991941452026367e+00 -3.657823204994201660e-01 -1.508574485778808594e+00 1.470913171768188477e+00 -7.511056065559387207e-01 -1.039539575576782227e+00 -7.406227588653564453e-01 -2.413065731525421143e-01 7.135998457670211792e-03 1.886875748634338379e+00 1.025975704193115234e+00 1.285947203636169434e+00 -2.003463506698608398e-01 -9.598005414009094238e-01 -4.910159409046173096e-01
-9.746220707893371582e-01 1.110417842864990234e+00 1.693455576896667480e+00 -1.039659380912780762e+00 1.624615430831909180e+00 -9.947122931480407715e-01 -4.236296117305755615e-01 -1.429407358169555664e+00 1.450834393501281738e+00 -6.997785568237304688e-01 -1.017237305641174316e+00 -8.502513766288757324e-01 -3.602534830570220947e-01 -1.223381012678146362e-01 1.912798047065734863e+00 1.081445574760437012e+00 1.333528041839599609e+00 -9.414295107126235962e-02 -1.122828841209411621e+00 -4.600524604320526123e-01
-9.561297297477722168e-01 1.066965579986572266e+00 1.838649153709411621e+00 -1.057421088218688965e+00 1.626437425613403320e+00 -9.814568161964416504e-01 -4.663750231266021729e-01 -1.414392948150634766e+00 1.469241976737976074e+00 -6.168400645256042480e-01 -1.039951562881469727e+00 -9.862095713615417480e-01 -4.446929991245269775e-01 -2.202538847923278809e-01 1.960503458976745605e+00 1.125663638114929199e+00 1.413364768028259277e+00 -8.010491728782653809e-03 -1.287704348564147949e+00 -4.448711574077606201e-01
-9.432300329208374023e-01 1.011695027351379395e+00 1.980207085609436035e+00 -1.059710860252380371e+00 1.680011749267578125e+00 -1.045005917549133301e+00 -4.575000405311584473e-01 -1.463566064834594727e+00 1.532495021820068359e+00 -5.491235852241516113e-01 -1.108506202697753906e+00 -1.109282374382019043e+00 -4.636548459529876709e-01 -2.477572560310363770e-01 2.037427902221679688e+00 1.148858666419982910e+00 1.505220651626586914e+00 3.238186240196228027e-02 -1.392781376838684082e+00 -4.366859197616577148e-01
-9.177603125572204590e-01 9.441831111907958984e-01 2.052452325820922852e+00 -1.063772797584533691e+00 1.722761631011962891e+00 -1.111346244812011719e+00 -4.144233763217926025e-01 -1.530129432678222656e+00 1.578458189964294434e+00 -4.779514968395233154e-01 -1.172546267509460449e+00 -1.195654988288879395e+00 -4.428656101226806641e-01 -2.400935888290405273e-01 2.075653076171875000e+00 1.144615411758422852e+00 1.572872042655944824e+00 4.557100683450698853e-02 -1.437156200408935547e+00 -4.355400502681732178e-01
-8.952959775924682617e-01 8.965650796890258789e-01 2.063379526138305664e+00 -1.083558082580566406e+00 1.747353553771972656e+00 -1.169518828392028809e+00 -3.661456406116485596e-01 -1.609938144683837891e+00 1.608628034591674805e+00 -4.104981422424316406e-01 -1.220019221305847168e+00 -1.246477246284484863e+00 -4.009515047073364258e-01 -2.081362009048461914e-01 2.085426330566406250e+00 1.129625082015991211e+00 1.622480988502502441e+00 3.116127848625183105e-02 -1.440668940544128418e+00 -4.444170892238616943e-01
-8.780617713928222656e-01 8.567743301391601562e-01 2.022345304489135742e+00 -1.103170156478881836e+00 1.746298551559448242e+00 -1.206210613250732422e+00 -3.119121491909027100e-01 -1.680148959159851074e+00 1.612236142158508301e+00 -3.573982417583465576e-01 -1.245152473449707031e+00 -1.262859344482421875e+00 -3.520522415637969971e-01 -1.619727611541748047e-01 2.064822912216186523e+00 1.100865602493286133e+00 1.645227313041687012e+00 3.281261771917343140e-03 -1.410208106040954590e+00 -4.502826929092407227e-01
-8.741284608840942383e-01 8.327675461769104004e-01 1.948041200637817383e+00 -1.133635401725769043e+00 1.719816923141479492e+00 -1.231212496757507324e+00 -2.618359029293060303e-01 -1.743863582611083984e+00 1.594172239303588867e+00 -3.136006891727447510e-01 -1.250907659530639648e+00 -1.258559465408325195e+00 -3.061956763267517090e-01 -1.024316549301147461e-01 2.031689643859863281e+00 1.069773674011230469e+00 1.656836271286010742e+00 -3.886370360851287842e-02 -1.364241361618041992e+00 -4.540929198265075684e-01
-8.783249855041503906e-01 8.308825492858886719e-01 1.861599922180175781e+00 -1.175091147422790527e+00 1.703513383865356445e+00 -1.249111652374267578e+00 -2.186753600835800171e-01 -1.809344291687011719e+00 1.573210239410400391e+00 -2.890047430992126465e-01 -1.244450330734252930e+00 -1.240834355354309082e+00 -2.691181898117065430e-01 -3.860459476709365845e-02 1.993952989578247070e+00 1.040994644165039062e+00 1.670242428779602051e+00 -8.859483897686004639e-02 -1.314966320991516113e+00 -4.680208265781402588e-01
-8.875812888145446777e-01 8.338285088539123535e-01 1.763671159744262695e+00 -1.213213443756103516e+00 1.679177761077880859e+00 -1.251624107360839844e+00 -1.762738525867462158e-01 -1.860573053359985352e+00 1.540188550949096680e+00 -2.809306383132934570e-01 -1.229279994964599609e+00 -1.205953240394592285e+00 -2.352111339569091797e-01 2.393021062016487122e-02 1.950233340263366699e+00 1.008730769157409668e+00 1.665276646614074707e+00 -1.404023170471191406e-01 -1.257363080978393555e+00 -4.761815965175628662e-01
-9.059453606605529785e-01 8.382589221000671387e-01 1.649495959281921387e+00 -1.242598891258239746e+00 1.641665697097778320e+00 -1.246695876121520996e+00 -1.311545521020889282e-01 -1.902042269706726074e+00 1.495199203491210938e+00 -2.895298600196838379e-01 -1.203297257423400879e+00 -1.151561498641967773e+00 -1.958255916833877563e-01 9.616795927286148071e-02 1.898708581924438477e+00 9.744523167610168457e-01 1.643333077430725098e+00 -1.962851583957672119e-01 -1.182456851005554199e+00 -4.780755937099456787e-01
-9.372603297233581543e-01 8.429077863693237305e-01 1.525982618331909180e+00 -1.252190589904785156e+00 1.602468729019165039e+00 -1.252863764762878418e+00 -7.555388659238815308e-02 -1.936398983001708984e+00 1.456157922744750977e+00 -3.309436440467834473e-01 -1.174387931823730469e+00 -1.072742700576782227e+00 -1.367295235395431519e-01 1.930794566869735718e-01 1.855104684829711914e+00 9.406570792198181152e-01 1.608373880386352539e+00 -2.630324959754943848e-01 -1.075552582740783691e+00 -4.718073904514312744e-01
-9.819031953811645508e-01 8.984013795852661133e-01 1.423784971237182617e+00 -1.272576928138732910e+00 1.610401630401611328e+00 -1.298060774803161621e+00 -4.744535684585571289e-02 -1.983234167098999023e+00 1.458188295364379883e+00 -4.122902154922485352e-01 -1.140979528427124023e+00 -9.681631922721862793e-01 -5.954282358288764954e-02 3.297840654850006104e-01 1.810824394226074219e+00 9.054920673370361328e-01 1.575267791748046875e+00 -3.522208631038665771e-01 -9.531010389328002930e-01 -4.547193348407745361e-01
-1.066058397293090820e+00 1.016761183738708496e+00 1.358847618103027344e+00 -1.310818433761596680e+00 1.656894922256469727e+00 -1.376318097114562988e+00 -1.097020804882049561e-01 -2.037012338638305664e+00 1.484041810035705566e+00 -5.216792225837707520e-01 -1.068281650543212891e+00 -8.332873582839965820e-01 2.388494461774826050e-02 5.146967172622680664e-01 1.801195740699768066e+00 8.955801725387573242e-01 1.549784779548645020e+00 -4.674135744571685791e-01 -8.370272517204284668e-01 -4.042795598506927490e-01
-1.185417175292968750e+00 1.203175425529479980e+00 1.332965850830078125e+00 -1.337657451629638672e+00 1.706661939620971680e+00 -1.484893798828125000e+00 -3.377293944358825684e-01 -2.065330982208251953e+00 1.543742775917053223e+00 -6.262406110763549805e-01 -9.383983016014099121e-01 -6.584558486938476562e-01 8.592400699853897095e-02 7.307527065277099609e-01 1.818950653076171875e+00 9.020496606826782227e-01 1.511528491973876953e+00 -5.991116762161254883e-01 -7.442170977592468262e-01 -3.112062215805053711e-01
-1.218332290649414062e+00 1.478318095207214355e+00 1.389312028884887695e+00 -1.274255394935607910e+00 1.834647178649902344e+00 -1.632996320724487305e+00 -7.260785102844238281e-01 -1.977813482284545898e+00 1.720710515975952148e+00 -7.416118979454040527e-01 -7.710652947425842285e-01 -5.107646584510803223e-01 3.427276760339736938e-02 8.964736461639404297e-01 1.817265152931213379e+00 9.275540113449096680e-01 1.510279417037963867e+00 -7.227156758308410645e-01 -7.039442658424377441e-01 -1.969894170761108398e-01
-1.098377943038940430e+00 1.690704584121704102e+00 1.452660083770751953e+00 -1.067867636680603027e+00 2.076606988906860352e+00 -1.581899523735046387e+00 -1.185112237930297852e+00 -1.698747754096984863e+00 1.983114004135131836e+00 -8.347246050834655762e-01 -6.192678809165954590e-01 -5.011978149414062500e-01 -8.199018239974975586e-02 7.984366416931152344e-01 1.799128293991088867e+00 9.573488831520080566e-01 1.539766311645507812e+00 -7.261487841606140137e-01 -7.473427057266235352e-01 -9.488497674465179443e-02
-9.085642695426940918e-01 1.685290098190307617e+00 1.511106610298156738e+00 -8.660898804664611816e-01 2.162046909332275391e+00 -1.463495612144470215e+00 -1.433842897415161133e+00 -1.385235071182250977e+00 2.065636634826660156e+00 -7.954553961753845215e-01 -5.527379512786865234e-01 -5.534755587577819824e-01 -1.860542148351669312e-01 5.771225690841674805e-01 1.735008478164672852e+00 9.398507475852966309e-01 1.492138385772705078e+00 -6.110205054283142090e-01 -8.085460066795349121e-01 -4.041480645537376404e-02
-7.973033785820007324e-01 1.649450659751892090e+00 1.612876892089843750e+00 -8.412672877311706543e-01 2.161295175552368164e+00 -1.441555500030517578e+00 -1.479567646980285645e+00 -1.261541724205017090e+00 2.097243070602416992e+00 -7.097828388214111328e-01 -5.728835463523864746e-01 -6.364217996597290039e-01 -2.449890375137329102e-01 4.089320003986358643e-01 1.751173138618469238e+00 9.216457605361938477e-01 1.478320002555847168e+00 -5.135883688926696777e-01 -8.943448066711425781e-01 -4.923901334404945374e-02
-7.058464288711547852e-01 1.603382587432861328e+00 1.644345879554748535e+00 -8.429139852523803711e-01 2.122623443603515625e+00 -1.392353177070617676e+00 -1.463284730911254883e+00 -1.188686132431030273e+00 2.083123922348022461e+00 -6.224508881568908691e-01 -5.974351763725280762e-01 -7.058792114257812500e-01 -2.741490602493286133e-01 2.684836983680725098e-01 1.749885916709899902e+00 8.982904553413391113e-01 1.470700383186340332e+00 -4.497885406017303467e-01 -9.508423209190368652e-01 -7.528594136238098145e-02
-6.546093225479125977e-01 1.566125750541687012e+00 1.652277708053588867e+00 -8.618792891502380371e-01 2.082294940948486328e+00 -1.348435401916503906e+00 -1.452312827110290527e+00 -1.144610285758972168e+00 2.054308414459228516e+00 -5.592899322509765625e-01 -6.147306561470031738e-01 -7.484629750251770020e-01 -3.032531738281250000e-01 2.010213136672973633e-01 1.740373730659484863e+00 8.988335132598876953e-01 1.482341051101684570e+00 -4.047496914863586426e-01 -9.962056875228881836e-01 -9.971284866333007812e-02
-6.361017823219299316e-01 1.553330898284912109e+00 1.649416923522949219e+00 -9.029104709625244141e-01 2.034044027328491211e+00 -1.316544771194458008e+00 -1.452852129936218262e+00 -1.129384040832519531e+00 2.027152299880981445e+00 -5.095568299293518066e-01 -6.163454055786132812e-01 -7.718269824981689453e-01 -3.358442485332489014e-01 1.894676536321640015e-01 1.724599719047546387e+00 9.201216101646423340e-01 1.511584043502807617e+00 -3.862741887569427490e-01 -1.037562370300292969e+00 -1.370115876197814941e-01
-6.535588502883911133e-01 1.577702641487121582e+00 1.624971151351928711e+00 -9.745611548423767090e-01 1.968536376953125000e+00 -1.296047687530517578e+00 -1.456497192382812500e+00 -1.149082899093627930e+00 1.999838829040527344e+00 -4.802613258361816406e-01 -6.035673618316650391e-01 -7.726473212242126465e-01 -3.668557405471801758e-01 2.256080657243728638e-01 1.702993750572204590e+00 9.523157477378845215e-01 1.553745865821838379e+00 -3.958455920219421387e-01 -1.063461303710937500e+00 -1.896925717592239380e-01
-7.413097620010375977e-01 1.670361876487731934e+00 1.560433268547058105e+00 -1.085594892501831055e+00 1.875813245773315430e+00 -1.294225573539733887e+00 -1.453545808792114258e+00 -1.230703115463256836e+00 1.946374297142028809e+00 -4.870075881481170654e-01 -6.041697263717651367e-01 -7.254394292831420898e-01 -4.067842364311218262e-01 3.236881494522094727e-01 1.680691123008728027e+00 9.795334935188293457e-01 1.601949691772460938e+00 -4.418971240520477295e-01 -1.058130979537963867e+00 -2.780041098594665527e-01
-8.803772926330566406e-01 1.815541148185729980e+00 1.466395378112792969e+00 -1.237218379974365234e+00 1.731801748275756836e+00 -1.312815546989440918e+00 -1.423460245132446289e+00 -1.355616569519042969e+00 1.871383428573608398e+00 -5.302548408508300781e-01 -5.856432318687438965e-01 -6.346619129180908203e-01 -4.527965486049652100e-01 4.775294065475463867e-01 1.649253726005554199e+00 1.010611057281494141e+00 1.644025802612304688e+00 -5.224000811576843262e-01 -1.030839681625366211e+00 -3.920779526233673096e-01
-1.037642359733581543e+00 1.993194222450256348e+00 1.384691715240478516e+00 -1.408190011978149414e+00 1.586554288864135742e+00 -1.354365468025207520e+00 -1.377810716629028320e+00 -1.506825923919677734e+00 1.805902481079101562e+00 -6.018595695495605469e-01 -5.476992130279541016e-01 -5.421655178070068359e-01 -4.928351938724517822e-01 6.272991895675659180e-01 1.639062047004699707e+00 1.066470980644226074e+00 1.688998699188232422e+00 -6.198465228080749512e-01 -1.007499575614929199e+00 -5.153979659080505371e-01
-1.205956578254699707e+00 2.127866029739379883e+00 1.376797556877136230e+00 -1.538771271705627441e+00 1.488407850265502930e+00 -1.406371116638183594e+00 -1.356203675270080566e+00 -1.629344820976257324e+00 1.764217019081115723e+00 -6.903591156005859375e-01 -5.325483083724975586e-01 -4.777258634567260742e-01 -5.097069740295410156e-01 7.495018243789672852e-01 1.676875591278076172e+00 1.146503686904907227e+00 1.717955708503723145e+00 -6.882106065750122070e-01 -1.010330796241760254e+00 -5.841268897056579590e-01
-1.356103658676147461e+00 2.214965105056762695e+00 1.395973920822143555e+00 -1.626067042350769043e+00 1.438745498657226562e+00 -1.447774291038513184e+00 -1.338849306106567383e+00 -1.720204114913940430e+00 1.734982132911682129e+00 -7.830934524536132812e-01 -5.235147476196289062e-01 -4.270649552345275879e-01 -5.052916407585144043e-01 8.476474285125732422e-01 1.732064604759216309e+00 1.225668191909790039e+00 1.727272391319274902e+00 -7.330752015113830566e-01 -1.013179183006286621e+00 -6.134670376777648926e-01
-1.452505588531494141e+00 2.253342866897583008e+00 1.408216595649719238e+00 -1.644050359725952148e+00 1.412631273269653320e+00 -1.462910890579223633e+00 -1.336180686950683594e+00 -1.750920295715332031e+00 1.707980990409851074e+00 -8.568598031997680664e-01 -5.126411914825439453e-01 -3.887023329734802246e-01 -5.016336441040039062e-01 9.005377292633056641e-01 1.761149287223815918e+00 1.272270798683166504e+00 1.708025932312011719e+00 -7.513478398323059082e-01 -1.008128881454467773e+00 -6.050150990486145020e-01
-1.499654769897460938e+00 2.257080554962158203e+00 1.414229154586791992e+00 -1.619865417480468750e+00 1.402831077575683594e+00 -1.455798268318176270e+00 -1.355804800987243652e+00 -1.735724687576293945e+00 1.691940188407897949e+00 -9.083664417266845703e-01 -5.116098523139953613e-01 -3.665032386779785156e-01 -5.113485455513000488e-01 9.240761995315551758e-01 1.772986531257629395e+00 1.292006015777587891e+00 1.686208605766296387e+00 -7.384358048439025879e-01 -1.004557013511657715e+00 -5.688538551330566406e-01
-1.514069437980651855e+00 2.243371725082397461e+00 1.422126293182373047e+00 -1.544247865676879883e+00 1.415822505950927734e+00 -1.429089188575744629e+00 -1.410278081893920898e+00 -1.673723459243774414e+00 1.691137075424194336e+00 -9.503019452095031738e-01 -5.026978850364685059e-01 -3.591679930686950684e-01 -5.282676219940185547e-01 9.055310487747192383e-01 1.770483016967773438e+00 1.295557379722595215e+00 1.650088191032409668e+00 -7.062012553215026855e-01 -1.006405115127563477e+00 -5.048488378524780273e-01
-1.487526416778564453e+00 2.221178531646728516e+00 1.454149484634399414e+00 -1.424958348274230957e+00 1.479586601257324219e+00 -1.397965908050537109e+00 -1.506953120231628418e+00 -1.578473806381225586e+00 1.724431276321411133e+00 -9.783401489257812500e-01 -4.846130013465881348e-01 -3.837119340896606445e-01 -5.349869132041931152e-01 8.290494680404663086e-01 1.784030556678771973e+00 1.292314291000366211e+00 1.611801505088806152e+00 -6.568255424499511719e-01 -1.026095509529113770e+00 -4.077601432800292969e-01
-1.398789048194885254e+00 2.136333465576171875e+00 1.513543367385864258e+00 -1.233810544013977051e+00 1.587355852127075195e+00 -1.333659291267395020e+00 -1.627642393112182617e+00 -1.412052273750305176e+00 1.775993108749389648e+00 -9.757673144340515137e-01 -4.594304263591766357e-01 -4.489458799362182617e-01 -5.231219530105590820e-01 6.746603250503540039e-01 1.800522208213806152e+00 1.269921660423278809e+00 1.546826720237731934e+00 -5.628352761268615723e-01 -1.061279416084289551e+00 -2.627224624156951904e-01
-1.221177101135253906e+00 1.886426210403442383e+00 1.647045612335205078e+00 -9.461335539817810059e-01 1.712115764617919922e+00 -1.217819452285766602e+00 -1.738360166549682617e+00 -1.143868088722229004e+00 1.825323581695556641e+00 -8.858805298805236816e-01 -4.554001390933990479e-01 -5.980741381645202637e-01 -4.805932343006134033e-01 3.834606111049652100e-01 1.828822135925292969e+00 1.213293910026550293e+00 1.430102467536926270e+00 -3.931273519992828369e-01 -1.141588330268859863e+00 -4.340015724301338196e-02
-1.003320574760437012e+00 1.624279022216796875e+00 1.810104846954345703e+00 -7.583900690078735352e-01 1.868894577026367188e+00 -1.143622994422912598e+00 -1.700793266296386719e+00 -1.003714919090270996e+00 1.932706832885742188e+00 -7.376488447189331055e-01 -5.029371380805969238e-01 -8.384580612182617188e-01 -4.569246768951416016e-01 -5.315549671649932861e-03 1.895130395889282227e+00 1.181468486785888672e+00 1.401717066764831543e+00 -2.487236559391021729e-01 -1.286989450454711914e+00 7.551762461662292480e-02
-8.926044702529907227e-01 1.422428250312805176e+00 1.880040049552917480e+00 -6.777715086936950684e-01 2.022562980651855469e+00 -1.062251925468444824e+00 -1.602634072303771973e+00 -9.975032806396484375e-01 1.948083996772766113e+00 -6.119452714920043945e-01 -6.263145208358764648e-01 -1.025944113731384277e+00 -4.495039582252502441e-01 -2.747074961662292480e-01 1.987863063812255859e+00 1.160545468330383301e+00 1.422496080398559570e+00 -1.460634469985961914e-01 -1.364564657211303711e+00 7.054042816162109375e-02
-8.096904754638671875e-01 1.273514747619628906e+00 1.972227096557617188e+00 -6.636679768562316895e-01 2.151204824447631836e+00 -1.034593105316162109e+00 -1.503959774971008301e+00 -1.013029456138610840e+00 2.016059637069702148e+00 -5.637116432189941406e-01 -7.343320846557617188e-01 -1.155495882034301758e+00 -4.405441880226135254e-01 -3.890467882156372070e-01 2.053487777709960938e+00 1.148965835571289062e+00 1.483034133911132812e+00 -6.009584292769432068e-02 -1.409230709075927734e+00 6.546051800251007080e-02
-7.325014472007751465e-01 1.179854750633239746e+00 2.035584688186645508e+00 -6.460434794425964355e-01 2.258904933929443359e+00 -1.057988286018371582e+00 -1.402697801589965820e+00 -1.046357035636901855e+00 2.090159177780151367e+00 -5.421331524848937988e-01 -8.135478496551513672e-01 -1.229620337486267090e+00 -3.799710571765899658e-01 -4.460138976573944092e-01 2.104074239730834961e+00 1.148952245712280273e+00 1.522782325744628906e+00 -2.512433379888534546e-02 -1.405480742454528809e+00 3.111029043793678284e-02
-6.501269340515136719e-01 1.093288660049438477e+00 2.046480417251586914e+00 -6.122767925262451172e-01 2.332355499267578125e+00 -1.087010622024536133e+00 -1.290755867958068848e+00 -1.071490168571472168e+00 2.132955312728881836e+00 -5.196477770805358887e-01 -8.693479895591735840e-01 -1.258496284484863281e+00 -2.920071780681610107e-01 -4.681084454059600830e-01 2.097619295120239258e+00 1.132446646690368652e+00 1.523768663406372070e+00 -9.989395737648010254e-03 -1.358196735382080078e+00 -1.683261245489120483e-02
