-1.261416077613830566e+00 1.988524794578552246e+00 1.430028080940246582e+00 -1.963520288467407227e+00 1.398604989051818848e+00 -1.275523066520690918e+00 -1.107190966606140137e+00 -1.441141366958618164e+00 1.547307133674621582e+00 -8.395438790321350098e-01 -4.655307531356811523e-01 -9.881344437599182129e-02 -5.597399473190307617e-01 9.031269550323486328e-01 1.751677513122558594e+00 1.515904784202575684e+00 1.598608136177062988e+00 -5.018609762191772461e-01 -9.617731571197509766e-01 -8.736410737037658691e-01
-1.263850808143615723e+00 1.921130895614624023e+00 1.422313094139099121e+00 -1.912226796150207520e+00 1.488742113113403320e+00 -1.281938910484313965e+00 -1.149025201797485352e+00 -1.420729398727416992e+00 1.580184459686279297e+00 -8.609876036643981934e-01 -4.488408565521240234e-01 -9.238053113222122192e-02 -5.000523924827575684e-01 9.754394888877868652e-01 1.756009221076965332e+00 1.538818001747131348e+00 1.637819886207580566e+00 -4.853787422180175781e-01 -9.099104404449462891e-01 -8.106042146682739258e-01
-1.298383355140686035e+00 1.851641297340393066e+00 1.437184810638427734e+00 -1.828817367553710938e+00 1.617246866226196289e+00 -1.309995889663696289e+00 -1.215421795845031738e+00 -1.432491421699523926e+00 1.642589211463928223e+00 -8.908763527870178223e-01 -4.507346749305725098e-01 -1.116558462381362915e-01 -4.226155877113342285e-01 1.052446126937866211e+00 1.791044116020202637e+00 1.576504826545715332e+00 1.695473313331604004e+00 -4.796200394630432129e-01 -8.729511499404907227e-01 -7.228962779045104980e-01
-1.347251057624816895e+00 1.767769336700439453e+00 1.453627824783325195e+00 -1.707924842834472656e+00 1.750823616981506348e+00 -1.347366929054260254e+00 -1.279608726501464844e+00 -1.448942542076110840e+00 1.705125451087951660e+00 -9.282707571983337402e-01 -4.612405896186828613e-01 -1.383669972419738770e-01 -3.249194622039794922e-01 1.131762504577636719e+00 1.834269046783447266e+00 1.610546827316284180e+00 1.743196845054626465e+00 -4.788191914558410645e-01 -8.288763165473937988e-01 -6.093103289604187012e-01
-1.394498705863952637e+00 1.660149931907653809e+00 1.460057854652404785e+00 -1.554936528205871582e+00 1.860197663307189941e+00 -1.377675533294677734e+00 -1.326029181480407715e+00 -1.458455085754394531e+00 1.745702624320983887e+00 -9.568969011306762695e-01 -4.705472588539123535e-01 -1.728528141975402832e-01 -2.172349691390991211e-01 1.202342987060546875e+00 1.860868811607360840e+00 1.620131373405456543e+00 1.767131924629211426e+00 -4.789457321166992188e-01 -7.776222825050354004e-01 -4.727210700511932373e-01
-1.428965210914611816e+00 1.553265929222106934e+00 1.459244728088378906e+00 -1.410854697227478027e+00 1.936250805854797363e+00 -1.388136267662048340e+00 -1.346297025680541992e+00 -1.469011664390563965e+00 1.761937856674194336e+00 -9.681853652000427246e-01 -4.708407521247863770e-01 -2.209226489067077637e-01 -1.267750859260559082e-01 1.236558675765991211e+00 1.877916336059570312e+00 1.605848789215087891e+00 1.768850803375244141e+00 -4.851502180099487305e-01 -7.395727634429931641e-01 -3.412910103797912598e-01
-1.442063450813293457e+00 1.475025653839111328e+00 1.443726778030395508e+00 -1.295346975326538086e+00 1.959647059440612793e+00 -1.367386698722839355e+00 -1.328361749649047852e+00 -1.475772619247436523e+00 1.754078507423400879e+00 -9.718362689018249512e-01 -4.789040088653564453e-01 -2.778001129627227783e-01 -6.812913715839385986e-02 1.216856002807617188e+00 1.871615409851074219e+00 1.558647871017456055e+00 1.744735956192016602e+00 -4.856873750686645508e-01 -7.154830098152160645e-01 -2.444060742855072021e-01
-1.415900588035583496e+00 1.429331183433532715e+00 1.407935738563537598e+00 -1.225017428398132324e+00 1.920131444931030273e+00 -1.328471422195434570e+00 -1.275134682655334473e+00 -1.461599349975585938e+00 1.712899327278137207e+00 -9.531117677688598633e-01 -4.806784987449645996e-01 -3.104632794857025146e-01 -4.929781705141067505e-02 1.169539213180541992e+00 1.820625424385070801e+00 1.473889112472534180e+00 1.689035892486572266e+00 -4.871975183486938477e-01 -6.979032158851623535e-01 -1.948750764131546021e-01
-1.379351139068603516e+00 1.473304152488708496e+00 1.371012568473815918e+00 -1.238035678863525391e+00 1.805111765861511230e+00 -1.295589566230773926e+00 -1.212293028831481934e+00 -1.456835389137268066e+00 1.659667134284973145e+00 -9.294757246971130371e-01 -4.823380708694458008e-01 -3.285142779350280762e-01 -8.270910382270812988e-02 1.096140623092651367e+00 1.744041085243225098e+00 1.357023596763610840e+00 1.625083088874816895e+00 -4.879290461540222168e-01 -7.052926421165466309e-01 -2.029936015605926514e-01
-1.321677565574645996e+00 1.605242252349853516e+00 1.338399529457092285e+00 -1.339528322219848633e+00 1.633178114891052246e+00 -1.240130901336669922e+00 -1.148513674736022949e+00 -1.460859537124633789e+00 1.624961853027343750e+00 -8.934141993522644043e-01 -5.104472637176513672e-01 -3.503945171833038330e-01 -1.853577196598052979e-01 9.690339565277099609e-01 1.641148328781127930e+00 1.199825525283813477e+00 1.570765852928161621e+00 -4.712160825729370117e-01 -7.706161141395568848e-01 -2.890717387199401855e-01
-1.216130018234252930e+00 1.830152750015258789e+00 1.328177928924560547e+00 -1.511681079864501953e+00 1.482759237289428711e+00 -1.201076030731201172e+00 -1.079689383506774902e+00 -1.511575698852539062e+00 1.643868803977966309e+00 -8.365026712417602539e-01 -5.620279312133789062e-01 -3.847477138042449951e-01 -3.005896508693695068e-01 7.663278579711914062e-01 1.563255429267883301e+00 1.035416364669799805e+00 1.528131961822509766e+00 -4.824317097663879395e-01 -8.860504627227783203e-01 -4.656335115432739258e-01
-1.115427374839782715e+00 2.031717538833618164e+00 1.327147364616394043e+00 -1.668289422988891602e+00 1.411445260047912598e+00 -1.168044686317443848e+00 -1.031935930252075195e+00 -1.589923620223999023e+00 1.712712883949279785e+00 -7.823044657707214355e-01 -6.125527620315551758e-01 -4.397654533386230469e-01 -3.857287168502807617e-01 5.388107895851135254e-01 1.548482775688171387e+00 9.409558773040771484e-01 1.514598250389099121e+00 -4.961736798286437988e-01 -1.003826379776000977e+00 -6.544623970985412598e-01
-1.009323477745056152e+00 2.135145902633666992e+00 1.341003894805908203e+00 -1.759164810180664062e+00 1.407656311988830566e+00 -1.162360906600952148e+00 -9.787818193435668945e-01 -1.655362010002136230e+00 1.774647831916809082e+00 -7.245174646377563477e-01 -6.501029729843139648e-01 -4.775357842445373535e-01 -4.130463898181915283e-01 3.431017696857452393e-01 1.556974768638610840e+00 9.013913869857788086e-01 1.489818811416625977e+00 -4.994840621948242188e-01 -1.082288503646850586e+00 -8.203943967819213867e-01
-8.996354341506958008e-01 2.161985635757446289e+00 1.325335144996643066e+00 -1.801323175430297852e+00 1.405282855033874512e+00 -1.144502997398376465e+00 -8.892502188682556152e-01 -1.690766811370849609e+00 1.798654913902282715e+00 -6.702502369880676270e-01 -6.886467337608337402e-01 -5.036274194717407227e-01 -4.180426299571990967e-01 1.857303828001022339e-01 1.554426312446594238e+00 8.567244410514831543e-01 1.452171325683593750e+00 -4.977364540100097656e-01 -1.110598683357238770e+00 -9.466739892959594727e-01
-8.128308057785034180e-01 2.141674280166625977e+00 1.288174748420715332e+00 -1.808151245117187500e+00 1.393016695976257324e+00 -1.130915999412536621e+00 -7.850683927536010742e-01 -1.722092509269714355e+00 1.795534729957580566e+00 -6.032049059867858887e-01 -7.307949662208557129e-01 -5.402662158012390137e-01 -4.136880040168762207e-01 8.534600585699081421e-02 1.554583668708801270e+00 8.121625781059265137e-01 1.435968756675720215e+00 -5.027869343757629395e-01 -1.114916801452636719e+00 -1.025036692619323730e+00
-7.338013648986816406e-01 2.113595247268676758e+00 1.290867090225219727e+00 -1.814312338829040527e+00 1.403600215911865234e+00 -1.152407765388488770e+00 -6.700154542922973633e-01 -1.761092662811279297e+00 1.826566338539123535e+00 -5.418748259544372559e-01 -7.736560702323913574e-01 -6.083933711051940918e-01 -4.193033874034881592e-01 1.154359057545661926e-02 1.581798553466796875e+00 7.847535014152526855e-01 1.478961706161499023e+00 -5.252708196640014648e-01 -1.131557583808898926e+00 -1.086155533790588379e+00
-6.607155203819274902e-01 2.047123670578002930e+00 1.291836023330688477e+00 -1.800367116928100586e+00 1.420748472213745117e+00 -1.178519129753112793e+00 -5.480538010597229004e-01 -1.796290755271911621e+00 1.840684056282043457e+00 -4.765203595161437988e-01 -8.098329305648803711e-01 -6.932946443557739258e-01 -4.179945886135101318e-01 -4.700707644224166870e-02 1.606910228729248047e+00 7.620602250099182129e-01 1.532435297966003418e+00 -5.413060188293457031e-01 -1.135947823524475098e+00 -1.108915805816650391e+00
-5.983523130416870117e-01 1.940993785858154297e+00 1.297987937927246094e+00 -1.751259922981262207e+00 1.435667872428894043e+00 -1.209817647933959961e+00 -4.401991367340087891e-01 -1.835937857627868652e+00 1.837373971939086914e+00 -3.985063433647155762e-01 -8.390455245971679688e-01 -8.021679520606994629e-01 -4.051772952079772949e-01 -1.071758568286895752e-01 1.633194088935852051e+00 7.493421435356140137e-01 1.588012099266052246e+00 -5.309069752693176270e-01 -1.140841245651245117e+00 -1.097108840942382812e+00
-5.376293659210205078e-01 1.747894883155822754e+00 1.308442473411560059e+00 -1.662028193473815918e+00 1.459035634994506836e+00 -1.229394555091857910e+00 -3.102311491966247559e-01 -1.856481671333312988e+00 1.823791980743408203e+00 -3.211057186126708984e-01 -8.843325972557067871e-01 -9.219542145729064941e-01 -3.659833371639251709e-01 -1.689003109931945801e-01 1.655078530311584473e+00 7.481915950775146484e-01 1.632160902023315430e+00 -4.910991191864013672e-01 -1.137392759323120117e+00 -1.043249130249023438e+00
-4.884325861930847168e-01 1.522549629211425781e+00 1.367347002029418945e+00 -1.557324767112731934e+00 1.493905901908874512e+00 -1.247900485992431641e+00 -2.132245600223541260e-01 -1.842972874641418457e+00 1.826267004013061523e+00 -2.436000704765319824e-01 -9.623879790306091309e-01 -1.064887404441833496e+00 -3.172259926795959473e-01 -2.343064546585083008e-01 1.713916420936584473e+00 7.758328914642333984e-01 1.681868314743041992e+00 -4.245131611824035645e-01 -1.166094183921813965e+00 -9.509531855583190918e-01
-4.700023233890533447e-01 1.296423912048339844e+00 1.479779481887817383e+00 -1.438213467597961426e+00 1.552070021629333496e+00 -1.275804996490478516e+00 -1.569404006004333496e-01 -1.829586863517761230e+00 1.846058011054992676e+00 -1.687255501747131348e-01 -1.077124714851379395e+00 -1.216180682182312012e+00 -2.701019942760467529e-01 -2.864017784595489502e-01 1.777308583259582520e+00 7.836699485778808594e-01 1.704659819602966309e+00 -3.393989205360412598e-01 -1.216421604156494141e+00 -8.150128722190856934e-01
-4.611763954162597656e-01 1.123525381088256836e+00 1.674749851226806641e+00 -1.322559118270874023e+00 1.646272897720336914e+00 -1.308115959167480469e+00 -1.748521476984024048e-01 -1.777972936630249023e+00 1.874022603034973145e+00 -1.340937763452529907e-01 -1.182056307792663574e+00 -1.351014018058776855e+00 -2.703795135021209717e-01 -3.603852391242980957e-01 1.864486336708068848e+00 7.897698879241943359e-01 1.714063763618469238e+00 -2.436188459396362305e-01 -1.310094475746154785e+00 -6.589024066925048828e-01
-4.536601006984710693e-01 9.949094057083129883e-01 1.881961464881896973e+00 -1.207556962966918945e+00 1.738281488418579102e+00 -1.323606252670288086e+00 -2.337855994701385498e-01 -1.693788290023803711e+00 1.903207302093505859e+00 -1.286075413227081299e-01 -1.259829640388488770e+00 -1.461445569992065430e+00 -2.959988415241241455e-01 -4.436021447181701660e-01 1.940390706062316895e+00 7.951695919036865234e-01 1.710854649543762207e+00 -1.456064432859420776e-01 -1.415977001190185547e+00 -5.068844556808471680e-01
-4.591605365276336670e-01 9.470587372779846191e-01 2.056520462036132812e+00 -1.134559035301208496e+00 1.830160021781921387e+00 -1.332882165908813477e+00 -3.211271166801452637e-01 -1.631030917167663574e+00 1.947886228561401367e+00 -1.281253248453140259e-01 -1.316308140754699707e+00 -1.565831065177917480e+00 -3.271044194698333740e-01 -5.212678313255310059e-01 2.031266689300537109e+00 8.083570003509521484e-01 1.728256344795227051e+00 -8.447150886058807373e-02 -1.518542051315307617e+00 -3.937734365463256836e-01
-4.779051840305328369e-01 9.509143233299255371e-01 2.202263832092285156e+00 -1.087038516998291016e+00 1.908774971961975098e+00 -1.338789463043212891e+00 -4.130321145057678223e-01 -1.583708882331848145e+00 1.981928110122680664e+00 -1.359262764453887939e-01 -1.364073157310485840e+00 -1.631216406822204590e+00 -3.798272311687469482e-01 -5.813878178596496582e-01 2.114735841751098633e+00 8.255813121795654297e-01 1.743383049964904785e+00 -4.616071283817291260e-02 -1.615221261978149414e+00 -3.275133371353149414e-01
-4.985872805118560791e-01 1.003390312194824219e+00 2.323746681213378906e+00 -1.083613753318786621e+00 1.977996587753295898e+00 -1.349538683891296387e+00 -4.968948960304260254e-01 -1.564256429672241211e+00 2.031363487243652344e+00 -1.579015552997589111e-01 -1.396675586700439453e+00 -1.669115662574768066e+00 -4.430901706218719482e-01 -6.386448740959167480e-01 2.183790445327758789e+00 8.530974388122558594e-01 1.771306991577148438e+00 -2.677708864212036133e-02 -1.701307415962219238e+00 -3.141172230243682861e-01
-5.026542544364929199e-01 1.055182576179504395e+00 2.410794019699096680e+00 -1.084254622459411621e+00 2.028727531433105469e+00 -1.350215911865234375e+00 -5.637109279632568359e-01 -1.536041021347045898e+00 2.069015026092529297e+00 -1.773991286754608154e-01 -1.412876009941101074e+00 -1.680454492568969727e+00 -4.959257245063781738e-01 -6.841303110122680664e-01 2.227353334426879883e+00 8.724400997161865234e-01 1.784615278244018555e+00 -1.437422260642051697e-02 -1.760631918907165527e+00 -3.181952536106109619e-01
-5.041592717170715332e-01 1.100353002548217773e+00 2.471485853195190430e+00 -1.085148334503173828e+00 2.056931018829345703e+00 -1.338739871978759766e+00 -6.179716587066650391e-01 -1.501085758209228516e+00 2.087693929672241211e+00 -1.954309046268463135e-01 -1.414167881011962891e+00 -1.673423171043395996e+00 -5.402592420578002930e-01 -7.205815911293029785e-01 2.254916429519653320e+00 8.883610963821411133e-01 1.781413674354553223e+00 -5.865179002285003662e-03 -1.798523545265197754e+00 -3.285632431507110596e-01
-5.085118412971496582e-01 1.145681500434875488e+00 2.513167381286621094e+00 -1.085619568824768066e+00 2.071380138397216797e+00 -1.332072257995605469e+00 -6.798011660575866699e-01 -1.465439200401306152e+00 2.096513748168945312e+00 -2.161112725734710693e-01 -1.398185491561889648e+00 -1.648533463478088379e+00 -5.847062468528747559e-01 -7.428137660026550293e-01 2.276734352111816406e+00 9.186542034149169922e-01 1.769371867179870605e+00 -4.626285284757614136e-03 -1.820097327232360840e+00 -3.380934596061706543e-01
-5.262842774391174316e-01 1.168216109275817871e+00 2.538224220275878906e+00 -1.072995781898498535e+00 2.076622962951660156e+00 -1.327966451644897461e+00 -7.569876909255981445e-01 -1.423897027969360352e+00 2.085580825805664062e+00 -2.357193231582641602e-01 -1.358757376670837402e+00 -1.600817680358886719e+00 -6.164384484291076660e-01 -7.397126555442810059e-01 2.297456502914428711e+00 9.805358052253723145e-01 1.745388746261596680e+00 -5.393914878368377686e-03 -1.821685910224914551e+00 -3.399979472160339355e-01
-5.622544288635253906e-01 1.145441293716430664e+00 2.539139270782470703e+00 -1.029955148696899414e+00 2.057795524597167969e+00 -1.302979111671447754e+00 -8.510039448738098145e-01 -1.352137446403503418e+00 2.021188735961914062e+00 -2.558980882167816162e-01 -1.286706089973449707e+00 -1.514220118522644043e+00 -6.395190358161926270e-01 -6.916567683219909668e-01 2.294089794158935547e+00 1.070837736129760742e+00 1.696623086929321289e+00 1.051034778356552124e-02 -1.792567253112792969e+00 -3.261699080467224121e-01
-6.497405171394348145e-01 1.063434958457946777e+00 2.472774982452392578e+00 -9.478991627693176270e-01 1.953149914741516113e+00 -1.215222716331481934e+00 -9.769041538238525391e-01 -1.220867395401000977e+00 1.834492683410644531e+00 -2.851296663284301758e-01 -1.137200951576232910e+00 -1.351641058921813965e+00 -6.707941889762878418e-01 -5.644958615303039551e-01 2.230376005172729492e+00 1.198579072952270508e+00 1.595182538032531738e+00 4.594569653272628784e-02 -1.714664697647094727e+00 -2.858793139457702637e-01
-8.649296760559082031e-01 9.410580396652221680e-01 2.230334997177124023e+00 -8.571732640266418457e-01 1.716701030731201172e+00 -1.033986806869506836e+00 -1.182686686515808105e+00 -1.013994336128234863e+00 1.474238038063049316e+00 -3.871911168098449707e-01 -8.570134639739990234e-01 -9.987183809280395508e-01 -6.653649210929870605e-01 -2.388969957828521729e-01 2.072143316268920898e+00 1.435222029685974121e+00 1.416462898254394531e+00 8.163976669311523438e-02 -1.532724738121032715e+00 -1.997601389884948730e-01
-1.212586641311645508e+00 9.872977733612060547e-01 1.828711271286010742e+00 -8.740007281303405762e-01 1.455987334251403809e+00 -9.234138131141662598e-01 -1.403576135635375977e+00 -9.325695633888244629e-01 1.143812656402587891e+00 -6.039059758186340332e-01 -6.093236804008483887e-01 -5.262131690979003906e-01 -5.746057033538818359e-01 3.165281713008880615e-01 1.884509325027465820e+00 1.633379697799682617e+00 1.284743189811706543e+00 2.413382381200790405e-02 -1.258127689361572266e+00 -1.415143013000488281e-01
-1.527591586112976074e+00 1.276222467422485352e+00 1.669379353523254395e+00 -1.108796596527099609e+00 1.508882999420166016e+00 -9.914326071739196777e-01 -1.475936055183410645e+00 -1.210594654083251953e+00 1.230637669563293457e+00 -7.700397968292236328e-01 -5.923917293548583984e-01 -4.745860695838928223e-01 -5.717279314994812012e-01 6.783546805381774902e-01 1.885694026947021484e+00 1.715153813362121582e+00 1.529143333435058594e+00 -1.525291800498962402e-01 -1.219114065170288086e+00 -1.743843704462051392e-01
-1.667382359504699707e+00 1.403294682502746582e+00 1.609259486198425293e+00 -1.231716394424438477e+00 1.532369494438171387e+00 -1.001621007919311523e+00 -1.461417317390441895e+00 -1.354175925254821777e+00 1.295064806938171387e+00 -8.464699983596801758e-01 -6.485117077827453613e-01 -5.077011585235595703e-01 -5.953584909439086914e-01 8.075227141380310059e-01 1.871501564979553223e+00 1.700965285301208496e+00 1.659215331077575684e+00 -2.251647114753723145e-01 -1.229666113853454590e+00 -1.741548031568527222e-01
-1.733960509300231934e+00 1.457505464553833008e+00 1.571763277053833008e+00 -1.279371619224548340e+00 1.500920176506042480e+00 -9.673298001289367676e-01 -1.445528864860534668e+00 -1.413547515869140625e+00 1.296791672706604004e+00 -8.679867982864379883e-01 -6.865172982215881348e-01 -5.542379617691040039e-01 -6.436824202537536621e-01 8.353044390678405762e-01 1.829611539840698242e+00 1.652319908142089844e+00 1.713661670684814453e+00 -2.465018182992935181e-01 -1.266750931739807129e+00 -1.562329381704330444e-01
-1.746600389480590820e+00 1.489430189132690430e+00 1.543314456939697266e+00 -1.286686062812805176e+00 1.446664690971374512e+00 -9.134113192558288574e-01 -1.426426768302917480e+00 -1.419919371604919434e+00 1.279875755310058594e+00 -8.685061931610107422e-01 -7.136795520782470703e-01 -5.999975800514221191e-01 -7.068445086479187012e-01 7.989238500595092773e-01 1.761650800704956055e+00 1.581599831581115723e+00 1.724168777465820312e+00 -2.378762960433959961e-01 -1.311299085617065430e+00 -1.417302489280700684e-01
-1.709351301193237305e+00 1.507972359657287598e+00 1.516423106193542480e+00 -1.257028102874755859e+00 1.376609325408935547e+00 -8.459690213203430176e-01 -1.397685408592224121e+00 -1.384639382362365723e+00 1.257829785346984863e+00 -8.564546704292297363e-01 -7.335781455039978027e-01 -6.438909173011779785e-01 -7.758529782295227051e-01 7.078359127044677734e-01 1.668552756309509277e+00 1.488529682159423828e+00 1.695355176925659180e+00 -2.096397876739501953e-01 -1.355445742607116699e+00 -1.319943070411682129e-01
-1.613971590995788574e+00 1.507281899452209473e+00 1.490243434906005859e+00 -1.180595278739929199e+00 1.296004414558410645e+00 -7.680921554565429688e-01 -1.349064826965332031e+00 -1.312508702278137207e+00 1.225599050521850586e+00 -8.307986259460449219e-01 -7.452361583709716797e-01 -6.811214089393615723e-01 -8.368449211120605469e-01 5.438107848167419434e-01 1.569023013114929199e+00 1.369217395782470703e+00 1.610494017601013184e+00 -1.718070507049560547e-01 -1.391374468803405762e+00 -1.319369226694107056e-01
-1.483865618705749512e+00 1.459420919418334961e+00 1.494685411453247070e+00 -1.037207126617431641e+00 1.249377012252807617e+00 -7.129175066947937012e-01 -1.296975493431091309e+00 -1.218203186988830566e+00 1.203436493873596191e+00 -8.024407625198364258e-01 -7.522103786468505859e-01 -7.103362679481506348e-01 -8.622050881385803223e-01 3.362387716770172119e-01 1.517382025718688965e+00 1.252202510833740234e+00 1.475610971450805664e+00 -1.257432252168655396e-01 -1.417211055755615234e+00 -1.149071902036666870e-01
-1.286728620529174805e+00 1.382121682167053223e+00 1.510648727416992188e+00 -8.633333444595336914e-01 1.273132562637329102e+00 -7.136341333389282227e-01 -1.205515027046203613e+00 -1.149971604347229004e+00 1.226676940917968750e+00 -7.501471638679504395e-01 -7.822225689888000488e-01 -7.203866839408874512e-01 -8.195362091064453125e-01 1.166257411241531372e-01 1.481391906738281250e+00 1.094009280204772949e+00 1.282168030738830566e+00 -8.489777147769927979e-02 -1.402462720870971680e+00 -9.620706737041473389e-02
-9.959747195243835449e-01 1.390826106071472168e+00 1.632429599761962891e+00 -7.577648162841796875e-01 1.427392959594726562e+00 -8.647125363349914551e-01 -1.030442595481872559e+00 -1.139884233474731445e+00 1.416850805282592773e+00 -6.730716228485107422e-01 -8.713622093200683594e-01 -8.435093760490417480e-01 -6.598310470581054688e-01 -1.637771874666213989e-01 1.576716184616088867e+00 9.537605643272399902e-01 1.203018307685852051e+00 -1.272672116756439209e-01 -1.373288273811340332e+00 -1.713676303625106812e-01
-7.410968542098999023e-01 1.382523775100708008e+00 1.728084206581115723e+00 -6.749673485755920410e-01 1.542023181915283203e+00 -1.029774069786071777e+00 -8.353488445281982422e-01 -1.126201868057250977e+00 1.564512848854064941e+00 -6.120502948760986328e-01 -9.544447064399719238e-01 -8.820538520812988281e-01 -4.678912758827209473e-01 -3.569379150867462158e-01 1.663404464721679688e+00 8.457809686660766602e-01 1.084397673606872559e+00 -1.796064078807830811e-01 -1.271087765693664551e+00 -2.784684002399444580e-01
-5.804665684700012207e-01 1.334547400474548340e+00 1.823081731796264648e+00 -6.364961266517639160e-01 1.675830483436584473e+00 -1.204724192619323730e+00 -6.639425158500671387e-01 -1.149914979934692383e+00 1.716888666152954102e+00 -5.822985768318176270e-01 -1.020114779472351074e+00 -8.686783313751220703e-01 -2.593019008636474609e-01 -4.147737622261047363e-01 1.764435648918151855e+00 8.155164718627929688e-01 1.014637470245361328e+00 -2.333597689867019653e-01 -1.142655730247497559e+00 -3.793933689594268799e-01
-5.173742175102233887e-01 1.237355709075927734e+00 1.856203079223632812e+00 -5.938685536384582520e-01 1.753584742546081543e+00 -1.340420842170715332e+00 -5.150758028030395508e-01 -1.167698740959167480e+00 1.786969542503356934e+00 -5.746891498565673828e-01 -1.062331914901733398e+00 -8.128035068511962891e-01 -8.556853979825973511e-02 -3.602675199508666992e-01 1.839529037475585938e+00 8.349647521972656250e-01 9.768499732017517090e-01 -2.683632373809814453e-01 -1.001264572143554688e+00 -4.526316225528717041e-01
-5.458405017852783203e-01 1.166063547134399414e+00 1.873139023780822754e+00 -5.999160408973693848e-01 1.797434687614440918e+00 -1.436383962631225586e+00 -4.470762610435485840e-01 -1.157743453979492188e+00 1.799531817436218262e+00 -6.255478262901306152e-01 -1.050481081008911133e+00 -6.976013779640197754e-01 3.074514865875244141e-02 -2.263970375061035156e-01 1.921700477600097656e+00 9.385400414466857910e-01 9.567247629165649414e-01 -2.844707965850830078e-01 -8.684768080711364746e-01 -5.236535668373107910e-01
-6.374111175537109375e-01 1.095891118049621582e+00 1.896330475807189941e+00 -6.253936886787414551e-01 1.800672888755798340e+00 -1.482444286346435547e+00 -4.390219449996948242e-01 -1.128896832466125488e+00 1.754380106925964355e+00 -7.023177146911621094e-01 -1.019988179206848145e+00 -5.362302660942077637e-01 8.408474177122116089e-02 -3.934305906295776367e-02 1.964128971099853516e+00 1.088514447212219238e+00 9.375880360603332520e-01 -2.711068987846374512e-01 -7.711027860641479492e-01 -6.044998764991760254e-01
-7.933744788169860840e-01 1.076496958732604980e+00 1.906538724899291992e+00 -6.994246840476989746e-01 1.767243742942810059e+00 -1.485373377799987793e+00 -5.039833784103393555e-01 -1.110374212265014648e+00 1.670357823371887207e+00 -7.885324358940124512e-01 -9.772571921348571777e-01 -3.918772637844085693e-01 4.721225425601005554e-02 1.855937540531158447e-01 1.986419439315795898e+00 1.254735350608825684e+00 9.938442707061767578e-01 -2.435468435287475586e-01 -7.398023009300231934e-01 -6.590015888214111328e-01
-9.655932784080505371e-01 1.095774173736572266e+00 1.870763063430786133e+00 -7.666944265365600586e-01 1.702779769897460938e+00 -1.449116110801696777e+00 -5.912379026412963867e-01 -1.113508939743041992e+00 1.556244015693664551e+00 -8.333110809326171875e-01 -9.375322461128234863e-01 -2.959715723991394043e-01 -3.971152007579803467e-02 3.743380904197692871e-01 1.991297483444213867e+00 1.377585411071777344e+00 1.064041614532470703e+00 -2.244995832443237305e-01 -7.443764209747314453e-01 -7.048275470733642578e-01
-1.120400428771972656e+00 1.113023519515991211e+00 1.799704074859619141e+00 -7.890208959579467773e-01 1.615459680557250977e+00 -1.348562121391296387e+00 -6.919278502464294434e-01 -1.101230263710021973e+00 1.401785135269165039e+00 -8.390505313873291016e-01 -8.874862790107727051e-01 -2.572822570800781250e-01 -1.479431688785552979e-01 4.817919135093688965e-01 1.966257333755493164e+00 1.456169366836547852e+00 1.114160895347595215e+00 -1.923479139804840088e-01 -7.721614241600036621e-01 -7.197794318199157715e-01
-1.194294810295104980e+00 1.108575224876403809e+00 1.734198927879333496e+00 -7.537807226181030273e-01 1.593814015388488770e+00 -1.242340564727783203e+00 -7.903658747673034668e-01 -1.090653419494628906e+00 1.288170337677001953e+00 -7.961409687995910645e-01 -8.718708753585815430e-01 -2.929843962192535400e-01 -2.260235249996185303e-01 4.853795766830444336e-01 1.925985097885131836e+00 1.501028656959533691e+00 1.160319805145263672e+00 -1.715612411499023438e-01 -8.279749155044555664e-01 -7.044231891632080078e-01
-1.237740039825439453e+00 1.039863109588623047e+00 1.689759016036987305e+00 -6.626850366592407227e-01 1.552992343902587891e+00 -1.088492274284362793e+00 -8.998743891716003418e-01 -1.053657174110412598e+00 1.146993279457092285e+00 -6.946239471435546875e-01 -8.800198435783386230e-01 -4.000641703605651855e-01 -3.214396536350250244e-01 4.336036741733551025e-01 1.844035148620605469e+00 1.496134996414184570e+00 1.187142848968505859e+00 -1.235937550663948059e-01 -9.318565726280212402e-01 -6.185243725776672363e-01
-1.247465372085571289e+00 9.509696364402770996e-01 1.688469529151916504e+00 -5.728148818016052246e-01 1.515482187271118164e+00 -9.256546497344970703e-01 -1.032842516899108887e+00 -1.003705501556396484e+00 1.049849867820739746e+00 -5.786295533180236816e-01 -8.887145519256591797e-01 -5.611950159072875977e-01 -4.438529908657073975e-01 3.415471017360687256e-01 1.753692626953125000e+00 1.426603555679321289e+00 1.219377636909484863e+00 -4.576731100678443909e-02 -1.077592968940734863e+00 -4.371380209922790527e-01
-1.217740297317504883e+00 9.387874007225036621e-01 1.765613675117492676e+00 -5.602699518203735352e-01 1.519285559654235840e+00 -9.039993286132812500e-01 -1.160008788108825684e+00 -1.050079703330993652e+00 1.111523032188415527e+00 -4.616146385669708252e-01 -9.026185274124145508e-01 -8.000963330268859863e-01 -5.541161894798278809e-01 2.049173265695571899e-01 1.736618757247924805e+00 1.326037526130676270e+00 1.317366361618041992e+00 8.745677769184112549e-03 -1.265058994293212891e+00 -2.099632769823074341e-01
-1.171660423278808594e+00 9.584919214248657227e-01 1.811851024627685547e+00 -5.764867067337036133e-01 1.542778015136718750e+00 -9.377812743186950684e-01 -1.238274693489074707e+00 -1.159544467926025391e+00 1.216869831085205078e+00 -3.400354981422424316e-01 -9.025124311447143555e-01 -1.031968593597412109e+00 -5.986570715904235840e-01 6.039068102836608887e-02 1.759769320487976074e+00 1.213168621063232422e+00 1.407626748085021973e+00 8.007865399122238159e-03 -1.392895579338073730e+00 -2.313171699643135071e-02
-1.122341156005859375e+00 9.712744355201721191e-01 1.830211758613586426e+00 -5.975311398506164551e-01 1.572924733161926270e+00 -9.945741295814514160e-01 -1.291614770889282227e+00 -1.249410748481750488e+00 1.306182980537414551e+00 -2.499032616615295410e-01 -8.902035951614379883e-01 -1.176063060760498047e+00 -5.754089951515197754e-01 -2.520272880792617798e-02 1.793257117271423340e+00 1.136940360069274902e+00 1.459354639053344727e+00 -1.812398433685302734e-02 -1.441881656646728516e+00 1.082661002874374390e-01
-1.061206102371215820e+00 9.742508530616760254e-01 1.821420073509216309e+00 -6.080962419509887695e-01 1.622177481651306152e+00 -1.066708922386169434e+00 -1.314792037010192871e+00 -1.326916933059692383e+00 1.389249682426452637e+00 -1.850641518831253052e-01 -8.714310526847839355e-01 -1.248602032661437988e+00 -4.878043532371520996e-01 -7.356996834278106689e-02 1.833393216133117676e+00 1.086085200309753418e+00 1.472620248794555664e+00 -7.186505943536758423e-02 -1.426736593246459961e+00 1.947381496429443359e-01
-9.952260255813598633e-01 9.482856988906860352e-01 1.773796081542968750e+00 -5.939577817916870117e-01 1.662703394889831543e+00 -1.116293907165527344e+00 -1.309738278388977051e+00 -1.371077179908752441e+00 1.448463916778564453e+00 -1.427127122879028320e-01 -8.392575979232788086e-01 -1.273483276367187500e+00 -3.726455271244049072e-01 -8.948425948619842529e-02 1.852596998214721680e+00 1.046698808670043945e+00 1.457898020744323730e+00 -1.296122670173645020e-01 -1.363039612770080566e+00 2.642517089843750000e-01
-9.330238699913024902e-01 8.948270678520202637e-01 1.687536597251892090e+00 -5.561638474464416504e-01 1.681668639183044434e+00 -1.151542782783508301e+00 -1.283994436264038086e+00 -1.381972789764404297e+00 1.468223094940185547e+00 -1.205837279558181763e-01 -7.900407910346984863e-01 -1.240050792694091797e+00 -2.413156628608703613e-01 -6.181037425994873047e-02 1.843300819396972656e+00 1.008742213249206543e+00 1.406742691993713379e+00 -1.871782690286636353e-01 -1.247718453407287598e+00 3.240304589271545410e-01
-8.677542209625244141e-01 8.631339669227600098e-01 1.583227872848510742e+00 -5.315990447998046875e-01 1.746505498886108398e+00 -1.181462526321411133e+00 -1.249576210975646973e+00 -1.390351414680480957e+00 1.515783548355102539e+00 -1.352682560682296753e-01 -7.232745289802551270e-01 -1.174237847328186035e+00 -9.684293717145919800e-02 1.020458713173866272e-02 1.839289188385009766e+00 1.000263452529907227e+00 1.388558506965637207e+00 -2.506975531578063965e-01 -1.103955388069152832e+00 3.308181762695312500e-01
-8.303620219230651855e-01 8.910678625106811523e-01 1.472434401512145996e+00 -5.689807534217834473e-01 1.834020018577575684e+00 -1.218352317810058594e+00 -1.227977752685546875e+00 -1.401134014129638672e+00 1.585794568061828613e+00 -2.078035771846771240e-01 -6.594421267509460449e-01 -1.045004367828369141e+00 3.977822884917259216e-02 1.646840125322341919e-01 1.824473023414611816e+00 1.004947662353515625e+00 1.403265595436096191e+00 -3.119401335716247559e-01 -9.394989013671875000e-01 2.853922545909881592e-01
-8.793772459030151367e-01 1.046119689941406250e+00 1.394909858703613281e+00 -7.338739633560180664e-01 1.988987207412719727e+00 -1.279871582984924316e+00 -1.245946288108825684e+00 -1.443333983421325684e+00 1.733858585357666016e+00 -3.875176906585693359e-01 -6.236360669136047363e-01 -8.272516727447509766e-01 1.252989470958709717e-01 4.627247154712677002e-01 1.811055779457092285e+00 1.076845407485961914e+00 1.494304537773132324e+00 -3.822052478790283203e-01 -7.821044325828552246e-01 1.395103484392166138e-01
-9.726039767265319824e-01 1.237280488014221191e+00 1.277685046195983887e+00 -9.547339081764221191e-01 2.120288372039794922e+00 -1.297666668891906738e+00 -1.228065252304077148e+00 -1.502479553222656250e+00 1.861207127571105957e+00 -6.209096312522888184e-01 -5.862063169479370117e-01 -5.831583738327026367e-01 1.398393511772155762e-01 7.858936786651611328e-01 1.747780799865722656e+00 1.152027487754821777e+00 1.617213606834411621e+00 -4.580776691436767578e-01 -6.386112570762634277e-01 -4.720448330044746399e-02
-1.071107506752014160e+00 1.446296215057373047e+00 1.300363659858703613e+00 -1.189979434013366699e+00 2.235775947570800781e+00 -1.347768783569335938e+00 -1.225400686264038086e+00 -1.564442992210388184e+00 2.006812095642089844e+00 -8.379465937614440918e-01 -5.683445334434509277e-01 -4.394523203372955322e-01 9.516139328479766846e-02 9.953656792640686035e-01 1.752040505409240723e+00 1.245676517486572266e+00 1.755076766014099121e+00 -5.018418431282043457e-01 -6.221774816513061523e-01 -2.083541005849838257e-01
-1.144709825515747070e+00 1.614103078842163086e+00 1.331330299377441406e+00 -1.366712808609008789e+00 2.263057470321655273e+00 -1.369459271430969238e+00 -1.195089459419250488e+00 -1.608045697212219238e+00 2.087212562561035156e+00 -9.976543188095092773e-01 -5.606697201728820801e-01 -3.489128053188323975e-01 2.120754122734069824e-02 1.094642639160156250e+00 1.743685126304626465e+00 1.298619151115417480e+00 1.827380537986755371e+00 -5.178827047348022461e-01 -6.375145316123962402e-01 -3.423441648483276367e-01
-1.193904161453247070e+00 1.705104231834411621e+00 1.344004988670349121e+00 -1.453925013542175293e+00 2.251647710800170898e+00 -1.363786935806274414e+00 -1.174432039260864258e+00 -1.648739695549011230e+00 2.110061407089233398e+00 -1.059015870094299316e+00 -5.733966827392578125e-01 -3.326666355133056641e-01 -5.947194993495941162e-02 1.121471643447875977e+00 1.719501852989196777e+00 1.310660004615783691e+00 1.874791622161865234e+00 -5.141000151634216309e-01 -6.700760126113891602e-01 -4.134383201599121094e-01
-1.226764559745788574e+00 1.709882259368896484e+00 1.326688170433044434e+00 -1.449985861778259277e+00 2.219042539596557617e+00 -1.330697894096374512e+00 -1.162402033805847168e+00 -1.658549189567565918e+00 2.076452493667602539e+00 -1.069976568222045898e+00 -5.871281623840332031e-01 -3.476018309593200684e-01 -1.221118196845054626e-01 1.116923570632934570e+00 1.682909131050109863e+00 1.298498392105102539e+00 1.888579487800598145e+00 -4.969033002853393555e-01 -6.906447410583496094e-01 -4.143863022327423096e-01
-1.257129430770874023e+00 1.626988768577575684e+00 1.288883209228515625e+00 -1.359093427658081055e+00 2.188848495483398438e+00 -1.266517281532287598e+00 -1.160358548164367676e+00 -1.656746745109558105e+00 2.006962537765502930e+00 -1.039165377616882324e+00 -6.177126765251159668e-01 -4.036844074726104736e-01 -1.630884706974029541e-01 1.077859640121459961e+00 1.649653673171997070e+00 1.268840432167053223e+00 1.878290057182312012e+00 -4.587416052818298340e-01 -7.034030556678771973e-01 -3.482261896133422852e-01
-1.276349186897277832e+00 1.418888807296752930e+00 1.227409005165100098e+00 -1.167427539825439453e+00 2.165579080581665039e+00 -1.160590291023254395e+00 -1.153188228607177734e+00 -1.634891629219055176e+00 1.882968306541442871e+00 -9.591984152793884277e-01 -6.589117050170898438e-01 -5.096032619476318359e-01 -1.738976836204528809e-01 9.939707517623901367e-01 1.627274036407470703e+00 1.230566501617431641e+00 1.838311553001403809e+00 -3.921042680740356445e-01 -6.994994878768920898e-01 -2.044608443975448608e-01
-1.239620923995971680e+00 1.109648108482360840e+00 1.158119082450866699e+00 -9.161447882652282715e-01 2.081018686294555664e+00 -1.043182015419006348e+00 -1.075060367584228516e+00 -1.605978369712829590e+00 1.714966654777526855e+00 -7.908633351325988770e-01 -6.939303278923034668e-01 -6.756154298782348633e-01 -1.616593897342681885e-01 8.158125877380371094e-01 1.612712979316711426e+00 1.157464742660522461e+00 1.743193387985229492e+00 -3.135175108909606934e-01 -7.017236351966857910e-01 -2.272165194153785706e-02
-1.169670820236206055e+00 8.820968866348266602e-01 1.212287783622741699e+00 -7.123876214027404785e-01 1.987467885017395020e+00 -9.747695326805114746e-01 -1.068973183631896973e+00 -1.595264911651611328e+00 1.607152223587036133e+00 -5.737023353576660156e-01 -7.699449062347412109e-01 -9.392205476760864258e-01 -1.332473158836364746e-01 4.735445976257324219e-01 1.693056702613830566e+00 1.129676580429077148e+00 1.658979177474975586e+00 -2.197182029485702515e-01 -8.175461292266845703e-01 1.261941492557525635e-01
-1.015799283981323242e+00 6.995981931686401367e-01 1.401629686355590820e+00 -5.496650338172912598e-01 1.908473730087280273e+00 -9.518183469772338867e-01 -1.091868638992309570e+00 -1.504729151725769043e+00 1.591864466667175293e+00 -3.354185223579406738e-01 -8.425989747047424316e-01 -1.229140400886535645e+00 -1.269478499889373779e-01 4.284011572599411011e-02 1.806607723236083984e+00 1.108320355415344238e+00 1.575963139533996582e+00 -9.953860938549041748e-02 -1.007369756698608398e+00 2.380104362964630127e-01
-9.885875582695007324e-01 6.688944697380065918e-01 1.706236720085144043e+00 -5.274115800857543945e-01 1.917778253555297852e+00 -1.016110181808471680e+00 -1.166905522346496582e+00 -1.496833562850952148e+00 1.680593848228454590e+00 -2.022383511066436768e-01 -9.323951005935668945e-01 -1.480005741119384766e+00 -1.577344536781311035e-01 -2.142402529716491699e-01 1.983165740966796875e+00 1.117395281791687012e+00 1.606719851493835449e+00 -3.792494535446166992e-02 -1.246682524681091309e+00 3.230495750904083252e-01
-1.014710545539855957e+00 7.025895118713378906e-01 1.942969799041748047e+00 -5.414010286331176758e-01 1.962520956993103027e+00 -1.088633298873901367e+00 -1.214442133903503418e+00 -1.532095789909362793e+00 1.748960494995117188e+00 -1.543926894664764404e-01 -1.024923443794250488e+00 -1.631364226341247559e+00 -2.152438461780548096e-01 -3.486558496952056885e-01 2.123012065887451172e+00 1.146943330764770508e+00 1.659520506858825684e+00 -1.170581579208374023e-02 -1.440044760704040527e+00 3.452798426151275635e-01
-1.013278841972351074e+00 7.558938264846801758e-01 2.101744413375854492e+00 -5.754342079162597656e-01 2.021928310394287109e+00 -1.141920328140258789e+00 -1.235904335975646973e+00 -1.557702422142028809e+00 1.808951377868652344e+00 -1.384451389312744141e-01 -1.091682195663452148e+00 -1.719668626785278320e+00 -2.605955004692077637e-01 -4.331118464469909668e-01 2.213802576065063477e+00 1.170642852783203125e+00 1.715185403823852539e+00 1.093946397304534912e-03 -1.573650956153869629e+00 3.192936778068542480e-01
-9.925220608711242676e-01 8.232415318489074707e-01 2.216297864913940430e+00 -6.098145842552185059e-01 2.074728965759277344e+00 -1.184905290603637695e+00 -1.250864982604980469e+00 -1.564352750778198242e+00 1.863318920135498047e+00 -1.352538019418716431e-01 -1.136224508285522461e+00 -1.765958786010742188e+00 -2.938780486583709717e-01 -5.006449818611145020e-01 2.276678800582885742e+00 1.178358912467956543e+00 1.748124241828918457e+00 -9.880922734737396240e-04 -1.663620710372924805e+00 2.768476009368896484e-01
-9.585950970649719238e-01 8.945407867431640625e-01 2.296594381332397461e+00 -6.378796100616455078e-01 2.125750541687011719e+00 -1.217954874038696289e+00 -1.253911852836608887e+00 -1.563602685928344727e+00 1.913812756538391113e+00 -1.418215930461883545e-01 -1.169617891311645508e+00 -1.789106845855712891e+00 -3.149766623973846436e-01 -5.623328089714050293e-01 2.321109771728515625e+00 1.170734167098999023e+00 1.762309074401855469e+00 -1.400233060121536255e-02 -1.720801353454589844e+00 2.303283810615539551e-01
-9.154326915740966797e-01 9.694022536277770996e-01 2.351334333419799805e+00 -6.575208902359008789e-01 2.183532476425170898e+00 -1.247419834136962891e+00 -1.243422746658325195e+00 -1.562155127525329590e+00 1.970270037651062012e+00 -1.623949110507965088e-01 -1.198624372482299805e+00 -1.796389222145080566e+00 -3.205188810825347900e-01 -6.182291507720947266e-01 2.358228683471679688e+00 1.150082826614379883e+00 1.764131784439086914e+00 -3.873637318611145020e-02 -1.748131632804870605e+00 1.834284067153930664e-01
-8.499881029129028320e-01 1.058067679405212402e+00 2.385692358016967773e+00 -6.736039519309997559e-01 2.256913423538208008e+00 -1.286476969718933105e+00 -1.218331933021545410e+00 -1.557418823242187500e+00 2.057057380676269531e+00 -1.994967460632324219e-01 -1.224668502807617188e+00 -1.780631542205810547e+00 -3.133938312530517578e-01 -6.711077094078063965e-01 2.379360198974609375e+00 1.113183021545410156e+00 1.750101089477539062e+00 -7.336047291755676270e-02 -1.741377115249633789e+00 1.252858489751815796e-01
-7.607254385948181152e-01 1.154899358749389648e+00 2.382221460342407227e+00 -6.909244060516357422e-01 2.324507713317871094e+00 -1.327515840530395508e+00 -1.180285930633544922e+00 -1.546272873878479004e+00 2.151555776596069336e+00 -2.383497059345245361e-01 -1.238914012908935547e+00 -1.742364764213562012e+00 -2.959121763706207275e-01 -7.189005017280578613e-01 2.373353242874145508e+00 1.052813291549682617e+00 1.717087149620056152e+00 -1.237763836979866028e-01 -1.701334834098815918e+00 6.405259668827056885e-02
-6.550669670104980469e-01 1.279901385307312012e+00 2.323351383209228516e+00 -7.312445044517517090e-01 2.357123613357543945e+00 -1.363257884979248047e+00 -1.113713264465332031e+00 -1.541099071502685547e+00 2.245417118072509766e+00 -2.928590774536132812e-01 -1.223165512084960938e+00 -1.672338366508483887e+00 -2.650441527366638184e-01 -7.647508978843688965e-01 2.340084791183471680e+00 9.652344584465026855e-01 1.653295874595642090e+00 -1.992110013961791992e-01 -1.620219945907592773e+00 -7.391825318336486816e-03
-5.546348094940185547e-01 1.431469798088073730e+00 2.181465864181518555e+00 -7.964850664138793945e-01 2.330632925033569336e+00 -1.373707890510559082e+00 -1.031883358955383301e+00 -1.517655611038208008e+00 2.299940109252929688e+00 -3.637585639953613281e-01 -1.156383395195007324e+00 -1.528108477592468262e+00 -2.371969521045684814e-01 -7.695350050926208496e-01 2.264444351196289062e+00 8.737956285476684570e-01 1.557166934013366699e+00 -3.030574917793273926e-01 -1.486299872398376465e+00 -1.079521328210830688e-01
-4.764747023582458496e-01 1.538019418716430664e+00 1.911903977394104004e+00 -8.202740550041198730e-01 2.212830543518066406e+00 -1.360894799232482910e+00 -9.286778569221496582e-01 -1.458803892135620117e+00 2.247339487075805664e+00 -4.662690162658691406e-01 -1.001507520675659180e+00 -1.261127591133117676e+00 -1.875593364238739014e-01 -6.409783363342285156e-01 2.081196069717407227e+00 7.822922468185424805e-01 1.405392527580261230e+00 -4.191315770149230957e-01 -1.247412562370300293e+00 -2.126917243003845215e-01
-5.649136304855346680e-01 1.602589726448059082e+00 1.611562609672546387e+00 -9.336326718330383301e-01 2.042311429977416992e+00 -1.301446437835693359e+00 -8.655462265014648438e-01 -1.395236730575561523e+00 2.112420320510864258e+00 -6.784143447875976562e-01 -7.908245325088500977e-01 -8.674694895744323730e-01 -1.608304977416992188e-01 -2.194042801856994629e-01 1.816090106964111328e+00 7.339311242103576660e-01 1.292243957519531250e+00 -4.865112304687500000e-01 -9.639034867286682129e-01 -2.294418811798095703e-01
-8.120241165161132812e-01 1.544085741043090820e+00 1.376452565193176270e+00 -1.063800454139709473e+00 1.838146805763244629e+00 -1.186443090438842773e+00 -8.843184113502502441e-01 -1.367908716201782227e+00 1.913444638252258301e+00 -8.537151217460632324e-01 -6.322429180145263672e-01 -5.654035806655883789e-01 -1.898582875728607178e-01 2.515598535537719727e-01 1.610011100769042969e+00 7.759953141212463379e-01 1.274620652198791504e+00 -4.861967563629150391e-01 -7.968913912773132324e-01 -1.291803717613220215e-01
-1.056034684181213379e+00 1.628544688224792480e+00 1.330532312393188477e+00 -1.245184421539306641e+00 1.811942458152770996e+00 -1.177714824676513672e+00 -1.018764495849609375e+00 -1.454769134521484375e+00 1.857575774192810059e+00 -9.561790823936462402e-01 -5.803669691085815430e-01 -4.656484425067901611e-01 -2.223240435123443604e-01 5.764435529708862305e-01 1.647901535034179688e+00 9.723469614982604980e-01 1.442155003547668457e+00 -5.106369256973266602e-01 -7.922625541687011719e-01 -1.419218182563781738e-01
-1.207142353057861328e+00 1.672305822372436523e+00 1.310685992240905762e+00 -1.341214895248413086e+00 1.776771426200866699e+00 -1.149011015892028809e+00 -1.146495103836059570e+00 -1.465700626373291016e+00 1.795561075210571289e+00 -1.014004111289978027e+00 -5.293287038803100586e-01 -4.164992272853851318e-01 -2.414618432521820068e-01 7.471911311149597168e-01 1.687930464744567871e+00 1.134975433349609375e+00 1.546135067939758301e+00 -5.066610574722290039e-01 -8.103201985359191895e-01 -1.352306157350540161e-01
-1.317258954048156738e+00 1.691427588462829590e+00 1.308846235275268555e+00 -1.378867387771606445e+00 1.714742064476013184e+00 -1.111602067947387695e+00 -1.259230494499206543e+00 -1.439513444900512695e+00 1.724368214607238770e+00 -1.035185933113098145e+00 -4.953412413597106934e-01 -3.972974121570587158e-01 -2.616671621799468994e-01 8.145059943199157715e-01 1.733578324317932129e+00 1.258641958236694336e+00 1.585080742835998535e+00 -4.892666339874267578e-01 -8.417644500732421875e-01 -1.070684194564819336e-01
-1.394807934761047363e+00 1.722007274627685547e+00 1.343960881233215332e+00 -1.378955125808715820e+00 1.615692853927612305e+00 -1.087753415107727051e+00 -1.370960593223571777e+00 -1.367177724838256836e+00 1.638247251510620117e+00 -1.025766372680664062e+00 -4.608886837959289551e-01 -3.838481009006500244e-01 -3.152558207511901855e-01 8.061231970787048340e-01 1.785873174667358398e+00 1.367107987403869629e+00 1.573705554008483887e+00 -4.705210924148559570e-01 -9.082470536231994629e-01 -9.099835157394409180e-02
-1.410689830780029297e+00 1.768746852874755859e+00 1.430245280265808105e+00 -1.341437458992004395e+00 1.528193712234497070e+00 -1.086262226104736328e+00 -1.481585025787353516e+00 -1.267649531364440918e+00 1.562108516693115234e+00 -9.957773089408874512e-01 -4.330251812934875488e-01 -3.815911412239074707e-01 -3.957247734069824219e-01 7.181122899055480957e-01 1.832252144813537598e+00 1.453548312187194824e+00 1.529873490333557129e+00 -4.345311522483825684e-01 -1.013384938240051270e+00 -1.170685291290283203e-01
-1.361459851264953613e+00 1.785602450370788574e+00 1.575691819190979004e+00 -1.254502058029174805e+00 1.427166700363159180e+00 -1.086862087249755859e+00 -1.573940634727478027e+00 -1.115738153457641602e+00 1.487886309623718262e+00 -9.304245710372924805e-01 -4.255516529083251953e-01 -3.941748142242431641e-01 -4.760473370552062988e-01 5.291036367416381836e-01 1.887997031211853027e+00 1.482609748840332031e+00 1.407377004623413086e+00 -3.822419047355651855e-01 -1.141570806503295898e+00 -1.460112929344177246e-01
-1.252049803733825684e+00 1.794090867042541504e+00 1.744304895401000977e+00 -1.159636855125427246e+00 1.345341324806213379e+00 -1.099467277526855469e+00 -1.593872666358947754e+00 -9.700142741203308105e-01 1.437174916267395020e+00 -8.504926562309265137e-01 -4.382776618003845215e-01 -4.194566011428833008e-01 -5.354872345924377441e-01 2.770136594772338867e-01 1.949495315551757812e+00 1.451384902000427246e+00 1.239980101585388184e+00 -3.336043357849121094e-01 -1.260391950607299805e+00 -2.018357068300247192e-01
-1.105566024780273438e+00 1.801336526870727539e+00 1.920979022979736328e+00 -1.086520314216613770e+00 1.353275299072265625e+00 -1.157818198204040527e+00 -1.528009653091430664e+00 -9.183591008186340332e-01 1.486818432807922363e+00 -7.673956751823425293e-01 -4.861602187156677246e-01 -5.228772759437561035e-01 -5.670166015625000000e-01 -4.632439464330673218e-02 2.028233051300048828e+00 1.404357075691223145e+00 1.130234956741333008e+00 -3.106405735015869141e-01 -1.381328940391540527e+00 -2.736224532127380371e-01
-9.812057614326477051e-01 1.830412983894348145e+00 2.078074216842651367e+00 -1.048900365829467773e+00 1.428982853889465332e+00 -1.228246808052062988e+00 -1.458437323570251465e+00 -9.259439110755920410e-01 1.596858382225036621e+00 -7.104273438453674316e-01 -5.737035274505615234e-01 -6.232532858848571777e-01 -6.088972687721252441e-01 -2.661209702491760254e-01 2.060314178466796875e+00 1.310397744178771973e+00 1.087590098381042480e+00 -2.836171686649322510e-01 -1.473241806030273438e+00 -3.324319124221801758e-01
-8.558291196823120117e-01 1.875164985656738281e+00 2.191945552825927734e+00 -1.033766984939575195e+00 1.523804903030395508e+00 -1.302392482757568359e+00 -1.369169354438781738e+00 -9.790778756141662598e-01 1.742689371109008789e+00 -6.392809748649597168e-01 -6.684681773185729980e-01 -7.543857693672180176e-01 -6.369513273239135742e-01 -4.455024600028991699e-01 2.095598697662353516e+00 1.217830300331115723e+00 1.116352319717407227e+00 -2.864472270011901855e-01 -1.546611785888671875e+00 -4.138078689575195312e-01
-7.710667848587036133e-01 1.889574408531188965e+00 2.307116508483886719e+00 -1.018916726112365723e+00 1.665274858474731445e+00 -1.376787543296813965e+00 -1.250964045524597168e+00 -1.065842032432556152e+00 1.894233226776123047e+00 -6.141410470008850098e-01 -8.046756386756896973e-01 -8.954367041587829590e-01 -6.560118794441223145e-01 -5.682284235954284668e-01 2.156664133071899414e+00 1.137671589851379395e+00 1.197520017623901367e+00 -2.753255367279052734e-01 -1.614170670509338379e+00 -4.581537842750549316e-01
-6.720829606056213379e-01 1.838356971740722656e+00 2.377411603927612305e+00 -9.979681372642517090e-01 1.798649430274963379e+00 -1.417903780937194824e+00 -1.120648503303527832e+00 -1.155645012855529785e+00 2.002436161041259766e+00 -5.631474256515502930e-01 -9.397019147872924805e-01 -1.040260076522827148e+00 -6.718685626983642578e-01 -6.634505987167358398e-01 2.187569856643676758e+00 1.029585123062133789e+00 1.290042281150817871e+00 -2.485873997211456299e-01 -1.664407014846801758e+00 -4.638200402259826660e-01
-5.904216170310974121e-01 1.708812713623046875e+00 2.395023345947265625e+00 -1.001204848289489746e+00 1.940094828605651855e+00 -1.424723148345947266e+00 -1.004555702209472656e+00 -1.265748262405395508e+00 2.108503580093383789e+00 -4.751534163951873779e-01 -1.110000252723693848e+00 -1.218338131904602051e+00 -6.389299631118774414e-01 -7.191135287284851074e-01 2.227660179138183594e+00 9.539454579353332520e-01 1.424709200859069824e+00 -1.893311440944671631e-01 -1.681537389755249023e+00 -4.276799261569976807e-01
-5.102882981300354004e-01 1.381567358970642090e+00 2.268774271011352539e+00 -9.859859347343444824e-01 2.026606559753417969e+00 -1.322345972061157227e+00 -8.583984375000000000e-01 -1.367755651473999023e+00 2.109765768051147461e+00 -3.047653734683990479e-01 -1.285961270332336426e+00 -1.409490585327148438e+00 -5.539972782135009766e-01 -6.980875134468078613e-01 2.183355808258056641e+00 8.510295152664184570e-01 1.571159839630126953e+00 -7.930089533329010010e-02 -1.620381474494934082e+00 -3.083134889602661133e-01
-5.057223439216613770e-01 9.935586452484130859e-01 1.952117919921875000e+00 -1.046707510948181152e+00 1.971656322479248047e+00 -1.097154974937438965e+00 -7.284818291664123535e-01 -1.489313244819641113e+00 1.953061342239379883e+00 -1.209872439503669739e-01 -1.342636466026306152e+00 -1.535178899765014648e+00 -4.425440430641174316e-01 -5.140516161918640137e-01 2.013762712478637695e+00 7.724511623382568359e-01 1.749985337257385254e+00 5.604872107505798340e-02 -1.471412301063537598e+00 -2.095843553543090820e-01
-6.490454077720642090e-01 7.706350088119506836e-01 1.639351248741149902e+00 -1.070256233215332031e+00 1.857671976089477539e+00 -9.338756203651428223e-01 -7.116271853446960449e-01 -1.604531288146972656e+00 1.687170863151550293e+00 -6.708253175020217896e-02 -1.280820488929748535e+00 -1.473158836364746094e+00 -4.014045000076293945e-01 -1.778175085783004761e-01 1.817667007446289062e+00 7.990881800651550293e-01 1.869860768318176270e+00 1.127615869045257568e-01 -1.335724830627441406e+00 -1.825936734676361084e-01
-8.453992605209350586e-01 8.061421513557434082e-01 1.462167501449584961e+00 -1.198524236679077148e+00 1.785878300666809082e+00 -8.996618986129760742e-01 -7.268742322921752930e-01 -1.748068332672119141e+00 1.582052230834960938e+00 -1.190647482872009277e-01 -1.210064172744750977e+00 -1.373201012611389160e+00 -4.284911751747131348e-01 1.203716024756431580e-01 1.727109909057617188e+00 8.581700325012207031e-01 1.989068746566772461e+00 5.142628401517868042e-02 -1.273054718971252441e+00 -2.174057960510253906e-01
-9.512791037559509277e-01 8.543921113014221191e-01 1.367805719375610352e+00 -1.279654383659362793e+00 1.722015261650085449e+00 -8.864413499832153320e-01 -7.499576807022094727e-01 -1.804388999938964844e+00 1.509880304336547852e+00 -1.425665766000747681e-01 -1.149044513702392578e+00 -1.282298326492309570e+00 -4.510498940944671631e-01 2.984274923801422119e-01 1.659888148307800293e+00 8.869927525520324707e-01 2.029645681381225586e+00 -3.062695264816284180e-03 -1.236703872680664062e+00 -2.630096673965454102e-01
-1.011540889739990234e+00 9.078353047370910645e-01 1.317307472229003906e+00 -1.347603440284729004e+00 1.681635856628417969e+00 -8.706669807434082031e-01 -7.684152722358703613e-01 -1.816230177879333496e+00 1.461877226829528809e+00 -1.693342775106430054e-01 -1.115077018737792969e+00 -1.204929351806640625e+00 -4.810926914215087891e-01 4.114425778388977051e-01 1.613952279090881348e+00 9.109272956848144531e-01 2.051095247268676758e+00 -3.585926815867424011e-02 -1.223948121070861816e+00 -3.105571568012237549e-01
-1.018825769424438477e+00 9.793787002563476562e-01 1.284296393394470215e+00 -1.410431027412414551e+00 1.644433498382568359e+00 -8.711574673652648926e-01 -7.684678435325622559e-01 -1.810859084129333496e+00 1.431216478347778320e+00 -1.804280579090118408e-01 -1.082973361015319824e+00 -1.134273767471313477e+00 -5.128493309020996094e-01 4.711016714572906494e-01 1.568282485008239746e+00 9.048990011215209961e-01 2.051911830902099609e+00 -7.863979041576385498e-02 -1.214294433593750000e+00 -3.785513341426849365e-01
-9.586300253868103027e-01 1.091236710548400879e+00 1.278057813644409180e+00 -1.489732146263122559e+00 1.621995449066162109e+00 -9.265421628952026367e-01 -7.284083962440490723e-01 -1.802459716796875000e+00 1.465268135070800781e+00 -1.885140240192413330e-01 -1.045886874198913574e+00 -1.059356570243835449e+00 -5.291653275489807129e-01 4.874984025955200195e-01 1.519271969795227051e+00 8.836600184440612793e-01 2.041716814041137695e+00 -1.357894688844680786e-01 -1.195246100425720215e+00 -4.965959489345550537e-01
-8.557282686233520508e-01 1.276022076606750488e+00 1.286763072013854980e+00 -1.602665066719055176e+00 1.584264278411865234e+00 -1.053857803344726562e+00 -6.317684054374694824e-01 -1.818945407867431641e+00 1.540524721145629883e+00 -2.086740732192993164e-01 -9.848024249076843262e-01 -9.487345218658447266e-01 -5.179032087326049805e-01 4.830568134784698486e-01 1.473073482513427734e+00 8.395733237266540527e-01 1.985877156257629395e+00 -2.411321699619293213e-01 -1.150769948959350586e+00 -6.759577989578247070e-01
-7.739956974983215332e-01 1.522064208984375000e+00 1.306472897529602051e+00 -1.713260769844055176e+00 1.521069169044494629e+00 -1.208625912666320801e+00 -5.271519422531127930e-01 -1.855626940727233887e+00 1.657627820968627930e+00 -2.786986827850341797e-01 -9.048817157745361328e-01 -8.352189660072326660e-01 -4.860751032829284668e-01 4.430140256881713867e-01 1.455775737762451172e+00 8.009319901466369629e-01 1.899821519851684570e+00 -3.686574101448059082e-01 -1.093470811843872070e+00 -8.651800155639648438e-01
-7.154426574707031250e-01 1.726024031639099121e+00 1.317663788795471191e+00 -1.802484869956970215e+00 1.463716983795166016e+00 -1.346955537796020508e+00 -4.364098906517028809e-01 -1.859994769096374512e+00 1.765158653259277344e+00 -3.759616911411285400e-01 -8.120968937873840332e-01 -6.984649896621704102e-01 -4.138457179069519043e-01 4.291417598724365234e-01 1.461930632591247559e+00 7.903809547424316406e-01 1.790014624595642090e+00 -4.858319759368896484e-01 -1.008436560630798340e+00 -1.005623936653137207e+00
-7.426000833511352539e-01 1.873602509498596191e+00 1.334864377975463867e+00 -1.846456170082092285e+00 1.446008920669555664e+00 -1.441549658775329590e+00 -3.838550448417663574e-01 -1.880306601524353027e+00 1.860251307487487793e+00 -4.881393313407897949e-01 -8.027921915054321289e-01 -6.190577745437622070e-01 -3.683998286724090576e-01 4.302772879600524902e-01 1.548063039779663086e+00 8.133416771888732910e-01 1.724438309669494629e+00 -5.681627988815307617e-01 -9.630162119865417480e-01 -1.055894494056701660e+00
-7.938874363899230957e-01 1.943095684051513672e+00 1.355541944503784180e+00 -1.875937700271606445e+00 1.437483072280883789e+00 -1.493399024009704590e+00 -3.593620657920837402e-01 -1.892856121063232422e+00 1.910851240158081055e+00 -5.785033106803894043e-01 -7.901669144630432129e-01 -5.619705319404602051e-01 -3.388101756572723389e-01 4.614932239055633545e-01 1.605337858200073242e+00 8.543311357498168945e-01 1.686374902725219727e+00 -6.115126609802246094e-01 -9.432988166809082031e-01 -1.066890716552734375e+00
-8.430872559547424316e-01 1.954007983207702637e+00 1.356282353401184082e+00 -1.901719570159912109e+00 1.433392167091369629e+00 -1.511571526527404785e+00 -3.543097376823425293e-01 -1.896483063697814941e+00 1.926414728164672852e+00 -6.414062976837158203e-01 -7.662842869758605957e-01 -5.177955627441406250e-01 -3.109437227249145508e-01 5.115197896957397461e-01 1.634685873985290527e+00 8.983594775199890137e-01 1.669798851013183594e+00 -6.296789646148681641e-01 -9.265977740287780762e-01 -1.048011541366577148e+00
-8.895061016082763672e-01 1.943880796432495117e+00 1.353494763374328613e+00 -1.942068457603454590e+00 1.443772435188293457e+00 -1.506897926330566406e+00 -3.792161345481872559e-01 -1.918304085731506348e+00 1.935261130332946777e+00 -6.615621447563171387e-01 -7.382184863090515137e-01 -5.151580572128295898e-01 -2.949356138706207275e-01 5.527005195617675781e-01 1.653532028198242188e+00 9.481418132781982422e-01 1.696164369583129883e+00 -6.282932162284851074e-01 -9.350664019584655762e-01 -1.019952058792114258e+00
-9.332518577575683594e-01 1.886795639991760254e+00 1.337819337844848633e+00 -1.970300197601318359e+00 1.466140151023864746e+00 -1.463027358055114746e+00 -4.156166911125183105e-01 -1.923665881156921387e+00 1.916170716285705566e+00 -6.711489558219909668e-01 -7.158894538879394531e-01 -5.262148976325988770e-01 -2.862570881843566895e-01 5.861374139785766602e-01 1.659262895584106445e+00 1.001157641410827637e+00 1.731005787849426270e+00 -5.938538312911987305e-01 -9.439613819122314453e-01 -9.757837057113647461e-01
-9.653882384300231934e-01 1.813501834869384766e+00 1.312004685401916504e+00 -1.979947447776794434e+00 1.500091671943664551e+00 -1.396316647529602051e+00 -4.647608399391174316e-01 -1.916042566299438477e+00 1.870411396026611328e+00 -6.652850508689880371e-01 -6.964443325996398926e-01 -5.418714880943298340e-01 -2.820424139499664307e-01 6.112006306648254395e-01 1.644203186035156250e+00 1.037894725799560547e+00 1.755754470825195312e+00 -5.535714030265808105e-01 -9.533560872077941895e-01 -9.198142886161804199e-01
-1.020480275154113770e+00 1.746950387954711914e+00 1.307228207588195801e+00 -1.958326101303100586e+00 1.516160845756530762e+00 -1.289132833480834961e+00 -5.623449683189392090e-01 -1.879493117332458496e+00 1.792714238166809082e+00 -6.422642469406127930e-01 -7.095120549201965332e-01 -5.952216982841491699e-01 -3.384628891944885254e-01 6.188313961029052734e-01 1.640145659446716309e+00 1.080491781234741211e+00 1.801720380783081055e+00 -4.936045408248901367e-01 -1.030385017395019531e+00 -8.367413282394409180e-01
-1.062209248542785645e+00 1.663671016693115234e+00 1.306801199913024902e+00 -1.898801922798156738e+00 1.507353544235229492e+00 -1.151174664497375488e+00 -6.776780486106872559e-01 -1.790531754493713379e+00 1.683669805526733398e+00 -6.112962961196899414e-01 -7.182736396789550781e-01 -6.492342948913574219e-01 -4.260224401950836182e-01 5.921941399574279785e-01 1.621807813644409180e+00 1.125591635704040527e+00 1.824922561645507812e+00 -4.088381528854370117e-01 -1.122133016586303711e+00 -7.428722977638244629e-01
-1.082058191299438477e+00 1.572185635566711426e+00 1.322582721710205078e+00 -1.797577619552612305e+00 1.492499709129333496e+00 -1.008591413497924805e+00 -8.082786798477172852e-01 -1.651979207992553711e+00 1.560008406639099121e+00 -5.822886228561401367e-01 -7.189764976501464844e-01 -6.978363990783691406e-01 -5.466391444206237793e-01 5.287911891937255859e-01 1.596409678459167480e+00 1.165157198905944824e+00 1.814066648483276367e+00 -3.145940303802490234e-01 -1.220250844955444336e+00 -6.368622779846191406e-01
-1.108138680458068848e+00 1.438340783119201660e+00 1.419252038002014160e+00 -1.642703294754028320e+00 1.470045328140258789e+00 -8.841589689254760742e-01 -9.297236204147338867e-01 -1.460003733634948730e+00 1.444999814033508301e+00 -5.720820426940917969e-01 -7.528927922248840332e-01 -7.424752116203308105e-01 -6.647086739540100098e-01 4.543247818946838379e-01 1.623828053474426270e+00 1.194639801979064941e+00 1.759048700332641602e+00 -2.108222693204879761e-01 -1.322915792465209961e+00 -5.029746294021606445e-01
-1.107520699501037598e+00 1.299752354621887207e+00 1.546175718307495117e+00 -1.432293295860290527e+00 1.428414940834045410e+00 -7.851524949073791504e-01 -1.046196341514587402e+00 -1.235395431518554688e+00 1.300974011421203613e+00 -5.573657751083374023e-01 -7.727146148681640625e-01 -7.481573820114135742e-01 -7.589032053947448730e-01 3.376621603965759277e-01 1.652410626411437988e+00 1.238852500915527344e+00 1.620554804801940918e+00 -1.026043742895126343e-01 -1.401715397834777832e+00 -4.057866036891937256e-01
-1.142456650733947754e+00 1.237385153770446777e+00 1.765300512313842773e+00 -1.240176200866699219e+00 1.433845877647399902e+00 -7.626721858978271484e-01 -1.149935960769653320e+00 -1.059148550033569336e+00 1.224927067756652832e+00 -5.923299193382263184e-01 -8.259373903274536133e-01 -7.599430680274963379e-01 -8.379783034324645996e-01 1.936409622430801392e-01 1.777178645133972168e+00 1.342259764671325684e+00 1.482754230499267578e+00 -1.353353634476661682e-02 -1.502962350845336914e+00 -3.632271289825439453e-01
-1.205619573593139648e+00 1.303542256355285645e+00 2.064218521118164062e+00 -1.135637760162353516e+00 1.512535572052001953e+00 -8.501042127609252930e-01 -1.221616387367248535e+00 -9.703800678253173828e-01 1.264943957328796387e+00 -7.049232125282287598e-01 -9.163795113563537598e-01 -7.409381270408630371e-01 -9.245054721832275391e-01 8.085082471370697021e-02 1.936008334159851074e+00 1.474698066711425781e+00 1.394227743148803711e+00 4.568281769752502441e-02 -1.612916350364685059e+00 -4.131071567535400391e-01
-1.281913042068481445e+00 1.412573218345642090e+00 2.277336835861206055e+00 -1.066121935844421387e+00 1.492067933082580566e+00 -9.973622560501098633e-01 -1.200659871101379395e+00 -9.707150459289550781e-01 1.304113984107971191e+00 -8.043278455734252930e-01 -9.995487928390502930e-01 -7.032182216644287109e-01 -9.622331261634826660e-01 -1.835959404706954956e-02 2.045461416244506836e+00 1.563064932823181152e+00 1.298743724822998047e+00 5.061103403568267822e-02 -1.679175972938537598e+00 -4.987348616123199463e-01
-1.288563609123229980e+00 1.560068011283874512e+00 2.290890932083129883e+00 -1.023790955543518066e+00 1.435892939567565918e+00 -1.147246360778808594e+00 -1.104461789131164551e+00 -1.020466804504394531e+00 1.338710069656372070e+00 -8.529097437858581543e-01 -1.015495419502258301e+00 -6.114252209663391113e-01 -8.708599805831909180e-01 -4.907675087451934814e-02 2.050141096115112305e+00 1.556970119476318359e+00 1.175173997879028320e+00 -3.558995202183723450e-02 -1.601477742195129395e+00 -6.336835622787475586e-01
-1.237808346748352051e+00 1.604404926300048828e+00 2.108428478240966797e+00 -9.947628974914550781e-01 1.321298837661743164e+00 -1.238862514495849609e+00 -9.097254276275634766e-01 -1.078834414482116699e+00 1.319851875305175781e+00 -8.505113720893859863e-01 -9.793711304664611816e-01 -4.799182116985321045e-01 -6.904603242874145508e-01 1.225322484970092773e-02 1.974890589714050293e+00 1.473739743232727051e+00 1.045041680335998535e+00 -1.602929681539535522e-01 -1.382507443428039551e+00 -7.510780096054077148e-01
-1.197187423706054688e+00 1.596571803092956543e+00 1.892619490623474121e+00 -1.026473999023437500e+00 1.229283571243286133e+00 -1.296774506568908691e+00 -7.134097814559936523e-01 -1.165876030921936035e+00 1.300274848937988281e+00 -8.360384702682495117e-01 -9.200116395950317383e-01 -3.539616763591766357e-01 -4.962084889411926270e-01 1.514779031276702881e-01 1.919592499732971191e+00 1.389732480049133301e+00 9.772866368293762207e-01 -2.868375182151794434e-01 -1.153239727020263672e+00 -8.422893285751342773e-01
-1.228211402893066406e+00 1.609772205352783203e+00 1.741811275482177734e+00 -1.156047344207763672e+00 1.215201497077941895e+00 -1.358076810836791992e+00 -5.744360685348510742e-01 -1.320359587669372559e+00 1.335393428802490234e+00 -8.512273430824279785e-01 -8.796987533569335938e-01 -2.834592461585998535e-01 -3.826840519905090332e-01 3.302215039730072021e-01 1.888402104377746582e+00 1.343702673912048340e+00 1.027344465255737305e+00 -3.967730402946472168e-01 -1.009088754653930664e+00 -8.795474767684936523e-01
-1.264486432075500488e+00 1.626760363578796387e+00 1.646322607994079590e+00 -1.297425746917724609e+00 1.237529158592224121e+00 -1.401652574539184570e+00 -4.975847005844116211e-01 -1.450951099395751953e+00 1.382809996604919434e+00 -8.705268502235412598e-01 -8.476330041885375977e-01 -2.547789514064788818e-01 -3.354661762714385986e-01 4.805515706539154053e-01 1.865709543228149414e+00 1.306705951690673828e+00 1.115349769592285156e+00 -4.736969470977783203e-01 -9.333595633506774902e-01 -8.749846220016479492e-01
-1.292149782180786133e+00 1.633019208908081055e+00 1.581933379173278809e+00 -1.436172485351562500e+00 1.275676488876342773e+00 -1.418138742446899414e+00 -4.564563035964965820e-01 -1.571406602859497070e+00 1.423393011093139648e+00 -8.705157041549682617e-01 -8.267068862915039062e-01 -2.599258124828338623e-01 -3.216566145420074463e-01 5.924206376075744629e-01 1.857046008110046387e+00 1.278677105903625488e+00 1.228832721710205078e+00 -5.201486945152282715e-01 -9.061024785041809082e-01 -8.689350485801696777e-01
