-1.103570580482482910e+00 1.703398346900939941e+00 1.340570330619812012e+00 -1.729947686195373535e+00 1.936378121376037598e+00 -1.209434390068054199e+00 -6.378195881843566895e-01 -1.629008054733276367e+00 2.017535686492919922e+00 -1.121777415275573730e+00 -7.776747345924377441e-01 -2.739942669868469238e-01 -2.228315174579620361e-01 8.117452859878540039e-01 1.764427661895751953e+00 1.272364377975463867e+00 1.745909094810485840e+00 -4.566421806812286377e-01 -7.734521031379699707e-01 -8.245118856430053711e-01
-1.125158190727233887e+00 1.735816478729248047e+00 1.342074155807495117e+00 -1.798175692558288574e+00 1.917101502418518066e+00 -1.196409940719604492e+00 -6.913006901741027832e-01 -1.630018949508666992e+00 2.042307376861572266e+00 -1.127831816673278809e+00 -7.491297125816345215e-01 -2.824773192405700684e-01 -2.565774321556091309e-01 8.317794799804687500e-01 1.768496751785278320e+00 1.300761222839355469e+00 1.790062785148620605e+00 -4.415170848369598389e-01 -8.034622073173522949e-01 -8.104068040847778320e-01
-1.122741103172302246e+00 1.755032777786254883e+00 1.338599443435668945e+00 -1.846302032470703125e+00 1.892710447311401367e+00 -1.182073950767517090e+00 -7.358809113502502441e-01 -1.630650520324707031e+00 2.058170318603515625e+00 -1.103608250617980957e+00 -7.193865776062011719e-01 -3.126892447471618652e-01 -2.927621006965637207e-01 8.310543298721313477e-01 1.761952757835388184e+00 1.311393857002258301e+00 1.835428833961486816e+00 -4.255528151988983154e-01 -8.363936543464660645e-01 -7.949526906013488770e-01
-1.102360010147094727e+00 1.763218402862548828e+00 1.322239398956298828e+00 -1.883825421333312988e+00 1.860836863517761230e+00 -1.161315083503723145e+00 -7.823653817176818848e-01 -1.623418807983398438e+00 2.059932231903076172e+00 -1.060284972190856934e+00 -6.793898344039916992e-01 -3.479477465152740479e-01 -3.301652669906616211e-01 8.240569233894348145e-01 1.739685893058776855e+00 1.307245492935180664e+00 1.875946402549743652e+00 -4.087928533554077148e-01 -8.654181361198425293e-01 -7.726200222969055176e-01
-1.062660932540893555e+00 1.766140460968017578e+00 1.291147351264953613e+00 -1.914039134979248047e+00 1.821833968162536621e+00 -1.134758234024047852e+00 -8.403688073158264160e-01 -1.610271453857421875e+00 2.047674894332885742e+00 -9.927573204040527344e-01 -6.251217722892761230e-01 -3.912461400032043457e-01 -3.713572621345520020e-01 8.127905130386352539e-01 1.699068784713745117e+00 1.286562919616699219e+00 1.915907263755798340e+00 -3.926265537738800049e-01 -8.931421041488647461e-01 -7.403274774551391602e-01
-1.010582447052001953e+00 1.794009327888488770e+00 1.249318599700927734e+00 -1.926589250564575195e+00 1.779729604721069336e+00 -1.108247280120849609e+00 -9.233080148696899414e-01 -1.603907585144042969e+00 2.039588212966918945e+00 -9.020470380783081055e-01 -5.744647979736328125e-01 -4.642943441867828369e-01 -4.271515011787414551e-01 7.672200202941894531e-01 1.661427497863769531e+00 1.255837440490722656e+00 1.964910984039306641e+00 -3.772070109844207764e-01 -9.384038448333740234e-01 -7.009777426719665527e-01
-9.410040974617004395e-01 1.817009091377258301e+00 1.198849797248840332e+00 -1.904754638671875000e+00 1.719062447547912598e+00 -1.076462984085083008e+00 -1.050351738929748535e+00 -1.588839292526245117e+00 1.998472809791564941e+00 -7.515271902084350586e-01 -5.144766569137573242e-01 -5.740611553192138672e-01 -5.019897222518920898e-01 6.858699321746826172e-01 1.615623831748962402e+00 1.215985536575317383e+00 2.018556594848632812e+00 -3.486818671226501465e-01 -1.006491780281066895e+00 -6.427173614501953125e-01
-8.526349663734436035e-01 1.799185514450073242e+00 1.157642841339111328e+00 -1.803698778152465820e+00 1.606790781021118164e+00 -1.034335017204284668e+00 -1.237875223159790039e+00 -1.569244623184204102e+00 1.895207762718200684e+00 -4.976688325405120850e-01 -4.808851480484008789e-01 -7.769113779067993164e-01 -5.983787178993225098e-01 5.424459576606750488e-01 1.524876356124877930e+00 1.122903943061828613e+00 2.073806762695312500e+00 -2.840397953987121582e-01 -1.142372727394104004e+00 -5.167673230171203613e-01
-7.172151803970336914e-01 1.673782944679260254e+00 1.230173945426940918e+00 -1.566166877746582031e+00 1.526924610137939453e+00 -1.044592499732971191e+00 -1.389091253280639648e+00 -1.509707927703857422e+00 1.812817215919494629e+00 -2.272256612777709961e-01 -4.964499473571777344e-01 -1.069121360778808594e+00 -6.152487397193908691e-01 2.917964756488800049e-01 1.525421738624572754e+00 1.002697706222534180e+00 2.104349851608276367e+00 -2.267529219388961792e-01 -1.301681518554687500e+00 -2.803664207458496094e-01
-6.093643903732299805e-01 1.551631689071655273e+00 1.406764388084411621e+00 -1.327138185501098633e+00 1.515581607818603516e+00 -1.107470750808715820e+00 -1.456276059150695801e+00 -1.458075046539306641e+00 1.733472228050231934e+00 -2.155710011720657349e-02 -5.413346886634826660e-01 -1.322347760200500488e+00 -5.807410478591918945e-01 2.103557437658309937e-02 1.596920847892761230e+00 8.863492608070373535e-01 2.044482469558715820e+00 -2.195065915584564209e-01 -1.454169511795043945e+00 -6.903339922428131104e-02
-6.132605671882629395e-01 1.409159421920776367e+00 1.611428618431091309e+00 -1.146764636039733887e+00 1.532406330108642578e+00 -1.183885812759399414e+00 -1.422491788864135742e+00 -1.471155881881713867e+00 1.671650767326354980e+00 7.828327268362045288e-02 -6.357883214950561523e-01 -1.486801743507385254e+00 -5.126396417617797852e-01 -1.795040518045425415e-01 1.710125207901000977e+00 8.239390254020690918e-01 1.925271034240722656e+00 -2.298409640789031982e-01 -1.551029920578002930e+00 8.490601927042007446e-02
-6.615024209022521973e-01 1.265448808670043945e+00 1.753438472747802734e+00 -9.882187843322753906e-01 1.563986659049987793e+00 -1.200633049011230469e+00 -1.345338821411132812e+00 -1.453166246414184570e+00 1.600310444831848145e+00 7.184500247240066528e-02 -7.365719079971313477e-01 -1.536846399307250977e+00 -4.401815235614776611e-01 -2.736713886260986328e-01 1.757055521011352539e+00 7.646453976631164551e-01 1.768138051033020020e+00 -2.124307602643966675e-01 -1.563287496566772461e+00 2.129225730895996094e-01
-7.227725982666015625e-01 1.146335005760192871e+00 1.882046699523925781e+00 -8.251510858535766602e-01 1.627808570861816406e+00 -1.218971610069274902e+00 -1.240868330001831055e+00 -1.438041925430297852e+00 1.526661515235900879e+00 1.558083295822143555e-02 -8.239808082580566406e-01 -1.523242473602294922e+00 -3.902410566806793213e-01 -3.181462287902832031e-01 1.761248826980590820e+00 7.571358084678649902e-01 1.618809342384338379e+00 -1.791255325078964233e-01 -1.557848691940307617e+00 2.339415550231933594e-01
-8.299953341484069824e-01 1.084391713142395020e+00 1.976003766059875488e+00 -6.798350214958190918e-01 1.716563224792480469e+00 -1.209589242935180664e+00 -1.098091721534729004e+00 -1.427243471145629883e+00 1.479708552360534668e+00 -1.072996631264686584e-01 -9.312584996223449707e-01 -1.469384193420410156e+00 -3.274984955787658691e-01 -3.660908341407775879e-01 1.819916367530822754e+00 8.080918788909912109e-01 1.462075471878051758e+00 -1.743230074644088745e-01 -1.515656590461730957e+00 1.613993942737579346e-01
-9.345605373382568359e-01 9.590332508087158203e-01 2.034312486648559570e+00 -5.250337123870849609e-01 1.818402767181396484e+00 -1.173881769180297852e+00 -8.576568365097045898e-01 -1.387210845947265625e+00 1.469865202903747559e+00 -3.161576688289642334e-01 -1.107794523239135742e+00 -1.346424460411071777e+00 -2.381111383438110352e-01 -3.870844244956970215e-01 1.944092750549316406e+00 8.894156217575073242e-01 1.295064687728881836e+00 -1.610393971204757690e-01 -1.401351690292358398e+00 3.684663400053977966e-02
-1.047537684440612793e+00 8.977987766265869141e-01 2.061185836791992188e+00 -4.447511434555053711e-01 1.852077960968017578e+00 -1.188521504402160645e+00 -7.015452384948730469e-01 -1.366167545318603516e+00 1.508021235466003418e+00 -5.179237127304077148e-01 -1.197193741798400879e+00 -1.202038407325744629e+00 -1.919097304344177246e-01 -3.415870666503906250e-01 2.093600273132324219e+00 1.019433259963989258e+00 1.199864506721496582e+00 -1.693225204944610596e-01 -1.288802504539489746e+00 -7.678884267807006836e-02
-1.118640542030334473e+00 8.798850774765014648e-01 2.080776929855346680e+00 -4.702134728431701660e-01 1.845456004142761230e+00 -1.205010652542114258e+00 -5.409771203994750977e-01 -1.382256984710693359e+00 1.581337332725524902e+00 -6.603968739509582520e-01 -1.239987969398498535e+00 -1.101399183273315430e+00 -1.872553974390029907e-01 -3.020712733268737793e-01 2.203950166702270508e+00 1.137145400047302246e+00 1.172661781311035156e+00 -1.703530102968215942e-01 -1.227725625038146973e+00 -2.112069427967071533e-01
-1.176181674003601074e+00 8.673389554023742676e-01 2.094627141952514648e+00 -5.214975476264953613e-01 1.834912657737731934e+00 -1.194992542266845703e+00 -4.378224015235900879e-01 -1.403234481811523438e+00 1.638508796691894531e+00 -7.525928616523742676e-01 -1.268067121505737305e+00 -1.055053710937500000e+00 -2.109305709600448608e-01 -2.780229449272155762e-01 2.275660991668701172e+00 1.240243315696716309e+00 1.195753335952758789e+00 -1.519260704517364502e-01 -1.216373801231384277e+00 -3.054414987564086914e-01
-1.203701972961425781e+00 8.404150605201721191e-01 2.117113351821899414e+00 -5.571123957633972168e-01 1.822715997695922852e+00 -1.170392632484436035e+00 -3.747830986976623535e-01 -1.408068418502807617e+00 1.669005990028381348e+00 -7.957264780998229980e-01 -1.288866043090820312e+00 -1.051830053329467773e+00 -2.463266551494598389e-01 -2.780815958976745605e-01 2.316718339920043945e+00 1.306216716766357422e+00 1.229648232460021973e+00 -1.148453652858734131e-01 -1.234480023384094238e+00 -3.609978258609771729e-01
-1.212685346603393555e+00 8.134807944297790527e-01 2.158764600753784180e+00 -5.806680321693420410e-01 1.821951031684875488e+00 -1.148053526878356934e+00 -3.439060449600219727e-01 -1.413670778274536133e+00 1.683487534523010254e+00 -8.001133799552917480e-01 -1.311934351921081543e+00 -1.087056756019592285e+00 -2.900401353836059570e-01 -2.950739860534667969e-01 2.343339681625366211e+00 1.341064214706420898e+00 1.273823142051696777e+00 -7.348605990409851074e-02 -1.281723976135253906e+00 -3.883076608180999756e-01
-1.208211898803710938e+00 8.046140670776367188e-01 2.219660043716430664e+00 -6.048886775970458984e-01 1.835258960723876953e+00 -1.136292219161987305e+00 -3.471372723579406738e-01 -1.426923513412475586e+00 1.683966398239135742e+00 -7.726014852523803711e-01 -1.335594654083251953e+00 -1.146230459213256836e+00 -3.381681144237518311e-01 -3.187078237533569336e-01 2.360673427581787109e+00 1.351211667060852051e+00 1.324383735656738281e+00 -4.074793308973312378e-02 -1.354652881622314453e+00 -3.997125625610351562e-01
-1.169738054275512695e+00 7.936056256294250488e-01 2.277724027633666992e+00 -6.363956332206726074e-01 1.833997011184692383e+00 -1.119470715522766113e+00 -3.678239583969116211e-01 -1.419213771820068359e+00 1.670150756835937500e+00 -7.142807841300964355e-01 -1.349552035331726074e+00 -1.211606502532958984e+00 -3.983022868633270264e-01 -3.457299470901489258e-01 2.342536449432373047e+00 1.329561471939086914e+00 1.375237107276916504e+00 4.512336105108261108e-03 -1.435982704162597656e+00 -3.999583125114440918e-01
-1.093279600143432617e+00 7.915989160537719727e-01 2.313021898269653320e+00 -7.127651572227478027e-01 1.802234292030334473e+00 -1.101065278053283691e+00 -3.988788723945617676e-01 -1.423369169235229492e+00 1.647737979888916016e+00 -5.996725559234619141e-01 -1.363832473754882812e+00 -1.300668835639953613e+00 -4.945282638072967529e-01 -3.642543554306030273e-01 2.283635616302490234e+00 1.261410593986511230e+00 1.465043187141418457e+00 5.586003139615058899e-02 -1.538112163543701172e+00 -3.913908004760742188e-01
-1.005298256874084473e+00 8.177413344383239746e-01 2.290731668472290039e+00 -8.247949481010437012e-01 1.711633682250976562e+00 -1.075421333312988281e+00 -4.551808834075927734e-01 -1.423480272293090820e+00 1.577677607536315918e+00 -4.467240273952484131e-01 -1.347954988479614258e+00 -1.367048621177673340e+00 -6.106247305870056152e-01 -3.505111336708068848e-01 2.170382738113403320e+00 1.156087875366210938e+00 1.555856823921203613e+00 8.860614895820617676e-02 -1.634268283843994141e+00 -3.809767067432403564e-01
-9.120218157768249512e-01 8.726297020912170410e-01 2.199811220169067383e+00 -9.657026529312133789e-01 1.577643156051635742e+00 -1.043925762176513672e+00 -5.244269371032714844e-01 -1.404818534851074219e+00 1.474058389663696289e+00 -2.903514802455902100e-01 -1.284523248672485352e+00 -1.378956913948059082e+00 -7.016134262084960938e-01 -2.922530770301818848e-01 2.028962135314941406e+00 1.041447877883911133e+00 1.625813126564025879e+00 8.801217377185821533e-02 -1.682531595230102539e+00 -3.790074288845062256e-01
-8.273195028305053711e-01 9.825567007064819336e-01 2.060730457305908203e+00 -1.129609704017639160e+00 1.458598017692565918e+00 -1.046180129051208496e+00 -6.081389784812927246e-01 -1.396825075149536133e+00 1.385264158248901367e+00 -1.684529036283493042e-01 -1.178902268409729004e+00 -1.318970918655395508e+00 -7.294678092002868652e-01 -1.796477288007736206e-01 1.917363047599792480e+00 9.750970602035522461e-01 1.688877463340759277e+00 2.758892998099327087e-02 -1.662519216537475586e+00 -4.356828331947326660e-01
-7.624196410179138184e-01 1.135599255561828613e+00 1.856446504592895508e+00 -1.311769247055053711e+00 1.303502440452575684e+00 -1.028041958808898926e+00 -6.899905800819396973e-01 -1.403871297836303711e+00 1.295320153236389160e+00 -7.633107155561447144e-02 -1.025906682014465332e+00 -1.210163354873657227e+00 -7.232877612113952637e-01 -6.744956970214843750e-02 1.802117466926574707e+00 9.347017407417297363e-01 1.715466618537902832e+00 -6.740967929363250732e-02 -1.598255276679992676e+00 -5.212761163711547852e-01
-6.905215382575988770e-01 1.424593448638916016e+00 1.593741774559020996e+00 -1.531411409378051758e+00 1.161888241767883301e+00 -1.041983723640441895e+00 -7.859719991683959961e-01 -1.418288707733154297e+00 1.339733004570007324e+00 -7.763934135437011719e-02 -8.187755942344665527e-01 -1.018708586692810059e+00 -6.970616579055786133e-01 2.577557414770126343e-02 1.700060725212097168e+00 9.297180175781250000e-01 1.704996347427368164e+00 -2.113132327795028687e-01 -1.469472050666809082e+00 -6.575634479522705078e-01
-6.966014504432678223e-01 1.747588038444519043e+00 1.378532767295837402e+00 -1.763981461524963379e+00 1.148609042167663574e+00 -1.093527317047119141e+00 -9.207177162170410156e-01 -1.423696517944335938e+00 1.518161416053771973e+00 -2.038959860801696777e-01 -5.875719189643859863e-01 -7.908461689949035645e-01 -6.692178249359130859e-01 1.883873939514160156e-01 1.587547898292541504e+00 9.845272302627563477e-01 1.732811093330383301e+00 -3.478943407535552979e-01 -1.314927101135253906e+00 -7.883248329162597656e-01
-7.568192481994628906e-01 1.880683422088623047e+00 1.283568620681762695e+00 -1.840671062469482422e+00 1.265697717666625977e+00 -1.095328092575073242e+00 -9.843575954437255859e-01 -1.430399656295776367e+00 1.656709909439086914e+00 -3.865754604339599609e-01 -4.761765599250793457e-01 -6.237332820892333984e-01 -6.084801554679870605e-01 2.895623445510864258e-01 1.548452854156494141e+00 1.038588404655456543e+00 1.687441706657409668e+00 -3.998122215270996094e-01 -1.166091203689575195e+00 -7.987089753150939941e-01
-7.656700611114501953e-01 1.884705066680908203e+00 1.221596956253051758e+00 -1.790983915328979492e+00 1.359332919120788574e+00 -1.068504571914672852e+00 -9.976957440376281738e-01 -1.391753673553466797e+00 1.731075525283813477e+00 -5.066961050033569336e-01 -4.060676097869873047e-01 -5.245663523674011230e-01 -5.455124974250793457e-01 3.037230968475341797e-01 1.501320719718933105e+00 1.067612290382385254e+00 1.609445691108703613e+00 -4.152510166168212891e-01 -1.050628542900085449e+00 -7.754563689231872559e-01
-7.703472971916198730e-01 1.836588978767395020e+00 1.219883203506469727e+00 -1.695390105247497559e+00 1.454915165901184082e+00 -1.049416780471801758e+00 -1.001513957977294922e+00 -1.354567289352416992e+00 1.817963123321533203e+00 -5.948788523674011230e-01 -3.901383280754089355e-01 -5.081324577331542969e-01 -5.105453729629516602e-01 2.971187233924865723e-01 1.498917341232299805e+00 1.101844310760498047e+00 1.595234632492065430e+00 -4.055810868740081787e-01 -9.992178082466125488e-01 -7.348141670227050781e-01
-7.573910355567932129e-01 1.768514871597290039e+00 1.231814861297607422e+00 -1.607947349548339844e+00 1.545010328292846680e+00 -1.023628234863281250e+00 -1.036346793174743652e+00 -1.315121412277221680e+00 1.888128876686096191e+00 -6.322217583656311035e-01 -3.861353993415832520e-01 -5.345474481582641602e-01 -4.956127107143402100e-01 2.798351645469665527e-01 1.503268361091613770e+00 1.133850336074829102e+00 1.619676351547241211e+00 -3.690914213657379150e-01 -9.918347001075744629e-01 -6.775524020195007324e-01
-7.377620935440063477e-01 1.692656278610229492e+00 1.235282182693481445e+00 -1.530916690826416016e+00 1.629316329956054688e+00 -9.883450865745544434e-01 -1.093483686447143555e+00 -1.284193038940429688e+00 1.932405114173889160e+00 -6.315285563468933105e-01 -3.872778415679931641e-01 -5.921763181686401367e-01 -4.995382130146026611e-01 2.575963735580444336e-01 1.509857892990112305e+00 1.157755374908447266e+00 1.670724987983703613e+00 -3.192042708396911621e-01 -1.005033850669860840e+00 -6.008582711219787598e-01
-7.165845036506652832e-01 1.604829072952270508e+00 1.228781938552856445e+00 -1.456925868988037109e+00 1.719138979911804199e+00 -9.415137767791748047e-01 -1.180450439453125000e+00 -1.261946201324462891e+00 1.949547052383422852e+00 -5.964385867118835449e-01 -3.890964984893798828e-01 -6.761028170585632324e-01 -5.173342823982238770e-01 2.392667531967163086e-01 1.520281076431274414e+00 1.180300831794738770e+00 1.746423125267028809e+00 -2.570946812629699707e-01 -1.031083464622497559e+00 -5.010217428207397461e-01
-6.990815401077270508e-01 1.520535588264465332e+00 1.232517719268798828e+00 -1.401581883430480957e+00 1.826031923294067383e+00 -9.019535779953002930e-01 -1.304090142250061035e+00 -1.269032001495361328e+00 1.953940272331237793e+00 -5.232455134391784668e-01 -3.973765969276428223e-01 -7.856427431106567383e-01 -5.416791439056396484e-01 2.386968731880187988e-01 1.548520565032958984e+00 1.208464264869689941e+00 1.857027649879455566e+00 -1.990024447441101074e-01 -1.085282683372497559e+00 -3.920250833034515381e-01
-6.933009624481201172e-01 1.444118857383728027e+00 1.253603100776672363e+00 -1.375312924385070801e+00 1.917760848999023438e+00 -9.096383452415466309e-01 -1.411767244338989258e+00 -1.322156667709350586e+00 1.953166127204895020e+00 -4.281629621982574463e-01 -4.238765835762023926e-01 -9.111123681068420410e-01 -5.544242858886718750e-01 2.719435691833496094e-01 1.609302759170532227e+00 1.226150751113891602e+00 1.994294881820678711e+00 -1.610200405120849609e-01 -1.156156897544860840e+00 -2.746594846248626709e-01
-6.957586407661437988e-01 1.361758589744567871e+00 1.259978771209716797e+00 -1.351680397987365723e+00 1.934626579284667969e+00 -9.218972921371459961e-01 -1.485705614089965820e+00 -1.368694543838500977e+00 1.891792416572570801e+00 -3.182747960090637207e-01 -4.481027722358703613e-01 -1.009487628936767578e+00 -5.599232912063598633e-01 3.237189054489135742e-01 1.649047017097473145e+00 1.215509414672851562e+00 2.089806318283081055e+00 -1.389847397804260254e-01 -1.214725255966186523e+00 -1.598831117153167725e-01
-7.410895228385925293e-01 1.309735894203186035e+00 1.278857588768005371e+00 -1.335486650466918945e+00 1.891443490982055664e+00 -9.315726757049560547e-01 -1.544958233833312988e+00 -1.407518625259399414e+00 1.789839506149291992e+00 -2.340404689311981201e-01 -4.823613166809082031e-01 -1.074600458145141602e+00 -5.687177777290344238e-01 3.682088851928710938e-01 1.691744804382324219e+00 1.195027470588684082e+00 2.129760980606079102e+00 -1.278733462095260620e-01 -1.264907836914062500e+00 -6.927746534347534180e-02
-7.984740138053894043e-01 1.286106348037719727e+00 1.307218194007873535e+00 -1.326237916946411133e+00 1.820393562316894531e+00 -9.487126469612121582e-01 -1.594334959983825684e+00 -1.429861783981323242e+00 1.684664964675903320e+00 -1.746654510498046875e-01 -5.076835751533508301e-01 -1.104734778404235840e+00 -5.714867711067199707e-01 4.055964350700378418e-01 1.724650025367736816e+00 1.157527446746826172e+00 2.118771314620971680e+00 -1.379027664661407471e-01 -1.299872040748596191e+00 5.180552601814270020e-03
-8.362360596656799316e-01 1.285354495048522949e+00 1.307063460350036621e+00 -1.318585038185119629e+00 1.733539938926696777e+00 -9.687780737876892090e-01 -1.625617742538452148e+00 -1.433823823928833008e+00 1.588797688484191895e+00 -1.293834447860717773e-01 -5.056796073913574219e-01 -1.097530603408813477e+00 -5.631811022758483887e-01 4.458851814270019531e-01 1.722128033638000488e+00 1.111593961715698242e+00 2.080915689468383789e+00 -1.664437204599380493e-01 -1.303573012351989746e+00 5.512489005923271179e-02
-8.629863858222961426e-01 1.316656231880187988e+00 1.294662356376647949e+00 -1.318129658699035645e+00 1.641233682632446289e+00 -1.000818848609924316e+00 -1.654276967048645020e+00 -1.429077386856079102e+00 1.512410044670104980e+00 -9.261862933635711670e-02 -4.806856513023376465e-01 -1.067981481552124023e+00 -5.545920133590698242e-01 4.896627664566040039e-01 1.703324556350708008e+00 1.067662596702575684e+00 2.036388874053955078e+00 -2.119131535291671753e-01 -1.293552875518798828e+00 8.411777019500732422e-02
-8.833652734756469727e-01 1.379408359527587891e+00 1.281838536262512207e+00 -1.320130348205566406e+00 1.546701788902282715e+00 -1.044126987457275391e+00 -1.686332225799560547e+00 -1.421448469161987305e+00 1.458171725273132324e+00 -6.106155738234519958e-02 -4.474151730537414551e-01 -1.031729936599731445e+00 -5.549598336219787598e-01 5.245475172996520996e-01 1.675378918647766113e+00 1.018715977668762207e+00 1.989226341247558594e+00 -2.639798521995544434e-01 -1.282731056213378906e+00 9.568335860967636108e-02
-9.222603440284729004e-01 1.505723714828491211e+00 1.289984226226806641e+00 -1.328016638755798340e+00 1.440691232681274414e+00 -1.106971263885498047e+00 -1.725871682167053223e+00 -1.434563398361206055e+00 1.430201768875122070e+00 -5.717514455318450928e-02 -4.170087575912475586e-01 -1.011600017547607422e+00 -5.681616663932800293e-01 5.218822360038757324e-01 1.663405299186706543e+00 9.677430391311645508e-01 1.936347484588623047e+00 -3.160878121852874756e-01 -1.278012990951538086e+00 8.897466212511062622e-02
-9.441157579421997070e-01 1.626367926597595215e+00 1.321153759956359863e+00 -1.295253276824951172e+00 1.333659529685974121e+00 -1.191182494163513184e+00 -1.736310124397277832e+00 -1.446651458740234375e+00 1.415352821350097656e+00 -5.439972132444381714e-02 -3.868139982223510742e-01 -1.001897573471069336e+00 -5.627402067184448242e-01 4.700780510902404785e-01 1.642153978347778320e+00 9.162277579307556152e-01 1.848370194435119629e+00 -3.781583905220031738e-01 -1.274836540222167969e+00 7.280242443084716797e-02
-9.433312416076660156e-01 1.717504143714904785e+00 1.372807145118713379e+00 -1.224544763565063477e+00 1.272759318351745605e+00 -1.259355783462524414e+00 -1.695476174354553223e+00 -1.447759628295898438e+00 1.424623012542724609e+00 -7.562868297100067139e-02 -3.950076699256896973e-01 -1.011611580848693848e+00 -5.373489856719970703e-01 3.646541237831115723e-01 1.620594382286071777e+00 8.776873350143432617e-01 1.742338657379150391e+00 -4.285497665405273438e-01 -1.283984303474426270e+00 5.527177080512046814e-02
-9.137565493583679199e-01 1.759910941123962402e+00 1.477511286735534668e+00 -1.143278479576110840e+00 1.242079973220825195e+00 -1.326231956481933594e+00 -1.623531937599182129e+00 -1.429953336715698242e+00 1.423307776451110840e+00 -9.324605762958526611e-02 -4.414551854133605957e-01 -1.007298707962036133e+00 -5.310054421424865723e-01 2.265863567590713501e-01 1.608199596405029297e+00 8.402130007743835449e-01 1.611142754554748535e+00 -4.451180696487426758e-01 -1.314975500106811523e+00 5.499042570590972900e-03
-8.993375897407531738e-01 1.751280188560485840e+00 1.600923538208007812e+00 -1.043724894523620605e+00 1.244069099426269531e+00 -1.378521323204040527e+00 -1.549368262290954590e+00 -1.414566993713378906e+00 1.409092664718627930e+00 -1.080747991800308228e-01 -5.264447331428527832e-01 -1.009469032287597656e+00 -5.288043022155761719e-01 8.324114978313446045e-02 1.633425831794738770e+00 8.280132412910461426e-01 1.477170228958129883e+00 -4.393012225627899170e-01 -1.361427426338195801e+00 -3.509679436683654785e-02
-9.010917544364929199e-01 1.710874676704406738e+00 1.717537760734558105e+00 -9.453729987144470215e-01 1.300348997116088867e+00 -1.411362290382385254e+00 -1.508540987968444824e+00 -1.416967153549194336e+00 1.414316654205322266e+00 -1.101063936948776245e-01 -6.204079985618591309e-01 -1.042373538017272949e+00 -5.123033523559570312e-01 -2.888306230306625366e-02 1.681526184082031250e+00 8.345523476600646973e-01 1.394171833992004395e+00 -4.193410277366638184e-01 -1.415246367454528809e+00 -4.785816371440887451e-02
-8.984217643737792969e-01 1.636967539787292480e+00 1.810036659240722656e+00 -8.535493016242980957e-01 1.367285728454589844e+00 -1.421905994415283203e+00 -1.485833168029785156e+00 -1.415026187896728516e+00 1.408872246742248535e+00 -9.095531702041625977e-02 -6.964520812034606934e-01 -1.084704041481018066e+00 -4.871929585933685303e-01 -1.023882180452346802e-01 1.718064665794372559e+00 8.448269367218017578e-01 1.345544815063476562e+00 -3.931046724319458008e-01 -1.464214801788330078e+00 -3.879427164793014526e-02
-8.899267911911010742e-01 1.554870963096618652e+00 1.891949772834777832e+00 -7.826016545295715332e-01 1.438537836074829102e+00 -1.436067342758178711e+00 -1.458749055862426758e+00 -1.412799358367919922e+00 1.415822267532348633e+00 -7.228522747755050659e-02 -7.589598298072814941e-01 -1.112588644027709961e+00 -4.619426429271697998e-01 -1.347741484642028809e-01 1.737448811531066895e+00 8.543877005577087402e-01 1.312679886817932129e+00 -3.658245801925659180e-01 -1.498897910118103027e+00 -2.657506987452507019e-02
-8.921888470649719238e-01 1.472347378730773926e+00 1.983977675437927246e+00 -7.186279892921447754e-01 1.548407673835754395e+00 -1.455848217010498047e+00 -1.417355895042419434e+00 -1.428663492202758789e+00 1.448151469230651855e+00 -7.381501793861389160e-02 -8.381313681602478027e-01 -1.156538367271423340e+00 -4.343806803226470947e-01 -1.474100202322006226e-01 1.778146147727966309e+00 8.834114670753479004e-01 1.320573091506958008e+00 -3.299676179885864258e-01 -1.524708509445190430e+00 -2.512621134519577026e-02
-9.013578295707702637e-01 1.393611788749694824e+00 2.043122291564941406e+00 -6.609162092208862305e-01 1.647206187248229980e+00 -1.467871785163879395e+00 -1.375019311904907227e+00 -1.442251682281494141e+00 1.463287591934204102e+00 -7.797215878963470459e-02 -8.978238105773925781e-01 -1.180763006210327148e+00 -3.944349884986877441e-01 -1.438141018152236938e-01 1.816590666770935059e+00 9.175863265991210938e-01 1.319098591804504395e+00 -3.082561194896697998e-01 -1.523319363594055176e+00 -2.861640974879264832e-02
-9.051554799079895020e-01 1.308947682380676270e+00 2.063955307006835938e+00 -5.921539664268493652e-01 1.724841117858886719e+00 -1.463381886482238770e+00 -1.318675041198730469e+00 -1.433782339096069336e+00 1.456029057502746582e+00 -9.574895352125167847e-02 -9.321929216384887695e-01 -1.166589498519897461e+00 -3.372279703617095947e-01 -1.359671205282211304e-01 1.836301684379577637e+00 9.493556022644042969e-01 1.281327366828918457e+00 -2.951665520668029785e-01 -1.484389424324035645e+00 -3.697008639574050903e-02
-9.227995872497558594e-01 1.197906613349914551e+00 2.075683116912841797e+00 -5.283859968185424805e-01 1.805609703063964844e+00 -1.469037294387817383e+00 -1.225612878799438477e+00 -1.430070877075195312e+00 1.454474449157714844e+00 -1.515654474496841431e-01 -9.577856659889221191e-01 -1.102176308631896973e+00 -2.274595499038696289e-01 -1.270184218883514404e-01 1.889494538307189941e+00 1.003681659698486328e+00 1.201146245002746582e+00 -3.066271841526031494e-01 -1.396305799484252930e+00 -6.068263947963714600e-02
-9.552407860755920410e-01 1.084625482559204102e+00 2.047640085220336914e+00 -4.527930319309234619e-01 1.876230716705322266e+00 -1.459936141967773438e+00 -1.093310117721557617e+00 -1.400929927825927734e+00 1.456318497657775879e+00 -2.782004177570343018e-01 -9.772892594337463379e-01 -9.725120067596435547e-01 -8.646900951862335205e-02 -9.509189426898956299e-02 1.952787995338439941e+00 1.065160155296325684e+00 1.082297801971435547e+00 -3.257997930049896240e-01 -1.242776632308959961e+00 -9.819652885198593140e-02
-9.689792990684509277e-01 9.852781891822814941e-01 1.949148416519165039e+00 -4.139316678047180176e-01 1.929807186126708984e+00 -1.408576369285583496e+00 -9.342185258865356445e-01 -1.332011461257934570e+00 1.457906723022460938e+00 -4.595127701759338379e-01 -9.759621024131774902e-01 -7.767111659049987793e-01 8.253628015518188477e-02 -4.133932292461395264e-02 2.010480403900146484e+00 1.149047970771789551e+00 9.473428726196289062e-01 -3.586405217647552490e-01 -1.037612438201904297e+00 -1.569124758243560791e-01
-9.643523097038269043e-01 9.457761645317077637e-01 1.808845162391662598e+00 -4.947022795677185059e-01 1.921080946922302246e+00 -1.373752713203430176e+00 -7.450807690620422363e-01 -1.307172298431396484e+00 1.500624060630798340e+00 -6.326681375503540039e-01 -9.625820517539978027e-01 -6.019935011863708496e-01 1.962626874446868896e-01 2.133447676897048950e-02 2.043946266174316406e+00 1.211069941520690918e+00 8.962922096252441406e-01 -3.953381776809692383e-01 -8.652479052543640137e-01 -2.368050813674926758e-01
-9.434725046157836914e-01 9.976856112480163574e-01 1.668253421783447266e+00 -6.341574192047119141e-01 1.867021083831787109e+00 -1.349586486816406250e+00 -6.069969534873962402e-01 -1.277433395385742188e+00 1.575088620185852051e+00 -7.924830913543701172e-01 -9.147170186042785645e-01 -4.347559809684753418e-01 2.398991584777832031e-01 9.709653258323669434e-02 2.021171808242797852e+00 1.225196719169616699e+00 8.780715465545654297e-01 -4.265269935131072998e-01 -7.210035324096679688e-01 -3.257530927658081055e-01
-9.302582144737243652e-01 1.130667328834533691e+00 1.587179780006408691e+00 -7.862015962600708008e-01 1.865985989570617676e+00 -1.338825225830078125e+00 -5.531049966812133789e-01 -1.287636518478393555e+00 1.720562696456909180e+00 -9.216700196266174316e-01 -8.654538989067077637e-01 -3.473424017429351807e-01 2.329925149679183960e-01 1.700024753808975220e-01 1.986969947814941406e+00 1.223309636116027832e+00 9.444948434829711914e-01 -4.545955359935760498e-01 -6.581367254257202148e-01 -4.120292663574218750e-01
-9.096781015396118164e-01 1.261488437652587891e+00 1.538842558860778809e+00 -9.054138660430908203e-01 1.868988037109375000e+00 -1.330696702003479004e+00 -5.457762479782104492e-01 -1.298970222473144531e+00 1.833471536636352539e+00 -1.008523344993591309e+00 -8.183477520942687988e-01 -2.952964901924133301e-01 1.963299810886383057e-01 2.243564426898956299e-01 1.935934782028198242e+00 1.200251579284667969e+00 1.012546300888061523e+00 -4.691525399684906006e-01 -6.360509395599365234e-01 -4.775526821613311768e-01
-8.872401714324951172e-01 1.374415755271911621e+00 1.519389510154724121e+00 -9.884251356124877930e-01 1.875858426094055176e+00 -1.327568888664245605e+00 -5.747956037521362305e-01 -1.314524412155151367e+00 1.912109971046447754e+00 -1.050950169563293457e+00 -7.850106954574584961e-01 -2.743880450725555420e-01 1.469352096319198608e-01 2.554148435592651367e-01 1.884610772132873535e+00 1.153868794441223145e+00 1.065066099166870117e+00 -4.710760414600372314e-01 -6.423558592796325684e-01 -5.144720673561096191e-01
-8.787515759468078613e-01 1.462429523468017578e+00 1.538460969924926758e+00 -1.028450131416320801e+00 1.886556982994079590e+00 -1.340917348861694336e+00 -6.318552494049072266e-01 -1.333914041519165039e+00 1.954388737678527832e+00 -1.048168778419494629e+00 -7.733007669448852539e-01 -2.824110984802246094e-01 8.908276259899139404e-02 2.715393304824829102e-01 1.853106975555419922e+00 1.102440953254699707e+00 1.098635196685791016e+00 -4.703017473220825195e-01 -6.763216853141784668e-01 -5.185796618461608887e-01
-8.709325194358825684e-01 1.496571540832519531e+00 1.576734423637390137e+00 -1.021919012069702148e+00 1.873826861381530762e+00 -1.349913239479064941e+00 -6.979231834411621094e-01 -1.334867715835571289e+00 1.924828529357910156e+00 -1.001162648200988770e+00 -7.685755491256713867e-01 -2.932850122451782227e-01 2.228338271379470825e-02 2.818132638931274414e-01 1.813819050788879395e+00 1.030589342117309570e+00 1.089683532714843750e+00 -4.588347673416137695e-01 -7.197933197021484375e-01 -4.921756088733673096e-01
-8.582873344421386719e-01 1.457063794136047363e+00 1.613467454910278320e+00 -9.638561606407165527e-01 1.820550560951232910e+00 -1.344702601432800293e+00 -7.613360881805419922e-01 -1.320628881454467773e+00 1.811919450759887695e+00 -8.922844529151916504e-01 -7.872785925865173340e-01 -3.269161581993103027e-01 -6.013389304280281067e-02 2.879050076007843018e-01 1.765437722206115723e+00 9.277804493904113770e-01 1.052489519119262695e+00 -4.328786432743072510e-01 -7.757334113121032715e-01 -4.211184382438659668e-01
-8.664687871932983398e-01 1.372879981994628906e+00 1.672589182853698730e+00 -8.909143805503845215e-01 1.727666139602661133e+00 -1.348487377166748047e+00 -8.327676653861999512e-01 -1.333857297897338867e+00 1.654242277145385742e+00 -7.152544260025024414e-01 -8.409916758537292480e-01 -4.278579950332641602e-01 -1.657713502645492554e-01 2.887157201766967773e-01 1.703166365623474121e+00 8.263071775436401367e-01 1.049993634223937988e+00 -3.942375779151916504e-01 -8.960781097412109375e-01 -3.345523774623870850e-01
-8.982869386672973633e-01 1.240061759948730469e+00 1.743485093116760254e+00 -8.089336156845092773e-01 1.610824584960937500e+00 -1.337041616439819336e+00 -8.950049877166748047e-01 -1.362544775009155273e+00 1.465209722518920898e+00 -5.142423510551452637e-01 -9.136399030685424805e-01 -5.763797760009765625e-01 -2.559239864349365234e-01 2.636941671371459961e-01 1.663291096687316895e+00 7.469101548194885254e-01 1.055281400680541992e+00 -3.328531086444854736e-01 -1.039579629898071289e+00 -2.248250842094421387e-01
-9.347270727157592773e-01 1.110572338104248047e+00 1.816911220550537109e+00 -7.341589927673339844e-01 1.521594524383544922e+00 -1.331676244735717773e+00 -9.365560412406921387e-01 -1.387425422668457031e+00 1.309349298477172852e+00 -3.583205342292785645e-01 -9.804334640502929688e-01 -7.122886776924133301e-01 -3.067371249198913574e-01 2.140331417322158813e-01 1.667488336563110352e+00 7.322237491607666016e-01 1.052751183509826660e+00 -2.828841209411621094e-01 -1.161700725555419922e+00 -1.403530538082122803e-01
-9.824595451354980469e-01 1.030462145805358887e+00 1.909446835517883301e+00 -6.748500466346740723e-01 1.507466554641723633e+00 -1.341440558433532715e+00 -9.313046336174011230e-01 -1.419374465942382812e+00 1.269895076751708984e+00 -2.995763719081878662e-01 -1.056549549102783203e+00 -8.320147991180419922e-01 -3.211003839969635010e-01 1.494714468717575073e-01 1.722320079803466797e+00 7.805749773979187012e-01 1.071940660476684570e+00 -2.379055768251419067e-01 -1.254047870635986328e+00 -1.161476299166679382e-01
-1.041689395904541016e+00 9.838279485702514648e-01 2.005059480667114258e+00 -6.260506510734558105e-01 1.537809491157531738e+00 -1.354728102684020996e+00 -8.704560399055480957e-01 -1.446562290191650391e+00 1.307679653167724609e+00 -3.166302740573883057e-01 -1.131502985954284668e+00 -9.185554981231689453e-01 -3.125041723251342773e-01 7.872263342142105103e-02 1.816252112388610840e+00 8.768821358680725098e-01 1.096736788749694824e+00 -2.091131955385208130e-01 -1.312494277954101562e+00 -1.517949104309082031e-01
-1.104452013969421387e+00 9.330119490623474121e-01 2.060960769653320312e+00 -5.815864205360412598e-01 1.569478392601013184e+00 -1.343008756637573242e+00 -7.467834949493408203e-01 -1.455811738967895508e+00 1.361553192138671875e+00 -3.973098993301391602e-01 -1.194069862365722656e+00 -9.534736871719360352e-01 -2.815355956554412842e-01 2.892806008458137512e-02 1.893373489379882812e+00 9.689995050430297852e-01 1.097118377685546875e+00 -1.924575567245483398e-01 -1.312517166137695312e+00 -2.025008201599121094e-01
-1.151183962821960449e+00 8.766912221908569336e-01 2.052814722061157227e+00 -5.406640172004699707e-01 1.581025123596191406e+00 -1.293216705322265625e+00 -5.725700259208679199e-01 -1.437075376510620117e+00 1.407490253448486328e+00 -5.169331431388854980e-01 -1.232135176658630371e+00 -9.391977787017822266e-01 -2.366884648799896240e-01 -9.988978505134582520e-03 1.937126994132995605e+00 1.040353417396545410e+00 1.069333314895629883e+00 -1.866544485092163086e-01 -1.254177451133728027e+00 -2.655773460865020752e-01
-1.191366791725158691e+00 8.753331899642944336e-01 1.998043298721313477e+00 -5.403863191604614258e-01 1.552009105682373047e+00 -1.238830685615539551e+00 -4.437444210052490234e-01 -1.432267904281616211e+00 1.457254767417907715e+00 -6.382338404655456543e-01 -1.231184482574462891e+00 -9.121944308280944824e-01 -2.144250273704528809e-01 -3.780534118413925171e-02 1.979478716850280762e+00 1.094902515411376953e+00 1.064615130424499512e+00 -1.877255141735076904e-01 -1.186075568199157715e+00 -3.173054754734039307e-01
-1.219665288925170898e+00 8.916515111923217773e-01 1.907541155815124512e+00 -5.744683742523193359e-01 1.504445910453796387e+00 -1.162273645401000977e+00 -3.417395949363708496e-01 -1.408492803573608398e+00 1.479350805282592773e+00 -7.561283111572265625e-01 -1.220309853553771973e+00 -8.597359657287597656e-01 -2.146812379360198975e-01 -3.962067514657974243e-02 1.997367382049560547e+00 1.132556319236755371e+00 1.065028309822082520e+00 -1.844578236341476440e-01 -1.114252924919128418e+00 -3.626203238964080811e-01
-1.234570503234863281e+00 9.346023797988891602e-01 1.817069530487060547e+00 -6.256025433540344238e-01 1.458405733108520508e+00 -1.088369965553283691e+00 -2.785243690013885498e-01 -1.382723569869995117e+00 1.479813337326049805e+00 -8.488514423370361328e-01 -1.202843308448791504e+00 -7.996519207954406738e-01 -2.337152063846588135e-01 -3.739618510007858276e-02 2.002099037170410156e+00 1.145847082138061523e+00 1.060577988624572754e+00 -1.924229115247726440e-01 -1.057001471519470215e+00 -4.056984484195709229e-01
-1.232695102691650391e+00 9.998561143875122070e-01 1.752204775810241699e+00 -6.884784698486328125e-01 1.442035198211669922e+00 -1.031483888626098633e+00 -2.554434537887573242e-01 -1.370172262191772461e+00 1.485909223556518555e+00 -9.143264889717102051e-01 -1.196388959884643555e+00 -7.645746469497680664e-01 -2.720510065555572510e-01 -4.109486192464828491e-02 1.995952725410461426e+00 1.141861081123352051e+00 1.084965825080871582e+00 -1.914285868406295776e-01 -1.037424206733703613e+00 -4.519074857234954834e-01
-1.215118527412414551e+00 1.068532824516296387e+00 1.725620031356811523e+00 -7.440146803855895996e-01 1.456836104393005371e+00 -9.877338409423828125e-01 -2.708079218864440918e-01 -1.354242324829101562e+00 1.496329903602600098e+00 -9.537900090217590332e-01 -1.195331811904907227e+00 -7.511203289031982422e-01 -3.220320940017700195e-01 -6.012385338544845581e-02 1.990285754203796387e+00 1.133934736251831055e+00 1.118157386779785156e+00 -1.768339723348617554e-01 -1.049180746078491211e+00 -4.950847923755645752e-01
-1.198339343070983887e+00 1.131410837173461914e+00 1.735754728317260742e+00 -7.844210863113403320e-01 1.480493307113647461e+00 -9.472063779830932617e-01 -3.217456340789794922e-01 -1.324661731719970703e+00 1.492386341094970703e+00 -9.716416001319885254e-01 -1.197535395622253418e+00 -7.428335547447204590e-01 -3.894360363483428955e-01 -7.799573242664337158e-02 1.976163864135742188e+00 1.110429406166076660e+00 1.137918949127197266e+00 -1.494755893945693970e-01 -1.084926605224609375e+00 -5.206770300865173340e-01
-1.163163065910339355e+00 1.181332111358642578e+00 1.778530836105346680e+00 -7.922325730323791504e-01 1.505074501037597656e+00 -9.132750630378723145e-01 -4.007490277290344238e-01 -1.271548032760620117e+00 1.473831057548522949e+00 -9.527917504310607910e-01 -1.201732873916625977e+00 -7.434838414192199707e-01 -4.705372750759124756e-01 -1.217798143625259399e-01 1.953161001205444336e+00 1.071123957633972168e+00 1.129402041435241699e+00 -1.108362972736358643e-01 -1.142318010330200195e+00 -5.401085615158081055e-01
-1.105298638343811035e+00 1.210676074028015137e+00 1.844947218894958496e+00 -7.562116980552673340e-01 1.528134703636169434e+00 -8.787183165550231934e-01 -5.171283483505249023e-01 -1.187862873077392578e+00 1.436267137527465820e+00 -8.832711577415466309e-01 -1.200383305549621582e+00 -7.690908312797546387e-01 -5.523731708526611328e-01 -1.996081918478012085e-01 1.925155282020568848e+00 1.021623492240905762e+00 1.099942803382873535e+00 -6.090082600712776184e-02 -1.222222328186035156e+00 -5.449041128158569336e-01
-1.015593409538269043e+00 1.242620110511779785e+00 1.962596774101257324e+00 -6.945799589157104492e-01 1.578457117080688477e+00 -8.943530917167663574e-01 -6.747562885284423828e-01 -1.099118947982788086e+00 1.415363192558288574e+00 -7.569866180419921875e-01 -1.207306385040283203e+00 -8.301692605018615723e-01 -6.287357211112976074e-01 -2.937205433845520020e-01 1.896109104156494141e+00 9.557359218597412109e-01 1.070643544197082520e+00 -1.785059832036495209e-02 -1.329775094985961914e+00 -5.262903571128845215e-01
-9.388328194618225098e-01 1.261334538459777832e+00 2.111749649047851562e+00 -6.543992161750793457e-01 1.690523266792297363e+00 -9.810193777084350586e-01 -8.329933881759643555e-01 -1.086705923080444336e+00 1.456794619560241699e+00 -6.051396131515502930e-01 -1.208258509635925293e+00 -9.357760548591613770e-01 -6.811209917068481445e-01 -4.042671918869018555e-01 1.905922293663024902e+00 9.381043314933776855e-01 1.100203156471252441e+00 -2.184867858886718750e-02 -1.474047183990478516e+00 -4.839495718479156494e-01
-8.618608713150024414e-01 1.279023766517639160e+00 2.237225532531738281e+00 -6.020966172218322754e-01 1.865234971046447754e+00 -1.123708248138427734e+00 -9.568493962287902832e-01 -1.111139774322509766e+00 1.555268049240112305e+00 -5.189175605773925781e-01 -1.184310674667358398e+00 -9.950357675552368164e-01 -6.639090180397033691e-01 -4.535459280014038086e-01 1.937746167182922363e+00 9.574524164199829102e-01 1.148292183876037598e+00 -6.283176690340042114e-02 -1.545029401779174805e+00 -4.419375360012054443e-01
-7.676722407341003418e-01 1.299425840377807617e+00 2.262931346893310547e+00 -5.694741010665893555e-01 1.982429504394531250e+00 -1.245788693428039551e+00 -1.012720584869384766e+00 -1.132588386535644531e+00 1.675565958023071289e+00 -4.714137017726898193e-01 -1.119340658187866211e+00 -1.030333042144775391e+00 -5.753593444824218750e-01 -4.856054186820983887e-01 1.944384694099426270e+00 9.914383292198181152e-01 1.187204360961914062e+00 -1.063207983970642090e-01 -1.522055864334106445e+00 -4.164535701274871826e-01
-6.804534792900085449e-01 1.306009292602539062e+00 2.220113992691040039e+00 -5.711304545402526855e-01 2.070196390151977539e+00 -1.316046833992004395e+00 -1.015853404998779297e+00 -1.152153730392456055e+00 1.781978130340576172e+00 -4.515526592731475830e-01 -1.032451510429382324e+00 -1.031542062759399414e+00 -4.648322165012359619e-01 -5.024617910385131836e-01 1.946105480194091797e+00 1.030058860778808594e+00 1.207040190696716309e+00 -1.589168310165405273e-01 -1.449933290481567383e+00 -4.092241823673248291e-01
-6.051219701766967773e-01 1.294547438621520996e+00 2.104809045791625977e+00 -5.609010457992553711e-01 2.110094070434570312e+00 -1.329744458198547363e+00 -9.982755780220031738e-01 -1.146092176437377930e+00 1.850299954414367676e+00 -4.459968507289886475e-01 -9.483632445335388184e-01 -1.007052659988403320e+00 -3.598476350307464600e-01 -5.002759695053100586e-01 1.924475669860839844e+00 1.050255298614501953e+00 1.210538506507873535e+00 -2.132856100797653198e-01 -1.348206996917724609e+00 -3.920925259590148926e-01
-5.256061553955078125e-01 1.267919421195983887e+00 1.945289969444274902e+00 -5.485923886299133301e-01 2.114729404449462891e+00 -1.314913511276245117e+00 -9.558197855949401855e-01 -1.124969482421875000e+00 1.890969395637512207e+00 -4.485094547271728516e-01 -8.677467107772827148e-01 -9.611582159996032715e-01 -2.598149180412292480e-01 -4.803426861763000488e-01 1.872383117675781250e+00 1.040804982185363770e+00 1.200304031372070312e+00 -2.635486125946044922e-01 -1.219720721244812012e+00 -3.752081096172332764e-01
-4.471201598644256592e-01 1.237182617187500000e+00 1.762319326400756836e+00 -5.517021417617797852e-01 2.128663778305053711e+00 -1.303169250488281250e+00 -8.801395893096923828e-01 -1.116338014602661133e+00 1.950244903564453125e+00 -4.885393083095550537e-01 -8.045406937599182129e-01 -8.853802680969238281e-01 -1.420535445213317871e-01 -4.181252717971801758e-01 1.822339415550231934e+00 1.021048545837402344e+00 1.201892256736755371e+00 -3.154188692569732666e-01 -1.046604156494140625e+00 -3.852969706058502197e-01
-4.007653892040252686e-01 1.222559571266174316e+00 1.543474555015563965e+00 -6.130339503288269043e-01 2.101865053176879883e+00 -1.264246344566345215e+00 -7.687391042709350586e-01 -1.150059223175048828e+00 2.008103132247924805e+00 -5.509502887725830078e-01 -7.389822006225585938e-01 -7.973049283027648926e-01 -4.602420702576637268e-02 -3.260283470153808594e-01 1.748350620269775391e+00 9.993839859962463379e-01 1.225965738296508789e+00 -3.787577152252197266e-01 -8.746708631515502930e-01 -4.317441880702972412e-01
-4.610019028186798096e-01 1.216482281684875488e+00 1.295185327529907227e+00 -7.837843894958496094e-01 2.074588775634765625e+00 -1.178728818893432617e+00 -6.268246173858642578e-01 -1.237360477447509766e+00 2.057797193527221680e+00 -7.059457898139953613e-01 -6.873949766159057617e-01 -6.646719574928283691e-01 2.598630636930465698e-02 -1.191660761833190918e-01 1.663951516151428223e+00 1.016726136207580566e+00 1.305925846099853516e+00 -4.248945713043212891e-01 -6.960222721099853516e-01 -4.760035574436187744e-01
-7.195336818695068359e-01 1.257891893386840820e+00 1.213820338249206543e+00 -1.060847163200378418e+00 2.019269227981567383e+00 -1.126227736473083496e+00 -5.760779976844787598e-01 -1.372380733489990234e+00 2.047053575515747070e+00 -9.002394676208496094e-01 -6.803544163703918457e-01 -5.035954713821411133e-01 -2.353790402412414551e-02 2.754656076431274414e-01 1.642180562019348145e+00 1.096636056900024414e+00 1.455451965332031250e+00 -4.291327595710754395e-01 -6.387422680854797363e-01 -5.021727681159973145e-01
-9.637713432312011719e-01 1.368116497993469238e+00 1.245848655700683594e+00 -1.385707020759582520e+00 1.986467361450195312e+00 -1.121372938156127930e+00 -6.185532212257385254e-01 -1.540909528732299805e+00 2.052358388900756836e+00 -1.009937167167663574e+00 -7.160170674324035645e-01 -4.932221770286560059e-01 -1.169520765542984009e-01 5.727102756500244141e-01 1.723664879798889160e+00 1.200590133666992188e+00 1.702883958816528320e+00 -4.083432555198669434e-01 -7.155986428260803223e-01 -5.070073008537292480e-01
-1.120328307151794434e+00 1.426095962524414062e+00 1.275849819183349609e+00 -1.590056300163269043e+00 1.924027442932128906e+00 -1.099325180053710938e+00 -6.494690775871276855e-01 -1.636995792388916016e+00 1.990161657333374023e+00 -1.044830918312072754e+00 -7.500011920928955078e-01 -5.167178511619567871e-01 -2.006948888301849365e-01 7.339441776275634766e-01 1.775575399398803711e+00 1.239229917526245117e+00 1.844854593276977539e+00 -3.786375224590301514e-01 -7.948914170265197754e-01 -4.844643771648406982e-01
-1.207355856895446777e+00 1.447609186172485352e+00 1.287791848182678223e+00 -1.688538789749145508e+00 1.849947333335876465e+00 -1.063452363014221191e+00 -6.570370793342590332e-01 -1.683972835540771484e+00 1.903081893920898438e+00 -1.034681797027587891e+00 -7.890157103538513184e-01 -5.463840961456298828e-01 -2.590910494327545166e-01 7.953280806541442871e-01 1.799379229545593262e+00 1.238614559173583984e+00 1.899644374847412109e+00 -3.494903147220611572e-01 -8.551155924797058105e-01 -4.695942103862762451e-01
-1.253653407096862793e+00 1.438212871551513672e+00 1.308853268623352051e+00 -1.726062417030334473e+00 1.791293263435363770e+00 -1.037837624549865723e+00 -6.698690056800842285e-01 -1.709194660186767578e+00 1.811853766441345215e+00 -9.928462505340576172e-01 -8.191618323326110840e-01 -5.736798048019409180e-01 -2.904678583145141602e-01 8.118641972541809082e-01 1.805963873863220215e+00 1.249007344245910645e+00 1.909386038780212402e+00 -3.203720152378082275e-01 -9.059596657752990723e-01 -4.792788326740264893e-01
-1.278722882270812988e+00 1.414112806320190430e+00 1.322623848915100098e+00 -1.748165011405944824e+00 1.740373373031616211e+00 -1.019253969192504883e+00 -6.715652346611022949e-01 -1.713195800781250000e+00 1.736072063446044922e+00 -9.502823948860168457e-01 -8.423245549201965332e-01 -5.970141887664794922e-01 -3.258609175682067871e-01 8.161436915397644043e-01 1.808490633964538574e+00 1.262889266014099121e+00 1.914265751838684082e+00 -2.980540692806243896e-01 -9.468674659729003906e-01 -4.886257946491241455e-01
-1.303185701370239258e+00 1.385225772857666016e+00 1.346456408500671387e+00 -1.764808297157287598e+00 1.716196298599243164e+00 -1.002425670623779297e+00 -6.499308347702026367e-01 -1.707232713699340820e+00 1.681754708290100098e+00 -9.212501645088195801e-01 -8.727895021438598633e-01 -6.108556985855102539e-01 -3.637460470199584961e-01 8.151084780693054199e-01 1.828132867813110352e+00 1.294436812400817871e+00 1.923521995544433594e+00 -2.814697325229644775e-01 -9.847158193588256836e-01 -5.177339315414428711e-01
-1.312452435493469238e+00 1.333989143371582031e+00 1.364495158195495605e+00 -1.762410283088684082e+00 1.719251632690429688e+00 -9.770413637161254883e-01 -5.947082042694091797e-01 -1.687156677246093750e+00 1.641796946525573730e+00 -9.070174694061279297e-01 -9.099103212356567383e-01 -6.161564588546752930e-01 -3.877885341644287109e-01 8.050352931022644043e-01 1.845271229743957520e+00 1.328186392784118652e+00 1.925570845603942871e+00 -2.622736692428588867e-01 -1.002082228660583496e+00 -5.606273412704467773e-01
-1.303685307502746582e+00 1.252024412155151367e+00 1.380555748939514160e+00 -1.728410124778747559e+00 1.752068161964416504e+00 -9.398736357688903809e-01 -5.085743069648742676e-01 -1.641584396362304688e+00 1.612303972244262695e+00 -9.106541872024536133e-01 -9.581214189529418945e-01 -6.040934324264526367e-01 -3.992962837219238281e-01 7.828963398933410645e-01 1.854500055313110352e+00 1.366012692451477051e+00 1.907082200050354004e+00 -2.286266684532165527e-01 -9.889348745346069336e-01 -6.213010549545288086e-01
-1.264845967292785645e+00 1.172315835952758789e+00 1.399472236633300781e+00 -1.629366397857666016e+00 1.825809359550476074e+00 -9.349643588066101074e-01 -4.720806479454040527e-01 -1.584026336669921875e+00 1.606427550315856934e+00 -9.117581248283386230e-01 -9.695557951927185059e-01 -5.715328454971313477e-01 -3.740216493606567383e-01 7.350730299949645996e-01 1.868635535240173340e+00 1.433388233184814453e+00 1.862115979194641113e+00 -1.896808743476867676e-01 -9.417003393173217773e-01 -6.933143138885498047e-01
-1.161298394203186035e+00 1.080160737037658691e+00 1.403819322586059570e+00 -1.456564307212829590e+00 1.930888175964355469e+00 -9.528635144233703613e-01 -4.331013560295104980e-01 -1.502726793289184570e+00 1.614392280578613281e+00 -9.025790095329284668e-01 -9.665223360061645508e-01 -5.201091766357421875e-01 -3.100904226303100586e-01 6.544763445854187012e-01 1.844999909400939941e+00 1.464442372322082520e+00 1.772434949874877930e+00 -1.541512906551361084e-01 -8.581632971763610840e-01 -7.687475681304931641e-01
-1.034201979637145996e+00 1.034961342811584473e+00 1.392782330513000488e+00 -1.252850890159606934e+00 2.019575834274291992e+00 -9.889693856239318848e-01 -4.111011624336242676e-01 -1.419895887374877930e+00 1.645568609237670898e+00 -9.056434035301208496e-01 -9.802198410034179688e-01 -4.798492491245269775e-01 -2.394618391990661621e-01 5.361792445182800293e-01 1.804289102554321289e+00 1.437238216400146484e+00 1.664120793342590332e+00 -1.251336634159088135e-01 -7.795630097389221191e-01 -8.143827915191650391e-01
-9.099951982498168945e-01 1.031327724456787109e+00 1.379961609840393066e+00 -1.105787634849548340e+00 2.069155216217041016e+00 -1.017871737480163574e+00 -4.149953126907348633e-01 -1.361438035964965820e+00 1.681301712989807129e+00 -8.918624520301818848e-01 -9.878962635993957520e-01 -4.632803499698638916e-01 -1.987355202436447144e-01 4.311221241950988770e-01 1.747472405433654785e+00 1.373946785926818848e+00 1.581644892692565918e+00 -1.109102964401245117e-01 -7.351250052452087402e-01 -8.416810035705566406e-01
-8.065143227577209473e-01 1.064998626708984375e+00 1.386277318000793457e+00 -1.049409151077270508e+00 2.124037027359008789e+00 -1.075217843055725098e+00 -4.383113980293273926e-01 -1.377992391586303711e+00 1.753167748451232910e+00 -8.437702059745788574e-01 -1.012055397033691406e+00 -5.077217817306518555e-01 -1.947994530200958252e-01 3.528099656105041504e-01 1.720601677894592285e+00 1.309644699096679688e+00 1.581454992294311523e+00 -1.172973960638046265e-01 -7.422574162483215332e-01 -8.465586900711059570e-01
-7.353686690330505371e-01 1.094054937362670898e+00 1.372789263725280762e+00 -1.053207993507385254e+00 2.131638765335083008e+00 -1.115189552307128906e+00 -4.531239271163940430e-01 -1.417419672012329102e+00 1.781717181205749512e+00 -7.870483398437500000e-01 -1.029291272163391113e+00 -5.435866713523864746e-01 -2.263536751270294189e-01 3.304912447929382324e-01 1.690600633621215820e+00 1.232220530509948730e+00 1.597492218017578125e+00 -1.352755725383758545e-01 -7.594297528266906738e-01 -8.311374783515930176e-01
-6.867811679840087891e-01 1.098698258399963379e+00 1.343165993690490723e+00 -1.097960352897644043e+00 2.052328586578369141e+00 -1.134173035621643066e+00 -4.399628043174743652e-01 -1.465824842453002930e+00 1.734958767890930176e+00 -6.926997900009155273e-01 -1.037449121475219727e+00 -5.792156457901000977e-01 -2.887311875820159912e-01 3.422138690948486328e-01 1.646955609321594238e+00 1.130175471305847168e+00 1.605542421340942383e+00 -1.622333526611328125e-01 -7.938931584358215332e-01 -7.985709309577941895e-01
-6.737671494483947754e-01 1.069048881530761719e+00 1.336410760879516602e+00 -1.167887806892395020e+00 1.832244038581848145e+00 -1.133905529975891113e+00 -4.178677797317504883e-01 -1.510010480880737305e+00 1.589199781417846680e+00 -5.233758687973022461e-01 -1.039911508560180664e+00 -6.490850448608398438e-01 -4.045524597167968750e-01 3.601433634757995605e-01 1.586997032165527344e+00 1.006498813629150391e+00 1.597759485244750977e+00 -1.904251575469970703e-01 -9.006346464157104492e-01 -7.317537069320678711e-01
-7.309252619743347168e-01 9.845569729804992676e-01 1.458519935607910156e+00 -1.215548992156982422e+00 1.477359294891357422e+00 -1.144844889640808105e+00 -4.694452881813049316e-01 -1.525492191314697266e+00 1.382924556732177734e+00 -2.710677087306976318e-01 -1.050931215286254883e+00 -8.122226595878601074e-01 -5.380104184150695801e-01 3.337469696998596191e-01 1.576880455017089844e+00 8.858946561813354492e-01 1.565199851989746094e+00 -1.916952580213546753e-01 -1.137553811073303223e+00 -5.547740459442138672e-01
-8.307916522026062012e-01 9.541945457458496094e-01 1.670469403266906738e+00 -1.192958354949951172e+00 1.173134326934814453e+00 -1.167157649993896484e+00 -6.637018322944641113e-01 -1.490336894989013672e+00 1.189895987510681152e+00 -6.290282309055328369e-02 -9.806177616119384766e-01 -9.875711798667907715e-01 -6.425668597221374512e-01 2.247985601425170898e-01 1.650231122970581055e+00 8.759135007858276367e-01 1.512117862701416016e+00 -1.694616377353668213e-01 -1.419456005096435547e+00 -3.501018583774566650e-01
-9.437776207923889160e-01 1.030158758163452148e+00 1.924831271171569824e+00 -1.188381552696228027e+00 1.097762703895568848e+00 -1.191046714782714844e+00 -8.594246506690979004e-01 -1.441141366958618164e+00 1.197939395904541016e+00 -4.658477753400802612e-02 -9.334607124328613281e-01 -1.144970655441284180e+00 -7.304322719573974609e-01 1.156959980726242065e-01 1.791361331939697266e+00 9.569289684295654297e-01 1.568915009498596191e+00 -1.213321685791015625e-01 -1.674997925758361816e+00 -2.311294674873352051e-01
-1.032635450363159180e+00 1.123493790626525879e+00 2.111182689666748047e+00 -1.164015889167785645e+00 1.084979653358459473e+00 -1.210131406784057617e+00 -9.748372435569763184e-01 -1.391554832458496094e+00 1.274597525596618652e+00 -1.046544238924980164e-01 -8.972113728523254395e-01 -1.231427788734436035e+00 -7.997086644172668457e-01 5.690306425094604492e-04 1.872138261795043945e+00 1.029685854911804199e+00 1.591890692710876465e+00 -9.615617990493774414e-02 -1.835312962532043457e+00 -1.724061369895935059e-01
-1.076396703720092773e+00 1.197725772857666016e+00 2.216271400451660156e+00 -1.093565225601196289e+00 1.087998390197753906e+00 -1.190540075302124023e+00 -1.038891792297363281e+00 -1.302876949310302734e+00 1.333170294761657715e+00 -1.891352832317352295e-01 -8.632208108901977539e-01 -1.257322669029235840e+00 -8.393025398254394531e-01 -1.191040724515914917e-01 1.900140643119812012e+00 1.069602251052856445e+00 1.554698348045349121e+00 -7.909688353538513184e-02 -1.908453464508056641e+00 -1.403585672378540039e-01
-1.103968262672424316e+00 1.299253344535827637e+00 2.250330924987792969e+00 -9.923889636993408203e-01 1.145165324211120605e+00 -1.170855641365051270e+00 -1.116733193397521973e+00 -1.226166009902954102e+00 1.375426888465881348e+00 -2.872009575366973877e-01 -8.356197476387023926e-01 -1.224571704864501953e+00 -8.440885543823242188e-01 -2.197421044111251831e-01 1.914143800735473633e+00 1.109592437744140625e+00 1.479002952575683594e+00 -8.888289332389831543e-02 -1.902699589729309082e+00 -1.563509106636047363e-01
-1.103140950202941895e+00 1.417538762092590332e+00 2.210445165634155273e+00 -8.613615036010742188e-01 1.262796878814697266e+00 -1.147573232650756836e+00 -1.208560943603515625e+00 -1.150860071182250977e+00 1.411031484603881836e+00 -3.968457281589508057e-01 -7.992548942565917969e-01 -1.135863304138183594e+00 -7.960506677627563477e-01 -2.960108518600463867e-01 1.907376646995544434e+00 1.133883357048034668e+00 1.359417796134948730e+00 -1.263927370309829712e-01 -1.806377530097961426e+00 -1.897989213466644287e-01
-1.025473475456237793e+00 1.518834352493286133e+00 2.072375535964965820e+00 -7.507604360580444336e-01 1.406261444091796875e+00 -1.094787359237670898e+00 -1.280385375022888184e+00 -1.058885335922241211e+00 1.445528626441955566e+00 -5.017322301864624023e-01 -7.405108809471130371e-01 -9.720654487609863281e-01 -7.282461524009704590e-01 -3.460450172424316406e-01 1.857398629188537598e+00 1.118661522865295410e+00 1.199708223342895508e+00 -1.761364340782165527e-01 -1.614415287971496582e+00 -2.451706826686859131e-01
-9.012554287910461426e-01 1.620646715164184570e+00 1.862353920936584473e+00 -7.109631299972534180e-01 1.591577172279357910e+00 -1.077783703804016113e+00 -1.326922774314880371e+00 -1.005477070808410645e+00 1.579299926757812500e+00 -6.279489994049072266e-01 -6.888778805732727051e-01 -7.800490260124206543e-01 -5.855478644371032715e-01 -3.252626657485961914e-01 1.789420962333679199e+00 1.055537700653076172e+00 1.094808101654052734e+00 -2.400824278593063354e-01 -1.357964158058166504e+00 -2.824197113513946533e-01
-7.926653623580932617e-01 1.737586379051208496e+00 1.609092712402343750e+00 -7.767268419265747070e-01 1.821884274482727051e+00 -1.059859514236450195e+00 -1.340433239936828613e+00 -9.804304242134094238e-01 1.783328533172607422e+00 -8.152135014533996582e-01 -6.345154047012329102e-01 -5.540032386779785156e-01 -4.229706823825836182e-01 -1.475294381380081177e-01 1.691289424896240234e+00 1.021866798400878906e+00 1.101466059684753418e+00 -2.803019583225250244e-01 -1.061032772064208984e+00 -3.351072967052459717e-01
-7.873412966728210449e-01 1.877515435218811035e+00 1.438950181007385254e+00 -9.480529427528381348e-01 2.044761657714843750e+00 -1.120189428329467773e+00 -1.387764215469360352e+00 -1.105030536651611328e+00 1.980700135231018066e+00 -9.387454986572265625e-01 -5.985828042030334473e-01 -4.092249274253845215e-01 -3.490675091743469238e-01 1.507644951343536377e-01 1.599080324172973633e+00 1.038259625434875488e+00 1.288151621818542480e+00 -3.313390016555786133e-01 -8.886954188346862793e-01 -4.265643060207366943e-01
-8.454996347427368164e-01 1.964254736900329590e+00 1.359706878662109375e+00 -1.138183355331420898e+00 2.162757396697998047e+00 -1.165923953056335449e+00 -1.467717528343200684e+00 -1.263017892837524414e+00 2.082648038864135742e+00 -9.573629498481750488e-01 -5.719107985496520996e-01 -3.699819445610046387e-01 -3.428637385368347168e-01 4.396329522132873535e-01 1.534794330596923828e+00 1.073201537132263184e+00 1.509136319160461426e+00 -3.587815761566162109e-01 -8.450514078140258789e-01 -4.802848398685455322e-01
-8.688966631889343262e-01 1.987872838973999023e+00 1.314938902854919434e+00 -1.318320035934448242e+00 2.171213388442993164e+00 -1.171974062919616699e+00 -1.526715159416198730e+00 -1.373769998550415039e+00 2.098806142807006836e+00 -8.891741037368774414e-01 -5.468373298645019531e-01 -4.064298272132873535e-01 -3.909019231796264648e-01 6.278426051139831543e-01 1.495005249977111816e+00 1.086585998535156250e+00 1.718679308891296387e+00 -3.477367162704467773e-01 -8.713459968566894531e-01 -4.896774590015411377e-01
-8.741731047630310059e-01 1.981484770774841309e+00 1.255085945129394531e+00 -1.453320622444152832e+00 2.086324453353881836e+00 -1.151161909103393555e+00 -1.542123675346374512e+00 -1.450248241424560547e+00 2.051786899566650391e+00 -7.755306959152221680e-01 -5.231206417083740234e-01 -4.816358387470245361e-01 -4.525776207447052002e-01 7.003427147865295410e-01 1.483974695205688477e+00 1.090922355651855469e+00 1.859911322593688965e+00 -3.480795323848724365e-01 -9.246188402175903320e-01 -4.870397150516510010e-01
-8.529463410377502441e-01 1.913848161697387695e+00 1.187470316886901855e+00 -1.536998033523559570e+00 1.932633638381958008e+00 -1.095300436019897461e+00 -1.512103915214538574e+00 -1.489138841629028320e+00 1.933241367340087891e+00 -6.145988106727600098e-01 -4.867402315139770508e-01 -5.894225239753723145e-01 -5.215726494789123535e-01 6.708046793937683105e-01 1.477830290794372559e+00 1.058050751686096191e+00 1.923949718475341797e+00 -3.539244830608367920e-01 -9.920595288276672363e-01 -4.515855014324188232e-01
-8.227574825286865234e-01 1.802838683128356934e+00 1.152427673339843750e+00 -1.574234247207641602e+00 1.697843790054321289e+00 -1.038954019546508789e+00 -1.462021946907043457e+00 -1.498481988906860352e+00 1.773707866668701172e+00 -4.148099422454833984e-01 -4.654883742332458496e-01 -7.687372565269470215e-01 -5.844937562942504883e-01 5.482102632522583008e-01 1.480894923210144043e+00 9.980738162994384766e-01 1.970160484313964844e+00 -3.269139230251312256e-01 -1.108887553215026855e+00 -3.532948195934295654e-01
-7.780314087867736816e-01 1.642055869102478027e+00 1.176498055458068848e+00 -1.559841871261596680e+00 1.474511742591857910e+00 -1.025132298469543457e+00 -1.339252591133117676e+00 -1.493312120437622070e+00 1.644556283950805664e+00 -2.377035021781921387e-01 -4.589682221412658691e-01 -9.414985775947570801e-01 -5.899549126625061035e-01 3.707876205444335938e-01 1.540735363960266113e+00 9.700184464454650879e-01 1.959322810173034668e+00 -3.088974058628082275e-01 -1.205712437629699707e+00 -2.685989141464233398e-01
-7.295233011245727539e-01 1.470316052436828613e+00 1.230840444564819336e+00 -1.501254916191101074e+00 1.289291977882385254e+00 -1.014912962913513184e+00 -1.222234368324279785e+00 -1.474025011062622070e+00 1.526809573173522949e+00 -7.628615200519561768e-02 -4.639917016029357910e-01 -1.086704730987548828e+00 -5.635021924972534180e-01 1.756077110767364502e-01 1.595133781433105469e+00 9.556972980499267578e-01 1.895237922668457031e+00 -2.911051809787750244e-01 -1.290112614631652832e+00 -2.056135833263397217e-01
-6.761177778244018555e-01 1.325131893157958984e+00 1.339689254760742188e+00 -1.421554088592529297e+00 1.177882552146911621e+00 -1.020110726356506348e+00 -1.103424191474914551e+00 -1.436737298965454102e+00 1.470466136932373047e+00 3.493157029151916504e-02 -4.995088577270507812e-01 -1.225343823432922363e+00 -5.318747758865356445e-01 -1.492121815681457520e-02 1.675939440727233887e+00 9.545418024063110352e-01 1.843878746032714844e+00 -2.681126892566680908e-01 -1.368952155113220215e+00 -1.683944463729858398e-01
-6.654700040817260742e-01 1.223967432975769043e+00 1.435151576995849609e+00 -1.358260393142700195e+00 1.137686133384704590e+00 -1.020659565925598145e+00 -1.012541651725769043e+00 -1.417199850082397461e+00 1.439491748809814453e+00 7.911790162324905396e-02 -5.467917323112487793e-01 -1.325095176696777344e+00 -5.198304057121276855e-01 -1.572184860706329346e-01 1.752026796340942383e+00 9.775890111923217773e-01 1.814148187637329102e+00 -2.480494081974029541e-01 -1.434201240539550781e+00 -1.467016041278839111e-01
-6.713337302207946777e-01 1.177412152290344238e+00 1.508510351181030273e+00 -1.318962812423706055e+00 1.154970288276672363e+00 -1.009074687957763672e+00 -9.606328010559082031e-01 -1.398480176925659180e+00 1.447820544242858887e+00 7.242386788129806519e-02 -5.822854638099670410e-01 -1.387492060661315918e+00 -5.141844749450683594e-01 -2.419909387826919556e-01 1.809846878051757812e+00 1.007061243057250977e+00 1.814959764480590820e+00 -2.297274917364120483e-01 -1.482283115386962891e+00 -1.422123610973358154e-01
-6.835918426513671875e-01 1.161209583282470703e+00 1.570046067237854004e+00 -1.287677288055419922e+00 1.181993126869201660e+00 -1.007052183151245117e+00 -9.232392311096191406e-01 -1.377454996109008789e+00 1.460474491119384766e+00 3.862030804157257080e-02 -6.001508831977844238e-01 -1.406169056892395020e+00 -5.136934518814086914e-01 -2.785076498985290527e-01 1.833295583724975586e+00 1.031407713890075684e+00 1.809592127799987793e+00 -2.144232988357543945e-01 -1.505760788917541504e+00 -1.502144038677215576e-01
-6.833276152610778809e-01 1.160944223403930664e+00 1.591483712196350098e+00 -1.263051629066467285e+00 1.198711037635803223e+00 -9.948560595512390137e-01 -8.851048350334167480e-01 -1.342357158660888672e+00 1.463082551956176758e+00 -6.284609436988830566e-03 -5.956387519836425781e-01 -1.386872529983520508e+00 -5.042833089828491211e-01 -2.958747148513793945e-01 1.830908656120300293e+00 1.052455425262451172e+00 1.788549423217773438e+00 -2.092863768339157104e-01 -1.495492577552795410e+00 -1.779030561447143555e-01
