-5.714659690856933594e-01 1.009431004524230957e+00 1.735244035720825195e+00 -1.557617783546447754e+00 1.780629754066467285e+00 -1.560497641563415527e+00 -5.733848214149475098e-01 -2.180251598358154297e+00 1.903601527214050293e+00 3.030940890312194824e-01 -1.072915673255920410e+00 -1.670484542846679688e+00 -4.621069505810737610e-02 -1.056164950132369995e-01 2.053649663925170898e+00 8.778417110443115234e-01 2.088149309158325195e+00 -3.921391665935516357e-01 -1.480454444885253906e+00 -2.262059450149536133e-01
-5.595110654830932617e-01 1.069953441619873047e+00 1.677422046661376953e+00 -1.502759218215942383e+00 1.859957933425903320e+00 -1.635178804397583008e+00 -6.291691064834594727e-01 -2.212068557739257812e+00 1.912959694862365723e+00 2.953077554702758789e-01 -1.009933233261108398e+00 -1.604360580444335938e+00 4.997680336236953735e-02 -7.790762186050415039e-02 2.040990829467773438e+00 8.457724452018737793e-01 2.036161184310913086e+00 -4.744804203510284424e-01 -1.387368202209472656e+00 -1.865580379962921143e-01
-5.339633822441101074e-01 1.142065525054931641e+00 1.612012147903442383e+00 -1.417211174964904785e+00 1.951475143432617188e+00 -1.687848806381225586e+00 -7.044453024864196777e-01 -2.196023941040039062e+00 1.946986079216003418e+00 2.515436708927154541e-01 -9.386632442474365234e-01 -1.498297095298767090e+00 1.388985514640808105e-01 -4.918079078197479248e-02 2.009352207183837891e+00 8.078297972679138184e-01 1.957142829895019531e+00 -5.401269197463989258e-01 -1.273013353347778320e+00 -1.625240892171859741e-01
-5.264831185340881348e-01 1.223239064216613770e+00 1.571855545043945312e+00 -1.305519223213195801e+00 2.041342258453369141e+00 -1.694234967231750488e+00 -8.211768269538879395e-01 -2.132947683334350586e+00 1.967503070831298828e+00 1.777338981628417969e-01 -8.658027648925781250e-01 -1.366885185241699219e+00 1.806323230266571045e-01 -5.968876183032989502e-03 1.941194295883178711e+00 7.789868712425231934e-01 1.859170675277709961e+00 -5.774487853050231934e-01 -1.178874731063842773e+00 -1.579129099845886230e-01
-5.148792266845703125e-01 1.337000966072082520e+00 1.510585069656372070e+00 -1.173856854438781738e+00 2.124284505844116211e+00 -1.664495825767517090e+00 -9.834563136100769043e-01 -2.007693529129028320e+00 1.977843999862670898e+00 6.086815148591995239e-02 -7.691850662231445312e-01 -1.200723886489868164e+00 1.430394351482391357e-01 4.517237097024917603e-02 1.827613353729248047e+00 7.516649961471557617e-01 1.747941732406616211e+00 -5.962939858436584473e-01 -1.081596136093139648e+00 -1.499111354351043701e-01
-4.979645311832427979e-01 1.468526244163513184e+00 1.422006130218505859e+00 -1.039172768592834473e+00 2.153183937072753906e+00 -1.589809656143188477e+00 -1.110955595970153809e+00 -1.830462455749511719e+00 1.966297745704650879e+00 -8.370408415794372559e-02 -6.745480298995971680e-01 -1.027738809585571289e+00 2.558500319719314575e-02 9.809998422861099243e-02 1.667248368263244629e+00 7.099166512489318848e-01 1.642306923866271973e+00 -5.943496227264404297e-01 -9.876837134361267090e-01 -1.699052602052688599e-01
-5.018852353096008301e-01 1.562233090400695801e+00 1.331842660903930664e+00 -9.358426928520202637e-01 2.072263479232788086e+00 -1.442924976348876953e+00 -1.198317408561706543e+00 -1.602712154388427734e+00 1.886625289916992188e+00 -2.309162914752960205e-01 -5.906232595443725586e-01 -8.767721056938171387e-01 -1.768294572830200195e-01 1.345038414001464844e-01 1.483871579170227051e+00 6.564893126487731934e-01 1.542785644531250000e+00 -5.461974740028381348e-01 -9.456201791763305664e-01 -1.722820848226547241e-01
-5.947034955024719238e-01 1.592870235443115234e+00 1.312799692153930664e+00 -9.480049014091491699e-01 2.008253812789916992e+00 -1.276798725128173828e+00 -1.214413881301879883e+00 -1.449364542961120605e+00 1.812534689903259277e+00 -4.184301495552062988e-01 -6.073973178863525391e-01 -7.687124609947204590e-01 -3.584411144256591797e-01 1.760869324207305908e-01 1.416303038597106934e+00 6.836640238761901855e-01 1.501762390136718750e+00 -4.672203361988067627e-01 -9.662769436836242676e-01 -1.786126345396041870e-01
-6.983700990676879883e-01 1.655836820602416992e+00 1.282649517059326172e+00 -1.054161667823791504e+00 1.874952793121337891e+00 -1.081369519233703613e+00 -1.207989215850830078e+00 -1.363207221031188965e+00 1.737987399101257324e+00 -5.452200770378112793e-01 -6.816108226776123047e-01 -7.155698537826538086e-01 -5.536507368087768555e-01 1.582762748003005981e-01 1.375429749488830566e+00 6.963480114936828613e-01 1.501502394676208496e+00 -3.827349245548248291e-01 -1.053508520126342773e+00 -2.620293200016021729e-01
-8.050625920295715332e-01 1.692264080047607422e+00 1.269603013992309570e+00 -1.182564854621887207e+00 1.700433611869812012e+00 -9.193700551986694336e-01 -1.187407493591308594e+00 -1.344139933586120605e+00 1.629306077957153320e+00 -5.583704113960266113e-01 -7.616981267929077148e-01 -7.221974730491638184e-01 -7.386306524276733398e-01 1.575127840042114258e-01 1.327654480934143066e+00 7.151014208793640137e-01 1.551020503044128418e+00 -3.134059906005859375e-01 -1.182698726654052734e+00 -3.758546710014343262e-01
-9.060660600662231445e-01 1.694487214088439941e+00 1.289443492889404297e+00 -1.314206957817077637e+00 1.571109652519226074e+00 -8.299189805984497070e-01 -1.204043507575988770e+00 -1.382715821266174316e+00 1.546266198158264160e+00 -5.015828609466552734e-01 -8.105127811431884766e-01 -7.748227715492248535e-01 -8.539215922355651855e-01 2.130986601114273071e-01 1.314789533615112305e+00 7.792018651962280273e-01 1.667616724967956543e+00 -2.565913498401641846e-01 -1.311224341392517090e+00 -4.758808016777038574e-01
-9.906352758407592773e-01 1.694593310356140137e+00 1.282510995864868164e+00 -1.473790407180786133e+00 1.408201694488525391e+00 -7.936395406723022461e-01 -1.239387035369873047e+00 -1.437773346900939941e+00 1.457309246063232422e+00 -3.886831700801849365e-01 -7.970875501632690430e-01 -8.384643197059631348e-01 -9.286237955093383789e-01 3.017041981220245361e-01 1.309726238250732422e+00 8.604174256324768066e-01 1.811145901679992676e+00 -2.462819516658782959e-01 -1.422742366790771484e+00 -5.445326566696166992e-01
-1.104736089706420898e+00 1.709152936935424805e+00 1.264343738555908203e+00 -1.620736956596374512e+00 1.274494290351867676e+00 -7.762933969497680664e-01 -1.290674448013305664e+00 -1.501156926155090332e+00 1.370264410972595215e+00 -3.143702745437622070e-01 -7.680302858352661133e-01 -8.852251172065734863e-01 -9.691867828369140625e-01 3.995910882949829102e-01 1.356464028358459473e+00 9.786134362220764160e-01 1.941231250762939453e+00 -2.524337470531463623e-01 -1.494577407836914062e+00 -5.780338048934936523e-01
-1.229061245918273926e+00 1.769735217094421387e+00 1.279002189636230469e+00 -1.798909783363342285e+00 1.188145995140075684e+00 -8.154424428939819336e-01 -1.330033302307128906e+00 -1.580639362335205078e+00 1.329526782035827637e+00 -3.007196784019470215e-01 -7.028900384902954102e-01 -8.860031366348266602e-01 -9.773111343383789062e-01 5.090689063072204590e-01 1.471282243728637695e+00 1.140954017639160156e+00 2.041456937789916992e+00 -2.945319116115570068e-01 -1.539959907531738281e+00 -6.138398647308349609e-01
-1.349457263946533203e+00 1.862568497657775879e+00 1.327867507934570312e+00 -1.946124196052551270e+00 1.177365779876708984e+00 -8.732866048812866211e-01 -1.387084126472473145e+00 -1.628188014030456543e+00 1.328591227531433105e+00 -3.556833565235137939e-01 -6.330721378326416016e-01 -8.380943536758422852e-01 -9.725283384323120117e-01 6.152051091194152832e-01 1.615814685821533203e+00 1.294754028320312500e+00 2.086968660354614258e+00 -3.612633049488067627e-01 -1.557181715965270996e+00 -6.240752339363098145e-01
-1.434924602508544922e+00 1.934850215911865234e+00 1.373306989669799805e+00 -2.014679908752441406e+00 1.198957920074462891e+00 -9.239829778671264648e-01 -1.422555446624755859e+00 -1.618242144584655762e+00 1.364444971084594727e+00 -4.616923630237579346e-01 -5.803891420364379883e-01 -7.460308074951171875e-01 -9.497765302658081055e-01 7.078286409378051758e-01 1.732251882553100586e+00 1.409326791763305664e+00 2.071757555007934570e+00 -4.132738411426544189e-01 -1.520180583000183105e+00 -6.159164309501647949e-01
-1.489683866500854492e+00 1.980035066604614258e+00 1.401353597640991211e+00 -2.025506019592285156e+00 1.213178873062133789e+00 -9.446765184402465820e-01 -1.452274441719055176e+00 -1.590025067329406738e+00 1.396651268005371094e+00 -5.471188426017761230e-01 -5.423088073730468750e-01 -6.714567542076110840e-01 -9.305498600006103516e-01 7.575147151947021484e-01 1.803126215934753418e+00 1.485049486160278320e+00 2.038856983184814453e+00 -4.405766129493713379e-01 -1.483483672142028809e+00 -6.001121997833251953e-01
-1.518067479133605957e+00 1.980300188064575195e+00 1.406570434570312500e+00 -1.986760854721069336e+00 1.221139669418334961e+00 -9.335154294967651367e-01 -1.467421412467956543e+00 -1.535776376724243164e+00 1.407623291015625000e+00 -6.216121315956115723e-01 -5.158729553222656250e-01 -5.993962883949279785e-01 -9.045478701591491699e-01 7.838459610939025879e-01 1.827619194984436035e+00 1.523907780647277832e+00 1.980697751045227051e+00 -4.396982491016387939e-01 -1.433805704116821289e+00 -5.731201767921447754e-01
-1.533201932907104492e+00 1.956456422805786133e+00 1.420893192291259766e+00 -1.907775998115539551e+00 1.247221350669860840e+00 -9.247730970382690430e-01 -1.487698554992675781e+00 -1.484493732452392578e+00 1.410615324974060059e+00 -6.818850040435791016e-01 -5.097267627716064453e-01 -5.446888208389282227e-01 -8.728419542312622070e-01 7.906548976898193359e-01 1.830747008323669434e+00 1.546157717704772949e+00 1.915550112724304199e+00 -4.148922264575958252e-01 -1.393795251846313477e+00 -5.417221188545227051e-01
-1.532967329025268555e+00 1.903431773185729980e+00 1.426268100738525391e+00 -1.802027463912963867e+00 1.267109513282775879e+00 -9.024634361267089844e-01 -1.489801287651062012e+00 -1.433604121208190918e+00 1.397081732749938965e+00 -7.244457602500915527e-01 -5.246011018753051758e-01 -5.120565295219421387e-01 -8.412897586822509766e-01 7.769528627395629883e-01 1.803872466087341309e+00 1.531722903251647949e+00 1.843450188636779785e+00 -3.718729615211486816e-01 -1.356735229492187500e+00 -4.963080286979675293e-01
-1.507012844085693359e+00 1.831988215446472168e+00 1.419339656829833984e+00 -1.649200797080993652e+00 1.289271712303161621e+00 -8.707106113433837891e-01 -1.469360589981079102e+00 -1.375574588775634766e+00 1.372735500335693359e+00 -7.587720155715942383e-01 -5.550879836082458496e-01 -4.841313660144805908e-01 -7.968620061874389648e-01 7.337015867233276367e-01 1.750051021575927734e+00 1.479155302047729492e+00 1.738453745841979980e+00 -3.264216780662536621e-01 -1.307903647422790527e+00 -4.465738832950592041e-01
-1.426895141601562500e+00 1.701457858085632324e+00 1.390375375747680664e+00 -1.403758645057678223e+00 1.309349656105041504e+00 -8.199828863143920898e-01 -1.409311890602111816e+00 -1.283729195594787598e+00 1.322594285011291504e+00 -7.769556641578674316e-01 -5.886991024017333984e-01 -4.576327204704284668e-01 -7.136317491531372070e-01 6.420714259147644043e-01 1.648498296737670898e+00 1.369638562202453613e+00 1.566706061363220215e+00 -2.663458883762359619e-01 -1.222581267356872559e+00 -3.726378381252288818e-01
-1.269700765609741211e+00 1.395112872123718262e+00 1.355668067932128906e+00 -1.006337165832519531e+00 1.389556288719177246e+00 -7.895420789718627930e-01 -1.238576650619506836e+00 -1.210270881652832031e+00 1.262910604476928711e+00 -7.412942051887512207e-01 -6.892319917678833008e-01 -4.889076352119445801e-01 -5.068760514259338379e-01 4.415584802627563477e-01 1.551885128021240234e+00 1.187251687049865723e+00 1.296675562858581543e+00 -1.776656806468963623e-01 -1.059156775474548340e+00 -2.337514758110046387e-01
-9.798297882080078125e-01 8.998022079467773438e-01 1.505298137664794922e+00 -4.874680936336517334e-01 1.591718912124633789e+00 -8.778215646743774414e-01 -9.900506734848022461e-01 -1.132784962654113770e+00 1.319312095642089844e+00 -5.979387760162353516e-01 -8.547109365463256836e-01 -6.996169090270996094e-01 -1.481811553239822388e-01 4.637021198868751526e-02 1.613617897033691406e+00 1.011944770812988281e+00 1.016423702239990234e+00 -6.121295318007469177e-02 -9.201557636260986328e-01 -1.773988455533981323e-02
-8.207830786705017090e-01 7.916980385780334473e-01 1.865328073501586914e+00 -2.938720881938934326e-01 2.030008792877197266e+00 -1.182877659797668457e+00 -9.122613668441772461e-01 -1.248827815055847168e+00 1.636381268501281738e+00 -5.192242264747619629e-01 -1.055356502532958984e+00 -9.822062253952026367e-01 8.245882391929626465e-02 -2.705438137054443359e-01 1.998582959175109863e+00 1.103222131729125977e+00 1.073720216751098633e+00 -8.125245571136474609e-02 -9.635294079780578613e-01 -1.813395321369171143e-02
-7.668641209602355957e-01 7.639916539192199707e-01 2.094441890716552734e+00 -2.480116635560989380e-01 2.311406135559082031e+00 -1.351305842399597168e+00 -8.831639885902404785e-01 -1.287081241607666016e+00 1.851827144622802734e+00 -5.558395385742187500e-01 -1.130357861518859863e+00 -1.104961991310119629e+00 1.593599915504455566e-01 -4.071062803268432617e-01 2.231555461883544922e+00 1.187048316001892090e+00 1.153863191604614258e+00 -9.580098092555999756e-02 -9.955137968063354492e-01 -1.817040517926216125e-02
-7.761262059211730957e-01 7.493712902069091797e-01 2.229189395904541016e+00 -2.377554327249526978e-01 2.420775175094604492e+00 -1.371737480163574219e+00 -8.946434855461120605e-01 -1.234653353691101074e+00 1.945924878120422363e+00 -6.470366716384887695e-01 -1.143390536308288574e+00 -1.121418476104736328e+00 1.429989337921142578e-01 -4.639003276824951172e-01 2.342780590057373047e+00 1.270902872085571289e+00 1.185168623924255371e+00 -5.743292346596717834e-02 -1.035491108894348145e+00 -3.128456696867942810e-02
-8.199337124824523926e-01 7.456015348434448242e-01 2.289746522903442383e+00 -2.422837167978286743e-01 2.442828178405761719e+00 -1.343445658683776855e+00 -9.421802163124084473e-01 -1.127740859985351562e+00 1.975734949111938477e+00 -7.811460494995117188e-01 -1.114388108253479004e+00 -1.073532104492187500e+00 7.200328260660171509e-02 -4.478288888931274414e-01 2.388814449310302734e+00 1.358466863632202148e+00 1.204459786415100098e+00 1.381065696477890015e-03 -1.062982201576232910e+00 -4.316817969083786011e-03
-9.367027282714843750e-01 8.523800969123840332e-01 2.343189239501953125e+00 -3.372751772403717041e-01 2.413691282272338867e+00 -1.300695776939392090e+00 -1.058914065361022949e+00 -1.022955536842346191e+00 1.980591177940368652e+00 -9.472743272781372070e-01 -1.065200924873352051e+00 -9.614217281341552734e-01 -4.319460317492485046e-02 -3.728522062301635742e-01 2.458861827850341797e+00 1.525261759757995605e+00 1.241897225379943848e+00 4.013998433947563171e-02 -1.121224641799926758e+00 -3.353801742196083069e-02
-1.060770988464355469e+00 1.011946558952331543e+00 2.358884096145629883e+00 -4.598906040191650391e-01 2.347660303115844727e+00 -1.263485550880432129e+00 -1.166928291320800781e+00 -9.457539319992065430e-01 1.965512871742248535e+00 -1.093939781188964844e+00 -1.008385062217712402e+00 -8.237006068229675293e-01 -1.617711782455444336e-01 -2.763805985450744629e-01 2.507050514221191406e+00 1.674866795539855957e+00 1.268876552581787109e+00 4.793107882142066956e-02 -1.172804832458496094e+00 -9.734126925468444824e-02
-1.179631829261779785e+00 1.167914271354675293e+00 2.323544740676879883e+00 -5.741105675697326660e-01 2.246290206909179688e+00 -1.231260895729064941e+00 -1.243835091590881348e+00 -9.149273633956909180e-01 1.928424477577209473e+00 -1.198340296745300293e+00 -9.665625095367431641e-01 -6.932128667831420898e-01 -2.557053565979003906e-01 -1.741574555635452271e-01 2.514785766601562500e+00 1.765724182128906250e+00 1.266160964965820312e+00 3.629408404231071472e-02 -1.192836403846740723e+00 -1.534834504127502441e-01
-1.274639606475830078e+00 1.308546304702758789e+00 2.258515119552612305e+00 -6.727066636085510254e-01 2.119910001754760742e+00 -1.179675221443176270e+00 -1.293756484985351562e+00 -8.941447734832763672e-01 1.873611330986022949e+00 -1.267633318901062012e+00 -9.385868310928344727e-01 -5.783643126487731934e-01 -3.498950302600860596e-01 -9.017279744148254395e-02 2.478271484375000000e+00 1.797011137008666992e+00 1.244244217872619629e+00 2.592227235436439514e-02 -1.206987380981445312e+00 -2.158221304416656494e-01
-1.338427782058715820e+00 1.422722578048706055e+00 2.178403377532958984e+00 -7.423987984657287598e-01 1.990898728370666504e+00 -1.126489520072937012e+00 -1.314203381538391113e+00 -8.743943572044372559e-01 1.806492209434509277e+00 -1.310223221778869629e+00 -9.158682823181152344e-01 -4.794544577598571777e-01 -4.267826974391937256e-01 -2.114746719598770142e-02 2.411565780639648438e+00 1.785428166389465332e+00 1.205386638641357422e+00 1.168145984411239624e-02 -1.204907536506652832e+00 -2.733268439769744873e-01
-1.395253896713256836e+00 1.550118207931518555e+00 2.114320039749145508e+00 -8.066337108612060547e-01 1.901353120803833008e+00 -1.102183222770690918e+00 -1.336195468902587891e+00 -8.918818831443786621e-01 1.756366252899169922e+00 -1.336863994598388672e+00 -9.148021936416625977e-01 -4.053728878498077393e-01 -5.028247833251953125e-01 4.961605370044708252e-02 2.347363948822021484e+00 1.742271780967712402e+00 1.182728648185729980e+00 -1.560404896736145020e-02 -1.209994435310363770e+00 -3.307612240314483643e-01
-1.436358451843261719e+00 1.681470274925231934e+00 2.078261613845825195e+00 -8.591231107711791992e-01 1.862658023834228516e+00 -1.110411643981933594e+00 -1.365704298019409180e+00 -9.320716857910156250e-01 1.735653519630432129e+00 -1.353430986404418945e+00 -9.347935914993286133e-01 -3.605171740055084229e-01 -5.706194043159484863e-01 1.066426038742065430e-01 2.298363208770751953e+00 1.695559740066528320e+00 1.180593729019165039e+00 -4.976158589124679565e-02 -1.225760221481323242e+00 -3.893630504608154297e-01
-1.461384534835815430e+00 1.790725469589233398e+00 2.041548490524291992e+00 -8.848145604133605957e-01 1.834824919700622559e+00 -1.120614409446716309e+00 -1.388883352279663086e+00 -9.661396741867065430e-01 1.715023398399353027e+00 -1.362830638885498047e+00 -9.531390666961669922e-01 -3.236012160778045654e-01 -6.191641688346862793e-01 1.523864269256591797e-01 2.244472503662109375e+00 1.637431383132934570e+00 1.166219234466552734e+00 -8.566392213106155396e-02 -1.227484822273254395e+00 -4.352019727230072021e-01
-1.471037983894348145e+00 1.880513787269592285e+00 2.004289388656616211e+00 -8.848208189010620117e-01 1.821891546249389648e+00 -1.133370995521545410e+00 -1.412822961807250977e+00 -9.928914308547973633e-01 1.697994589805603027e+00 -1.367756247520446777e+00 -9.659681320190429688e-01 -2.936438322067260742e-01 -6.468328833580017090e-01 1.875545680522918701e-01 2.188931465148925781e+00 1.572491526603698730e+00 1.141363143920898438e+00 -1.241693943738937378e-01 -1.214281201362609863e+00 -4.650751650333404541e-01
-1.468338370323181152e+00 1.948673009872436523e+00 1.963423728942871094e+00 -8.622929453849792480e-01 1.828438043594360352e+00 -1.148633837699890137e+00 -1.441546082496643066e+00 -1.016384005546569824e+00 1.690105915069580078e+00 -1.370096206665039062e+00 -9.676983356475830078e-01 -2.737092375755310059e-01 -6.513344645500183105e-01 2.119302898645401001e-01 2.134588241577148438e+00 1.507978677749633789e+00 1.113222718238830566e+00 -1.682027280330657959e-01 -1.185485005378723145e+00 -4.724259972572326660e-01
-1.432736873626708984e+00 1.970528483390808105e+00 1.918251514434814453e+00 -8.129581212997436523e-01 1.857554078102111816e+00 -1.163497567176818848e+00 -1.468713521957397461e+00 -1.020814895629882812e+00 1.692137598991394043e+00 -1.364088773727416992e+00 -9.463931322097778320e-01 -2.588852345943450928e-01 -6.124365925788879395e-01 2.177555114030838013e-01 2.085064411163330078e+00 1.446210265159606934e+00 1.069011807441711426e+00 -2.147888243198394775e-01 -1.129635453224182129e+00 -4.493125677108764648e-01
-1.358214139938354492e+00 1.950834512710571289e+00 1.867833852767944336e+00 -7.574662566184997559e-01 1.888503432273864746e+00 -1.184104800224304199e+00 -1.500056385993957520e+00 -1.004253029823303223e+00 1.712292790412902832e+00 -1.343626737594604492e+00 -8.725976943969726562e-01 -2.527269124984741211e-01 -5.367686748504638672e-01 2.155634611845016479e-01 2.039740562438964844e+00 1.398716211318969727e+00 1.025931477546691895e+00 -2.564996182918548584e-01 -1.053535461425781250e+00 -3.854507803916931152e-01
-1.237444996833801270e+00 1.918839812278747559e+00 1.832154750823974609e+00 -7.119179368019104004e-01 1.942765951156616211e+00 -1.237319231033325195e+00 -1.579313993453979492e+00 -9.946937561035156250e-01 1.786911129951477051e+00 -1.272304534912109375e+00 -7.437115907669067383e-01 -3.194743096828460693e-01 -4.296588301658630371e-01 1.693309545516967773e-01 2.033349037170410156e+00 1.386404633522033691e+00 1.049119234085083008e+00 -2.915197312831878662e-01 -9.988049864768981934e-01 -2.729677259922027588e-01
-1.095249772071838379e+00 1.838113069534301758e+00 1.801693439483642578e+00 -6.884768009185791016e-01 2.011506080627441406e+00 -1.269659996032714844e+00 -1.646437406539916992e+00 -9.918254017829895020e-01 1.888000607490539551e+00 -1.170796990394592285e+00 -6.189447641372680664e-01 -4.224168360233306885e-01 -3.094140887260437012e-01 8.267433196306228638e-02 2.049375534057617188e+00 1.396996617317199707e+00 1.112864375114440918e+00 -3.000943362712860107e-01 -9.684450030326843262e-01 -1.617569327354431152e-01
-9.907774925231933594e-01 1.738341212272644043e+00 1.764983415603637695e+00 -6.978867650032043457e-01 2.065756320953369141e+00 -1.254659295082092285e+00 -1.706375837326049805e+00 -9.882795810699462891e-01 1.957537293434143066e+00 -1.079355716705322266e+00 -5.262931585311889648e-01 -5.082017183303833008e-01 -2.376558333635330200e-01 2.577660605311393738e-02 2.057796001434326172e+00 1.433474421501159668e+00 1.207718849182128906e+00 -2.709071040153503418e-01 -9.652175903320312500e-01 -8.725175261497497559e-02
-9.462407231330871582e-01 1.640566945075988770e+00 1.719905853271484375e+00 -7.227531671524047852e-01 2.082197189331054688e+00 -1.203749775886535645e+00 -1.747547149658203125e+00 -9.620535373687744141e-01 1.969324707984924316e+00 -1.032753825187683105e+00 -4.621688723564147949e-01 -5.328999757766723633e-01 -2.075537592172622681e-01 2.718358859419822693e-02 2.055258750915527344e+00 1.488598585128784180e+00 1.280828833580017090e+00 -2.238324433565139771e-01 -9.587442278861999512e-01 -3.882890567183494568e-02
-9.228778481483459473e-01 1.548269033432006836e+00 1.653402805328369141e+00 -7.621761560440063477e-01 2.056946516036987305e+00 -1.124323368072509766e+00 -1.755063891410827637e+00 -9.128823280334472656e-01 1.946582913398742676e+00 -1.020475506782531738e+00 -4.130595028400421143e-01 -5.065160989761352539e-01 -1.895917057991027832e-01 6.880084425210952759e-02 2.015543460845947266e+00 1.532681465148925781e+00 1.318020939826965332e+00 -1.648460328578948975e-01 -9.298252463340759277e-01 -9.992193430662155151e-03
-9.132953882217407227e-01 1.476055026054382324e+00 1.551967382431030273e+00 -8.441094160079956055e-01 2.005660295486450195e+00 -1.018936991691589355e+00 -1.732957601547241211e+00 -8.720903992652893066e-01 1.899432301521301270e+00 -1.022670865058898926e+00 -3.480009138584136963e-01 -4.466100633144378662e-01 -1.846915334463119507e-01 1.468884646892547607e-01 1.958371400833129883e+00 1.586059093475341797e+00 1.355225205421447754e+00 -1.202625036239624023e-01 -8.885003328323364258e-01 -2.302291616797447205e-02
-9.399123191833496094e-01 1.465978503227233887e+00 1.405463695526123047e+00 -1.029212594032287598e+00 1.880613565444946289e+00 -9.491792917251586914e-01 -1.605691790580749512e+00 -9.212372899055480957e-01 1.836377859115600586e+00 -1.010961413383483887e+00 -2.738301753997802734e-01 -3.781517446041107178e-01 -1.972319781780242920e-01 2.833253145217895508e-01 1.874571561813354492e+00 1.603842616081237793e+00 1.419273495674133301e+00 -1.541065126657485962e-01 -8.459216356277465820e-01 -1.092419028282165527e-01
-1.008858561515808105e+00 1.594306468963623047e+00 1.336231708526611328e+00 -1.423370957374572754e+00 1.778048753738403320e+00 -1.041841268539428711e+00 -1.372607350349426270e+00 -1.225197434425354004e+00 1.806928515434265137e+00 -8.792151808738708496e-01 -3.105902671813964844e-01 -3.914566636085510254e-01 -2.702823281288146973e-01 5.085463523864746094e-01 1.793773770332336426e+00 1.529545187950134277e+00 1.592592239379882812e+00 -3.353769481182098389e-01 -9.200426936149597168e-01 -3.371761143207550049e-01
-1.033655047416687012e+00 1.694186210632324219e+00 1.281471014022827148e+00 -1.858104467391967773e+00 1.581178069114685059e+00 -1.140387058258056641e+00 -9.778854250907897949e-01 -1.637867331504821777e+00 1.726228237152099609e+00 -6.144220232963562012e-01 -5.061581134796142578e-01 -5.236315727233886719e-01 -4.272880554199218750e-01 6.814808249473571777e-01 1.683460712432861328e+00 1.285357594490051270e+00 1.811405062675476074e+00 -5.019699931144714355e-01 -1.079190492630004883e+00 -6.388418078422546387e-01
-1.069234013557434082e+00 1.697246074676513672e+00 1.308068037033081055e+00 -2.004539012908935547e+00 1.489508390426635742e+00 -1.255152583122253418e+00 -7.718782424926757812e-01 -1.977718353271484375e+00 1.684177756309509277e+00 -3.700159788131713867e-01 -7.141137123107910156e-01 -7.572070956230163574e-01 -4.795548617839813232e-01 6.858597993850708008e-01 1.668050050735473633e+00 1.109751343727111816e+00 1.988592028617858887e+00 -5.392073392868041992e-01 -1.241992354393005371e+00 -7.702859044075012207e-01
-1.049128651618957520e+00 1.695493340492248535e+00 1.320131063461303711e+00 -2.036572217941284180e+00 1.434530258178710938e+00 -1.352263212203979492e+00 -6.988868117332458496e-01 -2.155489206314086914e+00 1.669784426689147949e+00 -2.127436101436614990e-01 -8.136209249496459961e-01 -9.120911955833435059e-01 -5.106871128082275391e-01 6.306842565536499023e-01 1.660637140274047852e+00 9.991515874862670898e-01 2.071391344070434570e+00 -5.571744441986083984e-01 -1.327437877655029297e+00 -7.989451289176940918e-01
-1.006104230880737305e+00 1.677956819534301758e+00 1.319540500640869141e+00 -2.030142545700073242e+00 1.387348413467407227e+00 -1.393883466720581055e+00 -6.485788822174072266e-01 -2.226927995681762695e+00 1.652109742164611816e+00 -1.132999658584594727e-01 -8.547370433807373047e-01 -9.962819814682006836e-01 -5.123010873794555664e-01 5.698825120925903320e-01 1.641624331474304199e+00 9.165765047073364258e-01 2.089131116867065430e+00 -5.668122768402099609e-01 -1.357994675636291504e+00 -8.084567189216613770e-01
-9.854878187179565430e-01 1.657715082168579102e+00 1.331676006317138672e+00 -2.019971370697021484e+00 1.379300475120544434e+00 -1.419357419013977051e+00 -6.086109876632690430e-01 -2.275119543075561523e+00 1.657464981079101562e+00 -6.021111458539962769e-02 -8.919142484664916992e-01 -1.067216396331787109e+00 -5.028914213180541992e-01 5.260333418846130371e-01 1.644817471504211426e+00 8.773443102836608887e-01 2.108710527420043945e+00 -5.687227249145507812e-01 -1.378694534301757812e+00 -8.005626201629638672e-01
-9.754279851913452148e-01 1.634619593620300293e+00 1.346376657485961914e+00 -2.018442153930664062e+00 1.372104644775390625e+00 -1.421590447425842285e+00 -5.822181701660156250e-01 -2.292195796966552734e+00 1.664436936378479004e+00 -3.712289407849311829e-02 -9.053386449813842773e-01 -1.111429214477539062e+00 -4.879144132137298584e-01 4.901265501976013184e-01 1.658361911773681641e+00 8.779524564743041992e-01 2.119572639465332031e+00 -5.624383091926574707e-01 -1.395314335823059082e+00 -7.931608557701110840e-01
-9.586800336837768555e-01 1.593788743019104004e+00 1.358779668807983398e+00 -2.013000488281250000e+00 1.356964111328125000e+00 -1.399563670158386230e+00 -5.528048276901245117e-01 -2.275156259536743164e+00 1.666966319084167480e+00 -2.647456154227256775e-02 -9.001986980438232422e-01 -1.140366196632385254e+00 -4.681491553783416748e-01 4.443185925483703613e-01 1.673281669616699219e+00 8.975696563720703125e-01 2.115401268005371094e+00 -5.460528731346130371e-01 -1.404236912727355957e+00 -7.892104983329772949e-01
-9.275736808776855469e-01 1.516160964965820312e+00 1.371749639511108398e+00 -1.986688375473022461e+00 1.334400415420532227e+00 -1.348211169242858887e+00 -5.057353973388671875e-01 -2.220475912094116211e+00 1.661195278167724609e+00 -2.233886346220970154e-02 -8.866444826126098633e-01 -1.164328813552856445e+00 -4.463148713111877441e-01 3.734663724899291992e-01 1.688639163970947266e+00 9.267172217369079590e-01 2.090243101119995117e+00 -5.100793838500976562e-01 -1.405569672584533691e+00 -7.835043668746948242e-01
-8.615154027938842773e-01 1.423259735107421875e+00 1.435603618621826172e+00 -1.938593626022338867e+00 1.367920398712158203e+00 -1.296555876731872559e+00 -4.424803853034973145e-01 -2.146708726882934570e+00 1.699158310890197754e+00 -2.728401497006416321e-02 -8.928174972534179688e-01 -1.220464110374450684e+00 -4.202307164669036865e-01 2.333426028490066528e-01 1.748624801635742188e+00 9.734693169593811035e-01 2.065445661544799805e+00 -4.603485167026519775e-01 -1.425686240196228027e+00 -7.785794734954833984e-01
-7.511217594146728516e-01 1.250208497047424316e+00 1.508530616760253906e+00 -1.816493034362792969e+00 1.403900980949401855e+00 -1.198436856269836426e+00 -3.324088156223297119e-01 -1.996658682823181152e+00 1.724515199661254883e+00 -3.907869756221771240e-02 -9.136396646499633789e-01 -1.280118942260742188e+00 -3.835755288600921631e-01 2.772916853427886963e-02 1.803950667381286621e+00 1.014093637466430664e+00 1.987777471542358398e+00 -3.675127327442169189e-01 -1.426619529724121094e+00 -7.593427300453186035e-01
-6.879573464393615723e-01 1.016996145248413086e+00 1.700401067733764648e+00 -1.598403334617614746e+00 1.482129216194152832e+00 -1.094086408615112305e+00 -3.116394877433776855e-01 -1.793384909629821777e+00 1.760349988937377930e+00 -7.920993864536285400e-02 -9.775744676589965820e-01 -1.370337247848510742e+00 -3.660467863082885742e-01 -2.010829597711563110e-01 1.922699689865112305e+00 1.072547674179077148e+00 1.889653921127319336e+00 -2.047235816717147827e-01 -1.471755623817443848e+00 -6.390878558158874512e-01
-6.933238506317138672e-01 7.850661873817443848e-01 1.991366147994995117e+00 -1.299622654914855957e+00 1.659091114997863770e+00 -1.025902271270751953e+00 -3.781976699829101562e-01 -1.572464227676391602e+00 1.817142009735107422e+00 -1.809900403022766113e-01 -1.123896837234497070e+00 -1.450558423995971680e+00 -3.828624188899993896e-01 -4.036117792129516602e-01 2.096197605133056641e+00 1.098192453384399414e+00 1.759350299835205078e+00 -2.555136755108833313e-02 -1.539851307868957520e+00 -4.278284311294555664e-01
-7.995113134384155273e-01 7.037382721900939941e-01 2.248962640762329102e+00 -1.042551636695861816e+00 1.833356380462646484e+00 -1.093343615531921387e+00 -4.652032852172851562e-01 -1.505076408386230469e+00 1.870876431465148926e+00 -2.757293283939361572e-01 -1.278142690658569336e+00 -1.534265518188476562e+00 -4.206242263317108154e-01 -5.061555504798889160e-01 2.261914253234863281e+00 1.143598914146423340e+00 1.690742850303649902e+00 5.686408653855323792e-02 -1.621881365776062012e+00 -2.732084691524505615e-01
-8.477095961570739746e-01 7.279543876647949219e-01 2.381847858428955078e+00 -9.103024005889892578e-01 1.930264830589294434e+00 -1.197881460189819336e+00 -5.243997573852539062e-01 -1.513334989547729492e+00 1.898203015327453613e+00 -3.119051456451416016e-01 -1.378669500350952148e+00 -1.577706336975097656e+00 -4.468763768672943115e-01 -5.287390351295471191e-01 2.312886714935302734e+00 1.133936285972595215e+00 1.670039057731628418e+00 8.740824460983276367e-02 -1.665109515190124512e+00 -2.312280237674713135e-01
-8.520405292510986328e-01 7.613490223884582520e-01 2.412971496582031250e+00 -8.575063943862915039e-01 1.934389352798461914e+00 -1.299960136413574219e+00 -5.274678468704223633e-01 -1.546214461326599121e+00 1.888239622116088867e+00 -2.919536828994750977e-01 -1.434639692306518555e+00 -1.592032313346862793e+00 -4.500648677349090576e-01 -4.923356771469116211e-01 2.281550884246826172e+00 1.068255186080932617e+00 1.655378937721252441e+00 7.911731302738189697e-02 -1.668262004852294922e+00 -2.125190198421478271e-01
-8.288357257843017578e-01 8.225405216217041016e-01 2.389622211456298828e+00 -8.699246048927307129e-01 1.908524036407470703e+00 -1.416387796401977539e+00 -5.033290386199951172e-01 -1.619811177253723145e+00 1.866049766540527344e+00 -2.288229167461395264e-01 -1.462562441825866699e+00 -1.591269135475158691e+00 -4.316101968288421631e-01 -4.130831956863403320e-01 2.211822509765625000e+00 9.669238328933715820e-01 1.650912165641784668e+00 1.880715414881706238e-02 -1.653341650962829590e+00 -2.118730098009109497e-01
-7.856368422508239746e-01 8.780480623245239258e-01 2.320363521575927734e+00 -9.288871884346008301e-01 1.848109602928161621e+00 -1.515328764915466309e+00 -4.598665237426757812e-01 -1.699710488319396973e+00 1.829063892364501953e+00 -1.399278938770294189e-01 -1.460791945457458496e+00 -1.578030228614807129e+00 -4.052919447422027588e-01 -3.131257295608520508e-01 2.114938735961914062e+00 8.557296991348266602e-01 1.657066226005554199e+00 -5.637225508689880371e-02 -1.625128507614135742e+00 -2.210815548896789551e-01
-7.502955198287963867e-01 9.383355975151062012e-01 2.222224235534667969e+00 -1.028079509735107422e+00 1.777059197425842285e+00 -1.581851482391357422e+00 -4.280538856983184814e-01 -1.788233280181884766e+00 1.777721524238586426e+00 -4.249498248100280762e-02 -1.432816147804260254e+00 -1.561269760131835938e+00 -3.895501792430877686e-01 -2.044512778520584106e-01 2.015899658203125000e+00 7.549269795417785645e-01 1.683326482772827148e+00 -1.356241255998611450e-01 -1.600107431411743164e+00 -2.419321537017822266e-01
-7.144710421562194824e-01 9.880806207656860352e-01 2.104414463043212891e+00 -1.135412454605102539e+00 1.701910614967346191e+00 -1.619990706443786621e+00 -4.194993674755096436e-01 -1.870791912078857422e+00 1.730495691299438477e+00 5.903305858373641968e-02 -1.369503021240234375e+00 -1.545931220054626465e+00 -3.626570105552673340e-01 -1.108573675155639648e-01 1.922638654708862305e+00 6.918025016784667969e-01 1.718631505966186523e+00 -2.114612162113189697e-01 -1.573000788688659668e+00 -2.660964131355285645e-01
-6.637393236160278320e-01 1.040727615356445312e+00 1.960068225860595703e+00 -1.279495120048522949e+00 1.619496941566467285e+00 -1.617852926254272461e+00 -4.164105355739593506e-01 -1.933578968048095703e+00 1.691273570060729980e+00 1.575131714344024658e-01 -1.275492310523986816e+00 -1.518818736076354980e+00 -3.388123810291290283e-01 -2.621889859437942505e-02 1.827226161956787109e+00 6.527559757232666016e-01 1.770706534385681152e+00 -2.843046784400939941e-01 -1.541372895240783691e+00 -3.089348673820495605e-01
-6.535698771476745605e-01 1.177616119384765625e+00 1.834044933319091797e+00 -1.496894001960754395e+00 1.598687291145324707e+00 -1.596003413200378418e+00 -4.526432454586029053e-01 -2.018247604370117188e+00 1.730005621910095215e+00 1.900563240051269531e-01 -1.187084436416625977e+00 -1.497272253036499023e+00 -3.440024256706237793e-01 5.688264966011047363e-02 1.798954844474792480e+00 6.798903346061706543e-01 1.904229164123535156e+00 -3.609754145145416260e-01 -1.536831855773925781e+00 -3.965536057949066162e-01
-6.081635951995849609e-01 1.258744955062866211e+00 1.699211835861206055e+00 -1.670570611953735352e+00 1.559768319129943848e+00 -1.496002435684204102e+00 -4.827552437782287598e-01 -2.013375520706176758e+00 1.750612258911132812e+00 2.077585160732269287e-01 -1.094307422637939453e+00 -1.452398777008056641e+00 -3.635270297527313232e-01 8.857246488332748413e-02 1.761869549751281738e+00 7.154519557952880859e-01 1.995049238204956055e+00 -3.981516361236572266e-01 -1.520929574966430664e+00 -4.848201274871826172e-01
-5.857185721397399902e-01 1.275751471519470215e+00 1.638430118560791016e+00 -1.738253355026245117e+00 1.536235809326171875e+00 -1.383297204971313477e+00 -5.134879350662231445e-01 -1.965333938598632812e+00 1.751815795898437500e+00 2.002844512462615967e-01 -1.040185689926147461e+00 -1.422453641891479492e+00 -4.337322115898132324e-01 9.496220946311950684e-02 1.725625753402709961e+00 7.791106104850769043e-01 2.060891389846801758e+00 -3.741048872470855713e-01 -1.551077961921691895e+00 -5.574852824211120605e-01
-5.772113204002380371e-01 1.278061509132385254e+00 1.634894132614135742e+00 -1.756065964698791504e+00 1.536762118339538574e+00 -1.259911060333251953e+00 -5.939025282859802246e-01 -1.889986634254455566e+00 1.766690373420715332e+00 1.823707818984985352e-01 -1.002641439437866211e+00 -1.441919803619384766e+00 -5.355269908905029297e-01 4.327357560396194458e-02 1.732879042625427246e+00 8.578781485557556152e-01 2.130486249923706055e+00 -3.090057373046875000e-01 -1.624297499656677246e+00 -5.899654626846313477e-01
-5.921513438224792480e-01 1.250959277153015137e+00 1.675058364868164062e+00 -1.712675333023071289e+00 1.535441398620605469e+00 -1.143923759460449219e+00 -6.791300177574157715e-01 -1.830022335052490234e+00 1.772230386734008789e+00 1.894904673099517822e-01 -1.015741825103759766e+00 -1.516956925392150879e+00 -6.250414848327636719e-01 -4.979153722524642944e-02 1.766451001167297363e+00 9.117412567138671875e-01 2.183285236358642578e+00 -2.317826747894287109e-01 -1.726287722587585449e+00 -5.877416729927062988e-01
-6.231557130813598633e-01 1.197796463966369629e+00 1.771678447723388672e+00 -1.644600510597229004e+00 1.568835377693176270e+00 -1.062293767929077148e+00 -7.454559803009033203e-01 -1.801668643951416016e+00 1.778104543685913086e+00 2.018127441406250000e-01 -1.110593438148498535e+00 -1.619962573051452637e+00 -6.985282897949218750e-01 -1.456290781497955322e-01 1.826570034027099609e+00 9.271590709686279297e-01 2.220726013183593750e+00 -1.387923210859298706e-01 -1.836338043212890625e+00 -5.615533590316772461e-01
-6.662402749061584473e-01 1.135079860687255859e+00 1.877366065979003906e+00 -1.574597954750061035e+00 1.596017718315124512e+00 -1.023630380630493164e+00 -7.915440201759338379e-01 -1.802999854087829590e+00 1.770867824554443359e+00 2.237267196178436279e-01 -1.234642505645751953e+00 -1.716649770736694336e+00 -7.473465204238891602e-01 -2.101040631532669067e-01 1.876569271087646484e+00 9.088928103446960449e-01 2.239587783813476562e+00 -5.400356277823448181e-02 -1.927686572074890137e+00 -5.165802240371704102e-01
-7.046702504158020020e-01 1.076957106590270996e+00 1.948759794235229492e+00 -1.503730893135070801e+00 1.598057031631469727e+00 -1.022460579872131348e+00 -8.290139436721801758e-01 -1.817307114601135254e+00 1.739605307579040527e+00 2.520446181297302246e-01 -1.341982722282409668e+00 -1.783856749534606934e+00 -7.783101201057434082e-01 -2.400713711977005005e-01 1.907076239585876465e+00 8.727510571479797363e-01 2.231479167938232422e+00 3.032587468624114990e-03 -1.983406662940979004e+00 -4.529428780078887939e-01
-7.267124652862548828e-01 1.029780864715576172e+00 1.976209163665771484e+00 -1.431755065917968750e+00 1.564223408699035645e+00 -1.037122964859008789e+00 -8.382930755615234375e-01 -1.832461237907409668e+00 1.687543749809265137e+00 2.739386558532714844e-01 -1.409017682075500488e+00 -1.793281912803649902e+00 -7.812668085098266602e-01 -2.279887348413467407e-01 1.895555138587951660e+00 8.172962665557861328e-01 2.180752038955688477e+00 3.617607429623603821e-02 -1.993793487548828125e+00 -3.934525549411773682e-01
-7.693168520927429199e-01 1.023629426956176758e+00 1.968434095382690430e+00 -1.377781033515930176e+00 1.522241473197937012e+00 -1.096991539001464844e+00 -8.395097255706787109e-01 -1.877817153930664062e+00 1.618508219718933105e+00 2.954358160495758057e-01 -1.443392753601074219e+00 -1.768983244895935059e+00 -7.785904407501220703e-01 -1.512348502874374390e-01 1.846841931343078613e+00 7.561738491058349609e-01 2.130313634872436523e+00 1.695177331566810608e-02 -1.980270981788635254e+00 -3.511123359203338623e-01
-8.232850432395935059e-01 1.033193945884704590e+00 1.908787250518798828e+00 -1.337162852287292480e+00 1.448456764221191406e+00 -1.167009592056274414e+00 -8.282253146171569824e-01 -1.932316541671752930e+00 1.514183759689331055e+00 3.170373439788818359e-01 -1.438003182411193848e+00 -1.704070806503295898e+00 -7.688679099082946777e-01 -2.599858492612838745e-02 1.759439110755920410e+00 6.938968300819396973e-01 2.067675828933715820e+00 -3.676478564739227295e-02 -1.935347795486450195e+00 -3.219074308872222900e-01
-8.847854137420654297e-01 1.077982068061828613e+00 1.800331354141235352e+00 -1.322075843811035156e+00 1.357149124145507812e+00 -1.245697140693664551e+00 -8.405485749244689941e-01 -2.007876396179199219e+00 1.394571185111999512e+00 3.403548300266265869e-01 -1.383363842964172363e+00 -1.600325107574462891e+00 -7.505227327346801758e-01 1.242405176162719727e-01 1.673706889152526855e+00 6.399618983268737793e-01 2.000642776489257812e+00 -1.309986561536788940e-01 -1.859561800956726074e+00 -2.966432869434356689e-01
-9.831513166427612305e-01 1.173148870468139648e+00 1.641223669052124023e+00 -1.357512474060058594e+00 1.272083520889282227e+00 -1.339479804039001465e+00 -8.812837004661560059e-01 -2.083634138107299805e+00 1.272460103034973145e+00 3.153171241283416748e-01 -1.280719995498657227e+00 -1.404533743858337402e+00 -7.205601930618286133e-01 3.826246857643127441e-01 1.537256121635437012e+00 5.763368606567382812e-01 1.923389554023742676e+00 -2.637205421924591064e-01 -1.711003780364990234e+00 -2.723212838172912598e-01
-1.108261704444885254e+00 1.319599866867065430e+00 1.492167234420776367e+00 -1.438658595085144043e+00 1.303566336631774902e+00 -1.483481526374816895e+00 -8.997829556465148926e-01 -2.136007308959960938e+00 1.273928284645080566e+00 1.769348680973052979e-01 -1.162111282348632812e+00 -1.176990270614624023e+00 -6.459846496582031250e-01 6.968403458595275879e-01 1.484673738479614258e+00 5.709736943244934082e-01 1.914319872856140137e+00 -4.557154476642608643e-01 -1.482916474342346191e+00 -2.767198085784912109e-01
-1.252871274948120117e+00 1.531682133674621582e+00 1.391651868820190430e+00 -1.517220020294189453e+00 1.443058609962463379e+00 -1.553496479988098145e+00 -9.031943082809448242e-01 -2.175306797027587891e+00 1.400404095649719238e+00 -1.475635468959808350e-01 -9.676440954208374023e-01 -9.303726553916931152e-01 -5.061098933219909668e-01 9.737858772277832031e-01 1.551756620407104492e+00 7.035500407218933105e-01 1.947396874427795410e+00 -6.238675713539123535e-01 -1.238911747932434082e+00 -2.971508204936981201e-01
-1.409292817115783691e+00 1.651553869247436523e+00 1.306164026260375977e+00 -1.527027010917663574e+00 1.634888768196105957e+00 -1.502345919609069824e+00 -8.785933852195739746e-01 -2.090222120285034180e+00 1.531203150749206543e+00 -5.955001115798950195e-01 -8.782813549041748047e-01 -6.306629180908203125e-01 -3.512944281101226807e-01 1.168488979339599609e+00 1.657312273979187012e+00 9.034828543663024902e-01 1.901155591011047363e+00 -6.727586984634399414e-01 -9.792357683181762695e-01 -3.156666159629821777e-01
-1.471243143081665039e+00 1.681987285614013672e+00 1.323257446289062500e+00 -1.430565834045410156e+00 1.863038182258605957e+00 -1.457016468048095703e+00 -8.958210945129394531e-01 -1.955522775650024414e+00 1.696294426918029785e+00 -9.406430125236511230e-01 -8.474110364913940430e-01 -4.073681831359863281e-01 -2.009699493646621704e-01 1.192384243011474609e+00 1.761166334152221680e+00 1.087276101112365723e+00 1.765200734138488770e+00 -6.611250638961791992e-01 -7.881045341491699219e-01 -3.431144952774047852e-01
-1.458099603652954102e+00 1.641422986984252930e+00 1.358771800994873047e+00 -1.288860440254211426e+00 2.033519268035888672e+00 -1.409589409828186035e+00 -8.543574810028076172e-01 -1.862128973007202148e+00 1.818335175514221191e+00 -1.121518015861511230e+00 -9.079591035842895508e-01 -3.265956640243530273e-01 -8.688428997993469238e-02 1.095630884170532227e+00 1.804413676261901855e+00 1.148898959159851074e+00 1.640484690666198730e+00 -6.083540916442871094e-01 -6.877639293670654297e-01 -3.597603440284729004e-01
-1.338223934173583984e+00 1.475504755973815918e+00 1.380285024642944336e+00 -1.096278548240661621e+00 2.147580385208129883e+00 -1.325567364692687988e+00 -7.309648990631103516e-01 -1.759313106536865234e+00 1.822087168693542480e+00 -1.138740181922912598e+00 -1.025697112083435059e+00 -3.385106921195983887e-01 1.209137961268424988e-02 8.975254297256469727e-01 1.813472628593444824e+00 1.113692522048950195e+00 1.497124791145324707e+00 -5.013600587844848633e-01 -6.164667606353759766e-01 -3.949140012264251709e-01
-1.162397265434265137e+00 1.324873805046081543e+00 1.428950309753417969e+00 -8.637768030166625977e-01 2.272382259368896484e+00 -1.359625339508056641e+00 -5.645591020584106445e-01 -1.766955733299255371e+00 1.884281158447265625e+00 -1.023210644721984863e+00 -1.191088914871215820e+00 -5.256508588790893555e-01 7.300592958927154541e-02 6.057955026626586914e-01 1.884450316429138184e+00 1.045297145843505859e+00 1.448207259178161621e+00 -4.483928978443145752e-01 -5.996647477149963379e-01 -4.315263032913208008e-01
-9.455750584602355957e-01 1.224681854248046875e+00 1.577836275100708008e+00 -6.780534982681274414e-01 2.401129245758056641e+00 -1.449405789375305176e+00 -4.394943714141845703e-01 -1.818066000938415527e+00 2.013460636138916016e+00 -8.020289540290832520e-01 -1.364563941955566406e+00 -8.386747241020202637e-01 1.250475496053695679e-01 1.835818886756896973e-01 2.024203300476074219e+00 9.901332259178161621e-01 1.436479210853576660e+00 -4.211126267910003662e-01 -7.038776278495788574e-01 -4.940034747123718262e-01
-7.791634202003479004e-01 1.168617129325866699e+00 1.794551134109497070e+00 -5.896642804145812988e-01 2.466757297515869141e+00 -1.550717115402221680e+00 -4.068959653377532959e-01 -1.844468593597412109e+00 2.140326738357543945e+00 -6.005195379257202148e-01 -1.513890743255615234e+00 -1.135796189308166504e+00 1.191207766532897949e-01 -1.509532183408737183e-01 2.101508140563964844e+00 9.074591994285583496e-01 1.462772011756896973e+00 -3.603372871875762939e-01 -8.841937184333801270e-01 -4.762989878654479980e-01
-6.632359027862548828e-01 1.135536789894104004e+00 1.941358804702758789e+00 -5.757366418838500977e-01 2.422114849090576172e+00 -1.573753595352172852e+00 -4.458292722702026367e-01 -1.818806290626525879e+00 2.144640922546386719e+00 -4.253153204917907715e-01 -1.553347945213317871e+00 -1.326207756996154785e+00 6.451711058616638184e-02 -3.617351651191711426e-01 2.111653804779052734e+00 8.254446387290954590e-01 1.477451562881469727e+00 -2.867905497550964355e-01 -1.041615962982177734e+00 -4.346071481704711914e-01
-6.271547079086303711e-01 1.111968994140625000e+00 2.039199829101562500e+00 -5.835812091827392578e-01 2.344438791275024414e+00 -1.541444897651672363e+00 -5.231260061264038086e-01 -1.757806539535522461e+00 2.082556486129760742e+00 -3.337446153163909912e-01 -1.541442275047302246e+00 -1.441524505615234375e+00 -3.336545079946517944e-03 -4.802600145339965820e-01 2.112700939178466797e+00 8.028754591941833496e-01 1.492280840873718262e+00 -2.000667452812194824e-01 -1.175842404365539551e+00 -3.545964360237121582e-01
-6.448755264282226562e-01 1.088865041732788086e+00 2.106721401214599609e+00 -5.898607373237609863e-01 2.247694969177246094e+00 -1.499419212341308594e+00 -5.974163413047790527e-01 -1.691152095794677734e+00 1.989333987236022949e+00 -2.782522439956665039e-01 -1.497901439666748047e+00 -1.497204303741455078e+00 -7.456894218921661377e-02 -5.402240753173828125e-01 2.108201026916503906e+00 8.211861252784729004e-01 1.494163036346435547e+00 -1.399786472320556641e-01 -1.283336162567138672e+00 -2.838169634342193604e-01
-6.993041038513183594e-01 1.057241082191467285e+00 2.157368421554565430e+00 -5.758919715881347656e-01 2.131456375122070312e+00 -1.447515964508056641e+00 -6.805405616760253906e-01 -1.605178236961364746e+00 1.858757615089416504e+00 -2.494807243347167969e-01 -1.425136446952819824e+00 -1.500828266143798828e+00 -1.450519263744354248e-01 -5.560309290885925293e-01 2.092942714691162109e+00 8.662129044532775879e-01 1.467617988586425781e+00 -9.633512794971466064e-02 -1.367368340492248535e+00 -2.149514257907867432e-01
-7.765526175498962402e-01 1.011427640914916992e+00 2.165617227554321289e+00 -5.306949615478515625e-01 1.989272236824035645e+00 -1.378045558929443359e+00 -7.774522304534912109e-01 -1.470807075500488281e+00 1.661198735237121582e+00 -2.595447897911071777e-01 -1.294186711311340332e+00 -1.417119145393371582e+00 -2.049138695001602173e-01 -5.134913325309753418e-01 2.054034709930419922e+00 9.363954067230224609e-01 1.393935799598693848e+00 -6.679224967956542969e-02 -1.397717118263244629e+00 -1.497653275728225708e-01
-8.562300205230712891e-01 9.681106805801391602e-01 2.094615459442138672e+00 -4.781604707241058350e-01 1.770737886428833008e+00 -1.256942629814147949e+00 -8.829426765441894531e-01 -1.225773453712463379e+00 1.387400507926940918e+00 -3.415009081363677979e-01 -1.027864098548889160e+00 -1.162034153938293457e+00 -2.490593940019607544e-01 -4.031483530998229980e-01 1.930096030235290527e+00 1.034590721130371094e+00 1.201298832893371582e+00 -4.346107318997383118e-02 -1.326494455337524414e+00 -1.128914803266525269e-01
-1.047903776168823242e+00 1.194893479347229004e+00 1.895441293716430664e+00 -6.613203287124633789e-01 1.474028348922729492e+00 -1.151262521743774414e+00 -1.255363702774047852e+00 -9.749798774719238281e-01 1.171515822410583496e+00 -5.720740556716918945e-01 -5.872666835784912109e-01 -6.849215626716613770e-01 -3.367585241794586182e-01 -1.137097030878067017e-01 1.906414747238159180e+00 1.321141958236694336e+00 1.038998484611511230e+00 -1.330375820398330688e-01 -1.193631768226623535e+00 -1.316604614257812500e-01
-1.286431312561035156e+00 1.472371220588684082e+00 1.743953943252563477e+00 -9.933041930198669434e-01 1.397814273834228516e+00 -1.140875339508056641e+00 -1.437973737716674805e+00 -1.032405972480773926e+00 1.282098054885864258e+00 -8.271693587303161621e-01 -3.943436443805694580e-01 -4.056249558925628662e-01 -3.769599497318267822e-01 3.035776615142822266e-01 1.918880462646484375e+00 1.526290655136108398e+00 1.156735658645629883e+00 -2.373155653476715088e-01 -1.067052364349365234e+00 -1.430336982011795044e-01
-1.385461807250976562e+00 1.635890245437622070e+00 1.630299806594848633e+00 -1.188928008079528809e+00 1.436070561408996582e+00 -1.186625242233276367e+00 -1.463768362998962402e+00 -1.156154751777648926e+00 1.455888628959655762e+00 -9.837113022804260254e-01 -3.391745984554290771e-01 -3.186326026916503906e-01 -3.293070793151855469e-01 5.277073979377746582e-01 1.918747067451477051e+00 1.587344884872436523e+00 1.307329535484313965e+00 -3.356156647205352783e-01 -9.821461439132690430e-01 -1.447801887989044189e-01
-1.423370599746704102e+00 1.694247722625732422e+00 1.570852756500244141e+00 -1.272623419761657715e+00 1.509198307991027832e+00 -1.263566017150878906e+00 -1.400446414947509766e+00 -1.288556575775146484e+00 1.578938603401184082e+00 -1.068479180335998535e+00 -3.453992605209350586e-01 -2.872726917266845703e-01 -2.422565072774887085e-01 6.549516320228576660e-01 1.932189226150512695e+00 1.587769269943237305e+00 1.389295578002929688e+00 -4.231941699981689453e-01 -9.067849516868591309e-01 -1.649408638477325439e-01
-1.373853921890258789e+00 1.658761024475097656e+00 1.536723852157592773e+00 -1.290624141693115234e+00 1.601296901702880859e+00 -1.373672723770141602e+00 -1.242209434509277344e+00 -1.428814530372619629e+00 1.687280654907226562e+00 -1.077900409698486328e+00 -4.061787128448486328e-01 -2.575131058692932129e-01 -9.837746620178222656e-02 7.256651520729064941e-01 1.902914404869079590e+00 1.495866298675537109e+00 1.368840098381042480e+00 -5.069639086723327637e-01 -8.007410168647766113e-01 -2.075755447149276733e-01
-1.265902996063232422e+00 1.527435779571533203e+00 1.554183483123779297e+00 -1.242155671119689941e+00 1.686508297920227051e+00 -1.515621781349182129e+00 -9.811123609542846680e-01 -1.591247439384460449e+00 1.741829633712768555e+00 -9.912602901458740234e-01 -5.090920925140380859e-01 -2.644636332988739014e-01 8.130446076393127441e-02 7.053823471069335938e-01 1.899678587913513184e+00 1.333309888839721680e+00 1.276390671730041504e+00 -6.030009388923645020e-01 -7.072493433952331543e-01 -2.646417021751403809e-01
-1.105595707893371582e+00 1.275704622268676758e+00 1.648668766021728516e+00 -1.108448386192321777e+00 1.682991743087768555e+00 -1.644769906997680664e+00 -6.742538809776306152e-01 -1.777576804161071777e+00 1.708373785018920898e+00 -6.978068947792053223e-01 -6.816812753677368164e-01 -4.948073625564575195e-01 2.266323268413543701e-01 5.024990439414978027e-01 1.909243583679199219e+00 1.055886149406433105e+00 1.220128297805786133e+00 -6.255161762237548828e-01 -7.684687376022338867e-01 -2.547894716262817383e-01
-8.910540342330932617e-01 1.123367190361022949e+00 1.808033943176269531e+00 -1.024366021156311035e+00 1.836674213409423828e+00 -1.794441342353820801e+00 -4.410412311553955078e-01 -2.024446487426757812e+00 1.872677445411682129e+00 -3.594397306442260742e-01 -9.859669208526611328e-01 -9.835498929023742676e-01 2.373484522104263306e-01 1.677159667015075684e-01 2.012691974639892578e+00 8.664336800575256348e-01 1.409876346588134766e+00 -5.788096785545349121e-01 -9.725437164306640625e-01 -2.402216494083404541e-01
-7.454510331153869629e-01 1.060803294181823730e+00 1.873889923095703125e+00 -1.051781535148620605e+00 1.893662214279174805e+00 -1.811044216156005859e+00 -3.453549742698669434e-01 -2.097217082977294922e+00 1.933698654174804688e+00 -1.430552303791046143e-01 -1.186142206192016602e+00 -1.295591473579406738e+00 1.666029393672943115e-01 -3.732024878263473511e-02 2.062409877777099609e+00 8.203925490379333496e-01 1.581422567367553711e+00 -5.063910484313964844e-01 -1.143737196922302246e+00 -2.709392607212066650e-01
-6.702967286109924316e-01 1.028031587600708008e+00 1.904784679412841797e+00 -1.140570402145385742e+00 1.863507509231567383e+00 -1.738922715187072754e+00 -3.499132990837097168e-01 -2.083175420761108398e+00 1.916984796524047852e+00 -5.235642194747924805e-03 -1.242824316024780273e+00 -1.456134319305419922e+00 4.300495609641075134e-02 -1.044329106807708740e-01 2.027750015258789062e+00 8.014178872108459473e-01 1.709526777267456055e+00 -4.185940027236938477e-01 -1.286760807037353516e+00 -2.871031463146209717e-01
-6.203969717025756836e-01 9.951583147048950195e-01 1.884547948837280273e+00 -1.220831751823425293e+00 1.759667515754699707e+00 -1.627749919891357422e+00 -3.627199828624725342e-01 -2.035851955413818359e+00 1.871062040328979492e+00 9.447317570447921753e-02 -1.260188579559326172e+00 -1.532258033752441406e+00 -8.722543716430664062e-02 -1.407419145107269287e-01 1.944865703582763672e+00 7.673429250717163086e-01 1.779445052146911621e+00 -3.313308358192443848e-01 -1.397977709770202637e+00 -3.073519170284271240e-01
-6.333863735198974609e-01 1.003036975860595703e+00 1.855574607849121094e+00 -1.331585884094238281e+00 1.634232282638549805e+00 -1.514850735664367676e+00 -4.070734083652496338e-01 -2.002164363861083984e+00 1.802573680877685547e+00 1.661361753940582275e-01 -1.227212667465209961e+00 -1.569222450256347656e+00 -2.227580994367599487e-01 -1.447036564350128174e-01 1.912025213241577148e+00 7.891532182693481445e-01 1.853404402732849121e+00 -2.740720510482788086e-01 -1.498345732688903809e+00 -3.455077409744262695e-01
-7.181848883628845215e-01 1.073393821716308594e+00 1.815049886703491211e+00 -1.472771763801574707e+00 1.474784255027770996e+00 -1.397517800331115723e+00 -5.023533701896667480e-01 -1.977040171623229980e+00 1.714867472648620605e+00 1.986926496028900146e-01 -1.145358204841613770e+00 -1.578674435615539551e+00 -3.685136437416076660e-01 -1.203260123729705811e-01 1.939153552055358887e+00 8.799807429313659668e-01 1.949169397354125977e+00 -2.392146140336990356e-01 -1.603638410568237305e+00 -3.918477296829223633e-01
-8.407372236251831055e-01 1.184810757637023926e+00 1.688760757446289062e+00 -1.627887725830078125e+00 1.260076045989990234e+00 -1.234243750572204590e+00 -6.291559934616088867e-01 -1.933894634246826172e+00 1.560965538024902344e+00 2.047309875488281250e-01 -9.878777265548706055e-01 -1.517773389816284180e+00 -5.281075835227966309e-01 -6.180703639984130859e-02 1.931231498718261719e+00 9.753138422966003418e-01 2.006146669387817383e+00 -2.417745292186737061e-01 -1.671325802803039551e+00 -4.445325732231140137e-01
-9.648524522781372070e-01 1.357509851455688477e+00 1.471506834030151367e+00 -1.761076927185058594e+00 1.029587149620056152e+00 -1.043978929519653320e+00 -7.771179080009460449e-01 -1.849436163902282715e+00 1.355875134468078613e+00 1.534024477005004883e-01 -7.607820034027099609e-01 -1.325735449790954590e+00 -6.831520795822143555e-01 4.915912449359893799e-02 1.836243271827697754e+00 1.022418975830078125e+00 1.961358070373535156e+00 -3.088395595550537109e-01 -1.649948239326477051e+00 -5.078502893447875977e-01
-1.144195795059204102e+00 1.569733738899230957e+00 1.401311397552490234e+00 -1.884547352790832520e+00 9.992912411689758301e-01 -9.389157295227050781e-01 -1.007636547088623047e+00 -1.764519214630126953e+00 1.311017632484436035e+00 -4.215233400464057922e-02 -5.573395490646362305e-01 -1.100324153900146484e+00 -7.692198753356933594e-01 2.589147686958312988e-01 1.783277034759521484e+00 1.129820466041564941e+00 1.960969805717468262e+00 -3.700129687786102295e-01 -1.625130772590637207e+00 -5.168965458869934082e-01
-1.333860397338867188e+00 1.801052689552307129e+00 1.416668891906738281e+00 -1.965008020401000977e+00 1.182891011238098145e+00 -9.604454040527343750e-01 -1.237238764762878418e+00 -1.759104490280151367e+00 1.465935587882995605e+00 -3.422768414020538330e-01 -4.756974279880523682e-01 -9.573590159416198730e-01 -7.922443151473999023e-01 4.722276926040649414e-01 1.853330016136169434e+00 1.325215101242065430e+00 2.079528331756591797e+00 -4.231326282024383545e-01 -1.584399461746215820e+00 -4.877322912216186523e-01
-1.447538495063781738e+00 1.893837332725524902e+00 1.386817693710327148e+00 -1.935982227325439453e+00 1.374282479286193848e+00 -1.020597338676452637e+00 -1.346602678298950195e+00 -1.792184472084045410e+00 1.607830643653869629e+00 -5.619057416915893555e-01 -4.507830142974853516e-01 -8.607683181762695312e-01 -7.045263051986694336e-01 6.560862064361572266e-01 1.879160642623901367e+00 1.405272483825683594e+00 2.139659166336059570e+00 -4.645967185497283936e-01 -1.453463315963745117e+00 -4.091177880764007568e-01
-1.465797901153564453e+00 1.930115580558776855e+00 1.315382957458496094e+00 -1.840451955795288086e+00 1.549934864044189453e+00 -1.123842120170593262e+00 -1.373479247093200684e+00 -1.838815212249755859e+00 1.718313813209533691e+00 -7.021905779838562012e-01 -4.362590909004211426e-01 -7.717838883399963379e-01 -5.466714501380920410e-01 8.099567890167236328e-01 1.839777946472167969e+00 1.370075464248657227e+00 2.130861520767211914e+00 -5.363210439682006836e-01 -1.266213178634643555e+00 -3.194784820079803467e-01
-1.387827396392822266e+00 1.889299035072326660e+00 1.215374231338500977e+00 -1.663231134414672852e+00 1.732150793075561523e+00 -1.277324080467224121e+00 -1.341212391853332520e+00 -1.893958806991577148e+00 1.795933365821838379e+00 -7.616489529609680176e-01 -4.191892147064208984e-01 -6.810124516487121582e-01 -2.937719225883483887e-01 9.154490232467651367e-01 1.761900424957275391e+00 1.259040713310241699e+00 2.038690805435180664e+00 -6.437217593193054199e-01 -1.018648028373718262e+00 -2.199380695819854736e-01
-1.283263921737670898e+00 1.868125200271606445e+00 1.215072393417358398e+00 -1.467988014221191406e+00 1.932963013648986816e+00 -1.451857209205627441e+00 -1.329249620437622070e+00 -1.968895077705383301e+00 1.902160525321960449e+00 -7.131784558296203613e-01 -4.668967723846435547e-01 -6.491494178771972656e-01 -1.033079922199249268e-01 8.897926211357116699e-01 1.770193338394165039e+00 1.146206021308898926e+00 1.951350092887878418e+00 -7.398752570152282715e-01 -8.809803724288940430e-01 -1.936468034982681274e-01
-1.080425262451171875e+00 1.743549108505249023e+00 1.244143247604370117e+00 -1.254636645317077637e+00 2.063387870788574219e+00 -1.559461355209350586e+00 -1.263582468032836914e+00 -1.967994809150695801e+00 1.960453271865844727e+00 -5.729482173919677734e-01 -4.882557690143585205e-01 -6.568139791488647461e-01 5.162105709314346313e-02 7.604866027832031250e-01 1.750838994979858398e+00 1.022032260894775391e+00 1.803928136825561523e+00 -7.990273833274841309e-01 -8.036859631538391113e-01 -1.799236834049224854e-01
-7.989655137062072754e-01 1.577788591384887695e+00 1.324889183044433594e+00 -1.005141377449035645e+00 2.196837663650512695e+00 -1.618837952613830566e+00 -1.207800507545471191e+00 -1.847813606262207031e+00 2.022747993469238281e+00 -4.245952367782592773e-01 -4.916796982288360596e-01 -7.323621511459350586e-01 1.694558262825012207e-01 4.779021739959716797e-01 1.749413847923278809e+00 9.255278706550598145e-01 1.625256419181823730e+00 -7.955666184425354004e-01 -7.780857682228088379e-01 -1.357247233390808105e-01
-6.344305276870727539e-01 1.503011822700500488e+00 1.519434452056884766e+00 -7.761695981025695801e-01 2.277873754501342773e+00 -1.658573508262634277e+00 -1.261626482009887695e+00 -1.634453773498535156e+00 2.033321380615234375e+00 -3.798339068889617920e-01 -5.239155292510986328e-01 -7.572649717330932617e-01 1.829478144645690918e-01 1.678866744041442871e-01 1.836877822875976562e+00 9.414906501770019531e-01 1.411081314086914062e+00 -7.159758806228637695e-01 -8.211308121681213379e-01 -1.256564110517501831e-01
-6.131533980369567871e-01 1.529583334922790527e+00 1.695024013519287109e+00 -6.638275384902954102e-01 2.267500638961791992e+00 -1.614751577377319336e+00 -1.390524625778198242e+00 -1.393516302108764648e+00 1.990180373191833496e+00 -4.520686268806457520e-01 -5.608854293823242188e-01 -7.330597043037414551e-01 8.235263079404830933e-02 -9.756407141685485840e-02 1.957795858383178711e+00 1.034412026405334473e+00 1.249760270118713379e+00 -5.814827680587768555e-01 -8.954106569290161133e-01 -1.283640712499618530e-01
-7.369794845581054688e-01 1.571927309036254883e+00 1.883103847503662109e+00 -6.696811914443969727e-01 2.273308038711547852e+00 -1.495845437049865723e+00 -1.598385214805603027e+00 -1.177652835845947266e+00 1.967824459075927734e+00 -6.549726724624633789e-01 -5.803632736206054688e-01 -7.035045623779296875e-01 -1.334291845560073853e-01 -2.083060890436172485e-01 2.105444431304931641e+00 1.264165401458740234e+00 1.229101419448852539e+00 -3.930998742580413818e-01 -1.040883183479309082e+00 -7.883915305137634277e-02
-9.016048908233642578e-01 1.605371236801147461e+00 2.008392095565795898e+00 -7.321396470069885254e-01 2.181299448013305664e+00 -1.285056471824645996e+00 -1.776788353919982910e+00 -8.844578266143798828e-01 1.900295615196228027e+00 -9.100484848022460938e-01 -5.408626198768615723e-01 -5.866666436195373535e-01 -3.953146934509277344e-01 -1.654534339904785156e-01 2.160918712615966797e+00 1.532287955284118652e+00 1.235489130020141602e+00 -1.808411180973052979e-01 -1.169938802719116211e+00 -5.974441394209861755e-02
-1.023992300033569336e+00 1.695974230766296387e+00 2.043667793273925781e+00 -8.756802082061767578e-01 2.099606752395629883e+00 -1.111192822456359863e+00 -1.829050421714782715e+00 -7.829248905181884766e-01 1.882796883583068848e+00 -1.047567844390869141e+00 -5.674269199371337891e-01 -5.087182521820068359e-01 -5.783990621566772461e-01 -1.509591192007064819e-01 2.212490558624267578e+00 1.685590386390686035e+00 1.273557186126708984e+00 -6.711419671773910522e-02 -1.279318332672119141e+00 -1.591861248016357422e-01
-1.151157021522521973e+00 1.789227008819580078e+00 1.999912261962890625e+00 -1.018604874610900879e+00 1.984705328941345215e+00 -9.625130891799926758e-01 -1.809051275253295898e+00 -7.712084650993347168e-01 1.846264362335205078e+00 -1.133070945739746094e+00 -6.180020570755004883e-01 -4.552030861377716064e-01 -7.087879180908203125e-01 -1.029291599988937378e-01 2.210973739624023438e+00 1.735811710357666016e+00 1.320119857788085938e+00 -9.508393704891204834e-03 -1.334061503410339355e+00 -2.685116231441497803e-01
-1.237459063529968262e+00 1.845083475112915039e+00 1.937405586242675781e+00 -1.122629523277282715e+00 1.887079715728759766e+00 -8.668179512023925781e-01 -1.748286247253417969e+00 -7.808881402015686035e-01 1.821018815040588379e+00 -1.202240228652954102e+00 -6.486548185348510742e-01 -4.014501273632049561e-01 -7.778248190879821777e-01 -2.998926490545272827e-02 2.171187877655029297e+00 1.745649337768554688e+00 1.353055953979492188e+00 1.026128977537155151e-02 -1.343818187713623047e+00 -3.591244816780090332e-01
-1.295267701148986816e+00 1.901713967323303223e+00 1.875920057296752930e+00 -1.192012310028076172e+00 1.853345036506652832e+00 -8.192864656448364258e-01 -1.694387197494506836e+00 -8.169823288917541504e-01 1.815374970436096191e+00 -1.263367772102355957e+00 -7.005439996719360352e-01 -3.450022935867309570e-01 -8.099239468574523926e-01 5.724375322461128235e-02 2.121317386627197266e+00 1.721772909164428711e+00 1.373666524887084961e+00 7.425479590892791748e-03 -1.323502302169799805e+00 -4.374494254589080811e-01
-1.317564964294433594e+00 1.955358266830444336e+00 1.825913429260253906e+00 -1.229565143585205078e+00 1.864652514457702637e+00 -8.089570999145507812e-01 -1.639928579330444336e+00 -8.500527143478393555e-01 1.845898509025573730e+00 -1.328744769096374512e+00 -7.597781419754028320e-01 -3.030377626419067383e-01 -8.067713379859924316e-01 1.256557554006576538e-01 2.072984218597412109e+00 1.688353657722473145e+00 1.394822239875793457e+00 2.411067485809326172e-03 -1.283245086669921875e+00 -5.045976638793945312e-01
-1.358368635177612305e+00 2.002780437469482422e+00 1.771450757980346680e+00 -1.249437570571899414e+00 1.887056112289428711e+00 -8.287473917007446289e-01 -1.576647877693176270e+00 -9.195104837417602539e-01 1.891834378242492676e+00 -1.397225260734558105e+00 -8.292077779769897461e-01 -2.738592028617858887e-01 -7.840957641601562500e-01 1.999365985393524170e-01 2.030173778533935547e+00 1.638089656829833984e+00 1.418058156967163086e+00 -2.251719310879707336e-02 -1.229911804199218750e+00 -5.481383204460144043e-01
-1.395430684089660645e+00 2.059923410415649414e+00 1.700660228729248047e+00 -1.259496808052062988e+00 1.950086116790771484e+00 -8.837941884994506836e-01 -1.511715650558471680e+00 -1.033544540405273438e+00 1.956050992012023926e+00 -1.465108513832092285e+00 -8.866313695907592773e-01 -2.436652183532714844e-01 -7.347152233123779297e-01 2.923576533794403076e-01 1.993619084358215332e+00 1.581493020057678223e+00 1.444898962974548340e+00 -8.583688735961914062e-02 -1.152153491973876953e+00 -5.855396389961242676e-01
