-9.273627400398254395e-01 1.480073809623718262e+00 1.481416225433349609e+00 -1.780677795410156250e+00 1.275289654731750488e+00 -1.179521322250366211e+00 -1.174521446228027344e+00 -1.414559364318847656e+00 1.308163285255432129e+00 -1.323013007640838623e-01 -5.833654403686523438e-01 -6.202080249786376953e-01 -7.830094695091247559e-01 7.664608955383300781e-01 1.542749881744384766e+00 1.116099834442138672e+00 1.834157586097717285e+00 -3.350655734539031982e-01 -1.321466088294982910e+00 -5.337017178535461426e-01
-5.940070152282714844e-01 1.529604077339172363e+00 1.438653707504272461e+00 -1.786030173301696777e+00 1.486017823219299316e+00 -1.204652309417724609e+00 -1.097636103630065918e+00 -1.362940073013305664e+00 1.587621092796325684e+00 -1.274821311235427856e-01 -5.281577110290527344e-01 -6.343097090721130371e-01 -6.730676889419555664e-01 5.266442894935607910e-01 1.555570483207702637e+00 1.021546125411987305e+00 1.813862562179565430e+00 -3.415370583534240723e-01 -1.206369280815124512e+00 -6.290232539176940918e-01
-3.160784840583801270e-01 1.559402108192443848e+00 1.484073877334594727e+00 -1.709181904792785645e+00 1.757097721099853516e+00 -1.277819514274597168e+00 -1.035427689552307129e+00 -1.341490983963012695e+00 1.883373618125915527e+00 -1.496647596359252930e-01 -5.147544145584106445e-01 -7.163404226303100586e-01 -5.477923750877380371e-01 2.713090479373931885e-01 1.601536989212036133e+00 9.706984758377075195e-01 1.817224025726318359e+00 -3.288054466247558594e-01 -1.142868399620056152e+00 -6.863397955894470215e-01
-1.351893693208694458e-01 1.569325089454650879e+00 1.499336242675781250e+00 -1.631202220916748047e+00 1.949627161026000977e+00 -1.312617063522338867e+00 -9.959029555320739746e-01 -1.318962574005126953e+00 2.075143098831176758e+00 -1.832437515258789062e-01 -5.061084628105163574e-01 -7.654279470443725586e-01 -4.359286427497863770e-01 8.937197923660278320e-02 1.624800801277160645e+00 9.410793781280517578e-01 1.799828648567199707e+00 -3.187115490436553955e-01 -1.083549618721008301e+00 -7.112075090408325195e-01
-4.048587754368782043e-02 1.561891794204711914e+00 1.490174174308776855e+00 -1.563727855682373047e+00 2.074082374572753906e+00 -1.324776768684387207e+00 -9.708921313285827637e-01 -1.309016823768615723e+00 2.183144807815551758e+00 -2.159409523010253906e-01 -5.086147785186767578e-01 -7.953269481658935547e-01 -3.581497967243194580e-01 -1.150898635387420654e-02 1.626594424247741699e+00 9.224046468734741211e-01 1.788819313049316406e+00 -3.090143203735351562e-01 -1.037305235862731934e+00 -7.069841623306274414e-01
-1.557638496160507202e-02 1.549893021583557129e+00 1.477425217628479004e+00 -1.517088413238525391e+00 2.139208793640136719e+00 -1.333723068237304688e+00 -9.561414718627929688e-01 -1.314136981964111328e+00 2.236157655715942383e+00 -2.390574514865875244e-01 -5.176350474357604980e-01 -8.138009905815124512e-01 -3.154014647006988525e-01 -4.940024763345718384e-02 1.621749520301818848e+00 9.223473072052001953e-01 1.793146729469299316e+00 -3.063301742076873779e-01 -1.012476682662963867e+00 -6.933827996253967285e-01
-4.576447233557701111e-02 1.527472734451293945e+00 1.446423172950744629e+00 -1.484877943992614746e+00 2.137320041656494141e+00 -1.329373717308044434e+00 -9.487375020980834961e-01 -1.329359173774719238e+00 2.235232830047607422e+00 -2.516765892505645752e-01 -5.263510346412658691e-01 -8.355453610420227051e-01 -2.973605394363403320e-01 -3.651831299066543579e-02 1.593008637428283691e+00 9.228026866912841797e-01 1.809523940086364746e+00 -3.062535524368286133e-01 -1.003422856330871582e+00 -6.531760692596435547e-01
-1.451957672834396362e-01 1.485699772834777832e+00 1.373538851737976074e+00 -1.466066360473632812e+00 2.033756971359252930e+00 -1.304639101028442383e+00 -9.227918982505798340e-01 -1.348917126655578613e+00 2.143176794052124023e+00 -2.698334455490112305e-01 -5.218476057052612305e-01 -8.372494578361511230e-01 -2.919600009918212891e-01 3.449075669050216675e-02 1.514191746711730957e+00 9.112973213195800781e-01 1.808391809463500977e+00 -3.097778856754302979e-01 -9.849733710289001465e-01 -5.772542357444763184e-01
-4.137017130851745605e-01 1.392909049987792969e+00 1.220369458198547363e+00 -1.429833054542541504e+00 1.679238557815551758e+00 -1.211223602294921875e+00 -8.519074916839599609e-01 -1.362954735755920410e+00 1.832235932350158691e+00 -3.115761876106262207e-01 -5.246587395668029785e-01 -7.965989112854003906e-01 -3.151177167892456055e-01 1.936871409416198730e-01 1.350924253463745117e+00 8.777873516082763672e-01 1.728012919425964355e+00 -3.228453397750854492e-01 -9.589598774909973145e-01 -4.253377914428710938e-01
-1.054981231689453125e+00 1.283350467681884766e+00 1.318678855895996094e+00 -1.256860613822937012e+00 1.162224531173706055e+00 -1.117974877357482910e+00 -8.355527520179748535e-01 -1.382880330085754395e+00 1.257627964019775391e+00 -4.518499076366424561e-01 -6.407657861709594727e-01 -6.983579993247985840e-01 -4.887135326862335205e-01 4.717824757099151611e-01 1.309497356414794922e+00 1.022029995918273926e+00 1.540663480758666992e+00 -3.069540262222290039e-01 -1.132645249366760254e+00 -2.716506719589233398e-01
-1.505738377571105957e+00 1.269605398178100586e+00 1.679896593093872070e+00 -1.102403521537780762e+00 1.107589244842529297e+00 -1.097506761550903320e+00 -9.489025473594665527e-01 -1.409855604171752930e+00 1.093165516853332520e+00 -6.003404259681701660e-01 -7.938700318336486816e-01 -7.516190409660339355e-01 -5.588712096214294434e-01 5.344372391700744629e-01 1.610616922378540039e+00 1.276934504508972168e+00 1.511087179183959961e+00 -2.601835429668426514e-01 -1.390174746513366699e+00 -2.467399239540100098e-01
-1.613666296005249023e+00 1.296369314193725586e+00 1.917422294616699219e+00 -1.024724841117858887e+00 1.176341652870178223e+00 -1.133359909057617188e+00 -9.973593354225158691e-01 -1.417638421058654785e+00 1.120134353637695312e+00 -6.478490829467773438e-01 -9.060556888580322266e-01 -8.055858016014099121e-01 -6.184910535812377930e-01 4.515671730041503906e-01 1.799265265464782715e+00 1.393506765365600586e+00 1.498021364212036133e+00 -2.116724103689193726e-01 -1.538997530937194824e+00 -3.193844854831695557e-01
-1.592276334762573242e+00 1.282010436058044434e+00 2.044338464736938477e+00 -9.472755193710327148e-01 1.214200854301452637e+00 -1.140075325965881348e+00 -1.004142880439758301e+00 -1.375800848007202148e+00 1.132139444351196289e+00 -6.375308632850646973e-01 -9.725219011306762695e-01 -8.403384685516357422e-01 -6.589786410331726074e-01 3.419386446475982666e-01 1.874039411544799805e+00 1.408541083335876465e+00 1.452898263931274414e+00 -1.618346422910690308e-01 -1.613430500030517578e+00 -3.722430765628814697e-01
-1.504099369049072266e+00 1.234674096107482910e+00 2.137137413024902344e+00 -8.640198707580566406e-01 1.252664089202880859e+00 -1.118716478347778320e+00 -9.889295697212219238e-01 -1.297864675521850586e+00 1.138555526733398438e+00 -6.020114421844482422e-01 -1.045867562294006348e+00 -8.760870099067687988e-01 -6.978665590286254883e-01 2.092335820198059082e-01 1.904387831687927246e+00 1.355432629585266113e+00 1.389846801757812500e+00 -9.932955354452133179e-02 -1.662419557571411133e+00 -4.005280733108520508e-01
-1.387016534805297852e+00 1.182579159736633301e+00 2.213776588439941406e+00 -7.889041304588317871e-01 1.308126211166381836e+00 -1.088333845138549805e+00 -9.719273447990417480e-01 -1.220957398414611816e+00 1.168860435485839844e+00 -5.496781468391418457e-01 -1.131487011909484863e+00 -9.321881532669067383e-01 -7.368375062942504883e-01 7.776496559381484985e-02 1.904742121696472168e+00 1.254147529602050781e+00 1.343697667121887207e+00 -2.699864283204078674e-02 -1.699425339698791504e+00 -4.033254981040954590e-01
-1.229910373687744141e+00 1.154065608978271484e+00 2.302118539810180664e+00 -7.320260405540466309e-01 1.431457757949829102e+00 -1.092161178588867188e+00 -9.445154070854187012e-01 -1.193590998649597168e+00 1.263118863105773926e+00 -4.802352488040924072e-01 -1.228784322738647461e+00 -1.034944772720336914e+00 -7.615482211112976074e-01 -1.110884174704551697e-01 1.924777388572692871e+00 1.133825421333312988e+00 1.326789855957031250e+00 1.752855256199836731e-02 -1.744616866111755371e+00 -4.099470376968383789e-01
-1.056261658668518066e+00 1.117923378944396973e+00 2.339655160903930664e+00 -6.816097497940063477e-01 1.586360573768615723e+00 -1.079307436943054199e+00 -8.960221409797668457e-01 -1.189509630203247070e+00 1.406392216682434082e+00 -4.164506196975708008e-01 -1.335692167282104492e+00 -1.169548034667968750e+00 -7.636591196060180664e-01 -3.167061507701873779e-01 1.931507229804992676e+00 1.009518384933471680e+00 1.342072248458862305e+00 5.541919544339179993e-02 -1.767783761024475098e+00 -3.950744867324829102e-01
-9.075533747673034668e-01 1.088085293769836426e+00 2.373759746551513672e+00 -6.505016088485717773e-01 1.798044323921203613e+00 -1.090219378471374512e+00 -8.390358686447143555e-01 -1.233499884605407715e+00 1.604088187217712402e+00 -3.903821408748626709e-01 -1.453531861305236816e+00 -1.315474987030029297e+00 -7.233594059944152832e-01 -4.858644306659698486e-01 2.006953001022338867e+00 9.096692800521850586e-01 1.397134661674499512e+00 7.241626083850860596e-02 -1.757372617721557617e+00 -3.559813797473907471e-01
-7.939881682395935059e-01 1.103839039802551270e+00 2.368648767471313477e+00 -6.785227060317993164e-01 1.976838827133178711e+00 -1.119961142539978027e+00 -8.260596394538879395e-01 -1.308391928672790527e+00 1.793507933616638184e+00 -3.726436197757720947e-01 -1.529284358024597168e+00 -1.425946116447448730e+00 -6.461161971092224121e-01 -6.140754818916320801e-01 2.115541458129882812e+00 8.639957904815673828e-01 1.459299087524414062e+00 3.558471426367759705e-02 -1.728244781494140625e+00 -3.141599297523498535e-01
-6.856101155281066895e-01 1.117598891258239746e+00 2.301136732101440430e+00 -6.991022229194641113e-01 2.126919031143188477e+00 -1.135359644889831543e+00 -8.142662048339843750e-01 -1.380894064903259277e+00 1.948833107948303223e+00 -3.582970499992370605e-01 -1.552305698394775391e+00 -1.503821969032287598e+00 -5.321600437164306641e-01 -7.040152549743652344e-01 2.185163736343383789e+00 8.153097629547119141e-01 1.498282432556152344e+00 -1.137728616595268250e-02 -1.650338172912597656e+00 -2.595456540584564209e-01
-6.220116615295410156e-01 1.133526444435119629e+00 2.178267955780029297e+00 -6.895526647567749023e-01 2.249012231826782227e+00 -1.148797035217285156e+00 -8.674363493919372559e-01 -1.452900409698486328e+00 2.066492557525634766e+00 -3.416688144207000732e-01 -1.506447076797485352e+00 -1.542263150215148926e+00 -3.848940134048461914e-01 -7.424278855323791504e-01 2.237010955810546875e+00 7.842605113983154297e-01 1.509416460990905762e+00 -5.684242025017738342e-02 -1.520285844802856445e+00 -1.709417104721069336e-01
-6.465748548507690430e-01 1.162324190139770508e+00 1.996109604835510254e+00 -6.735978722572326660e-01 2.260013103485107422e+00 -1.149379968643188477e+00 -9.437942504882812500e-01 -1.507687091827392578e+00 2.095708370208740234e+00 -3.362904787063598633e-01 -1.388530969619750977e+00 -1.509588956832885742e+00 -2.619939148426055908e-01 -7.112104892730712891e-01 2.259263277053833008e+00 8.023808002471923828e-01 1.483858942985534668e+00 -1.297321915626525879e-01 -1.367786288261413574e+00 -7.847730070352554321e-02
-7.375584244728088379e-01 1.190479397773742676e+00 1.770905256271362305e+00 -6.333696246147155762e-01 2.142685174942016602e+00 -1.117889881134033203e+00 -1.049144268035888672e+00 -1.548827409744262695e+00 1.992071747779846191e+00 -3.376905620098114014e-01 -1.184270024299621582e+00 -1.397660851478576660e+00 -1.716313958168029785e-01 -5.758374929428100586e-01 2.157311439514160156e+00 8.624894618988037109e-01 1.417611718177795410e+00 -2.003293782472610474e-01 -1.219457626342773438e+00 -1.334714889526367188e-02
-9.025273323059082031e-01 1.191106081008911133e+00 1.484305858612060547e+00 -6.039591431617736816e-01 1.931422710418701172e+00 -1.039495706558227539e+00 -1.099334955215454102e+00 -1.523707509040832520e+00 1.787854671478271484e+00 -4.514822661876678467e-01 -9.495448470115661621e-01 -1.154708385467529297e+00 -7.074040174484252930e-02 -2.929100096225738525e-01 2.011784553527832031e+00 9.531877040863037109e-01 1.308971047401428223e+00 -2.497248202562332153e-01 -9.917914867401123047e-01 5.501847714185714722e-02
-1.115177869796752930e+00 1.265900969505310059e+00 1.273773193359375000e+00 -7.433447241783142090e-01 1.689746618270874023e+00 -1.017398715019226074e+00 -1.008450269699096680e+00 -1.559665441513061523e+00 1.648935437202453613e+00 -6.628791093826293945e-01 -7.519245147705078125e-01 -8.771381974220275879e-01 -6.064664572477340698e-02 1.050098687410354614e-01 1.859407186508178711e+00 1.037352919578552246e+00 1.315180063247680664e+00 -2.945964932441711426e-01 -8.104905486106872559e-01 2.267765626311302185e-02
-1.321921229362487793e+00 1.415084123611450195e+00 1.245896697044372559e+00 -1.010745763778686523e+00 1.591510415077209473e+00 -1.096959710121154785e+00 -9.211656451225280762e-01 -1.631778120994567871e+00 1.658536911010742188e+00 -8.964049816131591797e-01 -6.499983668327331543e-01 -6.624831557273864746e-01 -8.953361958265304565e-02 4.590915441513061523e-01 1.821465134620666504e+00 1.138257384300231934e+00 1.400301098823547363e+00 -3.762144446372985840e-01 -7.386888265609741211e-01 -6.290677934885025024e-02
-1.428317785263061523e+00 1.595355510711669922e+00 1.312844514846801758e+00 -1.344121456146240234e+00 1.536699056625366211e+00 -1.217989325523376465e+00 -8.746402263641357422e-01 -1.671267509460449219e+00 1.693274378776550293e+00 -1.037572383880615234e+00 -5.939790606498718262e-01 -4.809543192386627197e-01 -1.805856227874755859e-01 7.454323172569274902e-01 1.823720335960388184e+00 1.265858650207519531e+00 1.525842666625976562e+00 -4.478488564491271973e-01 -7.677242755889892578e-01 -2.365504801273345947e-01
-1.464478373527526855e+00 1.747584104537963867e+00 1.402619600296020508e+00 -1.640141725540161133e+00 1.499410271644592285e+00 -1.298022389411926270e+00 -8.388838171958923340e-01 -1.663544178009033203e+00 1.713113546371459961e+00 -1.083749890327453613e+00 -5.580232143402099609e-01 -3.387258052825927734e-01 -3.264057934284210205e-01 9.371440410614013672e-01 1.812859296798706055e+00 1.379739761352539062e+00 1.650573492050170898e+00 -4.910276234149932861e-01 -8.535771965980529785e-01 -4.610138833522796631e-01
-1.445698857307434082e+00 1.823288083076477051e+00 1.484658598899841309e+00 -1.861881613731384277e+00 1.487846970558166504e+00 -1.304581642150878906e+00 -8.211872577667236328e-01 -1.648063421249389648e+00 1.742145180702209473e+00 -1.055647850036621094e+00 -5.899014472961425781e-01 -2.687124609947204590e-01 -4.871372878551483154e-01 1.023392200469970703e+00 1.767565250396728516e+00 1.432464599609375000e+00 1.749751806259155273e+00 -4.740396738052368164e-01 -9.729141592979431152e-01 -6.725771427154541016e-01
-1.403323054313659668e+00 1.864648103713989258e+00 1.534193634986877441e+00 -1.980247855186462402e+00 1.550979614257812500e+00 -1.290077805519104004e+00 -8.352196812629699707e-01 -1.657358050346374512e+00 1.800487160682678223e+00 -1.002871155738830566e+00 -6.717202663421630859e-01 -2.650703787803649902e-01 -6.155343055725097656e-01 1.033630609512329102e+00 1.744146227836608887e+00 1.445483207702636719e+00 1.836620211601257324e+00 -4.512178599834442139e-01 -1.076894998550415039e+00 -8.262766599655151367e-01
-1.299312114715576172e+00 1.851915717124938965e+00 1.533000230789184570e+00 -2.031969308853149414e+00 1.633265137672424316e+00 -1.240242481231689453e+00 -8.572930097579956055e-01 -1.628397226333618164e+00 1.840588688850402832e+00 -9.245172739028930664e-01 -7.369866967201232910e-01 -2.729242444038391113e-01 -6.979344487190246582e-01 1.000329613685607910e+00 1.702352166175842285e+00 1.409442901611328125e+00 1.885819673538208008e+00 -4.176947474479675293e-01 -1.130444049835205078e+00 -9.270831942558288574e-01
-1.167837262153625488e+00 1.803527593612670898e+00 1.508474349975585938e+00 -2.036949157714843750e+00 1.737213253974914551e+00 -1.172255635261535645e+00 -8.915007710456848145e-01 -1.576694965362548828e+00 1.879300355911254883e+00 -8.468819260597229004e-01 -7.841649651527404785e-01 -3.063197731971740723e-01 -7.351934909820556641e-01 9.389517307281494141e-01 1.677427530288696289e+00 1.359766364097595215e+00 1.931497097015380859e+00 -3.702096939086914062e-01 -1.145313739776611328e+00 -9.668365716934204102e-01
-1.039578795433044434e+00 1.725285887718200684e+00 1.436466932296752930e+00 -2.006437301635742188e+00 1.837031245231628418e+00 -1.090494155883789062e+00 -9.526705741882324219e-01 -1.511937022209167480e+00 1.897550821304321289e+00 -7.760639190673828125e-01 -7.909949421882629395e-01 -3.381451964378356934e-01 -7.166015505790710449e-01 8.835327625274658203e-01 1.657552838325500488e+00 1.305559992790222168e+00 1.959643840789794922e+00 -3.224094212055206299e-01 -1.107468843460083008e+00 -9.373123049736022949e-01
-9.407409429550170898e-01 1.633098244667053223e+00 1.343197345733642578e+00 -1.918018102645874023e+00 1.917991161346435547e+00 -1.031565785408020020e+00 -1.056655764579772949e+00 -1.442284584045410156e+00 1.892088890075683594e+00 -7.250135540962219238e-01 -7.375660538673400879e-01 -3.556951284408569336e-01 -6.475226879119873047e-01 8.606837987899780273e-01 1.636091232299804688e+00 1.273801088333129883e+00 1.967356920242309570e+00 -2.836917936801910400e-01 -1.036179304122924805e+00 -8.446563482284545898e-01
-9.089147448539733887e-01 1.492326378822326660e+00 1.232602357864379883e+00 -1.716955304145812988e+00 1.996212124824523926e+00 -9.786821603775024414e-01 -1.181430816650390625e+00 -1.387822747230529785e+00 1.876868724822998047e+00 -7.114202380180358887e-01 -6.513072848320007324e-01 -4.257919788360595703e-01 -4.905113875865936279e-01 8.261076211929321289e-01 1.665385127067565918e+00 1.280742049217224121e+00 1.968704342842102051e+00 -2.432264834642410278e-01 -9.159896373748779297e-01 -6.360532641410827637e-01
-9.627658724784851074e-01 1.325337171554565430e+00 1.176254272460937500e+00 -1.419685602188110352e+00 2.014860630035400391e+00 -9.302054643630981445e-01 -1.318940877914428711e+00 -1.381665229797363281e+00 1.836828589439392090e+00 -6.810066103935241699e-01 -5.701485276222229004e-01 -5.791239738464355469e-01 -2.973253428936004639e-01 7.538015246391296387e-01 1.707692146301269531e+00 1.311464905738830566e+00 1.942248106002807617e+00 -2.150808572769165039e-01 -8.437288999557495117e-01 -3.596929311752319336e-01
-1.043906092643737793e+00 1.214665889739990234e+00 1.172564268112182617e+00 -1.149289965629577637e+00 1.942470073699951172e+00 -9.636248350143432617e-01 -1.320591688156127930e+00 -1.405267596244812012e+00 1.754862904548645020e+00 -6.601892709732055664e-01 -4.946752488613128662e-01 -6.781127452850341797e-01 -1.008973792195320129e-01 6.661346554756164551e-01 1.774002671241760254e+00 1.319737315177917480e+00 1.810112476348876953e+00 -2.728604078292846680e-01 -7.820824384689331055e-01 -1.413249373435974121e-01
-1.178456306457519531e+00 1.147895216941833496e+00 1.243404865264892578e+00 -9.056159257888793945e-01 1.857737541198730469e+00 -1.002211809158325195e+00 -1.284754872322082520e+00 -1.435347080230712891e+00 1.704580903053283691e+00 -6.894202232360839844e-01 -5.509369373321533203e-01 -7.593578100204467773e-01 4.117387905716896057e-02 5.210222005844116211e-01 1.894843935966491699e+00 1.307306885719299316e+00 1.619092106819152832e+00 -3.081777989864349365e-01 -7.669730186462402344e-01 2.368541248142719269e-02
-1.265252470970153809e+00 1.107859969139099121e+00 1.293043732643127441e+00 -7.335923910140991211e-01 1.782697796821594238e+00 -1.014430403709411621e+00 -1.227541685104370117e+00 -1.439235806465148926e+00 1.642488837242126465e+00 -7.348082661628723145e-01 -6.255366802215576172e-01 -7.826334834098815918e-01 1.312662661075592041e-01 3.938328027725219727e-01 1.963240265846252441e+00 1.279827713966369629e+00 1.441800475120544434e+00 -3.349456191062927246e-01 -7.478798627853393555e-01 1.075612753629684448e-01
-1.296497106552124023e+00 1.075437545776367188e+00 1.344358682632446289e+00 -6.501775979995727539e-01 1.729683995246887207e+00 -1.005924105644226074e+00 -1.185509085655212402e+00 -1.423797130584716797e+00 1.587061166763305664e+00 -7.531651854515075684e-01 -6.707747578620910645e-01 -8.024092316627502441e-01 1.726113557815551758e-01 2.906721234321594238e-01 2.025774478912353516e+00 1.265706062316894531e+00 1.332062602043151855e+00 -3.321098387241363525e-01 -7.553585171699523926e-01 1.437800973653793335e-01
-1.296730875968933105e+00 1.046831607818603516e+00 1.425823450088500977e+00 -5.887097716331481934e-01 1.713978171348571777e+00 -1.033749103546142578e+00 -1.133085250854492188e+00 -1.411361575126647949e+00 1.564557671546936035e+00 -7.745721936225891113e-01 -7.164393067359924316e-01 -8.204513788223266602e-01 1.761185824871063232e-01 2.247929871082305908e-01 2.070612430572509766e+00 1.256802558898925781e+00 1.272841930389404297e+00 -2.973711192607879639e-01 -7.809285521507263184e-01 1.495869159698486328e-01
-1.293963909149169922e+00 1.043922185897827148e+00 1.495558857917785645e+00 -5.572901368141174316e-01 1.724393248558044434e+00 -1.088123917579650879e+00 -1.057215452194213867e+00 -1.432924628257751465e+00 1.562672138214111328e+00 -7.848855257034301758e-01 -7.691498398780822754e-01 -8.493579626083374023e-01 1.900979280471801758e-01 1.697120070457458496e-01 2.129468202590942383e+00 1.240866541862487793e+00 1.234322190284729004e+00 -3.036952316761016846e-01 -8.000622391700744629e-01 1.320403218269348145e-01
-1.248004198074340820e+00 1.021350145339965820e+00 1.559192061424255371e+00 -5.357061624526977539e-01 1.715761661529541016e+00 -1.148878097534179688e+00 -9.242030978202819824e-01 -1.439241528511047363e+00 1.549722790718078613e+00 -7.769833803176879883e-01 -8.145641088485717773e-01 -8.685332536697387695e-01 1.924784481525421143e-01 1.082230433821678162e-01 2.147134065628051758e+00 1.186730265617370605e+00 1.177199482917785645e+00 -3.174921870231628418e-01 -8.192525506019592285e-01 1.006935685873031616e-01
-1.134297013282775879e+00 9.855080246925354004e-01 1.618351101875305176e+00 -5.314599871635437012e-01 1.675879597663879395e+00 -1.223214507102966309e+00 -7.314863801002502441e-01 -1.416826725006103516e+00 1.523123741149902344e+00 -7.264181375503540039e-01 -8.597539663314819336e-01 -8.842806220054626465e-01 1.530955135822296143e-01 4.641010612249374390e-02 2.080566883087158203e+00 1.071371316909790039e+00 1.123258829116821289e+00 -3.416824340820312500e-01 -8.541581630706787109e-01 4.533918201923370361e-02
-1.026874065399169922e+00 1.003925204277038574e+00 1.799041032791137695e+00 -5.963495373725891113e-01 1.576279044151306152e+00 -1.313971757888793945e+00 -6.093264818191528320e-01 -1.407561302185058594e+00 1.518455624580383301e+00 -5.566041469573974609e-01 -9.310343265533447266e-01 -9.699963927268981934e-01 -7.299029827117919922e-02 7.843997329473495483e-03 1.935932636260986328e+00 9.793847799301147461e-01 1.194291114807128906e+00 -3.393385112285614014e-01 -1.096140265464782715e+00 -1.153863891959190369e-01
-9.257408976554870605e-01 1.041136980056762695e+00 1.934043169021606445e+00 -7.496605515480041504e-01 1.407992839813232422e+00 -1.317095994949340820e+00 -6.257107257843017578e-01 -1.335512280464172363e+00 1.431442499160766602e+00 -3.353491127490997314e-01 -9.450314044952392578e-01 -1.013241648674011230e+00 -3.750180602073669434e-01 2.665163576602935791e-02 1.716306090354919434e+00 9.263970851898193359e-01 1.305117011070251465e+00 -2.753662168979644775e-01 -1.388052225112915039e+00 -2.877357900142669678e-01
-8.517494797706604004e-01 1.111049652099609375e+00 1.997703075408935547e+00 -9.336892366409301758e-01 1.257299304008483887e+00 -1.263155341148376465e+00 -7.095656394958496094e-01 -1.276935577392578125e+00 1.357263684272766113e+00 -1.750711947679519653e-01 -9.315633177757263184e-01 -1.026467561721801758e+00 -6.283866763114929199e-01 6.035213917493820190e-02 1.541104912757873535e+00 8.943904638290405273e-01 1.413983702659606934e+00 -2.127061933279037476e-01 -1.602138519287109375e+00 -4.134840965270996094e-01
-8.680192828178405762e-01 1.164321660995483398e+00 2.003529071807861328e+00 -1.129496455192565918e+00 1.192596673965454102e+00 -1.251384615898132324e+00 -8.150029182434082031e-01 -1.330798983573913574e+00 1.304624319076538086e+00 -4.268029704689979553e-02 -9.460365176200866699e-01 -1.061564803123474121e+00 -7.987895011901855469e-01 1.716787517070770264e-01 1.494951128959655762e+00 9.030835628509521484e-01 1.569205999374389648e+00 -1.894931644201278687e-01 -1.725782513618469238e+00 -4.671232104301452637e-01
-9.203702807426452637e-01 1.238627433776855469e+00 1.966936111450195312e+00 -1.270596146583557129e+00 1.135091662406921387e+00 -1.274671912193298340e+00 -9.318822622299194336e-01 -1.402678251266479492e+00 1.258758425712585449e+00 4.046404361724853516e-02 -9.193941354751586914e-01 -1.070538043975830078e+00 -8.796914219856262207e-01 2.876829504966735840e-01 1.504968762397766113e+00 9.311773777008056641e-01 1.679421663284301758e+00 -2.184300571680068970e-01 -1.774361491203308105e+00 -4.692841768264770508e-01
-9.778772592544555664e-01 1.291416406631469727e+00 1.912767887115478516e+00 -1.360466957092285156e+00 1.103461861610412598e+00 -1.315850615501403809e+00 -1.057101964950561523e+00 -1.458932161331176758e+00 1.225575208663940430e+00 8.616461604833602905e-02 -8.459429740905761719e-01 -1.047011137008666992e+00 -8.676250576972961426e-01 4.148360192775726318e-01 1.543064594268798828e+00 9.815051555633544922e-01 1.744975447654724121e+00 -2.661895751953125000e-01 -1.753179669380187988e+00 -4.266853630542755127e-01
-1.019092082977294922e+00 1.321202039718627930e+00 1.841761946678161621e+00 -1.417278409004211426e+00 1.082003355026245117e+00 -1.356246113777160645e+00 -1.165484309196472168e+00 -1.487117648124694824e+00 1.185526251792907715e+00 1.093535199761390686e-01 -7.439370751380920410e-01 -9.886689782142639160e-01 -7.974087595939636230e-01 5.276203155517578125e-01 1.578323483467102051e+00 1.035188436508178711e+00 1.752857327461242676e+00 -3.197264671325683594e-01 -1.679916858673095703e+00 -3.693107962608337402e-01
-1.029770016670227051e+00 1.332383632659912109e+00 1.766717076301574707e+00 -1.442844629287719727e+00 1.089135766029357910e+00 -1.405612826347351074e+00 -1.241044998168945312e+00 -1.491218209266662598e+00 1.167770504951477051e+00 1.057943031191825867e-01 -6.309527754783630371e-01 -9.040271043777465820e-01 -6.808984875679016113e-01 6.206042766571044922e-01 1.613635182380676270e+00 1.083141446113586426e+00 1.717975497245788574e+00 -3.751515746116638184e-01 -1.559378504753112793e+00 -3.133697211742401123e-01
-1.010058403015136719e+00 1.343870520591735840e+00 1.710380315780639648e+00 -1.453090429306030273e+00 1.150133013725280762e+00 -1.464597702026367188e+00 -1.290825963020324707e+00 -1.481584668159484863e+00 1.204114198684692383e+00 6.968355923891067505e-02 -5.309540629386901855e-01 -8.053234815597534180e-01 -5.372396707534790039e-01 6.815751791000366211e-01 1.666462898254394531e+00 1.120850563049316406e+00 1.665097594261169434e+00 -4.187774062156677246e-01 -1.414296388626098633e+00 -2.859645187854766846e-01
-9.211359024047851562e-01 1.369197726249694824e+00 1.675375461578369141e+00 -1.457508921623229980e+00 1.309211850166320801e+00 -1.554488778114318848e+00 -1.285249829292297363e+00 -1.467539072036743164e+00 1.345565199851989746e+00 -5.017854273319244385e-03 -4.427180290222167969e-01 -7.011675238609313965e-01 -3.533350825309753418e-01 6.910095214843750000e-01 1.738815665245056152e+00 1.158423185348510742e+00 1.614387154579162598e+00 -4.612211883068084717e-01 -1.228851318359375000e+00 -3.145073950290679932e-01
-6.839276552200317383e-01 1.393123984336853027e+00 1.597921848297119141e+00 -1.444502472877502441e+00 1.607983350753784180e+00 -1.618225455284118652e+00 -1.198342323303222656e+00 -1.406337141990661621e+00 1.618845939636230469e+00 -1.280321329832077026e-01 -3.405354022979736328e-01 -5.709161162376403809e-01 -8.441689610481262207e-02 5.977742671966552734e-01 1.796789765357971191e+00 1.175737857818603516e+00 1.527509450912475586e+00 -5.178119540214538574e-01 -9.576719403266906738e-01 -4.066644310951232910e-01
-3.637470006942749023e-01 1.437952399253845215e+00 1.613307476043701172e+00 -1.414011120796203613e+00 2.090821981430053711e+00 -1.595311284065246582e+00 -1.106098294258117676e+00 -1.343732595443725586e+00 2.004255533218383789e+00 -3.039143383502960205e-01 -3.359572589397430420e-01 -4.923201501369476318e-01 1.097857207059860229e-01 3.380637764930725098e-01 1.868446350097656250e+00 1.166816830635070801e+00 1.457482695579528809e+00 -5.182034969329833984e-01 -7.697455286979675293e-01 -5.709325075149536133e-01
-1.383882015943527222e-01 1.478988528251647949e+00 1.659467458724975586e+00 -1.244726896286010742e+00 2.449092864990234375e+00 -1.526197552680969238e+00 -9.378759264945983887e-01 -1.275907039642333984e+00 2.277933120727539062e+00 -4.762529730796813965e-01 -5.008352994918823242e-01 -5.248690247535705566e-01 1.137328073382377625e-01 3.506214171648025513e-02 1.895835518836975098e+00 1.105173468589782715e+00 1.429704904556274414e+00 -4.490438401699066162e-01 -7.350307703018188477e-01 -7.126922011375427246e-01
-6.690809875726699829e-02 1.498650074005126953e+00 1.701879620552062988e+00 -1.080145716667175293e+00 2.555576086044311523e+00 -1.406439900398254395e+00 -8.009404540061950684e-01 -1.216922044754028320e+00 2.379580497741699219e+00 -5.762861967086791992e-01 -7.146205902099609375e-01 -6.146562695503234863e-01 6.979089230298995972e-03 -2.274082005023956299e-01 1.905177593231201172e+00 1.017687320709228516e+00 1.396767973899841309e+00 -3.603890836238861084e-01 -8.107050657272338867e-01 -8.019577264785766602e-01
-1.028607115149497986e-01 1.526195406913757324e+00 1.712574839591979980e+00 -1.029381275177001953e+00 2.545456171035766602e+00 -1.329394459724426270e+00 -7.647781968116760254e-01 -1.222760558128356934e+00 2.416776895523071289e+00 -6.120817661285400391e-01 -8.314632773399353027e-01 -7.132658958435058594e-01 -8.241792768239974976e-02 -3.722249567508697510e-01 1.925845861434936523e+00 1.008774042129516602e+00 1.423095703125000000e+00 -3.269952833652496338e-01 -8.997136950492858887e-01 -8.343201875686645508e-01
-1.492562294006347656e-01 1.524121880531311035e+00 1.706290602684020996e+00 -9.808942079544067383e-01 2.494504451751708984e+00 -1.264610052108764648e+00 -7.525677680969238281e-01 -1.241275310516357422e+00 2.400734424591064453e+00 -6.123560667037963867e-01 -9.099751710891723633e-01 -7.950089573860168457e-01 -1.473737359046936035e-01 -4.678684175014495850e-01 1.921609759330749512e+00 9.912497997283935547e-01 1.428820490837097168e+00 -2.928424477577209473e-01 -9.599319100379943848e-01 -8.231034874916076660e-01
-2.180578112602233887e-01 1.491520404815673828e+00 1.690783858299255371e+00 -9.330463409423828125e-01 2.425371885299682617e+00 -1.199495315551757812e+00 -7.368365526199340820e-01 -1.274817943572998047e+00 2.349524736404418945e+00 -6.019209027290344238e-01 -9.863836169242858887e-01 -8.685297966003417969e-01 -1.944844722747802734e-01 -5.271748304367065430e-01 1.903100252151489258e+00 9.638543128967285156e-01 1.416829466819763184e+00 -2.550422847270965576e-01 -9.967380762100219727e-01 -7.769284248352050781e-01
-3.074862062931060791e-01 1.424339294433593750e+00 1.655302047729492188e+00 -8.725495934486389160e-01 2.321277618408203125e+00 -1.117241621017456055e+00 -7.154044508934020996e-01 -1.304483056068420410e+00 2.245841026306152344e+00 -5.862703919410705566e-01 -1.052252173423767090e+00 -9.314786791801452637e-01 -2.295406460762023926e-01 -5.645239949226379395e-01 1.865705609321594238e+00 9.302135705947875977e-01 1.380581140518188477e+00 -2.118402868509292603e-01 -1.013872742652893066e+00 -6.983875036239624023e-01
-4.398373961448669434e-01 1.316930532455444336e+00 1.580194354057312012e+00 -7.841336727142333984e-01 2.162435293197631836e+00 -1.007067918777465820e+00 -6.941552758216857910e-01 -1.329303741455078125e+00 2.057595968246459961e+00 -5.607230663299560547e-01 -1.126222133636474609e+00 -9.843133687973022461e-01 -2.706322371959686279e-01 -5.530914068222045898e-01 1.816705942153930664e+00 8.833299875259399414e-01 1.325381278991699219e+00 -1.654156148433685303e-01 -1.015151619911193848e+00 -5.695785284042358398e-01
-6.244174242019653320e-01 1.159437656402587891e+00 1.507502675056457520e+00 -6.907638311386108398e-01 1.924358367919921875e+00 -8.887064456939697266e-01 -6.773435473442077637e-01 -1.350183725357055664e+00 1.789794325828552246e+00 -5.168139338493347168e-01 -1.212107181549072266e+00 -1.056654334068298340e+00 -3.146062493324279785e-01 -4.919299781322479248e-01 1.772931575775146484e+00 8.153289556503295898e-01 1.267432570457458496e+00 -9.844985604286193848e-02 -1.033586263656616211e+00 -3.543336093425750732e-01
-8.759414553642272949e-01 1.016460657119750977e+00 1.432263493537902832e+00 -6.463611125946044922e-01 1.661714553833007812e+00 -7.687212228775024414e-01 -7.514332532882690430e-01 -1.377737164497375488e+00 1.536420702934265137e+00 -4.709203839302062988e-01 -1.224838137626647949e+00 -1.153957724571228027e+00 -3.520485162734985352e-01 -3.841605484485626221e-01 1.776309490203857422e+00 8.023965358734130859e-01 1.282649278640747070e+00 -4.800072312355041504e-02 -1.097918987274169922e+00 -6.524016708135604858e-02
-1.116403818130493164e+00 9.187740087509155273e-01 1.404674410820007324e+00 -6.207665801048278809e-01 1.460735201835632324e+00 -7.383921146392822266e-01 -8.582714200019836426e-01 -1.448083281517028809e+00 1.324877977371215820e+00 -4.235373437404632568e-01 -1.199427843093872070e+00 -1.226039171218872070e+00 -3.953079879283905029e-01 -2.296982407569885254e-01 1.766355156898498535e+00 8.348802328109741211e-01 1.333154678344726562e+00 -1.284369826316833496e-02 -1.188458681106567383e+00 1.674642860889434814e-01
-1.286483883857727051e+00 8.615897297859191895e-01 1.407095789909362793e+00 -6.377190947532653809e-01 1.323264360427856445e+00 -7.444133758544921875e-01 -9.597666263580322266e-01 -1.499811410903930664e+00 1.190907955169677734e+00 -3.900088965892791748e-01 -1.155096769332885742e+00 -1.251795649528503418e+00 -4.628393352031707764e-01 -6.098117679357528687e-02 1.706497311592102051e+00 8.832225799560546875e-01 1.406892895698547363e+00 3.577156737446784973e-02 -1.277323961257934570e+00 2.949368953704833984e-01
-1.425316810607910156e+00 8.634835481643676758e-01 1.430518031120300293e+00 -7.221492528915405273e-01 1.212036490440368652e+00 -7.837575078010559082e-01 -1.043726205825805664e+00 -1.533743143081665039e+00 1.094704985618591309e+00 -3.821105062961578369e-01 -1.104923129081726074e+00 -1.232114315032958984e+00 -5.350561141967773438e-01 1.174941435456275940e-01 1.666229367256164551e+00 9.592392444610595703e-01 1.493051528930664062e+00 5.124330148100852966e-02 -1.348721742630004883e+00 3.453880548477172852e-01
-1.495304584503173828e+00 9.074926376342773438e-01 1.466138005256652832e+00 -8.500120043754577637e-01 1.152580738067626953e+00 -8.255183100700378418e-01 -1.123362660408020020e+00 -1.546033501625061035e+00 1.056344628334045410e+00 -3.861891031265258789e-01 -1.035806655883789062e+00 -1.214129328727722168e+00 -6.066438555717468262e-01 2.420661449432373047e-01 1.643666505813598633e+00 1.064689636230468750e+00 1.605726242065429688e+00 5.973239615559577942e-02 -1.424251675605773926e+00 3.376556634902954102e-01
-1.500955820083618164e+00 9.614716172218322754e-01 1.442429661750793457e+00 -9.966472387313842773e-01 1.082349300384521484e+00 -8.151041269302368164e-01 -1.173469781875610352e+00 -1.505851984024047852e+00 1.008658766746520996e+00 -3.992054462432861328e-01 -9.231076240539550781e-01 -1.142632365226745605e+00 -6.764343380928039551e-01 3.335418105125427246e-01 1.581441998481750488e+00 1.148630380630493164e+00 1.675623416900634766e+00 5.189579352736473083e-02 -1.456954479217529297e+00 2.808189094066619873e-01
-1.432150363922119141e+00 1.049534440040588379e+00 1.366714596748352051e+00 -1.149155497550964355e+00 1.038185119628906250e+00 -7.589716911315917969e-01 -1.185532569885253906e+00 -1.413324356079101562e+00 9.816359877586364746e-01 -4.323750734329223633e-01 -7.697966098785400391e-01 -1.016303420066833496e+00 -7.070423960685729980e-01 3.990589976310729980e-01 1.502116084098815918e+00 1.185719251632690430e+00 1.692186951637268066e+00 -6.876904517412185669e-03 -1.427608013153076172e+00 1.868907213211059570e-01
-1.292922735214233398e+00 1.216840744018554688e+00 1.267146706581115723e+00 -1.325911283493041992e+00 1.073774933815002441e+00 -7.031868100166320801e-01 -1.134984612464904785e+00 -1.322127461433410645e+00 1.066899418830871582e+00 -5.057499408721923828e-01 -5.984104275703430176e-01 -8.715573549270629883e-01 -6.907121539115905762e-01 3.944093585014343262e-01 1.459722042083740234e+00 1.189561724662780762e+00 1.691653966903686523e+00 -1.260716766119003296e-01 -1.360179901123046875e+00 -2.033852040767669678e-03
-1.158334016799926758e+00 1.349175572395324707e+00 1.192976117134094238e+00 -1.475214362144470215e+00 1.157943248748779297e+00 -6.847092509269714355e-01 -1.060015082359313965e+00 -1.310252189636230469e+00 1.209054946899414062e+00 -5.455927848815917969e-01 -4.866563975811004639e-01 -7.707633376121520996e-01 -6.325588226318359375e-01 3.644088208675384521e-01 1.460742712020874023e+00 1.176575422286987305e+00 1.685871362686157227e+00 -2.386424690485000610e-01 -1.279645681381225586e+00 -1.973284482955932617e-01
-1.036825299263000488e+00 1.513539671897888184e+00 1.206539511680603027e+00 -1.559149503707885742e+00 1.258792519569396973e+00 -7.547104358673095703e-01 -9.937680363655090332e-01 -1.305457115173339844e+00 1.397836923599243164e+00 -6.131737232208251953e-01 -4.099260866641998291e-01 -6.466125845909118652e-01 -5.776697397232055664e-01 3.168475031852722168e-01 1.464342355728149414e+00 1.180776119232177734e+00 1.626119732856750488e+00 -3.219228088855743408e-01 -1.185589790344238281e+00 -4.269885420799255371e-01
-9.533398747444152832e-01 1.663634300231933594e+00 1.224908828735351562e+00 -1.571967720985412598e+00 1.331310153007507324e+00 -8.307226896286010742e-01 -9.278171062469482422e-01 -1.300592660903930664e+00 1.547203779220581055e+00 -7.080147862434387207e-01 -3.693895637989044189e-01 -5.302057862281799316e-01 -5.021280050277709961e-01 2.407068908214569092e-01 1.513648033142089844e+00 1.199584007263183594e+00 1.524573445320129395e+00 -3.877055048942565918e-01 -1.078120946884155273e+00 -6.183588504791259766e-01
-9.144409894943237305e-01 1.775601029396057129e+00 1.263749957084655762e+00 -1.527901053428649902e+00 1.371047019958496094e+00 -9.214127063751220703e-01 -8.374904990196228027e-01 -1.313643693923950195e+00 1.677636146545410156e+00 -8.215658068656921387e-01 -4.050656259059906006e-01 -4.822675287723541260e-01 -4.105418324470520020e-01 1.360164880752563477e-01 1.615458607673645020e+00 1.203613042831420898e+00 1.437999129295349121e+00 -4.145301878452301025e-01 -9.821714162826538086e-01 -7.315359115600585938e-01
-9.001501202583312988e-01 1.850355505943298340e+00 1.290334820747375488e+00 -1.390882015228271484e+00 1.339053153991699219e+00 -1.037669777870178223e+00 -7.319213151931762695e-01 -1.314850211143493652e+00 1.731719970703125000e+00 -9.050692915916442871e-01 -4.735839962959289551e-01 -4.587989151477813721e-01 -2.912289202213287354e-01 2.648238092660903931e-02 1.730109095573425293e+00 1.161867141723632812e+00 1.296590089797973633e+00 -4.691129028797149658e-01 -8.735696673393249512e-01 -7.589540481567382812e-01
-9.061304926872253418e-01 1.809340715408325195e+00 1.332973122596740723e+00 -1.137217521667480469e+00 1.269562244415283203e+00 -1.106977224349975586e+00 -6.412959694862365723e-01 -1.279199242591857910e+00 1.691362500190734863e+00 -9.425501823425292969e-01 -5.753355622291564941e-01 -4.649872779846191406e-01 -1.726748645305633545e-01 -8.201865106821060181e-02 1.798629999160766602e+00 1.093136072158813477e+00 1.103560566902160645e+00 -4.954046905040740967e-01 -7.944855690002441406e-01 -7.026981115341186523e-01
-9.442542791366577148e-01 1.668057441711425781e+00 1.450218915939331055e+00 -8.296418786048889160e-01 1.327019691467285156e+00 -1.185401558876037598e+00 -6.015540957450866699e-01 -1.267295002937316895e+00 1.647861599922180176e+00 -9.624785184860229492e-01 -7.065851688385009766e-01 -5.228350758552551270e-01 -6.575229763984680176e-02 -1.485111117362976074e-01 1.863601684570312500e+00 1.045111417770385742e+00 9.571732282638549805e-01 -4.549905061721801758e-01 -7.555451393127441406e-01 -5.607615113258361816e-01
-1.025903582572937012e+00 1.495208382606506348e+00 1.656693458557128906e+00 -6.241442561149597168e-01 1.506259322166442871e+00 -1.282677054405212402e+00 -6.601569652557373047e-01 -1.342662930488586426e+00 1.675667881965637207e+00 -9.147349596023559570e-01 -8.591370582580566406e-01 -6.873444914817810059e-01 1.488856971263885498e-03 -1.821834743022918701e-01 2.021258592605590820e+00 1.065556645393371582e+00 9.543416500091552734e-01 -4.019221663475036621e-01 -8.225736618041992188e-01 -3.895661830902099609e-01
-1.099116086959838867e+00 1.352733373641967773e+00 1.818883895874023438e+00 -5.046964287757873535e-01 1.703455448150634766e+00 -1.350336670875549316e+00 -7.252231836318969727e-01 -1.445116281509399414e+00 1.738464832305908203e+00 -8.513562679290771484e-01 -9.871361851692199707e-01 -8.766114115715026855e-01 3.040575794875621796e-02 -2.134076654911041260e-01 2.167314291000366211e+00 1.098410606384277344e+00 1.040925860404968262e+00 -3.679661154747009277e-01 -9.206361174583435059e-01 -2.501219213008880615e-01
-1.131958603858947754e+00 1.198215484619140625e+00 1.941514730453491211e+00 -3.993533551692962646e-01 1.874812602996826172e+00 -1.389630913734436035e+00 -7.598679065704345703e-01 -1.516754746437072754e+00 1.784840822219848633e+00 -7.775774002075195312e-01 -1.094229578971862793e+00 -1.048904895782470703e+00 5.527487397193908691e-02 -2.570829987525939941e-01 2.271500587463378906e+00 1.106182813644409180e+00 1.115915179252624512e+00 -3.344899713993072510e-01 -1.000043511390686035e+00 -1.215904280543327332e-01
-1.139125466346740723e+00 1.052924990653991699e+00 2.052160024642944336e+00 -3.239863514900207520e-01 2.031648874282836914e+00 -1.428059935569763184e+00 -7.858408689498901367e-01 -1.581353664398193359e+00 1.839072823524475098e+00 -6.923243403434753418e-01 -1.207326650619506836e+00 -1.233682036399841309e+00 7.931287586688995361e-02 -3.152852356433868408e-01 2.356766939163208008e+00 1.092288017272949219e+00 1.210933089256286621e+00 -2.965528666973114014e-01 -1.090706825256347656e+00 9.303623810410499573e-03
-1.107728838920593262e+00 9.114223122596740723e-01 2.134510040283203125e+00 -2.837409675121307373e-01 2.175376176834106445e+00 -1.436838626861572266e+00 -8.006355166435241699e-01 -1.606109380722045898e+00 1.883011698722839355e+00 -6.055962443351745605e-01 -1.303436994552612305e+00 -1.390246629714965820e+00 1.028131991624832153e-01 -3.818268775939941406e-01 2.412684917449951172e+00 1.077397942543029785e+00 1.298501014709472656e+00 -2.560926973819732666e-01 -1.170303583145141602e+00 1.194040328264236450e-01
-9.893385767936706543e-01 7.993839383125305176e-01 2.165068864822387695e+00 -3.129452764987945557e-01 2.254421472549438477e+00 -1.392804026603698730e+00 -7.752771973609924316e-01 -1.555542111396789551e+00 1.910275340080261230e+00 -5.088649988174438477e-01 -1.343621253967285156e+00 -1.477135539054870605e+00 9.220056235790252686e-02 -4.671411216259002686e-01 2.379641294479370117e+00 1.024038314819335938e+00 1.355962157249450684e+00 -2.016335874795913696e-01 -1.230781674385070801e+00 1.514046639204025269e-01
-8.481445312500000000e-01 8.118894100189208984e-01 2.121976375579833984e+00 -4.534544646739959717e-01 2.185220956802368164e+00 -1.259222030639648438e+00 -8.217089772224426270e-01 -1.458167672157287598e+00 1.919570922851562500e+00 -4.082633554935455322e-01 -1.284980058670043945e+00 -1.507622599601745605e+00 -3.818041086196899414e-02 -5.341287255287170410e-01 2.220037937164306641e+00 9.577711820602416992e-01 1.432147622108459473e+00 -1.337749511003494263e-01 -1.337320327758789062e+00 1.006369888782501221e-01
-6.847005486488342285e-01 8.689294457435607910e-01 1.953331589698791504e+00 -6.595404744148254395e-01 2.013310909271240234e+00 -1.047956347465515137e+00 -8.581867218017578125e-01 -1.321040153503417969e+00 1.848940372467041016e+00 -3.131611645221710205e-01 -1.123436689376831055e+00 -1.432571053504943848e+00 -2.252433598041534424e-01 -5.406640768051147461e-01 1.979690909385681152e+00 9.011464118957519531e-01 1.485693573951721191e+00 -8.880716562271118164e-02 -1.399737715721130371e+00 -2.477817237377166748e-02
-5.667722821235656738e-01 9.641045928001403809e-01 1.740620613098144531e+00 -8.630896806716918945e-01 1.861332058906555176e+00 -8.845365643501281738e-01 -8.605794906616210938e-01 -1.243313074111938477e+00 1.771508693695068359e+00 -2.658319771289825439e-01 -9.692803621292114258e-01 -1.303668379783630371e+00 -4.095143377780914307e-01 -4.599381983280181885e-01 1.744594454765319824e+00 8.796530961990356445e-01 1.577750086784362793e+00 -8.579103648662567139e-02 -1.416813611984252930e+00 -2.244597077369689941e-01
-5.208387374877929688e-01 1.074347853660583496e+00 1.592694401741027832e+00 -1.023217320442199707e+00 1.708571672439575195e+00 -8.130052089691162109e-01 -8.252027630805969238e-01 -1.215396165847778320e+00 1.698438644409179688e+00 -2.617913782596588135e-01 -8.396446704864501953e-01 -1.162072062492370605e+00 -5.691427588462829590e-01 -3.585860729217529297e-01 1.567986607551574707e+00 8.944115638732910156e-01 1.632110953330993652e+00 -1.111764311790466309e-01 -1.425476908683776855e+00 -4.194947779178619385e-01
-5.383430123329162598e-01 1.185990333557128906e+00 1.481389045715332031e+00 -1.148114562034606934e+00 1.605133891105651855e+00 -7.628743052482604980e-01 -8.011176586151123047e-01 -1.226252555847167969e+00 1.646041512489318848e+00 -2.949174940586090088e-01 -7.528029084205627441e-01 -1.042309641838073730e+00 -6.680049300193786621e-01 -2.715393304824829102e-01 1.471206665039062500e+00 9.415998458862304688e-01 1.657204270362854004e+00 -1.334470212459564209e-01 -1.412676572799682617e+00 -5.715466141700744629e-01
-6.589272618293762207e-01 1.341740727424621582e+00 1.454965949058532715e+00 -1.304613113403320312e+00 1.530559182167053223e+00 -7.389555573463439941e-01 -8.463354110717773438e-01 -1.283404588699340820e+00 1.627181768417358398e+00 -3.613503873348236084e-01 -7.039947509765625000e-01 -9.633473157882690430e-01 -7.188090682029724121e-01 -1.969962120056152344e-01 1.522820472717285156e+00 1.058976054191589355e+00 1.685927033424377441e+00 -1.675063371658325195e-01 -1.424195528030395508e+00 -6.939626932144165039e-01
-8.159354925155639648e-01 1.473207831382751465e+00 1.421833992004394531e+00 -1.416137933731079102e+00 1.449500918388366699e+00 -6.904331445693969727e-01 -8.720104694366455078e-01 -1.332134604454040527e+00 1.579616665840148926e+00 -4.656549096107482910e-01 -6.709589958190917969e-01 -8.837572932243347168e-01 -7.396647930145263672e-01 -1.450053155422210693e-01 1.599971532821655273e+00 1.183672428131103516e+00 1.669782400131225586e+00 -1.831079870462417603e-01 -1.405138015747070312e+00 -7.786031365394592285e-01
-9.872486591339111328e-01 1.592364192008972168e+00 1.390715360641479492e+00 -1.482317447662353516e+00 1.365418672561645508e+00 -6.325119137763977051e-01 -8.767181634902954102e-01 -1.364980340003967285e+00 1.534997224807739258e+00 -6.075726151466369629e-01 -6.521124839782714844e-01 -8.071532249450683594e-01 -7.344381809234619141e-01 -1.334914565086364746e-01 1.699417948722839355e+00 1.311197757720947266e+00 1.613643884658813477e+00 -1.980415135622024536e-01 -1.371386766433715820e+00 -8.336792588233947754e-01
-1.137930154800415039e+00 1.672693848609924316e+00 1.370238423347473145e+00 -1.463347315788269043e+00 1.306679129600524902e+00 -6.130718588829040527e-01 -8.489239215850830078e-01 -1.379100799560546875e+00 1.503683209419250488e+00 -7.734487056732177734e-01 -6.572620272636413574e-01 -7.387825250625610352e-01 -6.745322942733764648e-01 -1.622220873832702637e-01 1.803791522979736328e+00 1.409644961357116699e+00 1.506208300590515137e+00 -2.242316156625747681e-01 -1.316489100456237793e+00 -8.288604021072387695e-01
-1.278611540794372559e+00 1.632183194160461426e+00 1.333084702491760254e+00 -1.305179595947265625e+00 1.243332386016845703e+00 -6.694377064704895020e-01 -7.750439643859863281e-01 -1.369448542594909668e+00 1.434688329696655273e+00 -9.356530308723449707e-01 -7.054277062416076660e-01 -6.716064214706420898e-01 -5.506161451339721680e-01 -1.019268408417701721e-01 1.873210906982421875e+00 1.424616217613220215e+00 1.371749877929687500e+00 -2.341506034135818481e-01 -1.186682105064392090e+00 -6.885479092597961426e-01
-1.384571194648742676e+00 1.502321720123291016e+00 1.284981489181518555e+00 -1.075076580047607422e+00 1.222787857055664062e+00 -7.562597393989562988e-01 -7.333973050117492676e-01 -1.331995964050292969e+00 1.382775425910949707e+00 -1.073015451431274414e+00 -7.288404703140258789e-01 -5.933346748352050781e-01 -3.891614675521850586e-01 5.350421369075775146e-02 1.883108735084533691e+00 1.374653577804565430e+00 1.247067928314208984e+00 -2.261823564767837524e-01 -9.941769838333129883e-01 -4.403990805149078369e-01
-1.454986453056335449e+00 1.325414776802062988e+00 1.300286889076232910e+00 -8.657423257827758789e-01 1.328815221786499023e+00 -8.596282601356506348e-01 -7.354508042335510254e-01 -1.341251134872436523e+00 1.404612660408020020e+00 -1.138695836067199707e+00 -7.734432816505432129e-01 -5.731526017189025879e-01 -2.192071974277496338e-01 2.414326071739196777e-01 1.879186511039733887e+00 1.344994902610778809e+00 1.209616303443908691e+00 -2.022511959075927734e-01 -8.466480374336242676e-01 -2.149416208267211914e-01
-1.481928229331970215e+00 1.218430995941162109e+00 1.327252268791198730e+00 -7.893431782722473145e-01 1.503005385398864746e+00 -9.429553747177124023e-01 -7.823761701583862305e-01 -1.404825210571289062e+00 1.487572431564331055e+00 -1.150167822837829590e+00 -7.978690862655639648e-01 -5.856708884239196777e-01 -1.202332749962806702e-01 4.122228920459747314e-01 1.888480544090270996e+00 1.329954743385314941e+00 1.275489926338195801e+00 -2.020644396543502808e-01 -7.816464304924011230e-01 -7.918168604373931885e-02
-1.493134498596191406e+00 1.164322495460510254e+00 1.373305201530456543e+00 -7.883355021476745605e-01 1.658431768417358398e+00 -1.021384954452514648e+00 -8.676986098289489746e-01 -1.450471162796020508e+00 1.578447341918945312e+00 -1.138211488723754883e+00 -7.995226979255676270e-01 -5.781693458557128906e-01 -7.129925489425659180e-02 5.831204056739807129e-01 1.892163395881652832e+00 1.321329355239868164e+00 1.364021897315979004e+00 -2.049023807048797607e-01 -7.504777312278747559e-01 9.151780977845191956e-03
-1.492787599563598633e+00 1.144386649131774902e+00 1.392376542091369629e+00 -8.392992615699768066e-01 1.767639517784118652e+00 -1.097336649894714355e+00 -9.496167898178100586e-01 -1.488513350486755371e+00 1.653937101364135742e+00 -1.104185938835144043e+00 -7.673801183700561523e-01 -5.549806952476501465e-01 -4.636763781309127808e-02 7.641158699989318848e-01 1.868710160255432129e+00 1.300141572952270508e+00 1.460885047912597656e+00 -2.414171397686004639e-01 -7.283962368965148926e-01 8.153066784143447876e-02
-1.438814878463745117e+00 1.173851251602172852e+00 1.355577945709228516e+00 -9.488168358802795410e-01 1.817044734954833984e+00 -1.191561937332153320e+00 -1.000461816787719727e+00 -1.525549411773681641e+00 1.717466711997985840e+00 -1.026813745498657227e+00 -6.968905329704284668e-01 -5.067676901817321777e-01 -3.688909113407135010e-02 9.410807490348815918e-01 1.787549972534179688e+00 1.238619446754455566e+00 1.549489259719848633e+00 -3.307029306888580322e-01 -6.975632309913635254e-01 1.099367886781692505e-01
-1.301121115684509277e+00 1.278026461601257324e+00 1.272630214691162109e+00 -1.137149214744567871e+00 1.824036836624145508e+00 -1.268404364585876465e+00 -1.032432079315185547e+00 -1.555271506309509277e+00 1.773960232734680176e+00 -9.014043211936950684e-01 -5.897068977355957031e-01 -4.628927707672119141e-01 -6.086470186710357666e-02 1.066962838172912598e+00 1.660400629043579102e+00 1.157884240150451660e+00 1.662974119186401367e+00 -4.481865465641021729e-01 -6.959425210952758789e-01 4.426565021276473999e-02
-1.161494731903076172e+00 1.431591510772705078e+00 1.221134424209594727e+00 -1.337275385856628418e+00 1.792564511299133301e+00 -1.344264745712280273e+00 -1.035868883132934570e+00 -1.582400679588317871e+00 1.792380809783935547e+00 -7.803562879562377930e-01 -5.348495841026306152e-01 -4.333530366420745850e-01 -1.502112150192260742e-01 1.097399592399597168e+00 1.555899500846862793e+00 1.067486524581909180e+00 1.738848328590393066e+00 -5.477094650268554688e-01 -7.434026598930358887e-01 -8.940786868333816528e-02
-1.018277525901794434e+00 1.615735054016113281e+00 1.261612534523010254e+00 -1.562444925308227539e+00 1.691693186759948730e+00 -1.385119080543518066e+00 -1.050571322441101074e+00 -1.580839037895202637e+00 1.738427042961120605e+00 -6.267212629318237305e-01 -5.199510455131530762e-01 -4.220404624938964844e-01 -3.308363854885101318e-01 1.025770306587219238e+00 1.438239693641662598e+00 9.791456460952758789e-01 1.764360904693603516e+00 -5.868893861770629883e-01 -8.808503746986389160e-01 -3.166280686855316162e-01
-9.174869060516357422e-01 1.759506464004516602e+00 1.355578064918518066e+00 -1.722258210182189941e+00 1.497781038284301758e+00 -1.400029301643371582e+00 -1.032216668128967285e+00 -1.576602697372436523e+00 1.646277308464050293e+00 -4.324299991130828857e-01 -5.878950953483581543e-01 -4.478593468666076660e-01 -5.722937583923339844e-01 8.596757650375366211e-01 1.339562535285949707e+00 8.947204351425170898e-01 1.727691173553466797e+00 -5.783388018608093262e-01 -1.085595726966857910e+00 -5.658060908317565918e-01
-8.059482574462890625e-01 1.791473150253295898e+00 1.472677469253540039e+00 -1.778440356254577637e+00 1.332166314125061035e+00 -1.366961121559143066e+00 -9.624075293540954590e-01 -1.540055632591247559e+00 1.522486925125122070e+00 -2.370707690715789795e-01 -6.785849332809448242e-01 -5.048074126243591309e-01 -7.604909539222717285e-01 6.214355230331420898e-01 1.298635482788085938e+00 8.405268192291259766e-01 1.629461407661437988e+00 -5.162554383277893066e-01 -1.267943501472473145e+00 -7.784506678581237793e-01
-7.162355780601501465e-01 1.760561823844909668e+00 1.692683696746826172e+00 -1.701314091682434082e+00 1.287260890007019043e+00 -1.387530088424682617e+00 -8.398208618164062500e-01 -1.477329015731811523e+00 1.510178685188293457e+00 -1.581397354602813721e-01 -8.026957511901855469e-01 -6.074307560920715332e-01 -8.449035882949829102e-01 3.943020403385162354e-01 1.394968032836914062e+00 8.656766414642333984e-01 1.579040646553039551e+00 -4.183322787284851074e-01 -1.401150345802307129e+00 -9.483928084373474121e-01
-6.607987880706787109e-01 1.690169572830200195e+00 1.901207327842712402e+00 -1.581985950469970703e+00 1.276435375213623047e+00 -1.392711758613586426e+00 -7.842774391174316406e-01 -1.382147908210754395e+00 1.529368996620178223e+00 -1.222080737352371216e-01 -8.962886929512023926e-01 -7.144606113433837891e-01 -8.656234145164489746e-01 2.077426910400390625e-01 1.501405477523803711e+00 9.078742265701293945e-01 1.535008788108825684e+00 -3.140861392021179199e-01 -1.513556480407714844e+00 -9.989260435104370117e-01
-6.534959077835083008e-01 1.653089880943298340e+00 2.038545131683349609e+00 -1.442230939865112305e+00 1.265043377876281738e+00 -1.395287156105041504e+00 -7.590755224227905273e-01 -1.303545594215393066e+00 1.540273070335388184e+00 -1.362040042877197266e-01 -9.654381275177001953e-01 -7.812201380729675293e-01 -8.624311685562133789e-01 7.425861805677413940e-02 1.585284113883972168e+00 9.294419288635253906e-01 1.472626924514770508e+00 -2.461587041616439819e-01 -1.580019831657409668e+00 -9.902535676956176758e-01
-6.977234482765197754e-01 1.598323464393615723e+00 2.124727725982666016e+00 -1.326472640037536621e+00 1.251847386360168457e+00 -1.390908837318420410e+00 -7.319428324699401855e-01 -1.264907598495483398e+00 1.520445227622985840e+00 -1.705893874168395996e-01 -1.029190778732299805e+00 -8.246423006057739258e-01 -8.720561861991882324e-01 1.239340379834175110e-02 1.631227850914001465e+00 9.373610019683837891e-01 1.426148772239685059e+00 -1.953859031200408936e-01 -1.618796706199645996e+00 -9.500699043273925781e-01
-7.612521052360534668e-01 1.563092827796936035e+00 2.161015033721923828e+00 -1.246151685714721680e+00 1.209207773208618164e+00 -1.397149443626403809e+00 -7.285133600234985352e-01 -1.234567999839782715e+00 1.476671099662780762e+00 -2.032022178173065186e-01 -1.052061557769775391e+00 -8.296279311180114746e-01 -8.847913146018981934e-01 3.049142658710479736e-02 1.629104256629943848e+00 9.321858882904052734e-01 1.384435892105102539e+00 -1.737809181213378906e-01 -1.627952337265014648e+00 -8.863613009452819824e-01
-8.438452482223510742e-01 1.548307061195373535e+00 2.145921707153320312e+00 -1.194880366325378418e+00 1.123504996299743652e+00 -1.410168051719665527e+00 -7.458219528198242188e-01 -1.206519842147827148e+00 1.399670004844665527e+00 -2.298801243305206299e-01 -1.028848648071289062e+00 -7.915149331092834473e-01 -8.845256567001342773e-01 1.283906251192092896e-01 1.576181173324584961e+00 9.128072261810302734e-01 1.337477207183837891e+00 -1.784689128398895264e-01 -1.600339770317077637e+00 -8.073949217796325684e-01
-9.460211396217346191e-01 1.580922245979309082e+00 2.096866369247436523e+00 -1.193291306495666504e+00 1.088870286941528320e+00 -1.451653242111206055e+00 -7.876291871070861816e-01 -1.232686042785644531e+00 1.395053744316101074e+00 -2.964425683021545410e-01 -9.543145895004272461e-01 -7.324329614639282227e-01 -8.231688737869262695e-01 3.074119985103607178e-01 1.580790400505065918e+00 9.435303211212158203e-01 1.354215383529663086e+00 -2.593344151973724365e-01 -1.529432535171508789e+00 -7.273922562599182129e-01
-1.072526693344116211e+00 1.660264134407043457e+00 1.984023571014404297e+00 -1.255561947822570801e+00 1.063320875167846680e+00 -1.508382201194763184e+00 -8.649606108665466309e-01 -1.303554534912109375e+00 1.405293107032775879e+00 -3.868027329444885254e-01 -8.035009503364562988e-01 -6.390801668167114258e-01 -7.242577075958251953e-01 5.388634204864501953e-01 1.595140457153320312e+00 9.998635053634643555e-01 1.390125632286071777e+00 -4.013110995292663574e-01 -1.408666133880615234e+00 -6.206815242767333984e-01
-1.208539605140686035e+00 1.730751514434814453e+00 1.828697443008422852e+00 -1.338344573974609375e+00 1.111667633056640625e+00 -1.557312369346618652e+00 -9.533240199089050293e-01 -1.424054026603698730e+00 1.426608085632324219e+00 -5.118525624275207520e-01 -6.246211528778076172e-01 -5.332493782043457031e-01 -5.831075906753540039e-01 7.403790354728698730e-01 1.637889027595520020e+00 1.075196623802185059e+00 1.424256443977355957e+00 -5.538507103919982910e-01 -1.238778114318847656e+00 -4.959638118743896484e-01
-1.283427000045776367e+00 1.795596003532409668e+00 1.664500236511230469e+00 -1.414574623107910156e+00 1.183904290199279785e+00 -1.566683769226074219e+00 -1.026746511459350586e+00 -1.526198506355285645e+00 1.472606778144836426e+00 -6.242948174476623535e-01 -4.765720963478088379e-01 -4.277329742908477783e-01 -4.595060050487518311e-01 8.589249253273010254e-01 1.658240199089050293e+00 1.108025908470153809e+00 1.449680089950561523e+00 -6.545213460922241211e-01 -1.076190710067749023e+00 -4.321856200695037842e-01
-1.296398162841796875e+00 1.859367966651916504e+00 1.543608784675598145e+00 -1.478692770004272461e+00 1.308053493499755859e+00 -1.551142454147338867e+00 -1.071238994598388672e+00 -1.568672299385070801e+00 1.567133307456970215e+00 -7.427880764007568359e-01 -3.960492610931396484e-01 -3.736449778079986572e-01 -3.532353639602661133e-01 9.025485515594482422e-01 1.703293800354003906e+00 1.155767440795898438e+00 1.508628726005554199e+00 -6.836585998535156250e-01 -9.419741034507751465e-01 -4.085252583026885986e-01
-1.284000515937805176e+00 1.888459205627441406e+00 1.471563100814819336e+00 -1.526364684104919434e+00 1.397833466529846191e+00 -1.531049370765686035e+00 -1.114014863967895508e+00 -1.584612607955932617e+00 1.633169770240783691e+00 -8.053768873214721680e-01 -3.503384888172149658e-01 -3.416619300842285156e-01 -2.658610045909881592e-01 8.994551897048950195e-01 1.748600125312805176e+00 1.180196762084960938e+00 1.530989408493041992e+00 -6.852832436561584473e-01 -8.502303957939147949e-01 -3.898810148239135742e-01
-1.220782160758972168e+00 1.904159069061279297e+00 1.408623695373535156e+00 -1.567182540893554688e+00 1.493566036224365234e+00 -1.472571611404418945e+00 -1.147178053855895996e+00 -1.587051749229431152e+00 1.713334798812866211e+00 -8.267869949340820312e-01 -3.201115429401397705e-01 -3.500262200832366943e-01 -1.785145103931427002e-01 8.388549685478210449e-01 1.777605295181274414e+00 1.201265931129455566e+00 1.554200172424316406e+00 -6.806476712226867676e-01 -7.976825237274169922e-01 -3.960556983947753906e-01
-1.115883588790893555e+00 1.885960578918457031e+00 1.328189134597778320e+00 -1.575208067893981934e+00 1.588794350624084473e+00 -1.391406893730163574e+00 -1.171099543571472168e+00 -1.565795063972473145e+00 1.783056020736694336e+00 -8.193485140800476074e-01 -2.923563122749328613e-01 -3.738381564617156982e-01 -7.496557384729385376e-02 7.323789596557617188e-01 1.781574845314025879e+00 1.201641440391540527e+00 1.556313395500183105e+00 -6.562675833702087402e-01 -7.422072887420654297e-01 -3.969316780567169189e-01
-9.453406333923339844e-01 1.791125655174255371e+00 1.265862584114074707e+00 -1.538840055465698242e+00 1.743797183036804199e+00 -1.289674282073974609e+00 -1.192780017852783203e+00 -1.527108073234558105e+00 1.827946066856384277e+00 -7.459855675697326660e-01 -2.503361701965332031e-01 -4.267256259918212891e-01 1.761778816580772400e-02 5.715582370758056641e-01 1.781200051307678223e+00 1.234533548355102539e+00 1.554631829261779785e+00 -5.949332118034362793e-01 -7.218732237815856934e-01 -4.190547168254852295e-01
-5.911128520965576172e-01 1.495484113693237305e+00 1.262906789779663086e+00 -1.400143146514892578e+00 1.983287453651428223e+00 -1.144510865211486816e+00 -1.144529342651367188e+00 -1.379976868629455566e+00 1.849657893180847168e+00 -5.383313298225402832e-01 -3.281835615634918213e-01 -6.079043745994567871e-01 5.583906173706054688e-02 2.072303295135498047e-01 1.784083366394042969e+00 1.230395793914794922e+00 1.551153302192687988e+00 -4.174506068229675293e-01 -7.799151539802551270e-01 -4.368911981582641602e-01
-2.609840035438537598e-01 1.055384993553161621e+00 1.399232149124145508e+00 -1.154079198837280273e+00 2.238584041595458984e+00 -9.786965250968933105e-01 -9.123022556304931641e-01 -1.224623441696166992e+00 1.877681016921997070e+00 -3.776566982269287109e-01 -6.656347513198852539e-01 -8.537570834159851074e-01 -2.767910808324813843e-02 -2.239375412464141846e-01 1.859970211982727051e+00 1.090176343917846680e+00 1.509176969528198242e+00 -1.492758989334106445e-01 -9.064360260963439941e-01 -4.279287159442901611e-01
-2.347810417413711548e-01 8.325146436691284180e-01 1.674123287200927734e+00 -1.023452162742614746e+00 2.380303382873535156e+00 -9.446815848350524902e-01 -7.826610803604125977e-01 -1.211696028709411621e+00 1.971072316169738770e+00 -3.538472056388854980e-01 -1.017810940742492676e+00 -1.098555088043212891e+00 -1.568714380264282227e-01 -4.163646101951599121e-01 2.000569581985473633e+00 1.020177841186523438e+00 1.601921796798706055e+00 4.177005961537361145e-02 -1.097449660301208496e+00 -3.743689656257629395e-01
-3.339725136756896973e-01 7.269047498703002930e-01 1.846785426139831543e+00 -9.723186492919921875e-01 2.397921323776245117e+00 -9.210805296897888184e-01 -7.521330714225769043e-01 -1.266043901443481445e+00 1.992105126380920410e+00 -3.255043923854827881e-01 -1.250333786010742188e+00 -1.273975491523742676e+00 -2.545850872993469238e-01 -4.830106198787689209e-01 2.103058099746704102e+00 1.004543662071228027e+00 1.673204421997070312e+00 1.425811350345611572e-01 -1.240541338920593262e+00 -3.214589059352874756e-01
-4.425865411758422852e-01 6.517506241798400879e-01 1.956192970275878906e+00 -9.454131722450256348e-01 2.369539737701416016e+00 -8.969949483871459961e-01 -7.628756761550903320e-01 -1.307784438133239746e+00 1.966917276382446289e+00 -2.883982360363006592e-01 -1.388307094573974609e+00 -1.385190606117248535e+00 -3.367573320865631104e-01 -4.793020784854888916e-01 2.152582645416259766e+00 1.007749676704406738e+00 1.729046225547790527e+00 2.048061490058898926e-01 -1.350235104560852051e+00 -2.736645936965942383e-01
-5.454610586166381836e-01 5.921982526779174805e-01 2.022303104400634766e+00 -9.272226095199584961e-01 2.319816350936889648e+00 -8.807391524314880371e-01 -7.977071404457092285e-01 -1.343973398208618164e+00 1.916949987411499023e+00 -2.463671565055847168e-01 -1.465028405189514160e+00 -1.456405639648437500e+00 -3.994070887565612793e-01 -4.385174810886383057e-01 2.172281980514526367e+00 1.013255476951599121e+00 1.770854353904724121e+00 2.433734238147735596e-01 -1.429129481315612793e+00 -2.178529500961303711e-01
-6.548596024513244629e-01 5.399003624916076660e-01 2.067748308181762695e+00 -9.114208817481994629e-01 2.251104593276977539e+00 -8.773186802864074707e-01 -8.433478474617004395e-01 -1.379843711853027344e+00 1.836351275444030762e+00 -1.985130757093429565e-01 -1.504787445068359375e+00 -1.499429941177368164e+00 -4.570015072822570801e-01 -3.601027429103851318e-01 2.165073871612548828e+00 1.023924827575683594e+00 1.802107930183410645e+00 2.649634182453155518e-01 -1.495258450508117676e+00 -1.611605286598205566e-01
-7.706184387207031250e-01 4.902736544609069824e-01 2.081743717193603516e+00 -9.105808138847351074e-01 2.125545024871826172e+00 -8.861120939254760742e-01 -8.979700803756713867e-01 -1.403958559036254883e+00 1.711327195167541504e+00 -1.272305995225906372e-01 -1.507508993148803711e+00 -1.516821742057800293e+00 -5.204874873161315918e-01 -2.411870360374450684e-01 2.126114845275878906e+00 1.032760262489318848e+00 1.825605511665344238e+00 2.650893330574035645e-01 -1.553255558013916016e+00 -9.836437553167343140e-02
-8.913972377777099609e-01 4.836831688880920410e-01 2.064970970153808594e+00 -9.143336415290832520e-01 1.983895540237426758e+00 -9.136883616447448730e-01 -9.664179086685180664e-01 -1.427395582199096680e+00 1.578914403915405273e+00 -6.635652482509613037e-02 -1.471767544746398926e+00 -1.492930293083190918e+00 -5.646374821662902832e-01 -9.931399673223495483e-02 2.074118852615356445e+00 1.049187302589416504e+00 1.830244183540344238e+00 2.312466204166412354e-01 -1.590050220489501953e+00 -4.887106269598007202e-02
