-7.974565029144287109e-01 1.078294396400451660e+00 1.594786524772644043e+00 -9.105823636054992676e-01 1.859937906265258789e+00 -1.476167798042297363e+00 -4.126066267490386963e-01 -1.914376854896545410e+00 1.597669243812561035e+00 -1.598393023014068604e-01 -1.329443931579589844e+00 -1.193280100822448730e+00 -3.256667852401733398e-01 1.669610291719436646e-01 1.699022293090820312e+00 6.977287530899047852e-01 1.702867031097412109e+00 -3.564932644367218018e-01 -1.176859498023986816e+00 -4.911699295043945312e-01
-8.403469324111938477e-01 1.266332864761352539e+00 1.424321174621582031e+00 -1.032101631164550781e+00 1.885360240936279297e+00 -1.501057267189025879e+00 -5.216410160064697266e-01 -1.998036503791809082e+00 1.618159055709838867e+00 -2.094753384590148926e-01 -1.197107791900634766e+00 -1.042441725730895996e+00 -3.093871474266052246e-01 3.737387061119079590e-01 1.620596289634704590e+00 6.820173859596252441e-01 1.763269424438476562e+00 -4.798136651515960693e-01 -1.072283864021301270e+00 -5.339040160179138184e-01
-9.204158782958984375e-01 1.509504675865173340e+00 1.277181267738342285e+00 -1.189507603645324707e+00 1.901482105255126953e+00 -1.523278832435607910e+00 -6.877036094665527344e-01 -2.083890438079833984e+00 1.676991462707519531e+00 -2.840119302272796631e-01 -1.039476513862609863e+00 -9.026560187339782715e-01 -2.939363121986389160e-01 5.827091336250305176e-01 1.578280568122863770e+00 6.875731945037841797e-01 1.840276479721069336e+00 -6.125276684761047363e-01 -9.825887084007263184e-01 -5.567427873611450195e-01
-1.001622676849365234e+00 1.676803231239318848e+00 1.196259737014770508e+00 -1.302643060684204102e+00 1.888713836669921875e+00 -1.507604241371154785e+00 -8.457338213920593262e-01 -2.111834287643432617e+00 1.715766668319702148e+00 -3.457762598991394043e-01 -9.194296002388000488e-01 -7.983138561248779297e-01 -2.829174995422363281e-01 7.301160693168640137e-01 1.559162974357604980e+00 6.936457157135009766e-01 1.871374607086181641e+00 -6.995100975036621094e-01 -9.337633848190307617e-01 -5.471091866493225098e-01
-1.057212471961975098e+00 1.794273257255554199e+00 1.163646101951599121e+00 -1.362327575683593750e+00 1.889183282852172852e+00 -1.476322412490844727e+00 -9.430375099182128906e-01 -2.105353593826293945e+00 1.762223958969116211e+00 -4.177433848381042480e-01 -8.587781190872192383e-01 -7.437224984169006348e-01 -2.827720642089843750e-01 8.083395957946777344e-01 1.556603789329528809e+00 7.081378698348999023e-01 1.901382207870483398e+00 -7.325294613838195801e-01 -9.121866822242736816e-01 -5.373502969741821289e-01
-1.092897057533264160e+00 1.875087976455688477e+00 1.154149532318115234e+00 -1.382222652435302734e+00 1.876138687133789062e+00 -1.439056515693664551e+00 -1.005399346351623535e+00 -2.080667018890380859e+00 1.785789489746093750e+00 -4.783422350883483887e-01 -8.251367211341857910e-01 -7.066841125488281250e-01 -2.970839738845825195e-01 8.288117647171020508e-01 1.544148921966552734e+00 7.177273631095886230e-01 1.895660400390625000e+00 -7.376016974449157715e-01 -9.162754416465759277e-01 -5.291109085083007812e-01
-1.090882778167724609e+00 1.915645480155944824e+00 1.149569034576416016e+00 -1.352430224418640137e+00 1.844321727752685547e+00 -1.388381123542785645e+00 -1.050421714782714844e+00 -2.028460502624511719e+00 1.791739344596862793e+00 -5.186301469802856445e-01 -8.123589754104614258e-01 -6.984766721725463867e-01 -3.502485752105712891e-01 7.593277692794799805e-01 1.515311598777770996e+00 7.009793519973754883e-01 1.843472719192504883e+00 -7.170432806015014648e-01 -9.447347521781921387e-01 -4.967517852783203125e-01
-9.879674911499023438e-01 1.837879300117492676e+00 1.108734250068664551e+00 -1.186378955841064453e+00 1.704908609390258789e+00 -1.234262108802795410e+00 -1.031920909881591797e+00 -1.841733455657958984e+00 1.696415543556213379e+00 -5.048844218254089355e-01 -8.123237490653991699e-01 -7.168224453926086426e-01 -4.344418048858642578e-01 5.055081844329833984e-01 1.397465825080871582e+00 5.918141007423400879e-01 1.639773368835449219e+00 -6.235101222991943359e-01 -9.774405360221862793e-01 -4.159516096115112305e-01
-7.430415153503417969e-01 1.639466047286987305e+00 1.310681223869323730e+00 -9.053124785423278809e-01 1.499351978302001953e+00 -1.019820332527160645e+00 -1.056943058967590332e+00 -1.457851290702819824e+00 1.586518406867980957e+00 -3.664447665214538574e-01 -8.322236537933349609e-01 -9.807220101356506348e-01 -5.388958454132080078e-01 -1.392188966274261475e-01 1.418731212615966797e+00 5.492268204689025879e-01 1.385352373123168945e+00 -3.934480845928192139e-01 -1.208589315414428711e+00 -2.467678785324096680e-01
-6.904479265213012695e-01 1.532359480857849121e+00 1.903968214988708496e+00 -8.219544291496276855e-01 1.554688930511474609e+00 -1.066220164299011230e+00 -1.088679552078247070e+00 -1.217404961585998535e+00 1.734659552574157715e+00 -3.875343799591064453e-01 -9.760314226150512695e-01 -1.270779848098754883e+00 -6.813937425613403320e-01 -5.676015615463256836e-01 1.789459824562072754e+00 7.588973641395568848e-01 1.425022840499877930e+00 -1.572524607181549072e-01 -1.542852640151977539e+00 -1.640686094760894775e-01
-7.418799400329589844e-01 1.500634670257568359e+00 2.226479530334472656e+00 -8.626052737236022949e-01 1.678824186325073242e+00 -1.127925872802734375e+00 -1.112005949020385742e+00 -1.184482932090759277e+00 1.843350291252136230e+00 -4.421032965183258057e-01 -1.037160515785217285e+00 -1.368781805038452148e+00 -7.764810919761657715e-01 -6.761834025382995605e-01 2.015060424804687500e+00 9.659885764122009277e-01 1.524462699890136719e+00 -5.512462556362152100e-02 -1.726582050323486328e+00 -1.999446451663970947e-01
-7.680166959762573242e-01 1.493028640747070312e+00 2.365315675735473633e+00 -8.866489529609680176e-01 1.749291419982910156e+00 -1.165847301483154297e+00 -1.127743005752563477e+00 -1.173517107963562012e+00 1.887705802917480469e+00 -4.745301306247711182e-01 -1.043505072593688965e+00 -1.381338000297546387e+00 -8.161479234695434570e-01 -6.967549324035644531e-01 2.114661693572998047e+00 1.078157305717468262e+00 1.563408613204956055e+00 -1.567886397242546082e-02 -1.795818209648132324e+00 -2.365142405033111572e-01
-7.743947505950927734e-01 1.486050128936767578e+00 2.422306299209594727e+00 -8.901767134666442871e-01 1.783651590347290039e+00 -1.186163544654846191e+00 -1.135522961616516113e+00 -1.152652978897094727e+00 1.903081178665161133e+00 -4.968080520629882812e-01 -1.026795268058776855e+00 -1.362505793571472168e+00 -8.282549381256103516e-01 -6.976832747459411621e-01 2.152065038681030273e+00 1.139829277992248535e+00 1.563793659210205078e+00 -2.378579229116439819e-03 -1.811927676200866699e+00 -2.594669461250305176e-01
-7.704826593399047852e-01 1.480186939239501953e+00 2.438403606414794922e+00 -8.816711902618408203e-01 1.803480863571166992e+00 -1.197214245796203613e+00 -1.147373914718627930e+00 -1.123447299003601074e+00 1.906168699264526367e+00 -5.153938531875610352e-01 -9.946159124374389648e-01 -1.326889514923095703e+00 -8.278998136520385742e-01 -6.900539398193359375e-01 2.160012245178222656e+00 1.179008483886718750e+00 1.544211149215698242e+00 -2.902451902627944946e-03 -1.801443934440612793e+00 -2.711055278778076172e-01
-7.646096944808959961e-01 1.474844217300415039e+00 2.427891254425048828e+00 -8.616830706596374512e-01 1.818716764450073242e+00 -1.208743929862976074e+00 -1.179883003234863281e+00 -1.097719669342041016e+00 1.904999136924743652e+00 -5.258169174194335938e-01 -9.471301436424255371e-01 -1.283758521080017090e+00 -8.165559768676757812e-01 -6.738526821136474609e-01 2.153948783874511719e+00 1.207815289497375488e+00 1.512655973434448242e+00 -1.184684038162231445e-02 -1.770971655845642090e+00 -2.624190151691436768e-01
-7.468421459197998047e-01 1.473156571388244629e+00 2.385514259338378906e+00 -8.392836451530456543e-01 1.831720352172851562e+00 -1.216947197914123535e+00 -1.245312690734863281e+00 -1.058969855308532715e+00 1.898677825927734375e+00 -5.229246020317077637e-01 -8.706741333007812500e-01 -1.229658365249633789e+00 -7.992616295814514160e-01 -6.376456618309020996e-01 2.126304864883422852e+00 1.228598117828369141e+00 1.482316017150878906e+00 -2.929250895977020264e-02 -1.724397659301757812e+00 -2.382323741912841797e-01
-7.137168645858764648e-01 1.463315486907958984e+00 2.294645547866821289e+00 -8.075117468833923340e-01 1.855952739715576172e+00 -1.203931450843811035e+00 -1.350727081298828125e+00 -1.001313567161560059e+00 1.886223673820495605e+00 -5.102956891059875488e-01 -7.532330155372619629e-01 -1.158374428749084473e+00 -7.626822590827941895e-01 -5.728805661201477051e-01 2.069518804550170898e+00 1.241937518119812012e+00 1.453146696090698242e+00 -4.997948184609413147e-02 -1.648179888725280762e+00 -1.924440860748291016e-01
-7.251956462860107422e-01 1.440525531768798828e+00 2.132158756256103516e+00 -8.128396868705749512e-01 1.854463815689086914e+00 -1.178350687026977539e+00 -1.478848457336425781e+00 -9.733345508575439453e-01 1.853877663612365723e+00 -4.849265515804290771e-01 -6.338174343109130859e-01 -1.078239679336547852e+00 -6.966562271118164062e-01 -4.603314995765686035e-01 2.012741088867187500e+00 1.251775264739990234e+00 1.454191923141479492e+00 -8.535451442003250122e-02 -1.553361415863037109e+00 -1.078881546854972839e-01
-7.642844915390014648e-01 1.402698278427124023e+00 1.923715949058532715e+00 -8.379104137420654297e-01 1.825236797332763672e+00 -1.119309663772583008e+00 -1.591929674148559570e+00 -9.686756134033203125e-01 1.790817260742187500e+00 -4.578427672386169434e-01 -5.260189771652221680e-01 -1.003996968269348145e+00 -6.153160333633422852e-01 -3.225583434104919434e-01 1.951330065727233887e+00 1.251181125640869141e+00 1.475278377532958984e+00 -1.106849163770675659e-01 -1.440429329872131348e+00 -1.564107090234756470e-02
-7.952380180358886719e-01 1.334134459495544434e+00 1.769599795341491699e+00 -8.397093415260314941e-01 1.818816900253295898e+00 -1.066532015800476074e+00 -1.646510362625122070e+00 -9.787098169326782227e-01 1.759454965591430664e+00 -4.461946487426757812e-01 -4.573611319065093994e-01 -9.825473427772521973e-01 -5.315600633621215820e-01 -1.822026669979095459e-01 1.925697088241577148e+00 1.263853907585144043e+00 1.545525789260864258e+00 -1.135379523038864136e-01 -1.340528964996337891e+00 5.348845943808555603e-02
-8.429843187332153320e-01 1.266442298889160156e+00 1.701121091842651367e+00 -8.822511434555053711e-01 1.831514358520507812e+00 -1.015858292579650879e+00 -1.689744114875793457e+00 -1.002935767173767090e+00 1.744672060012817383e+00 -4.442667663097381592e-01 -4.125146567821502686e-01 -9.876183271408081055e-01 -4.988248944282531738e-01 -3.218025714159011841e-02 1.912717223167419434e+00 1.279296755790710449e+00 1.638989925384521484e+00 -9.483952820301055908e-02 -1.300561904907226562e+00 1.205089092254638672e-01
-8.859763145446777344e-01 1.151952743530273438e+00 1.701468825340270996e+00 -9.121750593185424805e-01 1.847295045852661133e+00 -9.642055034637451172e-01 -1.704334616661071777e+00 -1.031008958816528320e+00 1.707175493240356445e+00 -4.161918461322784424e-01 -4.039054214954376221e-01 -1.020855188369750977e+00 -4.792819619178771973e-01 2.681555598974227905e-02 1.946761965751647949e+00 1.309588670730590820e+00 1.692463636398315430e+00 -6.895078718662261963e-02 -1.308639526367187500e+00 1.819828450679779053e-01
-9.165540933609008789e-01 1.052569270133972168e+00 1.768477082252502441e+00 -9.173365831375122070e-01 1.883499145507812500e+00 -9.409972429275512695e-01 -1.705826997756958008e+00 -1.061876296997070312e+00 1.681443095207214355e+00 -3.849056065082550049e-01 -4.373244941234588623e-01 -1.061909079551696777e+00 -4.769021272659301758e-01 2.713598310947418213e-03 2.017341852188110352e+00 1.344969034194946289e+00 1.697193622589111328e+00 -3.777675703167915344e-02 -1.350150227546691895e+00 2.186456024646759033e-01
-9.505094289779663086e-01 9.381038546562194824e-01 1.870386600494384766e+00 -9.019021987915039062e-01 1.903071880340576172e+00 -9.226635694503784180e-01 -1.691753983497619629e+00 -1.086192727088928223e+00 1.626049876213073730e+00 -3.435633182525634766e-01 -4.949190020561218262e-01 -1.107086658477783203e+00 -4.809705018997192383e-01 -6.007436662912368774e-02 2.095869541168212891e+00 1.380449175834655762e+00 1.658406257629394531e+00 3.711055964231491089e-03 -1.407878279685974121e+00 2.572188675403594971e-01
-9.797737598419189453e-01 8.262249827384948730e-01 1.984292387962341309e+00 -8.782651424407958984e-01 1.897602558135986328e+00 -9.141855239868164062e-01 -1.661113262176513672e+00 -1.082749962806701660e+00 1.546688318252563477e+00 -3.215374946594238281e-01 -5.585697889328002930e-01 -1.135425329208374023e+00 -4.806547164916992188e-01 -1.123875230550765991e-01 2.159298181533813477e+00 1.424057245254516602e+00 1.613560914993286133e+00 5.420494452118873596e-02 -1.471384763717651367e+00 2.810011208057403564e-01
-9.920307397842407227e-01 7.260675430297851562e-01 2.079178333282470703e+00 -8.285610079765319824e-01 1.861709594726562500e+00 -9.088652133941650391e-01 -1.558217287063598633e+00 -1.022271871566772461e+00 1.443548917770385742e+00 -3.544392287731170654e-01 -6.091508865356445312e-01 -1.098711490631103516e+00 -4.469382762908935547e-01 -1.267777085304260254e-01 2.199194908142089844e+00 1.484075307846069336e+00 1.535132408142089844e+00 9.048876166343688965e-02 -1.473284840583801270e+00 2.508905827999114990e-01
-1.031193971633911133e+00 7.124230861663818359e-01 2.064418315887451172e+00 -8.281618356704711914e-01 1.721004247665405273e+00 -8.897478580474853516e-01 -1.397923827171325684e+00 -9.446392655372619629e-01 1.277153730392456055e+00 -4.195074439048767090e-01 -6.466526985168457031e-01 -9.560751318931579590e-01 -4.026054143905639648e-01 -8.359794318675994873e-02 2.180086374282836914e+00 1.518977522850036621e+00 1.406579732894897461e+00 7.593312859535217285e-02 -1.402127027511596680e+00 1.477842330932617188e-01
-1.105342030525207520e+00 9.028305411338806152e-01 1.965523600578308105e+00 -9.304198622703552246e-01 1.506711244583129883e+00 -8.668583631515502930e-01 -1.221948981285095215e+00 -8.961884975433349609e-01 1.226037144660949707e+00 -6.001484394073486328e-01 -6.492642760276794434e-01 -7.381429672241210938e-01 -3.300492763519287109e-01 1.545846462249755859e-04 2.134361267089843750e+00 1.532890081405639648e+00 1.264881372451782227e+00 1.896227523684501648e-02 -1.256321430206298828e+00 -5.939895659685134888e-02
-1.200396299362182617e+00 1.147270083427429199e+00 1.812466740608215332e+00 -1.079212188720703125e+00 1.377737998962402344e+00 -9.247606992721557617e-01 -1.006258368492126465e+00 -9.646106958389282227e-01 1.299579501152038574e+00 -8.224438428878784180e-01 -6.665151119232177734e-01 -5.149121880531311035e-01 -2.286119312047958374e-01 1.597741246223449707e-01 2.069113016128540039e+00 1.529280304908752441e+00 1.174638271331787109e+00 -1.144397258758544922e-01 -1.052697181701660156e+00 -2.686406373977661133e-01
-1.259399771690368652e+00 1.363620996475219727e+00 1.689542651176452637e+00 -1.201415419578552246e+00 1.381668329238891602e+00 -1.023197293281555176e+00 -8.904671072959899902e-01 -1.092433452606201172e+00 1.439169168472290039e+00 -9.781693816184997559e-01 -7.231414914131164551e-01 -3.818096220493316650e-01 -1.508187949657440186e-01 3.204767704010009766e-01 2.005430459976196289e+00 1.499833941459655762e+00 1.179952383041381836e+00 -2.412569820880889893e-01 -9.212047457695007324e-01 -4.142470061779022217e-01
-1.263816595077514648e+00 1.524631023406982422e+00 1.609513282775878906e+00 -1.295019507408142090e+00 1.516531467437744141e+00 -1.113067984580993652e+00 -8.524775505065917969e-01 -1.233460545539855957e+00 1.595537781715393066e+00 -1.063462138175964355e+00 -7.733095288276672363e-01 -3.069459795951843262e-01 -8.767868578433990479e-02 4.280224442481994629e-01 2.005262374877929688e+00 1.463606595993041992e+00 1.234519004821777344e+00 -3.563725948333740234e-01 -8.401172161102294922e-01 -5.211406350135803223e-01
-1.234764456748962402e+00 1.598791718482971191e+00 1.545965909957885742e+00 -1.354043722152709961e+00 1.634984016418457031e+00 -1.154304981231689453e+00 -8.488479852676391602e-01 -1.311176776885986328e+00 1.706775903701782227e+00 -1.088747620582580566e+00 -8.049781918525695801e-01 -2.703513205051422119e-01 -5.942078679800033569e-02 4.979346990585327148e-01 1.989789485931396484e+00 1.420938253402709961e+00 1.293430566787719727e+00 -4.196291863918304443e-01 -7.997086644172668457e-01 -5.898342132568359375e-01
-1.184728622436523438e+00 1.606225967407226562e+00 1.489303827285766602e+00 -1.366673111915588379e+00 1.720922470092773438e+00 -1.157028794288635254e+00 -8.637394905090332031e-01 -1.323948621749877930e+00 1.775946617126464844e+00 -1.087007403373718262e+00 -8.208831548690795898e-01 -2.449933290481567383e-01 -4.445052146911621094e-02 5.400198698043823242e-01 1.956810355186462402e+00 1.373678445816040039e+00 1.326462984085083008e+00 -4.399105608463287354e-01 -7.673088908195495605e-01 -6.155808568000793457e-01
-1.112591862678527832e+00 1.570410728454589844e+00 1.434974074363708496e+00 -1.348645329475402832e+00 1.778045892715454102e+00 -1.130152940750122070e+00 -8.980140686035156250e-01 -1.281111240386962891e+00 1.815767049789428711e+00 -1.064215183258056641e+00 -8.201208114624023438e-01 -2.239072322845458984e-01 -5.010434240102767944e-02 5.592778921127319336e-01 1.904996991157531738e+00 1.320555448532104492e+00 1.339140892028808594e+00 -4.268111884593963623e-01 -7.424200773239135742e-01 -6.113185882568359375e-01
-1.002415537834167480e+00 1.502028465270996094e+00 1.384976148605346680e+00 -1.301251530647277832e+00 1.800771474838256836e+00 -1.076827168464660645e+00 -9.341362714767456055e-01 -1.183957815170288086e+00 1.832996606826782227e+00 -1.011754155158996582e+00 -8.037351369857788086e-01 -2.170030474662780762e-01 -8.465448021888732910e-02 5.485696196556091309e-01 1.823923707008361816e+00 1.251072645187377930e+00 1.343144178390502930e+00 -3.776388466358184814e-01 -7.282659411430358887e-01 -5.962783694267272949e-01
-8.610224723815917969e-01 1.417277932167053223e+00 1.362779617309570312e+00 -1.262384414672851562e+00 1.771870613098144531e+00 -9.767920374870300293e-01 -1.006461143493652344e+00 -1.053222775459289551e+00 1.809335708618164062e+00 -8.948770165443420410e-01 -7.468406558036804199e-01 -2.506689131259918213e-01 -2.043989747762680054e-01 4.866179823875427246e-01 1.718381285667419434e+00 1.176321029663085938e+00 1.358330011367797852e+00 -2.905915677547454834e-01 -7.842706441879272461e-01 -5.708981156349182129e-01
-7.776519060134887695e-01 1.355169892311096191e+00 1.447067141532897949e+00 -1.278867959976196289e+00 1.673441648483276367e+00 -8.868451118469238281e-01 -1.129595994949340820e+00 -1.035998344421386719e+00 1.761946201324462891e+00 -6.420119404792785645e-01 -7.086703777313232422e-01 -4.261192083358764648e-01 -4.371355772018432617e-01 3.675414323806762695e-01 1.642709612846374512e+00 1.102019548416137695e+00 1.432447195053100586e+00 -1.915018558502197266e-01 -9.948194622993469238e-01 -5.236851572990417480e-01
-7.547563314437866211e-01 1.356371402740478516e+00 1.485484361648559570e+00 -1.338305830955505371e+00 1.492439508438110352e+00 -8.391903638839721680e-01 -1.173850417137145996e+00 -1.081999778747558594e+00 1.642228484153747559e+00 -4.231573939323425293e-01 -6.351320147514343262e-01 -5.574111342430114746e-01 -6.362425088882446289e-01 2.930327653884887695e-01 1.546342253684997559e+00 1.033825635910034180e+00 1.469893455505371094e+00 -1.573666483163833618e-01 -1.161552309989929199e+00 -5.062546133995056152e-01
-8.324303627014160156e-01 1.466328144073486328e+00 1.495568275451660156e+00 -1.479000926017761230e+00 1.326432466506958008e+00 -8.815086483955383301e-01 -1.172180056571960449e+00 -1.203537225723266602e+00 1.553867340087890625e+00 -3.430782556533813477e-01 -5.816611647605895996e-01 -6.214777827262878418e-01 -7.386750578880310059e-01 3.276843428611755371e-01 1.500451922416687012e+00 1.007150650024414062e+00 1.539577722549438477e+00 -1.926648020744323730e-01 -1.266360878944396973e+00 -5.071510672569274902e-01
-9.667158126831054688e-01 1.628622889518737793e+00 1.481837630271911621e+00 -1.652974009513854980e+00 1.230256080627441406e+00 -9.594894647598266602e-01 -1.140153765678405762e+00 -1.331467866897583008e+00 1.521943211555480957e+00 -4.042079150676727295e-01 -5.454556941986083984e-01 -5.891315340995788574e-01 -7.558010816574096680e-01 4.418102502822875977e-01 1.513890862464904785e+00 1.050566434860229492e+00 1.604013204574584961e+00 -2.764316499233245850e-01 -1.286247849464416504e+00 -5.537856817245483398e-01
-1.121904492378234863e+00 1.824271202087402344e+00 1.460710287094116211e+00 -1.824589014053344727e+00 1.230518341064453125e+00 -1.072915077209472656e+00 -1.117139697074890137e+00 -1.495955705642700195e+00 1.550112843513488770e+00 -5.184000134468078613e-01 -5.285355448722839355e-01 -5.275587439537048340e-01 -7.066196203231811523e-01 5.924902558326721191e-01 1.578112602233886719e+00 1.144402265548706055e+00 1.681803226470947266e+00 -3.867444396018981934e-01 -1.253978252410888672e+00 -6.400616168975830078e-01
-1.274405121803283691e+00 1.974096536636352539e+00 1.441492915153503418e+00 -1.969444632530212402e+00 1.294908285140991211e+00 -1.183218598365783691e+00 -1.074650168418884277e+00 -1.685323715209960938e+00 1.622527718544006348e+00 -6.258474588394165039e-01 -5.572662353515625000e-01 -5.009652972221374512e-01 -6.298539042472839355e-01 7.347711920738220215e-01 1.670097231864929199e+00 1.237104296684265137e+00 1.782719373703002930e+00 -4.935025274753570557e-01 -1.211570143699645996e+00 -7.113177776336669922e-01
-1.360812902450561523e+00 2.039180278778076172e+00 1.420914530754089355e+00 -2.060639858245849609e+00 1.378888607025146484e+00 -1.246362209320068359e+00 -1.012813091278076172e+00 -1.798584342002868652e+00 1.681244850158691406e+00 -7.194314002990722656e-01 -5.976015925407409668e-01 -4.689208269119262695e-01 -5.425003767013549805e-01 8.318471312522888184e-01 1.753416180610656738e+00 1.297998309135437012e+00 1.841478586196899414e+00 -5.753386616706848145e-01 -1.155431628227233887e+00 -7.547662258148193359e-01
-1.402720093727111816e+00 2.034635066986083984e+00 1.398501515388488770e+00 -2.105446577072143555e+00 1.461386442184448242e+00 -1.274955391883850098e+00 -9.461393952369689941e-01 -1.866016864776611328e+00 1.717932224273681641e+00 -7.811543941497802734e-01 -6.373043656349182129e-01 -4.475017786026000977e-01 -4.595052003860473633e-01 8.913465738296508789e-01 1.822634935379028320e+00 1.335911989212036133e+00 1.877954959869384766e+00 -6.258376836776733398e-01 -1.099359631538391113e+00 -7.733602523803710938e-01
-1.416158080101013184e+00 1.973534107208251953e+00 1.379168272018432617e+00 -2.116344928741455078e+00 1.536262989044189453e+00 -1.275181412696838379e+00 -8.760990500450134277e-01 -1.903351068496704102e+00 1.730404853820800781e+00 -8.123792409896850586e-01 -6.824110150337219238e-01 -4.446968138217926025e-01 -3.894432187080383301e-01 9.179021716117858887e-01 1.879806995391845703e+00 1.357268810272216797e+00 1.902028322219848633e+00 -6.460083127021789551e-01 -1.054012179374694824e+00 -7.741228342056274414e-01
-1.405457973480224609e+00 1.865588784217834473e+00 1.357878208160400391e+00 -2.096913337707519531e+00 1.593047618865966797e+00 -1.258578062057495117e+00 -8.031811118125915527e-01 -1.920146942138671875e+00 1.710465073585510254e+00 -8.077514171600341797e-01 -7.271812558174133301e-01 -4.565336406230926514e-01 -3.226453065872192383e-01 9.178562164306640625e-01 1.918398022651672363e+00 1.368815422058105469e+00 1.909442901611328125e+00 -6.451939344406127930e-01 -1.017039418220520020e+00 -7.687988877296447754e-01
-1.373793005943298340e+00 1.705216407775878906e+00 1.332539081573486328e+00 -2.057939291000366211e+00 1.632573366165161133e+00 -1.226388573646545410e+00 -7.288598418235778809e-01 -1.919676780700683594e+00 1.665267705917358398e+00 -7.672302722930908203e-01 -7.746921777725219727e-01 -4.966123402118682861e-01 -2.786123752593994141e-01 8.952568769454956055e-01 1.944637656211853027e+00 1.370591282844543457e+00 1.920362234115600586e+00 -6.250239014625549316e-01 -9.991357922554016113e-01 -7.384206056594848633e-01
-1.303603291511535645e+00 1.448098659515380859e+00 1.300431251525878906e+00 -1.964885473251342773e+00 1.650366544723510742e+00 -1.168550848960876465e+00 -6.277913451194763184e-01 -1.899618268013000488e+00 1.559989809989929199e+00 -6.564980745315551758e-01 -8.386617302894592285e-01 -5.803135037422180176e-01 -2.366138249635696411e-01 8.332940340042114258e-01 1.943825483322143555e+00 1.333449125289916992e+00 1.912257432937622070e+00 -5.814725756645202637e-01 -9.978761672973632812e-01 -6.745281815528869629e-01
-1.137065887451171875e+00 1.012181282043457031e+00 1.285106182098388672e+00 -1.721440553665161133e+00 1.632518529891967773e+00 -1.099148750305175781e+00 -4.325279593467712402e-01 -1.859534382820129395e+00 1.411470651626586914e+00 -4.121509194374084473e-01 -9.664680957794189453e-01 -7.953782677650451660e-01 -1.822701096534729004e-01 6.541966199874877930e-01 1.897845745086669922e+00 1.211298942565917969e+00 1.875729322433471680e+00 -4.697649478912353516e-01 -1.008412003517150879e+00 -5.531862378120422363e-01
-8.961498737335205078e-01 6.190282106399536133e-01 1.503516197204589844e+00 -1.349436521530151367e+00 1.630341529846191406e+00 -1.108332753181457520e+00 -3.796097934246063232e-01 -1.830500602722167969e+00 1.427027463912963867e+00 -2.196325734257698059e-02 -1.131342172622680664e+00 -1.258936047554016113e+00 -1.785808503627777100e-01 2.085641473531723022e-01 1.913412213325500488e+00 1.033632040023803711e+00 1.855059146881103516e+00 -2.578789889812469482e-01 -1.194174528121948242e+00 -3.692579567432403564e-01
-8.300223350524902344e-01 5.747490525245666504e-01 1.938008427619934082e+00 -1.130710840225219727e+00 1.765468597412109375e+00 -1.174274325370788574e+00 -5.965909361839294434e-01 -1.753227949142456055e+00 1.601339697837829590e+00 8.395177870988845825e-02 -1.259987473487854004e+00 -1.606618285179138184e+00 -2.734329700469970703e-01 -1.392959207296371460e-01 2.016969919204711914e+00 1.036829352378845215e+00 1.891478300094604492e+00 -1.768684200942516327e-02 -1.503445386886596680e+00 -1.701526045799255371e-01
-8.437223434448242188e-01 6.538999676704406738e-01 2.145846366882324219e+00 -1.017328262329101562e+00 1.823250055313110352e+00 -1.209270477294921875e+00 -7.248162031173706055e-01 -1.716030001640319824e+00 1.712230443954467773e+00 7.438922673463821411e-02 -1.317705035209655762e+00 -1.764016032218933105e+00 -3.653424382209777832e-01 -3.218927979469299316e-01 2.080985069274902344e+00 1.036371946334838867e+00 1.907583713531494141e+00 5.569021776318550110e-02 -1.667912840843200684e+00 -7.267399877309799194e-02
-8.611025810241699219e-01 7.666320800781250000e-01 2.228779077529907227e+00 -9.589390754699707031e-01 1.853555917739868164e+00 -1.249851584434509277e+00 -7.969852685928344727e-01 -1.714261412620544434e+00 1.755866646766662598e+00 5.449352413415908813e-02 -1.345314145088195801e+00 -1.809234976768493652e+00 -4.164368510246276855e-01 -3.891707658767700195e-01 2.103617191314697266e+00 1.012934327125549316e+00 1.893689155578613281e+00 4.542731121182441711e-02 -1.736099720001220703e+00 -4.876700788736343384e-02
-8.626925945281982422e-01 8.545733690261840820e-01 2.254437685012817383e+00 -9.250497817993164062e-01 1.849946022033691406e+00 -1.285663008689880371e+00 -8.246864080429077148e-01 -1.715901255607604980e+00 1.768097877502441406e+00 4.453366249799728394e-02 -1.347998380661010742e+00 -1.815139412879943848e+00 -4.383919835090637207e-01 -4.154105782508850098e-01 2.090091466903686523e+00 9.784731268882751465e-01 1.867148399353027344e+00 1.943219080567359924e-02 -1.759525656700134277e+00 -4.439699649810791016e-02
-8.541539907455444336e-01 9.379453063011169434e-01 2.254116773605346680e+00 -9.123623371124267578e-01 1.837347269058227539e+00 -1.333074092864990234e+00 -8.304334282875061035e-01 -1.735268473625183105e+00 1.776044726371765137e+00 4.375734180212020874e-02 -1.339636087417602539e+00 -1.808346509933471680e+00 -4.423940181732177734e-01 -4.176527857780456543e-01 2.061939477920532227e+00 9.414799213409423828e-01 1.849901437759399414e+00 -1.763661578297615051e-02 -1.764124751091003418e+00 -5.757052451372146606e-02
-8.359479904174804688e-01 1.014374136924743652e+00 2.232786655426025391e+00 -9.078199863433837891e-01 1.813938617706298828e+00 -1.391615033149719238e+00 -8.008971214294433594e-01 -1.765715718269348145e+00 1.775800108909606934e+00 4.753696918487548828e-02 -1.331306815147399902e+00 -1.789003610610961914e+00 -4.251112341880798340e-01 -4.048170447349548340e-01 2.019001483917236328e+00 8.907897472381591797e-01 1.823534965515136719e+00 -6.842634081840515137e-02 -1.746612548828125000e+00 -8.187673985958099365e-02
-8.049750328063964844e-01 1.094117760658264160e+00 2.184366464614868164e+00 -9.090640544891357422e-01 1.778250455856323242e+00 -1.467286467552185059e+00 -7.256870865821838379e-01 -1.809468865394592285e+00 1.763878345489501953e+00 5.186309665441513062e-02 -1.320824861526489258e+00 -1.749372482299804688e+00 -3.789180517196655273e-01 -3.774986267089843750e-01 1.956261873245239258e+00 8.168650269508361816e-01 1.776276350021362305e+00 -1.420302838087081909e-01 -1.697495818138122559e+00 -1.242814883589744568e-01
-8.052971363067626953e-01 1.223243951797485352e+00 2.108514070510864258e+00 -9.164465665817260742e-01 1.749173402786254883e+00 -1.593292236328125000e+00 -5.841588377952575684e-01 -1.907012343406677246e+00 1.792271971702575684e+00 -6.947182118892669678e-03 -1.315705299377441406e+00 -1.675601124763488770e+00 -2.900738716125488281e-01 -3.192488551139831543e-01 1.906267523765563965e+00 7.333272695541381836e-01 1.716622829437255859e+00 -2.678927779197692871e-01 -1.590110659599304199e+00 -2.087017893791198730e-01
-8.688964843750000000e-01 1.429886698722839355e+00 1.944820642471313477e+00 -9.550825357437133789e-01 1.772501468658447266e+00 -1.776777505874633789e+00 -3.744272887706756592e-01 -2.103630542755126953e+00 1.871484875679016113e+00 -1.950717866420745850e-01 -1.295814037322998047e+00 -1.453312397003173828e+00 -1.480316519737243652e-01 -1.722098588943481445e-01 1.903766632080078125e+00 6.865242123603820801e-01 1.620531320571899414e+00 -4.951220750808715820e-01 -1.354994535446166992e+00 -3.893339037895202637e-01
-9.225825071334838867e-01 1.619800686836242676e+00 1.667619109153747559e+00 -1.070893526077270508e+00 1.763605833053588867e+00 -1.791674971580505371e+00 -2.095073461532592773e-01 -2.124286651611328125e+00 1.868781566619873047e+00 -5.159061551094055176e-01 -1.139233469963073730e+00 -9.593875408172607422e-01 -5.061007291078567505e-02 9.214426577091217041e-02 1.867820978164672852e+00 6.906805634498596191e-01 1.430440664291381836e+00 -7.138192653656005859e-01 -9.880589842796325684e-01 -6.264395117759704590e-01
-9.865912199020385742e-01 1.750472545623779297e+00 1.523516893386840820e+00 -1.246758222579956055e+00 1.805809259414672852e+00 -1.636327147483825684e+00 -3.104541301727294922e-01 -1.908232808113098145e+00 1.845440030097961426e+00 -8.454242348670959473e-01 -9.985125064849853516e-01 -4.950107336044311523e-01 -2.576435357332229614e-02 3.441908955574035645e-01 1.866578102111816406e+00 9.156531691551208496e-01 1.303144693374633789e+00 -7.507643699645996094e-01 -7.760519981384277344e-01 -8.015195131301879883e-01
-1.004284143447875977e+00 1.763526678085327148e+00 1.456476926803588867e+00 -1.333733081817626953e+00 1.855149030685424805e+00 -1.481822490692138672e+00 -4.241824150085449219e-01 -1.732904076576232910e+00 1.872174024581909180e+00 -1.013890027999877930e+00 -9.474621415138244629e-01 -2.793018817901611328e-01 -5.364045500755310059e-03 4.532532095909118652e-01 1.841732382774353027e+00 1.047362565994262695e+00 1.253812551498413086e+00 -6.846605539321899414e-01 -6.928905844688415527e-01 -8.440544605255126953e-01
-1.007808208465576172e+00 1.726248502731323242e+00 1.436590194702148438e+00 -1.335710883140563965e+00 1.882106304168701172e+00 -1.372172951698303223e+00 -5.382763147354125977e-01 -1.591844677925109863e+00 1.887980937957763672e+00 -1.080288887023925781e+00 -9.381120800971984863e-01 -2.013081610202789307e-01 -3.149490803480148315e-03 4.898102283477783203e-01 1.824004173278808594e+00 1.113203763961791992e+00 1.239866256713867188e+00 -5.925417542457580566e-01 -6.817200183868408203e-01 -8.096425533294677734e-01
-1.026898741722106934e+00 1.671419739723205566e+00 1.432994484901428223e+00 -1.276340484619140625e+00 1.912181138992309570e+00 -1.253858685493469238e+00 -6.806124448776245117e-01 -1.444040775299072266e+00 1.899362921714782715e+00 -1.135749340057373047e+00 -9.212943315505981445e-01 -1.727538406848907471e-01 -2.349071577191352844e-02 4.823442697525024414e-01 1.820969820022583008e+00 1.172559022903442383e+00 1.223117828369140625e+00 -4.905409216880798340e-01 -6.954578161239624023e-01 -7.329680323600769043e-01
-1.032574892044067383e+00 1.623077034950256348e+00 1.442430615425109863e+00 -1.186093807220458984e+00 1.933922767639160156e+00 -1.138220787048339844e+00 -8.584234118461608887e-01 -1.271645188331604004e+00 1.918326616287231445e+00 -1.185856461524963379e+00 -8.803560733795166016e-01 -1.763799488544464111e-01 -7.441150397062301636e-02 4.432798624038696289e-01 1.819902777671813965e+00 1.225680351257324219e+00 1.214422225952148438e+00 -3.781976699829101562e-01 -7.304154038429260254e-01 -6.115020513534545898e-01
-1.023663520812988281e+00 1.578877210617065430e+00 1.465650916099548340e+00 -1.063788414001464844e+00 1.948789119720458984e+00 -1.015881419181823730e+00 -1.056972384452819824e+00 -1.083774328231811523e+00 1.944950819015502930e+00 -1.222435355186462402e+00 -8.188117146492004395e-01 -2.231741547584533691e-01 -1.475628018379211426e-01 3.676630258560180664e-01 1.824968338012695312e+00 1.268873572349548340e+00 1.224028348922729492e+00 -2.529015541076660156e-01 -7.843906283378601074e-01 -4.554122388362884521e-01
-1.000779747962951660e+00 1.541874170303344727e+00 1.482933759689331055e+00 -9.353971481323242188e-01 1.944393634796142578e+00 -8.918334841728210449e-01 -1.270780563354492188e+00 -9.043904542922973633e-01 1.962665319442749023e+00 -1.225875973701477051e+00 -7.233014106750488281e-01 -3.126870691776275635e-01 -2.384802848100662231e-01 2.617144584655761719e-01 1.826462864875793457e+00 1.294640660285949707e+00 1.253341674804687500e+00 -1.320940852165222168e-01 -8.535640835762023926e-01 -2.652446627616882324e-01
-9.830565452575683594e-01 1.539659976959228516e+00 1.501186728477478027e+00 -8.719088435173034668e-01 1.938770771026611328e+00 -8.174647688865661621e-01 -1.444168925285339355e+00 -8.116507530212402344e-01 1.992000937461853027e+00 -1.193740487098693848e+00 -6.118443012237548828e-01 -4.521095752716064453e-01 -3.161216378211975098e-01 1.670722812414169312e-01 1.837395429611206055e+00 1.321972727775573730e+00 1.342494249343872070e+00 -5.398632213473320007e-02 -9.362689852714538574e-01 -9.587556868791580200e-02
-9.957020282745361328e-01 1.520213723182678223e+00 1.466802716255187988e+00 -8.748316764831542969e-01 1.896159887313842773e+00 -7.734571099281311035e-01 -1.519093275070190430e+00 -8.266456723213195801e-01 1.983074069023132324e+00 -1.124922752380371094e+00 -5.196341872215270996e-01 -5.810703635215759277e-01 -3.614982366561889648e-01 1.345630288124084473e-01 1.830052495002746582e+00 1.329840898513793945e+00 1.439235687255859375e+00 -3.377068787813186646e-02 -9.811807870864868164e-01 3.146430104970932007e-02
-1.037163376808166504e+00 1.492161870002746582e+00 1.424963116645812988e+00 -9.125674962997436523e-01 1.838751077651977539e+00 -7.699192762374877930e-01 -1.533447027206420898e+00 -8.922911286354064941e-01 1.937707543373107910e+00 -1.057689428329467773e+00 -4.637903273105621338e-01 -6.512899994850158691e-01 -3.688474893569946289e-01 1.871409863233566284e-01 1.813066482543945312e+00 1.328786611557006836e+00 1.513868093490600586e+00 -5.035773664712905884e-02 -9.931221604347229004e-01 1.023301333189010620e-01
-1.129380941390991211e+00 1.483714461326599121e+00 1.348065853118896484e+00 -1.009605050086975098e+00 1.746254205703735352e+00 -7.737150192260742188e-01 -1.473459362983703613e+00 -1.006815791130065918e+00 1.879519581794738770e+00 -1.025588512420654297e+00 -4.269279539585113525e-01 -6.818988323211669922e-01 -3.596548438072204590e-01 3.102005124092102051e-01 1.777601480484008789e+00 1.334339737892150879e+00 1.598522901535034180e+00 -9.605009853839874268e-02 -9.754045009613037109e-01 1.240871250629425049e-01
-1.280346870422363281e+00 1.525630593299865723e+00 1.276085376739501953e+00 -1.179736852645874023e+00 1.680153369903564453e+00 -8.195527791976928711e-01 -1.343420743942260742e+00 -1.207577705383300781e+00 1.818935751914978027e+00 -1.031392812728881836e+00 -4.453117549419403076e-01 -6.747761368751525879e-01 -3.291746973991394043e-01 5.087313055992126465e-01 1.768251776695251465e+00 1.337082624435424805e+00 1.694964408874511719e+00 -1.930027306079864502e-01 -9.422810673713684082e-01 7.478006184101104736e-02
-1.437228679656982422e+00 1.529710054397583008e+00 1.199022769927978516e+00 -1.357764482498168945e+00 1.614984750747680664e+00 -8.807457685470581055e-01 -1.098620295524597168e+00 -1.444164395332336426e+00 1.727705240249633789e+00 -1.054288625717163086e+00 -5.256635546684265137e-01 -6.167753934860229492e-01 -2.654853463172912598e-01 7.156378626823425293e-01 1.754909992218017578e+00 1.330475687980651855e+00 1.735777616500854492e+00 -3.081949949264526367e-01 -8.765351772308349609e-01 -4.801616817712783813e-02
-1.481599926948547363e+00 1.474176526069641113e+00 1.205736398696899414e+00 -1.488188862800598145e+00 1.614942789077758789e+00 -9.595628380775451660e-01 -7.608352303504943848e-01 -1.640336036682128906e+00 1.658993005752563477e+00 -1.065074205398559570e+00 -7.011299729347229004e-01 -5.519083738327026367e-01 -1.721915155649185181e-01 7.568820714950561523e-01 1.801583647727966309e+00 1.296102643013000488e+00 1.683729410171508789e+00 -4.164827167987823486e-01 -8.175337314605712891e-01 -2.399875819683074951e-01
-1.465101480484008789e+00 1.402812004089355469e+00 1.272143006324768066e+00 -1.477367162704467773e+00 1.639394998550415039e+00 -1.091890931129455566e+00 -4.752889871597290039e-01 -1.785376548767089844e+00 1.612495422363281250e+00 -1.047634840011596680e+00 -8.751914501190185547e-01 -5.311859846115112305e-01 -1.096462309360504150e-01 7.181525230407714844e-01 1.839924573898315430e+00 1.262933254241943359e+00 1.612039566040039062e+00 -4.745313525199890137e-01 -7.983586192131042480e-01 -4.088735580444335938e-01
-1.426341414451599121e+00 1.373992443084716797e+00 1.400379896163940430e+00 -1.403591156005859375e+00 1.663583993911743164e+00 -1.258921027183532715e+00 -3.604803979396820068e-01 -1.878638863563537598e+00 1.628110408782958984e+00 -1.002080678939819336e+00 -9.991743564605712891e-01 -5.646539926528930664e-01 -1.154614388942718506e-01 6.592133641242980957e-01 1.909229993820190430e+00 1.248936295509338379e+00 1.584962844848632812e+00 -4.946489930152893066e-01 -8.410311341285705566e-01 -4.949231743812561035e-01
-1.387711286544799805e+00 1.362682580947875977e+00 1.485708236694335938e+00 -1.309222459793090820e+00 1.669680833816528320e+00 -1.350907444953918457e+00 -3.173210620880126953e-01 -1.897036552429199219e+00 1.640392184257507324e+00 -9.764463305473327637e-01 -1.064183473587036133e+00 -5.749602913856506348e-01 -1.243252903223037720e-01 6.018782854080200195e-01 1.932984352111816406e+00 1.221213340759277344e+00 1.532496452331542969e+00 -4.978888928890228271e-01 -8.714869618415832520e-01 -5.429042577743530273e-01
-1.362325787544250488e+00 1.374593615531921387e+00 1.524204373359680176e+00 -1.235821843147277832e+00 1.641368150711059570e+00 -1.405933737754821777e+00 -3.114581704139709473e-01 -1.885304450988769531e+00 1.634649157524108887e+00 -9.594783782958984375e-01 -1.086847782135009766e+00 -5.584689974784851074e-01 -1.482729464769363403e-01 5.703253149986267090e-01 1.922915220260620117e+00 1.190034151077270508e+00 1.472452163696289062e+00 -5.097220540046691895e-01 -8.897997736930847168e-01 -5.706340074539184570e-01
-1.348457336425781250e+00 1.416728973388671875e+00 1.530430078506469727e+00 -1.198110938072204590e+00 1.611916780471801758e+00 -1.428423762321472168e+00 -3.361466825008392334e-01 -1.861376047134399414e+00 1.628026127815246582e+00 -9.624390602111816406e-01 -1.076496124267578125e+00 -5.158524513244628906e-01 -1.812499016523361206e-01 5.609284043312072754e-01 1.901751399040222168e+00 1.167209029197692871e+00 1.415175199508666992e+00 -5.331438183784484863e-01 -8.978816270828247070e-01 -5.930948853492736816e-01
-1.345121026039123535e+00 1.494695782661437988e+00 1.510808229446411133e+00 -1.201949715614318848e+00 1.579697132110595703e+00 -1.430155038833618164e+00 -3.930446207523345947e-01 -1.833192467689514160e+00 1.627002835273742676e+00 -9.819990992546081543e-01 -1.051118016242980957e+00 -4.621942341327667236e-01 -2.201995998620986938e-01 5.732650160789489746e-01 1.867262482643127441e+00 1.140013694763183594e+00 1.377897262573242188e+00 -5.584020018577575684e-01 -9.057483673095703125e-01 -6.033813953399658203e-01
-1.351775646209716797e+00 1.612768411636352539e+00 1.459584951400756836e+00 -1.250608444213867188e+00 1.573732137680053711e+00 -1.407730937004089355e+00 -4.864222407341003418e-01 -1.809543251991271973e+00 1.661361455917358398e+00 -1.022677302360534668e+00 -1.002542138099670410e+00 -4.060620665550231934e-01 -2.452892512083053589e-01 6.089690923690795898e-01 1.824270129203796387e+00 1.119053840637207031e+00 1.377068758010864258e+00 -5.872679948806762695e-01 -9.055327177047729492e-01 -6.074367165565490723e-01
-1.351934909820556641e+00 1.730170965194702148e+00 1.370297431945800781e+00 -1.321762561798095703e+00 1.577713966369628906e+00 -1.349779248237609863e+00 -5.882804393768310547e-01 -1.773225545883178711e+00 1.702912449836730957e+00 -1.069707870483398438e+00 -9.349966645240783691e-01 -3.423655331134796143e-01 -2.526757121086120605e-01 6.538324952125549316e-01 1.762571573257446289e+00 1.097404122352600098e+00 1.384090900421142578e+00 -6.120185852050781250e-01 -8.810475468635559082e-01 -6.034334301948547363e-01
-1.367074370384216309e+00 1.880749225616455078e+00 1.350670695304870605e+00 -1.402495741844177246e+00 1.663873434066772461e+00 -1.348036170005798340e+00 -7.347840070724487305e-01 -1.765956521034240723e+00 1.854511380195617676e+00 -1.145675420761108398e+00 -8.805918693542480469e-01 -3.437189459800720215e-01 -2.806294560432434082e-01 6.913406252861022949e-01 1.786800980567932129e+00 1.145068168640136719e+00 1.489927291870117188e+00 -6.313648819923400879e-01 -8.864166736602783203e-01 -5.807653069496154785e-01
-1.361146330833435059e+00 1.977689146995544434e+00 1.332352995872497559e+00 -1.473506093025207520e+00 1.750448703765869141e+00 -1.316591978073120117e+00 -8.857203722000122070e-01 -1.720736980438232422e+00 1.987684726715087891e+00 -1.203643202781677246e+00 -8.195807933807373047e-01 -3.497905433177947998e-01 -2.974410057067871094e-01 7.109435796737670898e-01 1.810793876647949219e+00 1.196647524833679199e+00 1.582921266555786133e+00 -6.244500279426574707e-01 -8.849858641624450684e-01 -5.381539463996887207e-01
-1.301149249076843262e+00 2.017782688140869141e+00 1.312239408493041992e+00 -1.533457756042480469e+00 1.823238372802734375e+00 -1.244638323783874512e+00 -1.034426212310791016e+00 -1.616197109222412109e+00 2.071671962738037109e+00 -1.224886059761047363e+00 -7.432144284248352051e-01 -3.433285653591156006e-01 -3.031467199325561523e-01 6.980395317077636719e-01 1.813951611518859863e+00 1.244212031364440918e+00 1.644286870956420898e+00 -5.741847157478332520e-01 -8.719869852066040039e-01 -5.077071785926818848e-01
-1.217619061470031738e+00 2.003408670425415039e+00 1.318031549453735352e+00 -1.535683274269104004e+00 1.884831428527832031e+00 -1.168477654457092285e+00 -1.165075898170471191e+00 -1.479939103126525879e+00 2.102246284484863281e+00 -1.223877668380737305e+00 -6.613589525222778320e-01 -3.305755555629730225e-01 -3.164765238761901855e-01 6.582919359207153320e-01 1.787342309951782227e+00 1.297833561897277832e+00 1.661873102188110352e+00 -4.887316226959228516e-01 -8.702327609062194824e-01 -4.859027266502380371e-01
-1.069561958312988281e+00 1.914309144020080566e+00 1.342923760414123535e+00 -1.502495884895324707e+00 1.919047117233276367e+00 -1.052816510200500488e+00 -1.275357604026794434e+00 -1.286999344825744629e+00 2.077742815017700195e+00 -1.168104767799377441e+00 -5.828816294670104980e-01 -3.260296285152435303e-01 -3.493498563766479492e-01 5.355578064918518066e-01 1.758832812309265137e+00 1.333392262458801270e+00 1.628003120422363281e+00 -3.683466613292694092e-01 -8.855613470077514648e-01 -4.602570831775665283e-01
-8.259934186935424805e-01 1.740385532379150391e+00 1.445652127265930176e+00 -1.434367060661315918e+00 1.985464811325073242e+00 -9.190872907638549805e-01 -1.364962577819824219e+00 -1.057062745094299316e+00 2.021306991577148438e+00 -1.014496088027954102e+00 -5.270527601242065430e-01 -3.987219929695129395e-01 -4.084112048149108887e-01 2.700903415679931641e-01 1.763172745704650879e+00 1.373138308525085449e+00 1.567089080810546875e+00 -2.193705290555953979e-01 -9.741295576095581055e-01 -4.493598043918609619e-01
-5.884135961532592773e-01 1.473148822784423828e+00 1.608462929725646973e+00 -1.265330672264099121e+00 2.087532043457031250e+00 -7.955476641654968262e-01 -1.381030917167663574e+00 -8.756696581840515137e-01 1.875144362449645996e+00 -8.009757399559020996e-01 -5.904949307441711426e-01 -5.332252979278564453e-01 -5.258382558822631836e-01 -8.526125550270080566e-02 1.811615943908691406e+00 1.369913458824157715e+00 1.471006155014038086e+00 -5.940286442637443542e-02 -1.117124795913696289e+00 -4.606751501560211182e-01
-5.293173193931579590e-01 1.203118562698364258e+00 1.814549684524536133e+00 -1.105245709419250488e+00 2.068730592727661133e+00 -7.845720052719116211e-01 -1.244675636291503906e+00 -9.161742329597473145e-01 1.795688271522521973e+00 -5.861271023750305176e-01 -7.710307836532592773e-01 -8.232517242431640625e-01 -6.088442802429199219e-01 -4.165012836456298828e-01 1.964369654655456543e+00 1.328131556510925293e+00 1.467276334762573242e+00 4.053131863474845886e-02 -1.300139307975769043e+00 -4.140426814556121826e-01
-5.759029388427734375e-01 1.043815493583679199e+00 2.075091600418090820e+00 -1.025372385978698730e+00 2.033014059066772461e+00 -8.739123940467834473e-01 -1.116823792457580566e+00 -1.046466708183288574e+00 1.808744668960571289e+00 -4.292974472045898438e-01 -9.858123660087585449e-01 -1.102211236953735352e+00 -6.467074751853942871e-01 -5.672841072082519531e-01 2.099469661712646484e+00 1.245007157325744629e+00 1.530596494674682617e+00 1.100506037473678589e-01 -1.479651212692260742e+00 -3.250408768653869629e-01
-6.460765600204467773e-01 9.885573983192443848e-01 2.228066444396972656e+00 -9.632306694984436035e-01 1.982125043869018555e+00 -9.566503167152404785e-01 -1.052694082260131836e+00 -1.158252716064453125e+00 1.789099812507629395e+00 -3.284417092800140381e-01 -1.097561240196228027e+00 -1.268795251846313477e+00 -6.506420373916625977e-01 -6.145327091217041016e-01 2.168065071105957031e+00 1.201998710632324219e+00 1.563586235046386719e+00 1.319665759801864624e-01 -1.588242411613464355e+00 -2.806981205940246582e-01
-7.345771789550781250e-01 9.906962513923645020e-01 2.308331251144409180e+00 -9.092484712600708008e-01 1.955357789993286133e+00 -1.019917845726013184e+00 -1.034232735633850098e+00 -1.257005572319030762e+00 1.759982347488403320e+00 -2.789223790168762207e-01 -1.156845688819885254e+00 -1.370296835899353027e+00 -6.459190249443054199e-01 -5.927671194076538086e-01 2.196770668029785156e+00 1.180015325546264648e+00 1.589939355850219727e+00 1.327724307775497437e-01 -1.655617594718933105e+00 -2.376762628555297852e-01
-8.275835514068603516e-01 9.935237765312194824e-01 2.309524536132812500e+00 -8.645431995391845703e-01 1.907071828842163086e+00 -1.060662508010864258e+00 -1.027037262916564941e+00 -1.343588948249816895e+00 1.713553905487060547e+00 -2.424567341804504395e-01 -1.167933106422424316e+00 -1.423837780952453613e+00 -6.293166279792785645e-01 -5.359739065170288086e-01 2.193591117858886719e+00 1.166371941566467285e+00 1.601508378982543945e+00 1.044339984655380249e-01 -1.686007857322692871e+00 -1.847263872623443604e-01
-9.140890836715698242e-01 9.956326484680175781e-01 2.231378316879272461e+00 -8.426628112792968750e-01 1.801962375640869141e+00 -1.105260729789733887e+00 -1.028186440467834473e+00 -1.417613029479980469e+00 1.648116827011108398e+00 -1.876477599143981934e-01 -1.121756315231323242e+00 -1.435242414474487305e+00 -6.107390522956848145e-01 -4.338717460632324219e-01 2.145732164382934570e+00 1.150808930397033691e+00 1.604851245880126953e+00 4.413062706589698792e-02 -1.681301355361938477e+00 -1.267634630203247070e-01
-1.027060389518737793e+00 9.718299508094787598e-01 2.065216779708862305e+00 -7.992331385612487793e-01 1.660623788833618164e+00 -1.161854505538940430e+00 -1.006425261497497559e+00 -1.481718182563781738e+00 1.572826385498046875e+00 -1.805166155099868774e-01 -1.017186641693115234e+00 -1.368303179740905762e+00 -5.300473570823669434e-01 -2.320649176836013794e-01 2.093809127807617188e+00 1.141225457191467285e+00 1.577127933502197266e+00 -6.143267080187797546e-02 -1.572841525077819824e+00 -3.643303364515304565e-02
-1.143430471420288086e+00 8.989453911781311035e-01 1.719572424888610840e+00 -7.237825989723205566e-01 1.447847366333007812e+00 -1.170586585998535156e+00 -9.666780829429626465e-01 -1.496375918388366699e+00 1.403753161430358887e+00 -2.126176953315734863e-01 -8.228057622909545898e-01 -1.156324625015258789e+00 -3.972967267036437988e-01 8.737564831972122192e-02 1.963539600372314453e+00 1.108411073684692383e+00 1.466194391250610352e+00 -2.154064029455184937e-01 -1.314421653747558594e+00 7.441158592700958252e-02
-1.252014279365539551e+00 8.972699642181396484e-01 1.409215927124023438e+00 -7.427114248275756836e-01 1.319938421249389648e+00 -1.184225797653198242e+00 -8.964054584503173828e-01 -1.494366168975830078e+00 1.313697457313537598e+00 -3.796186447143554688e-01 -6.371403932571411133e-01 -8.386948704719543457e-01 -3.087383508682250977e-01 4.739920496940612793e-01 1.800101399421691895e+00 1.115044832229614258e+00 1.409535408020019531e+00 -3.513982594013214111e-01 -1.001221656799316406e+00 8.716395497322082520e-02
-1.346562027931213379e+00 1.060033202171325684e+00 1.307885885238647461e+00 -9.532889723777770996e-01 1.479999542236328125e+00 -1.197002410888671875e+00 -9.873335361480712891e-01 -1.527893781661987305e+00 1.477798342704772949e+00 -6.007027029991149902e-01 -5.527631044387817383e-01 -7.124754786491394043e-01 -2.472516447305679321e-01 7.358055710792541504e-01 1.813677787780761719e+00 1.238192558288574219e+00 1.590736627578735352e+00 -4.311302006244659424e-01 -9.027124643325805664e-01 7.096768915653228760e-02
-1.334042310714721680e+00 1.147712349891662598e+00 1.258367776870727539e+00 -1.121806859970092773e+00 1.651799201965332031e+00 -1.153981208801269531e+00 -1.086350679397583008e+00 -1.512451291084289551e+00 1.605971574783325195e+00 -7.173453569412231445e-01 -4.950101673603057861e-01 -6.511705517768859863e-01 -1.925006508827209473e-01 8.268399238586425781e-01 1.844682693481445312e+00 1.340232729911804199e+00 1.722713708877563477e+00 -4.459661245346069336e-01 -8.631299138069152832e-01 2.612896077334880829e-02
-1.243340373039245605e+00 1.154763340950012207e+00 1.201983809471130371e+00 -1.203460574150085449e+00 1.779037714004516602e+00 -1.056276559829711914e+00 -1.160903096199035645e+00 -1.449641942977905273e+00 1.673821926116943359e+00 -7.465596795082092285e-01 -4.373625516891479492e-01 -6.464565992355346680e-01 -1.563025265932083130e-01 7.819160819053649902e-01 1.847662568092346191e+00 1.394887447357177734e+00 1.790721178054809570e+00 -4.067943394184112549e-01 -8.412638306617736816e-01 3.416873514652252197e-04
-1.078117847442626953e+00 1.116902112960815430e+00 1.186804890632629395e+00 -1.188309550285339355e+00 1.903980970382690430e+00 -9.533395171165466309e-01 -1.236821770668029785e+00 -1.351086139678955078e+00 1.720002055168151855e+00 -7.079440951347351074e-01 -3.764427006244659424e-01 -7.083914279937744141e-01 -1.528320759534835815e-01 6.071705222129821777e-01 1.822051048278808594e+00 1.435132265090942383e+00 1.819129943847656250e+00 -3.061864078044891357e-01 -8.654979467391967773e-01 -2.368233725428581238e-02
-7.500644922256469727e-01 1.098733544349670410e+00 1.315735578536987305e+00 -1.106119036674499512e+00 2.081078052520751953e+00 -8.548163175582885742e-01 -1.334013581275939941e+00 -1.161838412284851074e+00 1.791374087333679199e+00 -5.942547321319580078e-01 -3.770715892314910889e-01 -8.234362006187438965e-01 -2.308241873979568481e-01 1.906594485044479370e-01 1.787222266197204590e+00 1.421286582946777344e+00 1.761154413223266602e+00 -1.318718791007995605e-01 -9.765956997871398926e-01 -1.241737082600593567e-01
-4.624902307987213135e-01 1.104744315147399902e+00 1.558314085006713867e+00 -9.703804254531860352e-01 2.228876352310180664e+00 -8.499606847763061523e-01 -1.334076642990112305e+00 -1.060265541076660156e+00 1.860840439796447754e+00 -4.649270474910736084e-01 -5.426304340362548828e-01 -9.563284516334533691e-01 -3.914892673492431641e-01 -2.622700333595275879e-01 1.798805952072143555e+00 1.312718868255615234e+00 1.652182817459106445e+00 -1.185864210128784180e-03 -1.146894693374633789e+00 -2.898862659931182861e-01
-3.916190564632415771e-01 1.228380680084228516e+00 1.915247201919555664e+00 -9.815990328788757324e-01 2.311537504196166992e+00 -1.010797023773193359e+00 -1.236298322677612305e+00 -1.105067014694213867e+00 2.058058977127075195e+00 -4.291320443153381348e-01 -7.880115509033203125e-01 -1.084226131439208984e+00 -5.076278448104858398e-01 -4.698259830474853516e-01 1.938107848167419434e+00 1.234263896942138672e+00 1.660863637924194336e+00 -7.131602615118026733e-03 -1.336948394775390625e+00 -4.477257728576660156e-01
-3.830491900444030762e-01 1.328508257865905762e+00 2.097540140151977539e+00 -9.876526594161987305e-01 2.240913629531860352e+00 -1.156033396720886230e+00 -1.114946365356445312e+00 -1.174412965774536133e+00 2.116798400878906250e+00 -3.619710505008697510e-01 -9.801833033561706543e-01 -1.171302914619445801e+00 -5.629091262817382812e-01 -5.464538335800170898e-01 1.971615791320800781e+00 1.094698429107666016e+00 1.642536401748657227e+00 -5.698268860578536987e-02 -1.451749920845031738e+00 -5.271522402763366699e-01
-4.200501739978790283e-01 1.421260237693786621e+00 2.175891876220703125e+00 -9.901989698410034180e-01 2.122169017791748047e+00 -1.261706829071044922e+00 -9.944260120391845703e-01 -1.241771459579467773e+00 2.107526302337646484e+00 -3.434884548187255859e-01 -1.112042903900146484e+00 -1.194703698158264160e+00 -5.940076708793640137e-01 -5.460482835769653320e-01 1.948749542236328125e+00 9.775932431221008301e-01 1.597106933593750000e+00 -1.003713309764862061e-01 -1.511794447898864746e+00 -5.757688879966735840e-01
-4.628440737724304199e-01 1.543337106704711914e+00 2.169825077056884766e+00 -1.011256575584411621e+00 1.948828935623168945e+00 -1.326365232467651367e+00 -8.789591193199157715e-01 -1.304067730903625488e+00 2.063989639282226562e+00 -3.452190160751342773e-01 -1.180519342422485352e+00 -1.181568503379821777e+00 -6.067192554473876953e-01 -5.370150208473205566e-01 1.888544917106628418e+00 8.475328087806701660e-01 1.521334886550903320e+00 -1.535946130752563477e-01 -1.520032525062561035e+00 -6.322498321533203125e-01
-4.870011806488037109e-01 1.638795733451843262e+00 2.086522340774536133e+00 -1.031892299652099609e+00 1.754005670547485352e+00 -1.365647435188293457e+00 -7.437358498573303223e-01 -1.359961748123168945e+00 1.988569617271423340e+00 -3.422583341598510742e-01 -1.210283637046813965e+00 -1.124914050102233887e+00 -5.968567132949829102e-01 -4.915257692337036133e-01 1.782656669616699219e+00 7.093860507011413574e-01 1.424736499786376953e+00 -2.186250239610671997e-01 -1.476945877075195312e+00 -6.956024765968322754e-01
-5.242395997047424316e-01 1.707927584648132324e+00 1.932937383651733398e+00 -1.056775331497192383e+00 1.605636119842529297e+00 -1.408857226371765137e+00 -6.396017074584960938e-01 -1.440799593925476074e+00 1.905282497406005859e+00 -3.570528030395507812e-01 -1.199181437492370605e+00 -1.012714505195617676e+00 -5.719401836395263672e-01 -3.656055927276611328e-01 1.662426114082336426e+00 6.122962236404418945e-01 1.343065261840820312e+00 -2.899460792541503906e-01 -1.378197789192199707e+00 -7.526311278343200684e-01
-5.955724716186523438e-01 1.737742304801940918e+00 1.693137764930725098e+00 -1.114234209060668945e+00 1.419516086578369141e+00 -1.399692296981811523e+00 -5.075068473815917969e-01 -1.541697263717651367e+00 1.766277909278869629e+00 -3.851831555366516113e-01 -1.136893272399902344e+00 -8.780331015586853027e-01 -5.532405376434326172e-01 -2.146035879850387573e-01 1.519460797309875488e+00 5.345131158828735352e-01 1.277553319931030273e+00 -3.664076924324035645e-01 -1.244499802589416504e+00 -7.935557961463928223e-01
-7.492262125015258789e-01 1.791454315185546875e+00 1.583497166633605957e+00 -1.306172251701354980e+00 1.389112472534179688e+00 -1.453043341636657715e+00 -4.344157576560974121e-01 -1.695658445358276367e+00 1.737563610076904297e+00 -5.172480344772338867e-01 -1.070579886436462402e+00 -7.343704700469970703e-01 -4.513752460479736328e-01 2.398354560136795044e-02 1.587869405746459961e+00 6.326425671577453613e-01 1.329473018646240234e+00 -4.551073014736175537e-01 -1.115843653678894043e+00 -8.303813338279724121e-01
-9.342334270477294922e-01 1.677059292793273926e+00 1.507480382919311523e+00 -1.485728740692138672e+00 1.423901557922363281e+00 -1.473750233650207520e+00 -3.596381545066833496e-01 -1.784759879112243652e+00 1.752531647682189941e+00 -6.648015975952148438e-01 -1.027197718620300293e+00 -6.281827092170715332e-01 -2.947618365287780762e-01 2.907278537750244141e-01 1.748075008392333984e+00 8.407264351844787598e-01 1.446313858032226562e+00 -5.211796760559082031e-01 -9.970179200172424316e-01 -7.748247981071472168e-01
-1.045937895774841309e+00 1.446480393409729004e+00 1.457796931266784668e+00 -1.602500200271606445e+00 1.443206548690795898e+00 -1.406471967697143555e+00 -3.020978569984436035e-01 -1.790364861488342285e+00 1.711420536041259766e+00 -7.010393142700195312e-01 -9.758298993110656738e-01 -5.977156758308410645e-01 -1.833865493535995483e-01 4.600109457969665527e-01 1.883233666419982910e+00 1.044303894042968750e+00 1.554910898208618164e+00 -5.221613645553588867e-01 -9.376084804534912109e-01 -6.974188089370727539e-01
-1.084126949310302734e+00 1.150378704071044922e+00 1.463042855262756348e+00 -1.631232619285583496e+00 1.488396644592285156e+00 -1.304356932640075684e+00 -2.833627760410308838e-01 -1.722576260566711426e+00 1.620157599449157715e+00 -6.533797383308410645e-01 -9.205945730209350586e-01 -6.096997261047363281e-01 -1.002585291862487793e-01 5.354982614517211914e-01 1.997445464134216309e+00 1.224561929702758789e+00 1.608212471008300781e+00 -4.824900031089782715e-01 -9.221401214599609375e-01 -6.101362109184265137e-01
-1.073089003562927246e+00 7.953023314476013184e-01 1.528586268424987793e+00 -1.532213807106018066e+00 1.581118345260620117e+00 -1.193181872367858887e+00 -3.297914862632751465e-01 -1.606405496597290039e+00 1.502827405929565430e+00 -5.447771549224853516e-01 -8.706563711166381836e-01 -6.707455515861511230e-01 -2.938829362392425537e-03 5.252940058708190918e-01 2.097904205322265625e+00 1.368133783340454102e+00 1.591811656951904297e+00 -3.756124675273895264e-01 -9.212822914123535156e-01 -4.628089070320129395e-01
-1.042359232902526855e+00 4.796288013458251953e-01 1.673820257186889648e+00 -1.347813367843627930e+00 1.641920804977416992e+00 -1.038664579391479492e+00 -4.715118110179901123e-01 -1.446639060974121094e+00 1.379521012306213379e+00 -4.164262712001800537e-01 -8.223960399627685547e-01 -8.109236359596252441e-01 2.234839834272861481e-02 3.633133769035339355e-01 2.204958915710449219e+00 1.475885868072509766e+00 1.542021036148071289e+00 -1.905479878187179565e-01 -1.004538893699645996e+00 -2.728251516819000244e-01
-9.911518096923828125e-01 4.249482750892639160e-01 1.916490197181701660e+00 -1.228128433227539062e+00 1.824669837951660156e+00 -1.021168828010559082e+00 -6.869186162948608398e-01 -1.353836894035339355e+00 1.418291211128234863e+00 -3.284682929515838623e-01 -8.571629524230957031e-01 -9.595030546188354492e-01 -5.007634311914443970e-02 1.348219215869903564e-01 2.381844997406005859e+00 1.584639668464660645e+00 1.567587137222290039e+00 -6.992989033460617065e-02 -1.159713745117187500e+00 -2.206147015094757080e-01
-9.562979936599731445e-01 4.741682112216949463e-01 2.109923362731933594e+00 -1.095944643020629883e+00 1.926353931427001953e+00 -1.027431964874267578e+00 -9.234126806259155273e-01 -1.296762824058532715e+00 1.470053434371948242e+00 -2.409410178661346436e-01 -8.614231944084167480e-01 -1.117703318595886230e+00 -1.910853534936904907e-01 -7.777449488639831543e-02 2.424621343612670898e+00 1.593569874763488770e+00 1.605482101440429688e+00 1.932920888066291809e-02 -1.339827537536621094e+00 -1.413362920284271240e-01
-9.185262918472290039e-01 6.035436987876892090e-01 2.215233325958251953e+00 -9.418204426765441895e-01 1.926524400711059570e+00 -1.046916723251342773e+00 -1.176128864288330078e+00 -1.231749415397644043e+00 1.516558766365051270e+00 -1.654570698738098145e-01 -8.247774839401245117e-01 -1.257349729537963867e+00 -3.762929439544677734e-01 -2.382602542638778687e-01 2.352933645248413086e+00 1.525667905807495117e+00 1.637341737747192383e+00 8.177065849304199219e-02 -1.499327063560485840e+00 -3.489024937152862549e-02
-9.206827878952026367e-01 7.807978391647338867e-01 2.244292736053466797e+00 -8.319613933563232422e-01 1.865137338638305664e+00 -1.067697048187255859e+00 -1.389383077621459961e+00 -1.156888008117675781e+00 1.535186886787414551e+00 -1.597475409507751465e-01 -7.748070359230041504e-01 -1.310483098030090332e+00 -5.287182331085205078e-01 -2.740517854690551758e-01 2.244426012039184570e+00 1.455877423286437988e+00 1.660228490829467773e+00 1.117930114269256592e-01 -1.596522688865661621e+00 5.155023559927940369e-02
-9.170686006546020508e-01 1.047165870666503906e+00 2.193232536315917969e+00 -7.804892063140869141e-01 1.767963886260986328e+00 -1.125978112220764160e+00 -1.550231814384460449e+00 -1.135063648223876953e+00 1.523395061492919922e+00 -1.544466316699981689e-01 -6.967585086822509766e-01 -1.299125075340270996e+00 -6.433247327804565430e-01 -2.242591530084609985e-01 2.075727939605712891e+00 1.325292587280273438e+00 1.652698516845703125e+00 4.353288933634757996e-02 -1.645655632019042969e+00 8.625824004411697388e-02
-8.655542135238647461e-01 1.215689659118652344e+00 2.025218963623046875e+00 -7.464904785156250000e-01 1.633406639099121094e+00 -1.147917747497558594e+00 -1.570027470588684082e+00 -1.113113641738891602e+00 1.502678751945495605e+00 -1.472853571176528931e-01 -6.086231470108032227e-01 -1.223165869712829590e+00 -6.470349431037902832e-01 -1.880404502153396606e-01 1.862823963165283203e+00 1.165019035339355469e+00 1.578313112258911133e+00 -8.699631690979003906e-02 -1.598328351974487305e+00 8.610583841800689697e-02
-8.656077384948730469e-01 1.442831158638000488e+00 1.811319231986999512e+00 -7.846564054489135742e-01 1.484791040420532227e+00 -1.164031624794006348e+00 -1.569822788238525391e+00 -1.181353807449340820e+00 1.483784317970275879e+00 -1.669871658086776733e-01 -5.359151959419250488e-01 -1.129479289054870605e+00 -6.577188372611999512e-01 -1.313336938619613647e-01 1.679745912551879883e+00 1.004380822181701660e+00 1.498839855194091797e+00 -2.408344149589538574e-01 -1.524603009223937988e+00 2.850792743265628815e-02
-8.649102449417114258e-01 1.603252530097961426e+00 1.602251768112182617e+00 -8.292475938796997070e-01 1.416047334671020508e+00 -1.178240299224853516e+00 -1.527730941772460938e+00 -1.279780745506286621e+00 1.482979178428649902e+00 -2.063706219196319580e-01 -5.056720972061157227e-01 -1.024243712425231934e+00 -6.364241838455200195e-01 -1.815595477819442749e-02 1.511979341506958008e+00 8.451977968215942383e-01 1.434980630874633789e+00 -3.790242373943328857e-01 -1.420429825782775879e+00 -2.987409010529518127e-02
-9.205164909362792969e-01 1.732059597969055176e+00 1.447528481483459473e+00 -9.138435721397399902e-01 1.390679359436035156e+00 -1.207153558731079102e+00 -1.441465973854064941e+00 -1.416097521781921387e+00 1.510935544967651367e+00 -2.925970852375030518e-01 -5.345240235328674316e-01 -9.206630587577819824e-01 -6.173301935195922852e-01 1.216117888689041138e-01 1.421134948730468750e+00 7.215937972068786621e-01 1.422139406204223633e+00 -4.936965405941009521e-01 -1.314508557319641113e+00 -8.657303452491760254e-02
-9.706903696060180664e-01 1.808847546577453613e+00 1.322612285614013672e+00 -1.003280878067016602e+00 1.371011257171630859e+00 -1.221339464187622070e+00 -1.330257296562194824e+00 -1.546984076499938965e+00 1.537425279617309570e+00 -3.587160408496856689e-01 -5.786248445510864258e-01 -8.558368682861328125e-01 -6.027005910873413086e-01 2.216214686632156372e-01 1.360049247741699219e+00 6.355813145637512207e-01 1.441763877868652344e+00 -5.809482336044311523e-01 -1.237270832061767578e+00 -1.426601707935333252e-01
-1.005935072898864746e+00 1.842202186584472656e+00 1.266778588294982910e+00 -1.083216071128845215e+00 1.394858121871948242e+00 -1.230114698410034180e+00 -1.258359789848327637e+00 -1.628523826599121094e+00 1.561562895774841309e+00 -4.012901484966278076e-01 -6.248790621757507324e-01 -8.003464937210083008e-01 -5.936475992202758789e-01 3.066133856773376465e-01 1.331249237060546875e+00 6.132034063339233398e-01 1.481210231781005859e+00 -6.106575131416320801e-01 -1.194697737693786621e+00 -2.141741812229156494e-01
-1.018023967742919922e+00 1.843693614006042480e+00 1.266907095909118652e+00 -1.158785223960876465e+00 1.444520235061645508e+00 -1.249454021453857422e+00 -1.188618302345275879e+00 -1.706011176109313965e+00 1.598534941673278809e+00 -4.106694161891937256e-01 -6.823592782020568848e-01 -8.063962459564208984e-01 -5.822910666465759277e-01 3.558738231658935547e-01 1.327986001968383789e+00 6.141682863235473633e-01 1.553599357604980469e+00 -6.085372567176818848e-01 -1.196708798408508301e+00 -2.752608656883239746e-01
-9.869344234466552734e-01 1.775545716285705566e+00 1.275809049606323242e+00 -1.192767977714538574e+00 1.461169242858886719e+00 -1.244390368461608887e+00 -1.105920433998107910e+00 -1.748048782348632812e+00 1.595468521118164062e+00 -3.587416708469390869e-01 -7.383105158805847168e-01 -8.580011725425720215e-01 -5.823652148246765137e-01 3.589260578155517578e-01 1.290155768394470215e+00 5.937297940254211426e-01 1.617280483245849609e+00 -5.701902508735656738e-01 -1.224106907844543457e+00 -3.158974945545196533e-01
