-1.296517729759216309e+00 1.869845271110534668e+00 1.504613280296325684e+00 -1.086866378784179688e+00 1.208340764045715332e+00 -1.365489125251770020e+00 -1.055851459503173828e+00 -1.833039402961730957e+00 1.276928424835205078e+00 -4.547107219696044922e-01 -8.306237459182739258e-01 -7.800484895706176758e-01 -5.273219347000122070e-01 3.117703795433044434e-01 1.466796636581420898e+00 6.878256201744079590e-01 1.320898771286010742e+00 -5.428581237792968750e-01 -1.294559836387634277e+00 -3.809372484683990479e-01
-1.294157385826110840e+00 1.854231476783752441e+00 1.512704491615295410e+00 -1.059980034828186035e+00 1.200774073600769043e+00 -1.341232180595397949e+00 -1.079066634178161621e+00 -1.792395353317260742e+00 1.263614296913146973e+00 -4.620358943939208984e-01 -8.254777193069458008e-01 -7.650709748268127441e-01 -5.600264072418212891e-01 3.040673732757568359e-01 1.444500684738159180e+00 7.040480375289916992e-01 1.310928940773010254e+00 -5.133367776870727539e-01 -1.307471752166748047e+00 -3.847432434558868408e-01
-1.287740707397460938e+00 1.842428565025329590e+00 1.509912371635437012e+00 -1.043500661849975586e+00 1.190365672111511230e+00 -1.322829961776733398e+00 -1.101553916931152344e+00 -1.737705588340759277e+00 1.246643424034118652e+00 -4.817900657653808594e-01 -8.033641576766967773e-01 -7.168697714805603027e-01 -5.827457308769226074e-01 3.236579895019531250e-01 1.417440891265869141e+00 7.292493581771850586e-01 1.291362762451171875e+00 -4.908241927623748779e-01 -1.296122789382934570e+00 -3.963689804077148438e-01
-1.283660650253295898e+00 1.826228857040405273e+00 1.494401216506958008e+00 -1.043399333953857422e+00 1.181964993476867676e+00 -1.317360043525695801e+00 -1.112488985061645508e+00 -1.685514330863952637e+00 1.231376767158508301e+00 -5.115492939949035645e-01 -7.742424607276916504e-01 -6.347489356994628906e-01 -5.841111540794372559e-01 3.789528608322143555e-01 1.391788125038146973e+00 7.618282437324523926e-01 1.256718158721923828e+00 -4.794416129589080811e-01 -1.248156070709228516e+00 -4.108004271984100342e-01
-1.261073231697082520e+00 1.822760820388793945e+00 1.462489724159240723e+00 -1.074653387069702148e+00 1.189760565757751465e+00 -1.329770326614379883e+00 -1.118352770805358887e+00 -1.619749784469604492e+00 1.238341331481933594e+00 -5.660397410392761230e-01 -7.187345623970031738e-01 -5.071974992752075195e-01 -5.724292397499084473e-01 4.758449494838714600e-01 1.371900677680969238e+00 8.153979778289794922e-01 1.221801996231079102e+00 -4.911239147186279297e-01 -1.161415576934814453e+00 -4.351534247398376465e-01
-1.206115007400512695e+00 1.827806472778320312e+00 1.432081341743469238e+00 -1.143991231918334961e+00 1.254771947860717773e+00 -1.379103064537048340e+00 -1.112962603569030762e+00 -1.545155048370361328e+00 1.295444846153259277e+00 -6.476789116859436035e-01 -6.370391845703125000e-01 -3.396801948547363281e-01 -5.305848121643066406e-01 6.279268860816955566e-01 1.372804403305053711e+00 9.015116095542907715e-01 1.216706752777099609e+00 -5.137681961059570312e-01 -1.027117848396301270e+00 -4.881212413311004639e-01
-1.134019494056701660e+00 1.793254494667053223e+00 1.425685286521911621e+00 -1.248361110687255859e+00 1.388646245002746582e+00 -1.443103432655334473e+00 -1.109288811683654785e+00 -1.453926205635070801e+00 1.423434853553771973e+00 -7.233003377914428711e-01 -5.528364777565002441e-01 -1.808497607707977295e-01 -4.298469126224517822e-01 8.137371540069580078e-01 1.425444245338439941e+00 1.043031692504882812e+00 1.265324711799621582e+00 -5.237323045730590820e-01 -8.723467588424682617e-01 -5.535122156143188477e-01
-1.056473255157470703e+00 1.718744158744812012e+00 1.456769585609436035e+00 -1.358236312866210938e+00 1.511659979820251465e+00 -1.501621603965759277e+00 -1.078430652618408203e+00 -1.382650732994079590e+00 1.550151228904724121e+00 -7.502331733703613281e-01 -5.113402009010314941e-01 -8.875460177659988403e-02 -3.268475830554962158e-01 9.542015790939331055e-01 1.495739340782165527e+00 1.151912689208984375e+00 1.331499338150024414e+00 -5.220453739166259766e-01 -7.674390077590942383e-01 -5.998691320419311523e-01
-9.816781878471374512e-01 1.616969943046569824e+00 1.477809429168701172e+00 -1.415734171867370605e+00 1.597288012504577637e+00 -1.510419130325317383e+00 -1.003503680229187012e+00 -1.318435192108154297e+00 1.617796540260314941e+00 -7.561736106872558594e-01 -5.058714747428894043e-01 -5.666519701480865479e-02 -2.399058341979980469e-01 9.840862154960632324e-01 1.564844846725463867e+00 1.187176942825317383e+00 1.352623581886291504e+00 -5.037326812744140625e-01 -6.903979182243347168e-01 -6.213821172714233398e-01
-8.622065186500549316e-01 1.427168250083923340e+00 1.442444205284118652e+00 -1.386995434761047363e+00 1.598945975303649902e+00 -1.455792188644409180e+00 -8.451440334320068359e-01 -1.243808031082153320e+00 1.597699761390686035e+00 -6.988172531127929688e-01 -5.457528829574584961e-01 -6.929760426282882690e-02 -1.560185253620147705e-01 9.199895262718200684e-01 1.555399417877197266e+00 1.106319069862365723e+00 1.301114320755004883e+00 -4.653207659721374512e-01 -6.138094067573547363e-01 -6.094363927841186523e-01
-6.577097177505493164e-01 1.167557716369628906e+00 1.393156886100769043e+00 -1.255419492721557617e+00 1.555240392684936523e+00 -1.347582340240478516e+00 -5.591544508934020996e-01 -1.181571483612060547e+00 1.542363166809082031e+00 -5.678233504295349121e-01 -6.674554347991943359e-01 -2.368633896112442017e-01 -7.623633742332458496e-02 6.693838834762573242e-01 1.493854045867919922e+00 9.015623927116394043e-01 1.244929790496826172e+00 -3.877269029617309570e-01 -5.848159193992614746e-01 -5.781552195549011230e-01
-4.750423431396484375e-01 8.673052787780761719e-01 1.537379741668701172e+00 -1.036964654922485352e+00 1.598536968231201172e+00 -1.244760394096374512e+00 -3.477976918220520020e-01 -1.273091316223144531e+00 1.587979793548583984e+00 -3.075178563594818115e-01 -9.394522905349731445e-01 -7.816781401634216309e-01 -5.344596132636070251e-02 1.291223466396331787e-01 1.554790854454040527e+00 7.040413618087768555e-01 1.317115187644958496e+00 -2.171124517917633057e-01 -8.202391266822814941e-01 -4.078865349292755127e-01
-5.044689774513244629e-01 8.545324802398681641e-01 1.806956410408020020e+00 -9.490468502044677734e-01 1.763988018035888672e+00 -1.138829112052917480e+00 -4.893445372581481934e-01 -1.464705467224121094e+00 1.757272601127624512e+00 -1.452990174293518066e-01 -1.188526988029479980e+00 -1.377231597900390625e+00 -1.747673302888870239e-01 -3.831323385238647461e-01 1.775317311286926270e+00 7.466850876808166504e-01 1.563422322273254395e+00 -8.092944324016571045e-02 -1.273310542106628418e+00 -2.575147449970245361e-01
-6.679596304893493652e-01 9.569309949874877930e-01 2.006764888763427734e+00 -9.200373888015747070e-01 1.852528572082519531e+00 -1.075138211250305176e+00 -6.517835259437561035e-01 -1.601589441299438477e+00 1.887714862823486328e+00 -1.551292687654495239e-01 -1.345831274986267090e+00 -1.726841092109680176e+00 -3.339699208736419678e-01 -6.296411752700805664e-01 1.994920253753662109e+00 8.195766210556030273e-01 1.760058879852294922e+00 -2.023359760642051697e-02 -1.589170336723327637e+00 -1.479902416467666626e-01
-7.732727527618408203e-01 1.003312110900878906e+00 2.101592779159545898e+00 -8.852349519729614258e-01 1.865302085876464844e+00 -1.012892603874206543e+00 -7.665291428565979004e-01 -1.618372440338134766e+00 1.918892502784729004e+00 -1.857008785009384155e-01 -1.387843251228332520e+00 -1.860367774963378906e+00 -4.357781410217285156e-01 -7.467751502990722656e-01 2.110239744186401367e+00 8.899697065353393555e-01 1.829445958137512207e+00 2.376355975866317749e-02 -1.737806081771850586e+00 -8.957248926162719727e-02
-8.348010182380676270e-01 1.007318258285522461e+00 2.126257181167602539e+00 -8.463537693023681641e-01 1.834324836730957031e+00 -9.390251040458679199e-01 -8.408474326133728027e-01 -1.576214909553527832e+00 1.892074584960937500e+00 -2.117799967527389526e-01 -1.373168587684631348e+00 -1.899493455886840820e+00 -5.036661028861999512e-01 -8.081577420234680176e-01 2.156672000885009766e+00 9.412138462066650391e-01 1.835471749305725098e+00 5.455151200294494629e-02 -1.802694559097290039e+00 -4.554646089673042297e-02
-8.792540431022644043e-01 1.007356047630310059e+00 2.131186485290527344e+00 -8.313997983932495117e-01 1.808306455612182617e+00 -8.882981538772583008e-01 -8.911036252975463867e-01 -1.522604465484619141e+00 1.859292864799499512e+00 -2.471714913845062256e-01 -1.325138211250305176e+00 -1.883608579635620117e+00 -5.497583150863647461e-01 -8.232539296150207520e-01 2.189644336700439453e+00 9.993888735771179199e-01 1.820351123809814453e+00 6.615745276212692261e-02 -1.822726726531982422e+00 -1.805736124515533447e-02
-9.223507642745971680e-01 1.011736392974853516e+00 2.108024597167968750e+00 -8.362323045730590820e-01 1.800510883331298828e+00 -8.377791047096252441e-01 -9.780644178390502930e-01 -1.436144828796386719e+00 1.830008983612060547e+00 -3.069679141044616699e-01 -1.229086518287658691e+00 -1.820871233940124512e+00 -5.907580852508544922e-01 -7.836262583732604980e-01 2.215846776962280273e+00 1.088235616683959961e+00 1.810069561004638672e+00 6.959604471921920776e-02 -1.815263390541076660e+00 3.068717010319232941e-02
-9.621493220329284668e-01 1.046964168548583984e+00 2.044464826583862305e+00 -8.497118949890136719e-01 1.786442518234252930e+00 -8.063735365867614746e-01 -1.153299450874328613e+00 -1.324490189552307129e+00 1.789479613304138184e+00 -3.603932261466979980e-01 -1.030241847038269043e+00 -1.692187428474426270e+00 -6.006841659545898438e-01 -6.649636626243591309e-01 2.216831207275390625e+00 1.199461460113525391e+00 1.795694947242736816e+00 4.393826425075531006e-02 -1.772463679313659668e+00 1.031054705381393433e-01
-9.533644318580627441e-01 1.102279901504516602e+00 1.866629719734191895e+00 -8.926777839660644531e-01 1.708477616310119629e+00 -7.821335792541503906e-01 -1.375329017639160156e+00 -1.130539178848266602e+00 1.661489129066467285e+00 -4.112985134124755859e-01 -6.947941184043884277e-01 -1.370026946067810059e+00 -5.366966128349304199e-01 -4.281253218650817871e-01 2.129653453826904297e+00 1.317677974700927734e+00 1.681339025497436523e+00 -3.479832410812377930e-02 -1.604285240173339844e+00 1.428478658199310303e-01
-9.489324092864990234e-01 1.299258708953857422e+00 1.603179335594177246e+00 -1.115785837173461914e+00 1.505399346351623535e+00 -8.848890662193298340e-01 -1.549586653709411621e+00 -9.828944802284240723e-01 1.519437909126281738e+00 -4.213187694549560547e-01 -3.391484916210174561e-01 -8.931785225868225098e-01 -4.163130819797515869e-01 -1.837969571352005005e-02 2.016153573989868164e+00 1.445883274078369141e+00 1.534883141517639160e+00 -2.299306839704513550e-01 -1.317703485488891602e+00 -1.700334250926971436e-04
-9.794279336929321289e-01 1.542080879211425781e+00 1.474726319313049316e+00 -1.389484405517578125e+00 1.379914164543151855e+00 -1.150731086730957031e+00 -1.480986475944519043e+00 -9.757846593856811523e-01 1.529529690742492676e+00 -5.630199313163757324e-01 -1.928072571754455566e-01 -3.972100615501403809e-01 -2.976852059364318848e-01 5.658748745918273926e-01 1.857212781906127930e+00 1.410202980041503906e+00 1.436296105384826660e+00 -4.281305372714996338e-01 -9.812632799148559570e-01 -1.999879479408264160e-01
-1.052860617637634277e+00 1.787321090698242188e+00 1.539923906326293945e+00 -1.609027504920959473e+00 1.480952620506286621e+00 -1.445358872413635254e+00 -1.392255663871765137e+00 -1.199465513229370117e+00 1.682728052139282227e+00 -6.711293458938598633e-01 -2.894172966480255127e-01 -2.306026816368103027e-01 -2.512148320674896240e-01 8.836460113525390625e-01 1.858950495719909668e+00 1.379080653190612793e+00 1.508368730545043945e+00 -5.729537606239318848e-01 -8.878781795501708984e-01 -3.779359161853790283e-01
-1.143823266029357910e+00 1.926784873008728027e+00 1.573789715766906738e+00 -1.716987490653991699e+00 1.543008685111999512e+00 -1.626436710357666016e+00 -1.285472273826599121e+00 -1.420613169670104980e+00 1.760083794593811035e+00 -7.181812524795532227e-01 -3.861397504806518555e-01 -1.747602224349975586e-01 -2.638151943683624268e-01 1.052414655685424805e+00 1.864024639129638672e+00 1.332381486892700195e+00 1.556159734725952148e+00 -6.732257008552551270e-01 -8.593478798866271973e-01 -4.861947000026702881e-01
-1.196255087852478027e+00 2.002760410308837891e+00 1.581241965293884277e+00 -1.795699477195739746e+00 1.563780426979064941e+00 -1.708314538002014160e+00 -1.191393375396728516e+00 -1.595687747001647949e+00 1.772485136985778809e+00 -7.132531404495239258e-01 -4.821150004863739014e-01 -1.905112415552139282e-01 -3.032892048358917236e-01 1.119530677795410156e+00 1.845351099967956543e+00 1.265271306037902832e+00 1.607224345207214355e+00 -7.404169440269470215e-01 -8.871576189994812012e-01 -5.535346865653991699e-01
-1.252251029014587402e+00 2.040332078933715820e+00 1.588944792747497559e+00 -1.847051620483398438e+00 1.537006735801696777e+00 -1.717757463455200195e+00 -1.123828530311584473e+00 -1.729526519775390625e+00 1.727685570716857910e+00 -6.801394820213317871e-01 -5.699817538261413574e-01 -2.544131278991699219e-01 -3.753072023391723633e-01 1.125221490859985352e+00 1.806737303733825684e+00 1.190444469451904297e+00 1.649176955223083496e+00 -7.688044905662536621e-01 -9.623060822486877441e-01 -5.865013003349304199e-01
-1.293365836143493652e+00 2.037322521209716797e+00 1.569277286529541016e+00 -1.862159490585327148e+00 1.454801559448242188e+00 -1.676477670669555664e+00 -1.054336428642272949e+00 -1.819899201393127441e+00 1.631506919860839844e+00 -6.242498755455017090e-01 -6.451495885848999023e-01 -3.357745409011840820e-01 -4.643482267856597900e-01 1.092013001441955566e+00 1.732489705085754395e+00 1.103637456893920898e+00 1.669212102890014648e+00 -7.708732485771179199e-01 -1.048971891403198242e+00 -5.896874666213989258e-01
-1.323349475860595703e+00 2.002355575561523438e+00 1.531395673751831055e+00 -1.840005278587341309e+00 1.317430615425109863e+00 -1.588441371917724609e+00 -9.984619617462158203e-01 -1.869756221771240234e+00 1.493147134780883789e+00 -5.445287823677062988e-01 -7.206829190254211426e-01 -4.274805188179016113e-01 -5.802410244941711426e-01 1.013366580009460449e+00 1.624925017356872559e+00 1.007219433784484863e+00 1.663545727729797363e+00 -7.345706224441528320e-01 -1.158498644828796387e+00 -5.810831785202026367e-01
-1.349391937255859375e+00 1.939692258834838867e+00 1.499634861946105957e+00 -1.768442034721374512e+00 1.214792490005493164e+00 -1.474529504776000977e+00 -1.026029229164123535e+00 -1.875698328018188477e+00 1.359333515167236328e+00 -4.533160924911499023e-01 -7.576133012771606445e-01 -5.347890853881835938e-01 -6.727405190467834473e-01 9.119819402694702148e-01 1.531711220741271973e+00 9.659713506698608398e-01 1.668246269226074219e+00 -6.440461277961730957e-01 -1.277826428413391113e+00 -5.473793148994445801e-01
-1.363199710845947266e+00 1.814057946205139160e+00 1.458470582962036133e+00 -1.658023953437805176e+00 1.074398398399353027e+00 -1.281890034675598145e+00 -1.087138175964355469e+00 -1.807914137840270996e+00 1.160599231719970703e+00 -3.374449610710144043e-01 -7.557594776153564453e-01 -6.698552966117858887e-01 -7.868062257766723633e-01 7.264131903648376465e-01 1.443038344383239746e+00 9.521235227584838867e-01 1.649946331977844238e+00 -5.024909973144531250e-01 -1.418104052543640137e+00 -4.846472442150115967e-01
-1.365445852279663086e+00 1.602799773216247559e+00 1.403411388397216797e+00 -1.436089634895324707e+00 9.277999401092529297e-01 -1.013833165168762207e+00 -1.142167687416076660e+00 -1.643014907836914062e+00 9.941994547843933105e-01 -2.805292606353759766e-01 -7.296801209449768066e-01 -8.384649157524108887e-01 -8.739891648292541504e-01 4.828099906444549561e-01 1.427640438079833984e+00 9.965932369232177734e-01 1.638467907905578613e+00 -3.307020366191864014e-01 -1.533398747444152832e+00 -3.440949618816375732e-01
-1.361154675483703613e+00 1.326416015625000000e+00 1.448681473731994629e+00 -1.122997879981994629e+00 8.877185583114624023e-01 -7.467149496078491211e-01 -1.212493181228637695e+00 -1.394147515296936035e+00 9.513688683509826660e-01 -3.107210993766784668e-01 -7.397054433822631836e-01 -1.036401271820068359e+00 -9.378183484077453613e-01 1.728956550359725952e-01 1.549275755882263184e+00 1.114722371101379395e+00 1.619318723678588867e+00 -9.889341890811920166e-02 -1.620890140533447266e+00 -1.433264017105102539e-01
-1.278278708457946777e+00 1.212363719940185547e+00 1.630488514900207520e+00 -9.879635572433471680e-01 1.129426598548889160e+00 -6.812159419059753418e-01 -1.296770811080932617e+00 -1.219944953918457031e+00 1.144849300384521484e+00 -3.941957950592041016e-01 -7.762738466262817383e-01 -1.168072581291198730e+00 -9.020398259162902832e-01 -3.871531039476394653e-02 1.748450517654418945e+00 1.217887639999389648e+00 1.624558448791503906e+00 2.307509630918502808e-02 -1.640022158622741699e+00 5.720879882574081421e-03
-1.177645087242126465e+00 1.197185635566711426e+00 1.749477267265319824e+00 -9.367150068283081055e-01 1.384125113487243652e+00 -7.072996497154235840e-01 -1.356875658035278320e+00 -1.134206891059875488e+00 1.362792015075683594e+00 -4.737146496772766113e-01 -7.200723886489868164e-01 -1.226590752601623535e+00 -7.813651561737060547e-01 -1.811654567718505859e-01 1.950988769531250000e+00 1.343063592910766602e+00 1.645863056182861328e+00 3.078336268663406372e-02 -1.608834385871887207e+00 5.874767899513244629e-02
-1.112386584281921387e+00 1.151316046714782715e+00 1.820690751075744629e+00 -9.120138883590698242e-01 1.631532907485961914e+00 -7.574859857559204102e-01 -1.424696922302246094e+00 -1.096211194992065430e+00 1.521741390228271484e+00 -5.186900496482849121e-01 -6.741892099380493164e-01 -1.226759791374206543e+00 -6.511107683181762695e-01 -2.246330678462982178e-01 2.109512090682983398e+00 1.454292535781860352e+00 1.675041556358337402e+00 1.788262277841567993e-02 -1.552574872970581055e+00 8.790291845798492432e-02
-1.052373409271240234e+00 1.094299674034118652e+00 1.852346301078796387e+00 -8.927955031394958496e-01 1.795246362686157227e+00 -7.910904288291931152e-01 -1.461926698684692383e+00 -1.061915874481201172e+00 1.608711600303649902e+00 -5.301325917243957520e-01 -6.458816528320312500e-01 -1.209761977195739746e+00 -5.573381185531616211e-01 -2.362300455570220947e-01 2.198542356491088867e+00 1.510960578918457031e+00 1.687927365303039551e+00 3.226708620786666870e-03 -1.501278877258300781e+00 1.020987331867218018e-01
-9.805220961570739746e-01 1.037566065788269043e+00 1.876805901527404785e+00 -8.859257102012634277e-01 1.912688732147216797e+00 -8.141379952430725098e-01 -1.461158037185668945e+00 -1.026229739189147949e+00 1.685060620307922363e+00 -5.268728733062744141e-01 -6.368323564529418945e-01 -1.191852450370788574e+00 -5.001009106636047363e-01 -2.450208961963653564e-01 2.238779067993164062e+00 1.530618667602539062e+00 1.692725181579589844e+00 -9.301304817199707031e-05 -1.462077140808105469e+00 9.499098360538482666e-02
-9.083531498908996582e-01 9.673658609390258789e-01 1.898004174232482910e+00 -8.880138993263244629e-01 2.003661870956420898e+00 -8.072199821472167969e-01 -1.434037446975708008e+00 -9.969697594642639160e-01 1.742125391960144043e+00 -5.075346827507019043e-01 -6.579467654228210449e-01 -1.190624594688415527e+00 -4.717271625995635986e-01 -2.579007148742675781e-01 2.248775720596313477e+00 1.521713495254516602e+00 1.698046088218688965e+00 1.308707147836685181e-02 -1.444198846817016602e+00 8.445869386196136475e-02
-8.510460853576660156e-01 8.980156183242797852e-01 1.913260698318481445e+00 -8.940031528472900391e-01 2.069140911102294922e+00 -7.708321213722229004e-01 -1.388312339782714844e+00 -9.804810881614685059e-01 1.780550718307495117e+00 -4.868720769882202148e-01 -7.014011740684509277e-01 -1.211154937744140625e+00 -4.753344953060150146e-01 -2.806333303451538086e-01 2.243040800094604492e+00 1.501275777816772461e+00 1.716869115829467773e+00 3.950305283069610596e-02 -1.451251387596130371e+00 6.468823552131652832e-02
-8.240202665328979492e-01 8.510460257530212402e-01 1.919811010360717773e+00 -9.225487709045410156e-01 2.119230270385742188e+00 -7.173095941543579102e-01 -1.326132059097290039e+00 -1.013617634773254395e+00 1.816254138946533203e+00 -4.695894718170166016e-01 -7.791472673416137695e-01 -1.266605257987976074e+00 -5.067431330680847168e-01 -3.106912672519683838e-01 2.230309724807739258e+00 1.477332472801208496e+00 1.770665407180786133e+00 7.847908139228820801e-02 -1.485806226730346680e+00 2.318795584142208099e-02
-8.279588818550109863e-01 8.061345219612121582e-01 1.906871080398559570e+00 -9.423387646675109863e-01 2.135601758956909180e+00 -6.503832340240478516e-01 -1.246746540069580078e+00 -1.065829753875732422e+00 1.816028475761413574e+00 -4.562231898307800293e-01 -8.658425211906433105e-01 -1.325210571289062500e+00 -5.563405156135559082e-01 -3.257974684238433838e-01 2.191526889801025391e+00 1.454036951065063477e+00 1.826602220535278320e+00 1.231677979230880737e-01 -1.530636548995971680e+00 -2.429515123367309570e-02
-8.539986610412597656e-01 7.711808681488037109e-01 1.855880379676818848e+00 -9.624165892601013184e-01 2.099675178527832031e+00 -5.749913454055786133e-01 -1.159094214439392090e+00 -1.115372776985168457e+00 1.769335746765136719e+00 -4.457136988639831543e-01 -9.346646070480346680e-01 -1.358438134193420410e+00 -6.098471283912658691e-01 -3.154357969760894775e-01 2.125903606414794922e+00 1.436202883720397949e+00 1.866524219512939453e+00 1.564775407314300537e-01 -1.563212752342224121e+00 -7.932806015014648438e-02
-9.042598009109497070e-01 7.547908425331115723e-01 1.763895869255065918e+00 -9.900049567222595215e-01 2.025627374649047852e+00 -5.004188418388366699e-01 -1.072711110115051270e+00 -1.168613910675048828e+00 1.694531917572021484e+00 -4.476976990699768066e-01 -9.686616063117980957e-01 -1.358083724975585938e+00 -6.528402566909790039e-01 -2.828570008277893066e-01 2.048464775085449219e+00 1.434600353240966797e+00 1.891143560409545898e+00 1.650287657976150513e-01 -1.570235610008239746e+00 -1.362454295158386230e-01
-9.725421667098999023e-01 7.650360465049743652e-01 1.647950649261474609e+00 -1.021292328834533691e+00 1.932320237159729004e+00 -4.489665627479553223e-01 -1.003670573234558105e+00 -1.228266835212707520e+00 1.607178807258605957e+00 -4.577006101608276367e-01 -9.615074396133422852e-01 -1.322996139526367188e+00 -6.834996342658996582e-01 -2.291736900806427002e-01 1.971344590187072754e+00 1.452251911163330078e+00 1.904744148254394531e+00 1.433681994676589966e-01 -1.552341580390930176e+00 -1.915182918310165405e-01
-1.038372755050659180e+00 7.891474962234497070e-01 1.513522028923034668e+00 -1.054044365882873535e+00 1.848706483840942383e+00 -4.074679315090179443e-01 -9.478278756141662598e-01 -1.267466783523559570e+00 1.514706015586853027e+00 -4.889937043190002441e-01 -9.246271848678588867e-01 -1.238834023475646973e+00 -6.828165650367736816e-01 -1.541437506675720215e-01 1.903001904487609863e+00 1.488269329071044922e+00 1.886463284492492676e+00 1.023668646812438965e-01 -1.493960857391357422e+00 -2.560611367225646973e-01
-1.098204255104064941e+00 8.118736743927001953e-01 1.400839805603027344e+00 -1.088629007339477539e+00 1.793307900428771973e+00 -3.942832350730895996e-01 -9.089797735214233398e-01 -1.285919904708862305e+00 1.448822379112243652e+00 -5.357617139816284180e-01 -8.711035251617431641e-01 -1.130357384681701660e+00 -6.477199792861938477e-01 -7.083765417337417603e-02 1.863027691841125488e+00 1.532603263854980469e+00 1.841185569763183594e+00 5.012651532888412476e-02 -1.411355614662170410e+00 -3.095771372318267822e-01
-1.154891014099121094e+00 8.387867212295532227e-01 1.327050566673278809e+00 -1.118093490600585938e+00 1.785761475563049316e+00 -4.438706338405609131e-01 -8.637965321540832520e-01 -1.295145153999328613e+00 1.442211389541625977e+00 -6.245501637458801270e-01 -8.148229122161865234e-01 -1.002568006515502930e+00 -5.514250993728637695e-01 4.752578586339950562e-02 1.879514217376708984e+00 1.581170916557312012e+00 1.792278766632080078e+00 -2.288675867021083832e-02 -1.288625478744506836e+00 -3.407269418239593506e-01
-1.166764855384826660e+00 8.818296790122985840e-01 1.276589035987854004e+00 -1.143305182456970215e+00 1.818718433380126953e+00 -5.489458441734313965e-01 -8.054451346397399902e-01 -1.291400551795959473e+00 1.490063190460205078e+00 -7.198936939239501953e-01 -7.423313260078430176e-01 -8.607206940650939941e-01 -3.946701288223266602e-01 1.774163395166397095e-01 1.926042437553405762e+00 1.621956944465637207e+00 1.735539674758911133e+00 -1.164491325616836548e-01 -1.125166893005371094e+00 -3.719003200531005859e-01
-1.086410760879516602e+00 9.213655591011047363e-01 1.247562170028686523e+00 -1.137239813804626465e+00 1.864754080772399902e+00 -6.903638243675231934e-01 -7.316854596138000488e-01 -1.229992032051086426e+00 1.568873167037963867e+00 -8.092366456985473633e-01 -6.461225152015686035e-01 -6.918441057205200195e-01 -1.847011893987655640e-01 2.662334144115447998e-01 1.974080085754394531e+00 1.628826141357421875e+00 1.622613906860351562e+00 -2.070149183273315430e-01 -9.111158251762390137e-01 -4.109492897987365723e-01
-9.105737805366516113e-01 9.801991581916809082e-01 1.317418694496154785e+00 -1.107963085174560547e+00 1.946278095245361328e+00 -8.556728363037109375e-01 -6.999387741088867188e-01 -1.115900635719299316e+00 1.697769045829772949e+00 -8.710693120956420898e-01 -5.756145715713500977e-01 -5.378487110137939453e-01 -2.146937698125839233e-02 2.762038111686706543e-01 2.011448860168457031e+00 1.591206431388854980e+00 1.491705656051635742e+00 -2.440062612295150757e-01 -7.453710436820983887e-01 -4.738527238368988037e-01
-6.538518071174621582e-01 1.036426305770874023e+00 1.446172118186950684e+00 -1.059801936149597168e+00 2.073669433593750000e+00 -1.018304586410522461e+00 -6.652692556381225586e-01 -1.023936510086059570e+00 1.872935414314270020e+00 -8.562712073326110840e-01 -5.829719901084899902e-01 -4.557968974113464355e-01 8.119465410709381104e-02 1.782078891992568970e-01 2.017084836959838867e+00 1.482076168060302734e+00 1.368907690048217773e+00 -2.523317933082580566e-01 -6.636774539947509766e-01 -5.773283839225769043e-01
-4.507641494274139404e-01 1.118036746978759766e+00 1.640969038009643555e+00 -1.040650248527526855e+00 2.250479459762573242e+00 -1.206410527229309082e+00 -6.584077477455139160e-01 -1.052578210830688477e+00 2.071043968200683594e+00 -7.733882665634155273e-01 -6.630223393440246582e-01 -5.061169266700744629e-01 1.030277758836746216e-01 1.903760060667991638e-02 2.072160482406616211e+00 1.350678682327270508e+00 1.325985550880432129e+00 -2.954277992248535156e-01 -7.037428021430969238e-01 -6.421899795532226562e-01
-2.777459621429443359e-01 1.156559944152832031e+00 1.786020159721374512e+00 -1.008894681930541992e+00 2.373942613601684570e+00 -1.308068513870239258e+00 -6.502354741096496582e-01 -1.065689802169799805e+00 2.198657989501953125e+00 -6.742122173309326172e-01 -7.478451728820800781e-01 -5.978522896766662598e-01 6.377200782299041748e-02 -1.573982238769531250e-01 2.093665838241577148e+00 1.229302883148193359e+00 1.308589816093444824e+00 -2.985822558403015137e-01 -7.748915553092956543e-01 -6.759691238403320312e-01
-1.701466441154479980e-01 1.165683507919311523e+00 1.885198950767517090e+00 -9.831636548042297363e-01 2.455857753753662109e+00 -1.328505516052246094e+00 -6.565929651260375977e-01 -1.061376452445983887e+00 2.272103548049926758e+00 -5.992277264595031738e-01 -8.328446745872497559e-01 -7.043693065643310547e-01 -2.870022132992744446e-02 -3.007135391235351562e-01 2.095437049865722656e+00 1.147915840148925781e+00 1.332600116729736328e+00 -2.598954737186431885e-01 -8.690571188926696777e-01 -6.718643903732299805e-01
-1.355730295181274414e-01 1.214546442031860352e+00 1.960939884185791016e+00 -1.017428159713745117e+00 2.498771429061889648e+00 -1.304725170135498047e+00 -7.214820981025695801e-01 -1.069418907165527344e+00 2.333612918853759766e+00 -5.439173579216003418e-01 -9.015495777130126953e-01 -8.075793981552124023e-01 -1.560648679733276367e-01 -4.163452386856079102e-01 2.117436170578002930e+00 1.124710083007812500e+00 1.400101304054260254e+00 -2.141997665166854858e-01 -9.975290298461914062e-01 -6.780692934989929199e-01
-1.579725444316864014e-01 1.260584831237792969e+00 2.014838933944702148e+00 -1.079580903053283691e+00 2.506179571151733398e+00 -1.256907820701599121e+00 -7.962688803672790527e-01 -1.096209406852722168e+00 2.379783868789672852e+00 -5.014148354530334473e-01 -9.473494887351989746e-01 -9.259300827980041504e-01 -2.875176668167114258e-01 -5.119751691818237305e-01 2.152383327484130859e+00 1.138777613639831543e+00 1.499396920204162598e+00 -1.686559319496154785e-01 -1.140048384666442871e+00 -6.697604060173034668e-01
-2.331582605838775635e-01 1.304839730262756348e+00 2.088301658630371094e+00 -1.128466725349426270e+00 2.487953662872314453e+00 -1.177788734436035156e+00 -9.037667512893676758e-01 -1.115445256233215332e+00 2.394985914230346680e+00 -4.853799343109130859e-01 -9.918203353881835938e-01 -1.059548974037170410e+00 -4.506482481956481934e-01 -5.732322335243225098e-01 2.191849470138549805e+00 1.184568405151367188e+00 1.630651354789733887e+00 -9.438087046146392822e-02 -1.318733811378479004e+00 -6.361634135246276855e-01
-3.432062864303588867e-01 1.327791810035705566e+00 2.140195369720458984e+00 -1.141571879386901855e+00 2.448927164077758789e+00 -1.080160021781921387e+00 -9.980680346488952637e-01 -1.111659407615661621e+00 2.383104324340820312e+00 -5.094113349914550781e-01 -1.038195013999938965e+00 -1.169273018836975098e+00 -6.062258481979370117e-01 -5.939036607742309570e-01 2.226988554000854492e+00 1.236881017684936523e+00 1.749058365821838379e+00 -7.421530783176422119e-03 -1.465153813362121582e+00 -5.825890302658081055e-01
-4.710473120212554932e-01 1.342140555381774902e+00 2.154143333435058594e+00 -1.127058029174804688e+00 2.374870061874389648e+00 -9.627354741096496582e-01 -1.089365243911743164e+00 -1.096392989158630371e+00 2.322237253189086914e+00 -5.386496186256408691e-01 -1.065990567207336426e+00 -1.259857892990112305e+00 -7.504031658172607422e-01 -5.940076112747192383e-01 2.230331897735595703e+00 1.277678489685058594e+00 1.838494658470153809e+00 7.443923503160476685e-02 -1.588463902473449707e+00 -5.094953775405883789e-01
-6.020934581756591797e-01 1.322292327880859375e+00 2.135776758193969727e+00 -1.075398564338684082e+00 2.284193038940429688e+00 -8.473163843154907227e-01 -1.159117460250854492e+00 -1.087905526161193848e+00 2.219848394393920898e+00 -5.606939792633056641e-01 -1.085228323936462402e+00 -1.329455256462097168e+00 -8.425414562225341797e-01 -5.905996561050415039e-01 2.214050769805908203e+00 1.302919149398803711e+00 1.880799293518066406e+00 1.321872323751449585e-01 -1.675011873245239258e+00 -4.171310365200042725e-01
-7.660945057868957520e-01 1.298797369003295898e+00 2.075330734252929688e+00 -1.024055480957031250e+00 2.123393058776855469e+00 -7.484005689620971680e-01 -1.185179471969604492e+00 -1.116870641708374023e+00 2.100016117095947266e+00 -5.821430683135986328e-01 -1.084298849105834961e+00 -1.396645426750183105e+00 -8.790212869644165039e-01 -5.952004790306091309e-01 2.202714204788208008e+00 1.316321015357971191e+00 1.884960651397705078e+00 1.466387808322906494e-01 -1.736824750900268555e+00 -3.054949939250946045e-01
-9.545224308967590332e-01 1.235119581222534180e+00 1.958656549453735352e+00 -9.110832810401916504e-01 1.856546521186828613e+00 -6.521642208099365234e-01 -1.159324049949645996e+00 -1.147179484367370605e+00 1.899644613265991211e+00 -5.886785984039306641e-01 -1.062351107597351074e+00 -1.454119205474853516e+00 -8.609417676925659180e-01 -5.871697068214416504e-01 2.133116960525512695e+00 1.282638549804687500e+00 1.816156029701232910e+00 1.486171483993530273e-01 -1.750784635543823242e+00 -1.518812924623489380e-01
-1.177150607109069824e+00 1.202231049537658691e+00 1.834168553352355957e+00 -7.519389390945434570e-01 1.519088864326477051e+00 -6.602054834365844727e-01 -1.116528868675231934e+00 -1.241531729698181152e+00 1.612792968750000000e+00 -5.758996605873107910e-01 -1.036397337913513184e+00 -1.437198400497436523e+00 -7.747749686241149902e-01 -5.287034511566162109e-01 1.988208532333374023e+00 1.212340354919433594e+00 1.642114400863647461e+00 1.085870862007141113e-01 -1.696221351623535156e+00 -3.319699689745903015e-02
-1.379748344421386719e+00 1.275200724601745605e+00 1.666768789291381836e+00 -5.565671920776367188e-01 1.299004673957824707e+00 -8.536093831062316895e-01 -1.084517955780029297e+00 -1.485964298248291016e+00 1.418495535850524902e+00 -5.445134043693542480e-01 -1.021281123161315918e+00 -1.374901413917541504e+00 -5.424467921257019043e-01 -2.988235652446746826e-01 1.798942208290100098e+00 1.024433732032775879e+00 1.493496537208557129e+00 -5.923800170421600342e-02 -1.519702792167663574e+00 4.391665011644363403e-02
-1.348342657089233398e+00 1.383210659027099609e+00 1.604986071586608887e+00 -5.147531032562255859e-01 1.434420466423034668e+00 -1.274006009101867676e+00 -1.032165765762329102e+00 -1.803178429603576660e+00 1.469904780387878418e+00 -4.780292510986328125e-01 -9.998309016227722168e-01 -1.290349483489990234e+00 -2.286880016326904297e-01 -5.053737014532089233e-02 1.881492614746093750e+00 8.987846374511718750e-01 1.484644889831542969e+00 -3.340273797512054443e-01 -1.279688358306884766e+00 2.521505579352378845e-02
-1.284341931343078613e+00 1.366839051246643066e+00 1.678911685943603516e+00 -6.507401466369628906e-01 1.704900741577148438e+00 -1.604634642601013184e+00 -8.666931986808776855e-01 -2.024684906005859375e+00 1.619644761085510254e+00 -4.614303708076477051e-01 -1.044184327125549316e+00 -1.156327128410339355e+00 6.700426340103149414e-02 1.840691119432449341e-01 2.050157785415649414e+00 9.060295820236206055e-01 1.489442586898803711e+00 -5.453921556472778320e-01 -1.091600894927978516e+00 -4.993172362446784973e-02
-1.151246547698974609e+00 1.288237094879150391e+00 1.730717778205871582e+00 -7.782619595527648926e-01 1.868439316749572754e+00 -1.769039869308471680e+00 -6.496096253395080566e-01 -2.105356931686401367e+00 1.744213223457336426e+00 -4.383469223976135254e-01 -1.104615211486816406e+00 -1.063021659851074219e+00 2.321522235870361328e-01 2.864660024642944336e-01 2.117300271987915039e+00 8.708915710449218750e-01 1.466162085533142090e+00 -6.460440158843994141e-01 -9.760071039199829102e-01 -1.384712904691696167e-01
-9.987959861755371094e-01 1.237586975097656250e+00 1.794581890106201172e+00 -8.908166289329528809e-01 2.004142522811889648e+00 -1.847494363784790039e+00 -4.926174581050872803e-01 -2.101121664047241211e+00 1.843137860298156738e+00 -4.409002065658569336e-01 -1.145220398902893066e+00 -9.812994599342346191e-01 3.098518848419189453e-01 2.997786402702331543e-01 2.148326158523559570e+00 8.589728474617004395e-01 1.449967384338378906e+00 -6.636997461318969727e-01 -9.036616086959838867e-01 -2.571916580200195312e-01
-8.830782771110534668e-01 1.193462252616882324e+00 1.837891697883605957e+00 -9.733386635780334473e-01 2.112742900848388672e+00 -1.859213471412658691e+00 -3.806409835815429688e-01 -2.068368434906005859e+00 1.931609511375427246e+00 -4.639315009117126465e-01 -1.163458466529846191e+00 -9.362822175025939941e-01 3.377854824066162109e-01 2.736840844154357910e-01 2.164550781250000000e+00 8.676035404205322266e-01 1.451851129531860352e+00 -6.423968672752380371e-01 -8.587161302566528320e-01 -3.557415306568145752e-01
-7.812328338623046875e-01 1.137066960334777832e+00 1.838001012802124023e+00 -1.030075669288635254e+00 2.170786619186401367e+00 -1.833411812782287598e+00 -2.760003805160522461e-01 -2.012300968170166016e+00 1.987112760543823242e+00 -4.885101914405822754e-01 -1.163881301879882812e+00 -8.886285424232482910e-01 3.433569371700286865e-01 2.518223524093627930e-01 2.142859458923339844e+00 8.741930127143859863e-01 1.447788000106811523e+00 -6.109212040901184082e-01 -8.107988834381103516e-01 -4.370071291923522949e-01
-6.796829104423522949e-01 1.088768362998962402e+00 1.805754661560058594e+00 -1.108944058418273926e+00 2.191714525222778320e+00 -1.771854281425476074e+00 -1.988507807254791260e-01 -1.943845868110656738e+00 2.004698753356933594e+00 -4.929322004318237305e-01 -1.126088261604309082e+00 -8.396795392036437988e-01 3.248007297515869141e-01 2.397821247577667236e-01 2.106905221939086914e+00 8.906647562980651855e-01 1.458300590515136719e+00 -5.731660723686218262e-01 -7.725968360900878906e-01 -5.231941342353820801e-01
-6.061061620712280273e-01 1.077413678169250488e+00 1.751352787017822266e+00 -1.205156683921813965e+00 2.194780349731445312e+00 -1.692886471748352051e+00 -1.555767059326171875e-01 -1.890203237533569336e+00 2.007036447525024414e+00 -4.960036873817443848e-01 -1.070530056953430176e+00 -7.952576875686645508e-01 2.786106765270233154e-01 2.362128496170043945e-01 2.091774702072143555e+00 9.198364019393920898e-01 1.487979888916015625e+00 -5.513932108879089355e-01 -7.463158369064331055e-01 -6.043841838836669922e-01
-5.494698286056518555e-01 1.074614167213439941e+00 1.664427638053894043e+00 -1.280104517936706543e+00 2.157217502593994141e+00 -1.596322059631347656e+00 -1.256398260593414307e-01 -1.821119427680969238e+00 1.976974129676818848e+00 -5.067811608314514160e-01 -9.932290315628051758e-01 -7.304821014404296875e-01 2.258863151073455811e-01 2.485122382640838623e-01 2.041160345077514648e+00 9.369888901710510254e-01 1.493972659111022949e+00 -5.312091112136840820e-01 -7.058116793632507324e-01 -6.733305454254150391e-01
-5.106204748153686523e-01 1.083298921585083008e+00 1.581527471542358398e+00 -1.332762002944946289e+00 2.126782417297363281e+00 -1.501238346099853516e+00 -1.370905935764312744e-01 -1.740695714950561523e+00 1.962213754653930664e+00 -5.270130038261413574e-01 -9.029719829559326172e-01 -6.605712771415710449e-01 1.878717243671417236e-01 2.841641306877136230e-01 1.980954289436340332e+00 9.526618719100952148e-01 1.498652935028076172e+00 -5.143643617630004883e-01 -6.679595708847045898e-01 -7.197359204292297363e-01
-4.902376234531402588e-01 1.098267078399658203e+00 1.505293846130371094e+00 -1.354910612106323242e+00 2.094567060470581055e+00 -1.422436714172363281e+00 -1.766299605369567871e-01 -1.658173441886901855e+00 1.942574143409729004e+00 -5.537228584289550781e-01 -8.128963708877563477e-01 -5.884390473365783691e-01 1.468414068222045898e-01 3.272618353366851807e-01 1.912718296051025391e+00 9.611662030220031738e-01 1.486737608909606934e+00 -5.019239187240600586e-01 -6.313681006431579590e-01 -7.375645041465759277e-01
-4.985825419425964355e-01 1.123530268669128418e+00 1.451675295829772949e+00 -1.357963085174560547e+00 2.082921743392944336e+00 -1.358269810676574707e+00 -2.314742803573608398e-01 -1.592268347740173340e+00 1.938259840011596680e+00 -5.999767780303955078e-01 -7.634985446929931641e-01 -5.314641594886779785e-01 1.033577919006347656e-01 3.695159852504730225e-01 1.845299839973449707e+00 9.651514291763305664e-01 1.481337904930114746e+00 -4.714146852493286133e-01 -6.171314716339111328e-01 -7.357494831085205078e-01
-5.222746133804321289e-01 1.155715346336364746e+00 1.415581345558166504e+00 -1.331030607223510742e+00 2.082622766494750977e+00 -1.310492396354675293e+00 -2.911805510520935059e-01 -1.542824983596801758e+00 1.938203334808349609e+00 -6.457933187484741211e-01 -7.498642206192016602e-01 -4.962618947029113770e-01 6.611059606075286865e-02 4.022518098354339600e-01 1.789451122283935547e+00 9.595184326171875000e-01 1.477504014968872070e+00 -4.356322586536407471e-01 -6.155873537063598633e-01 -7.218382358551025391e-01
-5.464661121368408203e-01 1.186262845993041992e+00 1.403984665870666504e+00 -1.270862579345703125e+00 2.105587244033813477e+00 -1.273201227188110352e+00 -3.479603826999664307e-01 -1.504740595817565918e+00 1.941351175308227539e+00 -6.852734088897705078e-01 -7.634694576263427734e-01 -4.806991219520568848e-01 3.828804194927215576e-02 4.068439602851867676e-01 1.747465848922729492e+00 9.438501596450805664e-01 1.463064789772033691e+00 -3.940207660198211670e-01 -6.200987696647644043e-01 -7.133352160453796387e-01
-5.541987419128417969e-01 1.196331501007080078e+00 1.419811010360717773e+00 -1.165863990783691406e+00 2.154840707778930664e+00 -1.253096818923950195e+00 -3.866843283176422119e-01 -1.473532915115356445e+00 1.950318574905395508e+00 -7.119519710540771484e-01 -8.175665140151977539e-01 -4.800075292587280273e-01 2.235304191708564758e-02 3.819219172000885010e-01 1.708493590354919434e+00 9.126421213150024414e-01 1.431200623512268066e+00 -3.426927328109741211e-01 -6.270530223846435547e-01 -7.116618752479553223e-01
-5.697016119956970215e-01 1.194656133651733398e+00 1.478037357330322266e+00 -1.009692430496215820e+00 2.233948707580566406e+00 -1.247227311134338379e+00 -4.292801618576049805e-01 -1.460010528564453125e+00 1.971216678619384766e+00 -7.348628640174865723e-01 -9.237958192825317383e-01 -5.168909430503845215e-01 -1.006997004151344299e-02 3.116556107997894287e-01 1.686970114707946777e+00 8.765707612037658691e-01 1.395597219467163086e+00 -2.761537432670593262e-01 -6.620586514472961426e-01 -7.044492363929748535e-01
-6.145948767662048340e-01 1.199217319488525391e+00 1.558540225028991699e+00 -8.449972271919250488e-01 2.307768821716308594e+00 -1.251344442367553711e+00 -4.977414309978485107e-01 -1.476906180381774902e+00 1.977174520492553711e+00 -7.321403622627258301e-01 -1.067367672920227051e+00 -6.039413809776306152e-01 -7.932129502296447754e-02 2.136785387992858887e-01 1.697254300117492676e+00 8.527342677116394043e-01 1.379755735397338867e+00 -2.142846137285232544e-01 -7.341972589492797852e-01 -6.871356964111328125e-01
-7.238977551460266113e-01 1.168140411376953125e+00 1.689727306365966797e+00 -7.225583195686340332e-01 2.282391309738159180e+00 -1.244059205055236816e+00 -6.055481433868408203e-01 -1.508574724197387695e+00 1.907614946365356445e+00 -6.690237522125244141e-01 -1.238515615463256836e+00 -7.430091500282287598e-01 -1.982900649309158325e-01 1.360513120889663696e-01 1.715019702911376953e+00 8.320851922035217285e-01 1.385560631752014160e+00 -1.394631564617156982e-01 -8.923426270484924316e-01 -6.230419874191284180e-01
-8.446043729782104492e-01 1.099381923675537109e+00 1.762897729873657227e+00 -6.572542190551757812e-01 2.111075401306152344e+00 -1.186184406280517578e+00 -6.935315728187561035e-01 -1.504431128501892090e+00 1.729293704032897949e+00 -5.850375294685363770e-01 -1.335974812507629395e+00 -8.248530030250549316e-01 -3.506894111633300781e-01 1.244905740022659302e-01 1.647687911987304688e+00 8.045241832733154297e-01 1.367631196975708008e+00 -6.428222358226776123e-02 -1.048953056335449219e+00 -5.426468253135681152e-01
-9.603865742683410645e-01 1.050978064537048340e+00 1.752707362174987793e+00 -6.767491698265075684e-01 1.889979839324951172e+00 -1.086838722229003906e+00 -7.507127523422241211e-01 -1.463657140731811523e+00 1.522951364517211914e+00 -5.389789342880249023e-01 -1.324729442596435547e+00 -8.072775006294250488e-01 -4.937312304973602295e-01 2.036956250667572021e-01 1.530504822731018066e+00 7.944452166557312012e-01 1.350783228874206543e+00 -1.766129955649375916e-02 -1.151878118515014648e+00 -4.934678375720977783e-01
-1.076921463012695312e+00 1.046239256858825684e+00 1.706772804260253906e+00 -7.765842676162719727e-01 1.627242088317871094e+00 -1.004393458366394043e+00 -7.904261946678161621e-01 -1.410195350646972656e+00 1.306811451911926270e+00 -5.134764909744262695e-01 -1.236477613449096680e+00 -7.267426848411560059e-01 -6.438654065132141113e-01 3.438626229763031006e-01 1.407801151275634766e+00 8.129531741142272949e-01 1.351691246032714844e+00 -6.564080715179443359e-03 -1.231661915779113770e+00 -4.687521159648895264e-01
-1.181365966796875000e+00 1.148038148880004883e+00 1.644833683967590332e+00 -9.611157178878784180e-01 1.379603266716003418e+00 -9.683987498283386230e-01 -8.511497974395751953e-01 -1.382123470306396484e+00 1.160146713256835938e+00 -5.285605788230895996e-01 -1.094300031661987305e+00 -6.177753210067749023e-01 -7.538848519325256348e-01 4.921280443668365479e-01 1.323658227920532227e+00 8.823119401931762695e-01 1.379957079887390137e+00 -4.943861067295074463e-02 -1.291676044464111328e+00 -4.854455888271331787e-01
-1.303346633911132812e+00 1.342762708663940430e+00 1.575319886207580566e+00 -1.215317249298095703e+00 1.210954427719116211e+00 -9.916245341300964355e-01 -9.483176469802856445e-01 -1.413080453872680664e+00 1.085269451141357422e+00 -5.657350420951843262e-01 -9.448664188385009766e-01 -4.973417520523071289e-01 -8.087952136993408203e-01 6.648331880569458008e-01 1.330722570419311523e+00 9.934098720550537109e-01 1.435147166252136230e+00 -1.609145104885101318e-01 -1.310966968536376953e+00 -5.324923396110534668e-01
-1.412681460380554199e+00 1.528833985328674316e+00 1.520386219024658203e+00 -1.429533362388610840e+00 1.126785278320312500e+00 -1.061962842941284180e+00 -1.043300867080688477e+00 -1.493116140365600586e+00 1.084495782852172852e+00 -5.933444499969482422e-01 -8.257944583892822266e-01 -4.208948016166687012e-01 -8.150100111961364746e-01 8.118576407432556152e-01 1.380737781524658203e+00 1.093064188957214355e+00 1.499236822128295898e+00 -2.752466797828674316e-01 -1.300094485282897949e+00 -5.547672510147094727e-01
-1.486845016479492188e+00 1.679146289825439453e+00 1.501069068908691406e+00 -1.571525812149047852e+00 1.088601946830749512e+00 -1.138513088226318359e+00 -1.100128412246704102e+00 -1.561851859092712402e+00 1.131002545356750488e+00 -6.264762282371520996e-01 -7.462879419326782227e-01 -3.920956850051879883e-01 -7.920843362808227539e-01 9.083899259567260742e-01 1.446867227554321289e+00 1.167379379272460938e+00 1.562761187553405762e+00 -3.704010844230651855e-01 -1.282694697380065918e+00 -5.684891939163208008e-01
-1.534065961837768555e+00 1.788005828857421875e+00 1.474410295486450195e+00 -1.644491076469421387e+00 1.093280076980590820e+00 -1.197938084602355957e+00 -1.129379391670227051e+00 -1.624201297760009766e+00 1.185793042182922363e+00 -6.677276492118835449e-01 -7.033930420875549316e-01 -3.803278207778930664e-01 -7.521039247512817383e-01 9.556742310523986816e-01 1.502201795578002930e+00 1.206523180007934570e+00 1.598781943321228027e+00 -4.428615570068359375e-01 -1.247053027153015137e+00 -5.720670819282531738e-01
-1.547689437866210938e+00 1.875341534614562988e+00 1.441690206527709961e+00 -1.669614911079406738e+00 1.131278753280639648e+00 -1.242354035377502441e+00 -1.149419903755187988e+00 -1.678373694419860840e+00 1.255731701850891113e+00 -7.048764228820800781e-01 -6.735787391662597656e-01 -3.810994029045104980e-01 -6.976488828659057617e-01 9.633101224899291992e-01 1.541888713836669922e+00 1.212663412094116211e+00 1.618153691291809082e+00 -5.061981678009033203e-01 -1.204478621482849121e+00 -5.673838257789611816e-01
-1.535306930541992188e+00 1.941522955894470215e+00 1.397480607032775879e+00 -1.645301103591918945e+00 1.192111849784851074e+00 -1.268176078796386719e+00 -1.163013577461242676e+00 -1.717157006263732910e+00 1.333924174308776855e+00 -7.416690587997436523e-01 -6.551389694213867188e-01 -3.908730745315551758e-01 -6.315620541572570801e-01 9.403298497200012207e-01 1.555646181106567383e+00 1.187171816825866699e+00 1.619810223579406738e+00 -5.563672184944152832e-01 -1.154195427894592285e+00 -5.537030100822448730e-01
-1.492030501365661621e+00 1.969250440597534180e+00 1.336318969726562500e+00 -1.558821201324462891e+00 1.262708902359008789e+00 -1.271740913391113281e+00 -1.159428477287292480e+00 -1.733789086341857910e+00 1.404429554939270020e+00 -7.724885344505310059e-01 -6.532785296440124512e-01 -4.065532684326171875e-01 -5.538631677627563477e-01 8.786664605140686035e-01 1.535874962806701660e+00 1.123152613639831543e+00 1.587825655937194824e+00 -5.900678634643554688e-01 -1.090528726577758789e+00 -5.249257683753967285e-01
-1.430975437164306641e+00 1.939207315444946289e+00 1.285123348236083984e+00 -1.402409791946411133e+00 1.366192340850830078e+00 -1.256825208663940430e+00 -1.150467991828918457e+00 -1.715921878814697266e+00 1.469934344291687012e+00 -7.921181917190551758e-01 -6.695035696029663086e-01 -4.232507944107055664e-01 -4.638513028621673584e-01 7.795988321304321289e-01 1.511959910392761230e+00 1.056077003479003906e+00 1.528027296066284180e+00 -5.975088477134704590e-01 -1.024269104003906250e+00 -4.859143197536468506e-01
-1.321718215942382812e+00 1.847546935081481934e+00 1.234090209007263184e+00 -1.180775642395019531e+00 1.480907797813415527e+00 -1.212715148925781250e+00 -1.127545475959777832e+00 -1.666207909584045410e+00 1.524729251861572266e+00 -7.681772708892822266e-01 -7.134536504745483398e-01 -4.730684161186218262e-01 -3.836265504360198975e-01 6.265391111373901367e-01 1.459685444831848145e+00 9.520794153213500977e-01 1.454324603080749512e+00 -5.625334382057189941e-01 -9.697603583335876465e-01 -4.296102225780487061e-01
-1.147721767425537109e+00 1.715721607208251953e+00 1.217302441596984863e+00 -9.945802092552185059e-01 1.564385175704956055e+00 -1.151759982109069824e+00 -1.062938451766967773e+00 -1.592092394828796387e+00 1.564041256904602051e+00 -6.829836368560791016e-01 -7.553196549415588379e-01 -5.640235543251037598e-01 -3.344391584396362305e-01 4.143428802490234375e-01 1.413568735122680664e+00 8.260985612869262695e-01 1.376730799674987793e+00 -4.904207885265350342e-01 -9.637835025787353516e-01 -3.862503767013549805e-01
-1.031059026718139648e+00 1.568085193634033203e+00 1.272710442543029785e+00 -8.358449935913085938e-01 1.683091521263122559e+00 -1.117153286933898926e+00 -9.855452775955200195e-01 -1.564261078834533691e+00 1.627326011657714844e+00 -5.960438847541809082e-01 -8.684513568878173828e-01 -7.222294807434082031e-01 -2.922081947326660156e-01 2.096730768680572510e-01 1.452872991561889648e+00 7.377074956893920898e-01 1.342481851577758789e+00 -4.159023463726043701e-01 -9.838908910751342773e-01 -3.368523716926574707e-01
-9.335231781005859375e-01 1.470704913139343262e+00 1.373236417770385742e+00 -7.384739518165588379e-01 1.795618891716003418e+00 -1.122871994972229004e+00 -9.169129133224487305e-01 -1.540391921997070312e+00 1.701572179794311523e+00 -5.443617105484008789e-01 -9.679570794105529785e-01 -8.511210083961486816e-01 -2.651133835315704346e-01 4.766031727194786072e-02 1.499295711517333984e+00 7.007260322570800781e-01 1.332858324050903320e+00 -3.509173393249511719e-01 -1.024380207061767578e+00 -3.207264542579650879e-01
-8.745597004890441895e-01 1.422787308692932129e+00 1.447105646133422852e+00 -7.100643515586853027e-01 1.833803057670593262e+00 -1.133530735969543457e+00 -8.765321373939514160e-01 -1.505407094955444336e+00 1.719108343124389648e+00 -5.210266113281250000e-01 -1.026584267616271973e+00 -8.876280188560485840e-01 -2.731171548366546631e-01 -2.066934853792190552e-02 1.500836253166198730e+00 6.791536211967468262e-01 1.308198213577270508e+00 -3.097949326038360596e-01 -1.055978059768676758e+00 -3.263039886951446533e-01
-8.508470058441162109e-01 1.411571741104125977e+00 1.462609410285949707e+00 -7.270000576972961426e-01 1.772163033485412598e+00 -1.133934378623962402e+00 -8.542790412902832031e-01 -1.455645799636840820e+00 1.655091524124145508e+00 -5.114291906356811523e-01 -1.026389241218566895e+00 -8.295260667800903320e-01 -3.293989002704620361e-01 8.854471147060394287e-03 1.423584342002868652e+00 6.326591968536376953e-01 1.254652976989746094e+00 -2.961305379867553711e-01 -1.065472960472106934e+00 -3.374299407005310059e-01
-8.636149168014526367e-01 1.455466151237487793e+00 1.409561872482299805e+00 -8.053366541862487793e-01 1.600558757781982422e+00 -1.127890825271606445e+00 -8.591201901435852051e-01 -1.380293130874633789e+00 1.508176803588867188e+00 -5.282518267631530762e-01 -9.509634375572204590e-01 -6.488894224166870117e-01 -4.220070540904998779e-01 1.537458598613739014e-01 1.263791680335998535e+00 5.761247873306274414e-01 1.162501454353332520e+00 -3.220418393611907959e-01 -1.038532018661499023e+00 -3.666771650314331055e-01
-9.071042537689208984e-01 1.596479415893554688e+00 1.351133584976196289e+00 -9.889871478080749512e-01 1.411232709884643555e+00 -1.161681413650512695e+00 -9.072737693786621094e-01 -1.320315480232238770e+00 1.379339456558227539e+00 -5.919643044471740723e-01 -8.192250132560729980e-01 -3.985379338264465332e-01 -4.990019500255584717e-01 3.797256052494049072e-01 1.120254278182983398e+00 5.859562158584594727e-01 1.092107653617858887e+00 -3.947749733924865723e-01 -9.949309825897216797e-01 -4.347796738147735596e-01
-1.064020872116088867e+00 1.835527777671813965e+00 1.402110219001770020e+00 -1.317500472068786621e+00 1.359214067459106445e+00 -1.309338331222534180e+00 -9.798699617385864258e-01 -1.453469395637512207e+00 1.421637892723083496e+00 -6.532467007637023926e-01 -7.258077859878540039e-01 -2.977864444255828857e-01 -5.526752471923828125e-01 6.197560429573059082e-01 1.232782959938049316e+00 7.682508826255798340e-01 1.226272702217102051e+00 -5.033932924270629883e-01 -1.021130084991455078e+00 -5.579812526702880859e-01
-1.191395640373229980e+00 2.011013507843017578e+00 1.499336957931518555e+00 -1.584242463111877441e+00 1.347942233085632324e+00 -1.454049348831176758e+00 -1.003788471221923828e+00 -1.588528871536254883e+00 1.513058423995971680e+00 -7.030832767486572266e-01 -6.686274409294128418e-01 -2.653040885925292969e-01 -5.656101107597351074e-01 7.738736271858215332e-01 1.412554979324340820e+00 9.485703706741333008e-01 1.364467382431030273e+00 -6.027771830558776855e-01 -1.058430910110473633e+00 -6.656897664070129395e-01
-1.236917972564697266e+00 2.110962629318237305e+00 1.540520668029785156e+00 -1.745987772941589355e+00 1.346205592155456543e+00 -1.542742729187011719e+00 -9.775218963623046875e-01 -1.666035056114196777e+00 1.588987231254577637e+00 -7.425104379653930664e-01 -6.231372952461242676e-01 -2.406715005636215210e-01 -5.298298597335815430e-01 8.404441475868225098e-01 1.543176293373107910e+00 1.059985756874084473e+00 1.432374954223632812e+00 -6.814352869987487793e-01 -1.045829176902770996e+00 -7.454150319099426270e-01
-1.226210594177246094e+00 2.165484189987182617e+00 1.545414566993713379e+00 -1.827651500701904297e+00 1.355182766914367676e+00 -1.598342776298522949e+00 -9.180957078933715820e-01 -1.706434130668640137e+00 1.654387474060058594e+00 -7.763048410415649414e-01 -5.935081243515014648e-01 -2.202985286712646484e-01 -4.621027410030364990e-01 8.436876535415649414e-01 1.633782744407653809e+00 1.114771008491516113e+00 1.445087194442749023e+00 -7.440363168716430664e-01 -9.981126785278320312e-01 -8.066781163215637207e-01
-1.171803593635559082e+00 2.190057754516601562e+00 1.523460030555725098e+00 -1.847643256187438965e+00 1.372197389602661133e+00 -1.634538054466247559e+00 -8.281610608100891113e-01 -1.723343491554260254e+00 1.713329792022705078e+00 -8.063496947288513184e-01 -5.786947607994079590e-01 -2.044836282730102539e-01 -3.636285364627838135e-01 7.928786277770996094e-01 1.698259234428405762e+00 1.125420212745666504e+00 1.411376237869262695e+00 -7.981281280517578125e-01 -9.205884337425231934e-01 -8.571490049362182617e-01
-1.073613762855529785e+00 2.187426567077636719e+00 1.477085471153259277e+00 -1.806363344192504883e+00 1.388692259788513184e+00 -1.642179965972900391e+00 -7.051295042037963867e-01 -1.719467997550964355e+00 1.769009828567504883e+00 -8.278819322586059570e-01 -5.916005969047546387e-01 -2.039529383182525635e-01 -2.393790185451507568e-01 6.652137041091918945e-01 1.741501212120056152e+00 1.082957029342651367e+00 1.328066587448120117e+00 -8.358940482139587402e-01 -8.251585960388183594e-01 -9.059148430824279785e-01
-9.215927124023437500e-01 2.116854190826416016e+00 1.409008383750915527e+00 -1.670350790023803711e+00 1.387679696083068848e+00 -1.604439616203308105e+00 -5.453150272369384766e-01 -1.683169245719909668e+00 1.790048360824584961e+00 -8.157470226287841797e-01 -6.390684843063354492e-01 -2.435215264558792114e-01 -8.728575706481933594e-02 4.498578310012817383e-01 1.744706869125366211e+00 9.810964465141296387e-01 1.187141299247741699e+00 -8.445281386375427246e-01 -7.229710817337036133e-01 -9.304239749908447266e-01
-7.439289093017578125e-01 1.981445670127868652e+00 1.341219425201416016e+00 -1.411174774169921875e+00 1.411070585250854492e+00 -1.502702832221984863e+00 -3.847736716270446777e-01 -1.621239304542541504e+00 1.772075772285461426e+00 -7.673726081848144531e-01 -7.331495285034179688e-01 -3.819612264633178711e-01 5.748318135738372803e-02 1.378355324268341064e-01 1.746333718299865723e+00 8.356271386146545410e-01 1.059503912925720215e+00 -8.053686022758483887e-01 -6.713961362838745117e-01 -8.748011589050292969e-01
-6.024349927902221680e-01 1.802545547485351562e+00 1.475766658782958984e+00 -1.083423733711242676e+00 1.560732603073120117e+00 -1.483177423477172852e+00 -3.407436907291412354e-01 -1.626488685607910156e+00 1.807263970375061035e+00 -6.311231851577758789e-01 -8.860054612159729004e-01 -7.175075411796569824e-01 1.306786537170410156e-01 -2.834276258945465088e-01 1.875103354454040527e+00 7.407310605049133301e-01 1.043745279312133789e+00 -7.275691032409667969e-01 -8.043257594108581543e-01 -6.939873099327087402e-01
-6.457983851432800293e-01 1.596649527549743652e+00 1.657910704612731934e+00 -8.454715013504028320e-01 1.734216094017028809e+00 -1.461402297019958496e+00 -4.240930974483489990e-01 -1.681205987930297852e+00 1.836132764816284180e+00 -5.148406624794006348e-01 -1.068544864654541016e+00 -1.073105812072753906e+00 1.242735385894775391e-01 -4.857254028320312500e-01 1.974190711975097656e+00 6.895869374275207520e-01 1.145404577255249023e+00 -5.685682296752929688e-01 -9.735473990440368652e-01 -4.395862519741058350e-01
-7.457021474838256836e-01 1.474676728248596191e+00 1.791283845901489258e+00 -7.291774153709411621e-01 1.822167277336120605e+00 -1.390024662017822266e+00 -5.894778966903686523e-01 -1.695501208305358887e+00 1.829871654510498047e+00 -4.419639110565185547e-01 -1.178109645843505859e+00 -1.319400906562805176e+00 6.757738441228866577e-02 -6.046311259269714355e-01 2.065059423446655273e+00 7.157657146453857422e-01 1.252664327621459961e+00 -4.330459833145141602e-01 -1.144973993301391602e+00 -2.454442679882049561e-01
-8.039506673812866211e-01 1.403044700622558594e+00 1.859269499778747559e+00 -6.838263273239135742e-01 1.834122180938720703e+00 -1.333001255989074707e+00 -6.931799054145812988e-01 -1.693902373313903809e+00 1.804977655410766602e+00 -3.820706009864807129e-01 -1.223413348197937012e+00 -1.463037133216857910e+00 -1.543606072664260864e-02 -6.557503342628479004e-01 2.076220273971557617e+00 7.185488343238830566e-01 1.332136392593383789e+00 -3.355290591716766357e-01 -1.275391459465026855e+00 -1.347553431987762451e-01
-8.705305457115173340e-01 1.371282339096069336e+00 1.928717851638793945e+00 -6.809762716293334961e-01 1.824450135231018066e+00 -1.301695108413696289e+00 -7.790187597274780273e-01 -1.714608311653137207e+00 1.791016697883605957e+00 -3.421720862388610840e-01 -1.259744405746459961e+00 -1.558769583702087402e+00 -1.203414350748062134e-01 -6.511692404747009277e-01 2.069754600524902344e+00 7.242226600646972656e-01 1.413466334342956543e+00 -2.673375606536865234e-01 -1.404732942581176758e+00 -7.521194219589233398e-02
-9.366447329521179199e-01 1.356542825698852539e+00 1.982901692390441895e+00 -6.837952136993408203e-01 1.795478701591491699e+00 -1.279453158378601074e+00 -8.662456274032592773e-01 -1.733951568603515625e+00 1.774794220924377441e+00 -3.104664087295532227e-01 -1.273716688156127930e+00 -1.630494952201843262e+00 -2.181226611137390137e-01 -6.310490369796752930e-01 2.059173107147216797e+00 7.291443943977355957e-01 1.485824823379516602e+00 -2.182773798704147339e-01 -1.516367316246032715e+00 -1.918925344944000244e-02
-9.901806712150573730e-01 1.343991398811340332e+00 2.030112743377685547e+00 -6.960358023643493652e-01 1.742001175880432129e+00 -1.256816029548645020e+00 -9.544745087623596191e-01 -1.734439849853515625e+00 1.745907187461853027e+00 -2.703121900558471680e-01 -1.275750994682312012e+00 -1.687411904335021973e+00 -3.214935064315795898e-01 -6.088528633117675781e-01 2.036631345748901367e+00 7.305387258529663086e-01 1.547829627990722656e+00 -1.736112385988235474e-01 -1.623216748237609863e+00 3.132629394531250000e-02
-1.031625151634216309e+00 1.317786574363708496e+00 2.071130990982055664e+00 -7.124665379524230957e-01 1.666360974311828613e+00 -1.227083921432495117e+00 -1.042900919914245605e+00 -1.713881850242614746e+00 1.707666873931884766e+00 -2.184732854366302490e-01 -1.267673134803771973e+00 -1.742442846298217773e+00 -4.310655295848846436e-01 -5.882095098495483398e-01 2.005043029785156250e+00 7.316361069679260254e-01 1.608384847640991211e+00 -1.262145936489105225e-01 -1.730349898338317871e+00 8.788432180881500244e-02
-1.059708833694458008e+00 1.255791068077087402e+00 2.112347841262817383e+00 -7.175036668777465820e-01 1.588190436363220215e+00 -1.182919263839721680e+00 -1.137933135032653809e+00 -1.664284229278564453e+00 1.661428689956665039e+00 -1.599143445491790771e-01 -1.244092106819152832e+00 -1.789827227592468262e+00 -5.325115323066711426e-01 -5.756306648254394531e-01 1.974548339843750000e+00 7.545086145401000977e-01 1.660900473594665527e+00 -6.457108259201049805e-02 -1.829976558685302734e+00 1.502514481544494629e-01
-1.089995503425598145e+00 1.178306818008422852e+00 2.157017469406127930e+00 -7.326949238777160645e-01 1.507118821144104004e+00 -1.129260659217834473e+00 -1.241303563117980957e+00 -1.575485706329345703e+00 1.603086829185485840e+00 -1.079519987106323242e-01 -1.189709424972534180e+00 -1.808375716209411621e+00 -6.591305136680603027e-01 -5.468840599060058594e-01 1.960927963256835938e+00 8.293484449386596680e-01 1.718597650527954102e+00 5.197063088417053223e-03 -1.926258802413940430e+00 2.016971707344055176e-01
-1.088511943817138672e+00 1.075181245803833008e+00 2.150338172912597656e+00 -8.004379272460937500e-01 1.444244861602783203e+00 -1.037231802940368652e+00 -1.342792630195617676e+00 -1.433807849884033203e+00 1.542165875434875488e+00 -7.627563923597335815e-02 -1.048623681068420410e+00 -1.769366621971130371e+00 -8.198016881942749023e-01 -4.816267490386962891e-01 1.963687658309936523e+00 9.748093485832214355e-01 1.792635083198547363e+00 6.049401313066482544e-02 -1.986618041992187500e+00 2.425079047679901123e-01
-1.052550554275512695e+00 1.017612814903259277e+00 2.058200359344482422e+00 -9.426875710487365723e-01 1.507987856864929199e+00 -8.900732994079589844e-01 -1.449194908142089844e+00 -1.274296760559082031e+00 1.550181508064270020e+00 -1.097467765212059021e-01 -8.757990002632141113e-01 -1.624635457992553711e+00 -9.034196138381958008e-01 -3.178571760654449463e-01 1.983091115951538086e+00 1.141801476478576660e+00 1.899761795997619629e+00 6.807489693164825439e-02 -1.965592145919799805e+00 2.337220013141632080e-01
-9.978438019752502441e-01 1.035011887550354004e+00 1.902144432067871094e+00 -1.085004806518554688e+00 1.591121673583984375e+00 -7.756054401397705078e-01 -1.505663275718688965e+00 -1.112136125564575195e+00 1.556951403617858887e+00 -2.160660922527313232e-01 -6.991461515426635742e-01 -1.346254587173461914e+00 -8.717955350875854492e-01 -1.304150223731994629e-01 1.998747944831848145e+00 1.331248164176940918e+00 1.891120314598083496e+00 3.694595396518707275e-02 -1.795646071434020996e+00 1.113885939121246338e-01
-9.376804828643798828e-01 1.097368359565734863e+00 1.739521622657775879e+00 -1.247287631034851074e+00 1.677353858947753906e+00 -7.615686058998107910e-01 -1.447666049003601074e+00 -1.039349317550659180e+00 1.588718652725219727e+00 -3.402462601661682129e-01 -5.629370212554931641e-01 -1.041135787963867188e+00 -7.582748532295227051e-01 4.189429432153701782e-02 2.021499872207641602e+00 1.510622739791870117e+00 1.820083618164062500e+00 -4.363290593028068542e-02 -1.557358503341674805e+00 -9.145712852478027344e-02
-9.093710184097290039e-01 1.161157965660095215e+00 1.630426883697509766e+00 -1.383473873138427734e+00 1.743462324142456055e+00 -7.866053581237792969e-01 -1.383050680160522461e+00 -1.014467597007751465e+00 1.628880620002746582e+00 -4.564843773841857910e-01 -4.889011681079864502e-01 -8.103705048561096191e-01 -6.595130562782287598e-01 2.191659212112426758e-01 2.006209373474121094e+00 1.608560562133789062e+00 1.789534687995910645e+00 -9.510373324155807495e-02 -1.368959188461303711e+00 -2.370474636554718018e-01
-9.148516654968261719e-01 1.207589864730834961e+00 1.569560050964355469e+00 -1.464025616645812988e+00 1.795355319976806641e+00 -8.433851003646850586e-01 -1.314535260200500488e+00 -1.009365797042846680e+00 1.670553326606750488e+00 -5.728880167007446289e-01 -4.589084684848785400e-01 -6.359753012657165527e-01 -5.686183571815490723e-01 3.807746767997741699e-01 2.014254093170166016e+00 1.660034656524658203e+00 1.765141248703002930e+00 -1.450052857398986816e-01 -1.213266611099243164e+00 -3.256190121173858643e-01
-9.333783388137817383e-01 1.250217318534851074e+00 1.528740406036376953e+00 -1.530240893363952637e+00 1.821851730346679688e+00 -8.879438042640686035e-01 -1.259705781936645508e+00 -1.011922001838684082e+00 1.693721771240234375e+00 -6.635748147964477539e-01 -4.435828924179077148e-01 -5.009452104568481445e-01 -5.031605958938598633e-01 5.070337057113647461e-01 2.019605875015258789e+00 1.686591506004333496e+00 1.738120794296264648e+00 -1.840010583400726318e-01 -1.100787162780761719e+00 -3.960798084735870361e-01
-9.658813476562500000e-01 1.298278093338012695e+00 1.503957629203796387e+00 -1.597687363624572754e+00 1.838040590286254883e+00 -9.404274225234985352e-01 -1.212391972541809082e+00 -1.041737079620361328e+00 1.718512654304504395e+00 -7.324113845825195312e-01 -4.342811703681945801e-01 -4.084828495979309082e-01 -4.511635005474090576e-01 6.107548475265502930e-01 2.031842470169067383e+00 1.714345216751098633e+00 1.733781695365905762e+00 -2.264657914638519287e-01 -1.022898674011230469e+00 -4.531357288360595703e-01
-9.972480535507202148e-01 1.355335950851440430e+00 1.498384237289428711e+00 -1.661351919174194336e+00 1.855680584907531738e+00 -1.002689838409423828e+00 -1.177966356277465820e+00 -1.087194681167602539e+00 1.752044916152954102e+00 -7.797217965126037598e-01 -4.331546425819396973e-01 -3.532762527465820312e-01 -4.095705747604370117e-01 6.894443631172180176e-01 2.049964189529418945e+00 1.742100477218627930e+00 1.748275756835937500e+00 -2.678336203098297119e-01 -9.753121137619018555e-01 -5.042960047721862793e-01
-1.046235799789428711e+00 1.420065283775329590e+00 1.504027128219604492e+00 -1.722807884216308594e+00 1.860361814498901367e+00 -1.062368988990783691e+00 -1.161043167114257812e+00 -1.142246007919311523e+00 1.772332429885864258e+00 -8.203759789466857910e-01 -4.415948688983917236e-01 -3.099727630615234375e-01 -3.835259377956390381e-01 7.630273699760437012e-01 2.073109865188598633e+00 1.764230728149414062e+00 1.762690544128417969e+00 -3.077057600021362305e-01 -9.475661516189575195e-01 -5.497646331787109375e-01
