-7.763280868530273438e-01 9.897869229316711426e-01 1.496883273124694824e+00 -1.336827516555786133e+00 1.373330473899841309e+00 -8.479340076446533203e-01 -8.764037489891052246e-01 -1.425840854644775391e+00 1.351369619369506836e+00 7.800814509391784668e-02 -9.901261329650878906e-01 -1.013603329658508301e+00 -6.041975617408752441e-01 9.961551427841186523e-02 1.740712642669677734e+00 9.096127152442932129e-01 1.634523630142211914e+00 -2.993475794792175293e-01 -1.483473181724548340e+00 -5.200102329254150391e-01
-7.867723107337951660e-01 1.045305609703063965e+00 1.352283716201782227e+00 -1.480383515357971191e+00 1.383138656616210938e+00 -8.636485934257507324e-01 -7.821648716926574707e-01 -1.501958608627319336e+00 1.339603066444396973e+00 2.191981673240661621e-02 -9.154950380325317383e-01 -8.819427490234375000e-01 -5.595812201499938965e-01 3.155215382575988770e-01 1.639908313751220703e+00 8.810454010963439941e-01 1.702543377876281738e+00 -3.642394244670867920e-01 -1.345258831977844238e+00 -6.298120021820068359e-01
-8.306687474250793457e-01 1.153477549552917480e+00 1.279982209205627441e+00 -1.606737017631530762e+00 1.418399810791015625e+00 -9.270651936531066895e-01 -7.313641309738159180e-01 -1.601723432540893555e+00 1.377570867538452148e+00 -6.792646646499633789e-02 -8.547103404998779297e-01 -8.003141880035400391e-01 -5.447864532470703125e-01 4.735364317893981934e-01 1.606051921844482422e+00 8.937395215034484863e-01 1.793758034706115723e+00 -4.221860766410827637e-01 -1.266609668731689453e+00 -7.028186321258544922e-01
-9.069061875343322754e-01 1.287564277648925781e+00 1.281946182250976562e+00 -1.728144884109497070e+00 1.476256370544433594e+00 -1.034063577651977539e+00 -7.195774912834167480e-01 -1.703692555427551270e+00 1.483395934104919434e+00 -1.883941888809204102e-01 -8.253748416900634766e-01 -7.340624332427978516e-01 -5.162104964256286621e-01 6.097800731658935547e-01 1.632359623908996582e+00 9.379853010177612305e-01 1.875438213348388672e+00 -4.712154865264892578e-01 -1.211082339286804199e+00 -7.539367675781250000e-01
-9.995468258857727051e-01 1.434337496757507324e+00 1.272556900978088379e+00 -1.834539890289306641e+00 1.517556548118591309e+00 -1.146380901336669922e+00 -6.994719505310058594e-01 -1.799451351165771484e+00 1.584968924522399902e+00 -3.387203216552734375e-01 -7.927625179290771484e-01 -6.505125761032104492e-01 -4.750767946243286133e-01 7.560581564903259277e-01 1.645572423934936523e+00 9.752696752548217773e-01 1.931310772895812988e+00 -5.206694602966308594e-01 -1.134491205215454102e+00 -7.831915616989135742e-01
-1.091223478317260742e+00 1.627374887466430664e+00 1.286387205123901367e+00 -1.913651704788208008e+00 1.584475636482238770e+00 -1.290331363677978516e+00 -6.769449114799499512e-01 -1.913877606391906738e+00 1.711319088935852051e+00 -5.072108507156372070e-01 -7.818360328674316406e-01 -5.807529687881469727e-01 -4.236612617969512939e-01 8.748244047164916992e-01 1.667720198631286621e+00 9.939668178558349609e-01 1.965344190597534180e+00 -5.800948739051818848e-01 -1.055063128471374512e+00 -7.986595630645751953e-01
-1.150085926055908203e+00 1.777836203575134277e+00 1.285738348960876465e+00 -1.887857198715209961e+00 1.603376507759094238e+00 -1.406346321105957031e+00 -6.276177167892456055e-01 -1.954806923866271973e+00 1.786583304405212402e+00 -6.906726956367492676e-01 -7.605484724044799805e-01 -4.891560971736907959e-01 -3.412863910198211670e-01 9.371725916862487793e-01 1.631270170211791992e+00 9.700847268104553223e-01 1.884674787521362305e+00 -6.124697923660278320e-01 -9.315878152847290039e-01 -7.698357105255126953e-01
-1.151840567588806152e+00 1.802143454551696777e+00 1.276688218116760254e+00 -1.734145522117614746e+00 1.523706793785095215e+00 -1.415104866027832031e+00 -5.651878714561462402e-01 -1.872148871421813965e+00 1.755548119544982910e+00 -8.132334351539611816e-01 -7.029582262039184570e-01 -4.138365089893341064e-01 -2.712842822074890137e-01 9.093181490898132324e-01 1.497576713562011719e+00 9.069582223892211914e-01 1.683095574378967285e+00 -5.965794324874877930e-01 -8.290719985961914062e-01 -6.800724267959594727e-01
-1.143712997436523438e+00 1.730783343315124512e+00 1.334265589714050293e+00 -1.487274050712585449e+00 1.451748728752136230e+00 -1.385035991668701172e+00 -5.180746316909790039e-01 -1.746798157691955566e+00 1.679213643074035645e+00 -8.702040910720825195e-01 -6.575110554695129395e-01 -4.250795841217041016e-01 -2.487720847129821777e-01 7.420142889022827148e-01 1.447972297668457031e+00 8.709934353828430176e-01 1.462309956550598145e+00 -5.588241219520568848e-01 -8.157422542572021484e-01 -5.287500619888305664e-01
-1.104709267616271973e+00 1.642978787422180176e+00 1.379515409469604492e+00 -1.261358857154846191e+00 1.378956556320190430e+00 -1.351709127426147461e+00 -5.192536115646362305e-01 -1.615836620330810547e+00 1.616251945495605469e+00 -8.698780536651611328e-01 -6.516335010528564453e-01 -4.980798661708831787e-01 -2.765933573246002197e-01 5.459855794906616211e-01 1.453833699226379395e+00 8.406477570533752441e-01 1.323448181152343750e+00 -5.066615939140319824e-01 -8.564478754997253418e-01 -3.626365661621093750e-01
-1.083488225936889648e+00 1.565723538398742676e+00 1.420509934425354004e+00 -1.082904815673828125e+00 1.350502014160156250e+00 -1.326364994049072266e+00 -5.404499769210815430e-01 -1.537047028541564941e+00 1.571255683898925781e+00 -8.421502113342285156e-01 -6.684356927871704102e-01 -6.044918298721313477e-01 -2.857269942760467529e-01 3.701291084289550781e-01 1.506976008415222168e+00 8.288244009017944336e-01 1.243711829185485840e+00 -4.694314002990722656e-01 -8.996953964233398438e-01 -2.339893877506256104e-01
-1.061528086662292480e+00 1.502749323844909668e+00 1.514452338218688965e+00 -9.459591507911682129e-01 1.376814246177673340e+00 -1.339215397834777832e+00 -5.748978853225708008e-01 -1.502251863479614258e+00 1.583619475364685059e+00 -7.936340570449829102e-01 -7.170954942703247070e-01 -7.546591758728027344e-01 -2.700624465942382812e-01 1.883414685726165771e-01 1.612274527549743652e+00 8.352842926979064941e-01 1.217248082160949707e+00 -4.382936656475067139e-01 -9.741871953010559082e-01 -1.348335891962051392e-01
-1.032827854156494141e+00 1.459247589111328125e+00 1.603112339973449707e+00 -8.399562239646911621e-01 1.434716463088989258e+00 -1.368967890739440918e+00 -5.948199033737182617e-01 -1.525697350502014160e+00 1.622883200645446777e+00 -7.180387973785400391e-01 -7.852877378463745117e-01 -9.331762790679931641e-01 -2.550088465213775635e-01 2.141145616769790649e-02 1.714047670364379883e+00 8.375800251960754395e-01 1.253114461898803711e+00 -4.129175245761871338e-01 -1.063050866127014160e+00 -8.528835326433181763e-02
-9.897157549858093262e-01 1.413329005241394043e+00 1.704798102378845215e+00 -7.351441383361816406e-01 1.512280225753784180e+00 -1.402531504631042480e+00 -5.879029035568237305e-01 -1.564522981643676758e+00 1.668493509292602539e+00 -6.313083171844482422e-01 -8.912155628204345703e-01 -1.122984528541564941e+00 -2.381190657615661621e-01 -1.584637165069580078e-01 1.826943993568420410e+00 8.191065788269042969e-01 1.295123815536499023e+00 -3.908137977123260498e-01 -1.156640887260437012e+00 -6.432449817657470703e-02
-9.582061171531677246e-01 1.393108963966369629e+00 1.851694226264953613e+00 -6.705920696258544922e-01 1.618142127990722656e+00 -1.456215262413024902e+00 -5.748573541641235352e-01 -1.621862649917602539e+00 1.748771190643310547e+00 -5.612286329269409180e-01 -1.030567288398742676e+00 -1.305317401885986328e+00 -1.978817731142044067e-01 -3.136005997657775879e-01 1.959647178649902344e+00 8.054056763648986816e-01 1.354351878166198730e+00 -3.701855540275573730e-01 -1.253899812698364258e+00 -7.336085289716720581e-02
-9.450796246528625488e-01 1.327854990959167480e+00 2.051031827926635742e+00 -6.154906749725341797e-01 1.751577138900756836e+00 -1.469872474670410156e+00 -5.639916062355041504e-01 -1.691432833671569824e+00 1.838142871856689453e+00 -4.772166609764099121e-01 -1.228745460510253906e+00 -1.518924951553344727e+00 -1.677300930023193359e-01 -4.582245647907257080e-01 2.095261573791503906e+00 8.187367320060729980e-01 1.451499104499816895e+00 -3.087842762470245361e-01 -1.402737736701965332e+00 -1.019255071878433228e-01
-9.076867699623107910e-01 1.187581658363342285e+00 2.143966674804687500e+00 -5.983769297599792480e-01 1.811780095100402832e+00 -1.412943243980407715e+00 -5.810953974723815918e-01 -1.701613783836364746e+00 1.866960644721984863e+00 -3.649601936340332031e-01 -1.379952192306518555e+00 -1.630678296089172363e+00 -1.920649707317352295e-01 -5.300088524818420410e-01 2.131037473678588867e+00 8.395605087280273438e-01 1.526984810829162598e+00 -2.357703149318695068e-01 -1.514028310775756836e+00 -1.467121392488479614e-01
-8.529997467994689941e-01 1.019258141517639160e+00 2.091324567794799805e+00 -7.003973126411437988e-01 1.730903863906860352e+00 -1.285757303237915039e+00 -5.696556568145751953e-01 -1.628660678863525391e+00 1.772712111473083496e+00 -2.271140962839126587e-01 -1.435586929321289062e+00 -1.578037619590759277e+00 -3.269292414188385010e-01 -4.495808184146881104e-01 2.071146249771118164e+00 8.590912818908691406e-01 1.588850259780883789e+00 -1.688338965177536011e-01 -1.563548207283020020e+00 -2.375527918338775635e-01
-8.032812476158142090e-01 9.009823203086853027e-01 2.016569614410400391e+00 -7.895832061767578125e-01 1.694103717803955078e+00 -1.178946256637573242e+00 -6.003748774528503418e-01 -1.540350317955017090e+00 1.672845125198364258e+00 -1.420827209949493408e-01 -1.390385031700134277e+00 -1.469370245933532715e+00 -4.113769233226776123e-01 -3.381649851799011230e-01 2.000790357589721680e+00 9.147718548774719238e-01 1.622610688209533691e+00 -1.122834086418151855e-01 -1.555213570594787598e+00 -3.259087800979614258e-01
-7.964106202125549316e-01 8.753316402435302734e-01 1.993194341659545898e+00 -8.669603466987609863e-01 1.687935471534729004e+00 -1.132642269134521484e+00 -6.663623452186584473e-01 -1.486068367958068848e+00 1.614562511444091797e+00 -9.355755150318145752e-02 -1.340038895606994629e+00 -1.396879315376281738e+00 -4.681582450866699219e-01 -2.531671226024627686e-01 1.982349395751953125e+00 9.794650077819824219e-01 1.652402877807617188e+00 -9.047126024961471558e-02 -1.556375265121459961e+00 -3.891643583774566650e-01
-8.097314238548278809e-01 8.478583693504333496e-01 2.024889945983886719e+00 -8.951313495635986328e-01 1.679149627685546875e+00 -1.109526991844177246e+00 -7.398861050605773926e-01 -1.421346068382263184e+00 1.570464491844177246e+00 -6.510220468044281006e-02 -1.294834494590759277e+00 -1.361362814903259277e+00 -5.201214551925659180e-01 -2.118771672248840332e-01 1.980645179748535156e+00 1.046168684959411621e+00 1.660767793655395508e+00 -5.248542129993438721e-02 -1.584441184997558594e+00 -3.970329761505126953e-01
-8.440617322921752930e-01 8.182576298713684082e-01 2.138170480728149414e+00 -8.862282037734985352e-01 1.685902476310729980e+00 -1.109287142753601074e+00 -8.430475592613220215e-01 -1.349147796630859375e+00 1.541595220565795898e+00 -4.918168857693672180e-02 -1.257255673408508301e+00 -1.363848209381103516e+00 -5.863112211227416992e-01 -2.282807230949401855e-01 2.026342630386352539e+00 1.130958318710327148e+00 1.653089642524719238e+00 4.257276654243469238e-03 -1.658494591712951660e+00 -3.474964499473571777e-01
-8.954398036003112793e-01 8.290683031082153320e-01 2.316832304000854492e+00 -8.673377037048339844e-01 1.718094110488891602e+00 -1.120824933052062988e+00 -1.000791549682617188e+00 -1.268761038780212402e+00 1.544474244117736816e+00 -6.434939801692962646e-02 -1.197214245796203613e+00 -1.395147919654846191e+00 -6.654785871505737305e-01 -2.956857681274414062e-01 2.103112220764160156e+00 1.244267940521240234e+00 1.651482224464416504e+00 7.890829443931579590e-02 -1.777566790580749512e+00 -2.723641097545623779e-01
-1.000696539878845215e+00 9.541833400726318359e-01 2.510965108871459961e+00 -8.478698730468750000e-01 1.806337594985961914e+00 -1.217415094375610352e+00 -1.284708857536315918e+00 -1.240218639373779297e+00 1.608518958091735840e+00 -1.541025191545486450e-01 -1.099831104278564453e+00 -1.400817394256591797e+00 -7.834675312042236328e-01 -3.128640055656433105e-01 2.239007472991943359e+00 1.395310282707214355e+00 1.692334890365600586e+00 1.059069633483886719e-01 -1.899650096893310547e+00 -1.580410599708557129e-01
-1.046643614768981934e+00 1.106370687484741211e+00 2.585323572158813477e+00 -8.290490508079528809e-01 1.877416849136352539e+00 -1.322268843650817871e+00 -1.525560975074768066e+00 -1.237754583358764648e+00 1.655720472335815430e+00 -2.253226637840270996e-01 -9.606809616088867188e-01 -1.356009721755981445e+00 -8.201408386230468750e-01 -3.223720788955688477e-01 2.318096399307250977e+00 1.471615910530090332e+00 1.675383687019348145e+00 4.936556145548820496e-02 -1.931307911872863770e+00 -5.180078744888305664e-02
-1.047318816184997559e+00 1.192770004272460938e+00 2.543173789978027344e+00 -8.116098642349243164e-01 1.861351728439331055e+00 -1.350216746330261230e+00 -1.669062972068786621e+00 -1.199250459671020508e+00 1.637321472167968750e+00 -2.667580544948577881e-01 -8.199702501296997070e-01 -1.279719114303588867e+00 -8.239200115203857422e-01 -3.107034862041473389e-01 2.303480863571166992e+00 1.479682683944702148e+00 1.615844011306762695e+00 -1.118104532361030579e-02 -1.893083214759826660e+00 3.335841372609138489e-02
-1.023126006126403809e+00 1.221837997436523438e+00 2.466452836990356445e+00 -8.056881427764892578e-01 1.804163217544555664e+00 -1.332393646240234375e+00 -1.748360037803649902e+00 -1.142667055130004883e+00 1.589186072349548340e+00 -2.769785225391387939e-01 -7.109619379043579102e-01 -1.200888037681579590e+00 -8.243585824966430664e-01 -2.888998985290527344e-01 2.249650478363037109e+00 1.459829092025756836e+00 1.551226258277893066e+00 -5.445706471800804138e-02 -1.841428041458129883e+00 8.909642696380615234e-02
-1.006360530853271484e+00 1.238112211227416992e+00 2.372503042221069336e+00 -8.386996388435363770e-01 1.726869821548461914e+00 -1.287601828575134277e+00 -1.769941687583923340e+00 -1.105418443679809570e+00 1.520459651947021484e+00 -2.692749500274658203e-01 -6.623005270957946777e-01 -1.117044806480407715e+00 -8.332388997077941895e-01 -2.694221735000610352e-01 2.200431108474731445e+00 1.421544313430786133e+00 1.496483564376831055e+00 -8.933910727500915527e-02 -1.786338329315185547e+00 9.495742619037628174e-02
-9.889500141143798828e-01 1.237002968788146973e+00 2.290687561035156250e+00 -9.035999774932861328e-01 1.668186068534851074e+00 -1.242289066314697266e+00 -1.771118998527526855e+00 -1.077042341232299805e+00 1.471330761909484863e+00 -2.508584260940551758e-01 -6.522252559661865234e-01 -1.048683285713195801e+00 -8.323161005973815918e-01 -2.111857235431671143e-01 2.169129848480224609e+00 1.415066361427307129e+00 1.480005741119384766e+00 -1.153814941644668579e-01 -1.736716866493225098e+00 7.323300093412399292e-02
-9.429959058761596680e-01 1.248859047889709473e+00 2.169091463088989258e+00 -1.002235889434814453e+00 1.629520535469055176e+00 -1.197845220565795898e+00 -1.734352946281433105e+00 -1.086784958839416504e+00 1.441810846328735352e+00 -2.151388823986053467e-01 -6.676999926567077637e-01 -9.677339792251586914e-01 -7.854608893394470215e-01 -1.275904178619384766e-01 2.128116369247436523e+00 1.391762733459472656e+00 1.465821862220764160e+00 -1.709614545106887817e-01 -1.665650725364685059e+00 -5.652714520692825317e-03
-8.920260071754455566e-01 1.281970739364624023e+00 1.996868133544921875e+00 -1.094299316406250000e+00 1.576149225234985352e+00 -1.121700167655944824e+00 -1.659223556518554688e+00 -1.112355470657348633e+00 1.416376709938049316e+00 -1.991573870182037354e-01 -7.003318071365356445e-01 -8.963897228240966797e-01 -7.120273113250732422e-01 -4.315258562564849854e-02 2.046549320220947266e+00 1.327049851417541504e+00 1.450016975402832031e+00 -2.225092053413391113e-01 -1.577172875404357910e+00 -1.104727238416671753e-01
-8.565055727958679199e-01 1.306152582168579102e+00 1.793415665626525879e+00 -1.148491382598876953e+00 1.498000979423522949e+00 -1.029692411422729492e+00 -1.506777882575988770e+00 -1.141916871070861816e+00 1.352688312530517578e+00 -2.074372023344039917e-01 -7.609321475028991699e-01 -8.091893196105957031e-01 -6.220396161079406738e-01 7.038272917270660400e-03 1.943711161613464355e+00 1.215291142463684082e+00 1.388167142868041992e+00 -2.611037492752075195e-01 -1.447071313858032227e+00 -2.269964516162872314e-01
-8.253881335258483887e-01 1.312358140945434570e+00 1.635042071342468262e+00 -1.150457978248596191e+00 1.431573152542114258e+00 -9.525340795516967773e-01 -1.359703183174133301e+00 -1.149518966674804688e+00 1.295516610145568848e+00 -2.323657572269439697e-01 -8.098313808441162109e-01 -7.430144548416137695e-01 -5.415884852409362793e-01 2.237899228930473328e-02 1.847344756126403809e+00 1.109938263893127441e+00 1.310723662376403809e+00 -2.791426181793212891e-01 -1.333877682685852051e+00 -3.053437173366546631e-01
-8.038644194602966309e-01 1.326695680618286133e+00 1.560376286506652832e+00 -1.121330857276916504e+00 1.407291293144226074e+00 -9.173138141632080078e-01 -1.233737468719482422e+00 -1.155439853668212891e+00 1.278421282768249512e+00 -2.760025858879089355e-01 -8.593884110450744629e-01 -7.186757326126098633e-01 -4.852095842361450195e-01 2.332296222448348999e-03 1.792320251464843750e+00 1.030224561691284180e+00 1.252558350563049316e+00 -2.846845090389251709e-01 -1.264395713806152344e+00 -3.549672663211822510e-01
-7.970538139343261719e-01 1.344967722892761230e+00 1.546064853668212891e+00 -1.063281893730163574e+00 1.411813020706176758e+00 -9.169506430625915527e-01 -1.130894422531127930e+00 -1.159525990486145020e+00 1.302278041839599609e+00 -3.441416621208190918e-01 -9.131380319595336914e-01 -7.160351276397705078e-01 -4.379328191280364990e-01 -3.238297253847122192e-02 1.770950794219970703e+00 9.819701910018920898e-01 1.210176587104797363e+00 -2.766456902027130127e-01 -1.217350482940673828e+00 -3.813999593257904053e-01
-7.895539999008178711e-01 1.371608018875122070e+00 1.578343510627746582e+00 -9.813202023506164551e-01 1.440554022789001465e+00 -9.392346739768981934e-01 -1.050671577453613281e+00 -1.150976300239562988e+00 1.363778471946716309e+00 -4.304243326187133789e-01 -9.660673737525939941e-01 -7.249221801757812500e-01 -4.034017920494079590e-01 -9.200031310319900513e-02 1.756209135055541992e+00 9.548186063766479492e-01 1.167472839355468750e+00 -2.481810897588729858e-01 -1.188327670097351074e+00 -3.957043290138244629e-01
-7.864150404930114746e-01 1.393595218658447266e+00 1.655185103416442871e+00 -8.858461976051330566e-01 1.502146124839782715e+00 -9.669068455696105957e-01 -9.862160086631774902e-01 -1.139180779457092285e+00 1.450921773910522461e+00 -5.310842394828796387e-01 -1.007839202880859375e+00 -7.560034990310668945e-01 -3.754836618900299072e-01 -1.795986592769622803e-01 1.769971132278442383e+00 9.653186798095703125e-01 1.131284475326538086e+00 -2.026467174291610718e-01 -1.182741641998291016e+00 -3.967989385128021240e-01
-8.054870367050170898e-01 1.425907492637634277e+00 1.765682220458984375e+00 -7.749372720718383789e-01 1.600470900535583496e+00 -1.012180089950561523e+00 -9.304066896438598633e-01 -1.135018348693847656e+00 1.566444635391235352e+00 -6.534367203712463379e-01 -1.045542836189270020e+00 -8.154628276824951172e-01 -3.487474024295806885e-01 -2.821466922760009766e-01 1.810400485992431641e+00 1.002388477325439453e+00 1.108074665069580078e+00 -1.535536944866180420e-01 -1.185884714126586914e+00 -3.848689496517181396e-01
-8.690018057823181152e-01 1.470507740974426270e+00 1.881364107131958008e+00 -6.637225151062011719e-01 1.716131925582885742e+00 -1.087244987487792969e+00 -9.100934863090515137e-01 -1.151136159896850586e+00 1.674503087997436523e+00 -7.739868760108947754e-01 -1.071768879890441895e+00 -8.835467100143432617e-01 -3.569623827934265137e-01 -3.461630940437316895e-01 1.861133337020874023e+00 1.060419321060180664e+00 1.119721889495849609e+00 -1.194796711206436157e-01 -1.201397657394409180e+00 -3.638332486152648926e-01
-9.362931847572326660e-01 1.448148488998413086e+00 1.930984616279602051e+00 -5.467082858085632324e-01 1.791053175926208496e+00 -1.132679462432861328e+00 -8.781583905220031738e-01 -1.136639118194580078e+00 1.717448949813842773e+00 -8.737868070602416992e-01 -1.064694643020629883e+00 -9.073032140731811523e-01 -3.831389248371124268e-01 -3.452493548393249512e-01 1.853896975517272949e+00 1.106531620025634766e+00 1.127174139022827148e+00 -8.036638051271438599e-02 -1.178783416748046875e+00 -3.312956392765045166e-01
-9.649044275283813477e-01 1.324184060096740723e+00 1.880881190299987793e+00 -4.723319113254547119e-01 1.791098594665527344e+00 -1.120751619338989258e+00 -8.081290721893310547e-01 -1.088520169258117676e+00 1.686190843582153320e+00 -9.203624725341796875e-01 -1.040979981422424316e+00 -8.830842971801757812e-01 -4.079823791980743408e-01 -2.735123336315155029e-01 1.780698657035827637e+00 1.107885837554931641e+00 1.139261364936828613e+00 -2.716031856834888458e-02 -1.109302163124084473e+00 -2.811770141124725342e-01
-9.753035902976989746e-01 1.190853953361511230e+00 1.762530207633972168e+00 -4.378681480884552002e-01 1.740710139274597168e+00 -1.073257327079772949e+00 -7.368188500404357910e-01 -1.038408637046813965e+00 1.615269422531127930e+00 -9.270815849304199219e-01 -9.880488514900207520e-01 -8.146927356719970703e-01 -4.037102460861206055e-01 -1.690703928470611572e-01 1.663292050361633301e+00 1.087095379829406738e+00 1.133611321449279785e+00 3.559105098247528076e-04 -1.015868186950683594e+00 -2.535340189933776855e-01
-9.881477952003479004e-01 1.137254834175109863e+00 1.644047975540161133e+00 -4.990426003932952881e-01 1.730437755584716797e+00 -1.042562365531921387e+00 -6.922432780265808105e-01 -1.041506052017211914e+00 1.594037532806396484e+00 -9.400514960289001465e-01 -9.303023219108581543e-01 -7.098773717880249023e-01 -3.938609659671783447e-01 -2.124600112438201904e-03 1.539917945861816406e+00 1.062681913375854492e+00 1.173392295837402344e+00 -3.415286540985107422e-03 -9.252809286117553711e-01 -2.786887288093566895e-01
-1.020243525505065918e+00 1.119830846786499023e+00 1.548669695854187012e+00 -6.332429647445678711e-01 1.720903515815734863e+00 -1.022394299507141113e+00 -6.549605727195739746e-01 -1.075065016746520996e+00 1.595132946968078613e+00 -9.575578570365905762e-01 -8.712732195854187012e-01 -5.914700031280517578e-01 -3.758127093315124512e-01 1.882656514644622803e-01 1.462508678436279297e+00 1.063022732734680176e+00 1.227648615837097168e+00 -2.899209782481193542e-02 -8.509981632232666016e-01 -3.323006033897399902e-01
-1.102697014808654785e+00 1.145699143409729004e+00 1.473503351211547852e+00 -8.230289816856384277e-01 1.717211008071899414e+00 -1.007172584533691406e+00 -6.740096807479858398e-01 -1.140810728073120117e+00 1.597871065139770508e+00 -9.654875397682189941e-01 -8.245030045509338379e-01 -4.759912788867950439e-01 -3.469834029674530029e-01 3.996492922306060791e-01 1.461340188980102539e+00 1.089625358581542969e+00 1.289770841598510742e+00 -9.396365284919738770e-02 -7.916831374168395996e-01 -3.948386609554290771e-01
-1.189755320549011230e+00 1.222475886344909668e+00 1.410167694091796875e+00 -1.041183710098266602e+00 1.728227019309997559e+00 -9.899455308914184570e-01 -7.401927709579467773e-01 -1.221535682678222656e+00 1.600939750671386719e+00 -9.742687344551086426e-01 -7.922520041465759277e-01 -3.700708150863647461e-01 -3.379732370376586914e-01 5.896243453025817871e-01 1.511373758316040039e+00 1.132653713226318359e+00 1.368069887161254883e+00 -1.715916246175765991e-01 -7.628646492958068848e-01 -4.627861082553863525e-01
-1.221647858619689941e+00 1.330718994140625000e+00 1.398128151893615723e+00 -1.268447160720825195e+00 1.759135603904724121e+00 -9.927273392677307129e-01 -7.855418920516967773e-01 -1.310535550117492676e+00 1.650728702545166016e+00 -9.718214869499206543e-01 -8.072667121887207031e-01 -3.349965214729309082e-01 -3.488035500049591064e-01 7.159886360168457031e-01 1.634959697723388672e+00 1.184385180473327637e+00 1.505067586898803711e+00 -2.366273403167724609e-01 -7.741296887397766113e-01 -5.480558872222900391e-01
-1.214484691619873047e+00 1.420424818992614746e+00 1.354360818862915039e+00 -1.465686321258544922e+00 1.696245312690734863e+00 -9.867436289787292480e-01 -8.436027169227600098e-01 -1.365462660789489746e+00 1.640342712402343750e+00 -9.049491286277770996e-01 -8.160421252250671387e-01 -3.319135010242462158e-01 -3.784388601779937744e-01 7.780264616012573242e-01 1.746962666511535645e+00 1.199648976325988770e+00 1.601577043533325195e+00 -3.090825378894805908e-01 -8.123911023139953613e-01 -5.842242240905761719e-01
-1.156563043594360352e+00 1.521863818168640137e+00 1.339972376823425293e+00 -1.560847282409667969e+00 1.654080271720886230e+00 -1.042602419853210449e+00 -9.084306359291076660e-01 -1.460346817970275879e+00 1.627232432365417480e+00 -7.630123496055603027e-01 -8.405472040176391602e-01 -4.084105193614959717e-01 -4.045428633689880371e-01 7.099362015724182129e-01 1.855116724967956543e+00 1.158910512924194336e+00 1.646739244461059570e+00 -4.089920818805694580e-01 -9.028816223144531250e-01 -5.854067802429199219e-01
-1.053818106651306152e+00 1.556380391120910645e+00 1.323724031448364258e+00 -1.537701129913330078e+00 1.599758625030517578e+00 -1.061027407646179199e+00 -9.549956917762756348e-01 -1.495123982429504395e+00 1.591241121292114258e+00 -6.082980632781982422e-01 -8.612234592437744141e-01 -4.972186386585235596e-01 -4.194968938827514648e-01 5.567204952239990234e-01 1.889012336730957031e+00 1.084349632263183594e+00 1.603163003921508789e+00 -4.737968444824218750e-01 -9.856850504875183105e-01 -5.592679977416992188e-01
-9.401054978370666504e-01 1.535854339599609375e+00 1.293356299400329590e+00 -1.441841125488281250e+00 1.542165279388427734e+00 -1.046906471252441406e+00 -9.759756326675415039e-01 -1.468481898307800293e+00 1.550099372863769531e+00 -4.889838099479675293e-01 -8.661521077156066895e-01 -5.600790977478027344e-01 -4.192915558815002441e-01 3.916457891464233398e-01 1.859963536262512207e+00 1.008796215057373047e+00 1.510423660278320312e+00 -4.923640787601470947e-01 -1.024594426155090332e+00 -5.214568376541137695e-01
-8.798394203186035156e-01 1.469122052192687988e+00 1.310020685195922852e+00 -1.329943656921386719e+00 1.494087934494018555e+00 -1.015057802200317383e+00 -1.023727893829345703e+00 -1.416129469871520996e+00 1.499303817749023438e+00 -3.996110558509826660e-01 -8.726253509521484375e-01 -6.264289617538452148e-01 -4.097152948379516602e-01 2.553806006908416748e-01 1.853553533554077148e+00 9.634863138198852539e-01 1.422730326652526855e+00 -4.754415452480316162e-01 -1.071860909461975098e+00 -4.425916671752929688e-01
-8.510444760322570801e-01 1.402626633644104004e+00 1.327555298805236816e+00 -1.227706313133239746e+00 1.462106943130493164e+00 -9.689274430274963379e-01 -1.078653812408447266e+00 -1.359313845634460449e+00 1.448089480400085449e+00 -3.482984900474548340e-01 -8.675408363342285156e-01 -6.829389333724975586e-01 -4.021827280521392822e-01 1.511746942996978760e-01 1.847079038619995117e+00 9.461809992790222168e-01 1.362499713897705078e+00 -4.411565959453582764e-01 -1.112448811531066895e+00 -3.612528145313262939e-01
-8.468220829963684082e-01 1.343408823013305664e+00 1.327502727508544922e+00 -1.138572812080383301e+00 1.452940464019775391e+00 -9.149866700172424316e-01 -1.130716085433959961e+00 -1.307522773742675781e+00 1.403018832206726074e+00 -3.334406018257141113e-01 -8.563162088394165039e-01 -7.168986797332763672e-01 -3.915218412876129150e-01 8.976898342370986938e-02 1.830604314804077148e+00 9.522337317466735840e-01 1.325966238975524902e+00 -4.020927846431732178e-01 -1.132368803024291992e+00 -2.954175770282745361e-01
-8.723814487457275391e-01 1.298429250717163086e+00 1.309169769287109375e+00 -1.066547751426696777e+00 1.473334550857543945e+00 -8.536976575851440430e-01 -1.187471747398376465e+00 -1.264084935188293457e+00 1.367204904556274414e+00 -3.613132834434509277e-01 -8.373432159423828125e-01 -7.269023656845092773e-01 -3.768538236618041992e-01 7.657215744256973267e-02 1.806911110877990723e+00 9.879996776580810547e-01 1.319081664085388184e+00 -3.590463995933532715e-01 -1.132624864578247070e+00 -2.449086010456085205e-01
-9.495238661766052246e-01 1.281209349632263184e+00 1.276536703109741211e+00 -1.043667912483215332e+00 1.535041570663452148e+00 -7.993810772895812988e-01 -1.229068398475646973e+00 -1.259048819541931152e+00 1.360216259956359863e+00 -4.555229544639587402e-01 -8.072857856750488281e-01 -7.099779844284057617e-01 -3.511734306812286377e-01 1.350741982460021973e-01 1.789284348487854004e+00 1.073538422584533691e+00 1.358682751655578613e+00 -3.153926134109497070e-01 -1.110625147819519043e+00 -2.177537977695465088e-01
-1.076640725135803223e+00 1.294021487236022949e+00 1.201352238655090332e+00 -1.046688675880432129e+00 1.671972036361694336e+00 -7.573894858360290527e-01 -1.244428753852844238e+00 -1.269264101982116699e+00 1.428100228309631348e+00 -6.738757491111755371e-01 -7.571398019790649414e-01 -6.131416559219360352e-01 -3.020617663860321045e-01 3.023810088634490967e-01 1.715760469436645508e+00 1.215536594390869141e+00 1.430984258651733398e+00 -2.452724277973175049e-01 -1.000791192054748535e+00 -2.312604188919067383e-01
-1.223842620849609375e+00 1.331768989562988281e+00 1.105050563812255859e+00 -1.065852999687194824e+00 1.806280374526977539e+00 -7.595298290252685547e-01 -1.168318867683410645e+00 -1.272744536399841309e+00 1.529602169990539551e+00 -9.648767709732055664e-01 -6.623818278312683105e-01 -4.518817067146301270e-01 -2.619433999061584473e-01 5.802024006843566895e-01 1.542234897613525391e+00 1.373823404312133789e+00 1.545743703842163086e+00 -1.574811488389968872e-01 -8.130030632019042969e-01 -3.121866881847381592e-01
-1.231526136398315430e+00 1.355784296989440918e+00 1.217726588249206543e+00 -1.107315540313720703e+00 1.867720961570739746e+00 -8.762795329093933105e-01 -1.028725028038024902e+00 -1.297311186790466309e+00 1.646154522895812988e+00 -1.043494582176208496e+00 -6.829620599746704102e-01 -4.137317240238189697e-01 -2.652679383754730225e-01 6.817436218261718750e-01 1.488492727279663086e+00 1.363387346267700195e+00 1.594679594039916992e+00 -1.403893977403640747e-01 -7.733914256095886230e-01 -3.981288969516754150e-01
-1.163120746612548828e+00 1.363152384757995605e+00 1.317013025283813477e+00 -1.151704072952270508e+00 1.815464735031127930e+00 -9.914713501930236816e-01 -8.795529603958129883e-01 -1.331141471862792969e+00 1.676869630813598633e+00 -1.001818656921386719e+00 -6.740895509719848633e-01 -4.177925884723663330e-01 -3.013269603252410889e-01 6.678383946418762207e-01 1.455515503883361816e+00 1.256019353866577148e+00 1.552628993988037109e+00 -1.648241281509399414e-01 -8.018403053283691406e-01 -4.339032471179962158e-01
-1.100131511688232422e+00 1.365212559700012207e+00 1.368855237960815430e+00 -1.176185965538024902e+00 1.730165243148803711e+00 -1.054261326789855957e+00 -7.918866276741027832e-01 -1.333110094070434570e+00 1.661281585693359375e+00 -9.424781203269958496e-01 -6.503902077674865723e-01 -4.322692155838012695e-01 -3.242330849170684814e-01 6.258937120437622070e-01 1.430798172950744629e+00 1.159704804420471191e+00 1.502636790275573730e+00 -1.896092444658279419e-01 -8.300358057022094727e-01 -4.308350682258605957e-01
-1.038645744323730469e+00 1.351696968078613281e+00 1.394345641136169434e+00 -1.185677409172058105e+00 1.644223093986511230e+00 -1.086454033851623535e+00 -7.325924634933471680e-01 -1.320476651191711426e+00 1.629922032356262207e+00 -8.827601075172424316e-01 -6.160258054733276367e-01 -4.437572062015533447e-01 -3.364536762237548828e-01 5.737380981445312500e-01 1.409671306610107422e+00 1.081220388412475586e+00 1.445315480232238770e+00 -2.108169645071029663e-01 -8.500707149505615234e-01 -4.097273647785186768e-01
-9.725327491760253906e-01 1.330665707588195801e+00 1.406640768051147461e+00 -1.184998750686645508e+00 1.555163383483886719e+00 -1.101687669754028320e+00 -6.866063475608825684e-01 -1.298367023468017578e+00 1.590322613716125488e+00 -8.193355798721313477e-01 -5.750366449356079102e-01 -4.600918292999267578e-01 -3.452151715755462646e-01 5.072805881500244141e-01 1.391085743904113770e+00 1.008225321769714355e+00 1.384140849113464355e+00 -2.281213402748107910e-01 -8.695817589759826660e-01 -3.758681118488311768e-01
-8.894624710083007812e-01 1.305798649787902832e+00 1.420184135437011719e+00 -1.175284624099731445e+00 1.472736477851867676e+00 -1.111733317375183105e+00 -6.466109156608581543e-01 -1.270347237586975098e+00 1.557776808738708496e+00 -7.477440834045410156e-01 -5.322266221046447754e-01 -4.959553480148315430e-01 -3.481805026531219482e-01 4.061769247055053711e-01 1.386118054389953613e+00 9.405388236045837402e-01 1.324512958526611328e+00 -2.419768571853637695e-01 -8.979108929634094238e-01 -3.327634036540985107e-01
-7.719202637672424316e-01 1.264563322067260742e+00 1.457004547119140625e+00 -1.163627028465270996e+00 1.409232258796691895e+00 -1.124141573905944824e+00 -6.176803708076477051e-01 -1.235978364944458008e+00 1.544903039932250977e+00 -6.483252644538879395e-01 -4.835602641105651855e-01 -5.745031833648681641e-01 -3.380077481269836426e-01 2.515875101089477539e-01 1.407068490982055664e+00 8.823501467704772949e-01 1.278604149818420410e+00 -2.472706735134124756e-01 -9.479129910469055176e-01 -2.769275307655334473e-01
-6.527155041694641113e-01 1.230313062667846680e+00 1.541438698768615723e+00 -1.176231980323791504e+00 1.392650961875915527e+00 -1.169809937477111816e+00 -6.445760130882263184e-01 -1.247217893600463867e+00 1.549734830856323242e+00 -4.961456656455993652e-01 -4.505735039710998535e-01 -6.989331245422363281e-01 -3.036248683929443359e-01 5.437579751014709473e-02 1.512513160705566406e+00 8.581144809722900391e-01 1.257046818733215332e+00 -2.669225931167602539e-01 -1.034779667854309082e+00 -2.318427860736846924e-01
-5.046650767326354980e-01 1.193161964416503906e+00 1.678779482841491699e+00 -1.275871753692626953e+00 1.450835227966308594e+00 -1.223928928375244141e+00 -7.057787179946899414e-01 -1.289875984191894531e+00 1.623290777206420898e+00 -3.031959235668182373e-01 -4.681424796581268311e-01 -8.761177062988281250e-01 -2.511154711246490479e-01 -1.559353470802307129e-01 1.715669512748718262e+00 8.797566294670104980e-01 1.322855830192565918e+00 -3.004894554615020752e-01 -1.172914505004882812e+00 -2.183991968631744385e-01
-4.046159982681274414e-01 1.127549290657043457e+00 1.873657703399658203e+00 -1.393525838851928711e+00 1.631893038749694824e+00 -1.279846429824829102e+00 -7.727216482162475586e-01 -1.395297765731811523e+00 1.789902687072753906e+00 -1.396924555301666260e-01 -5.662194490432739258e-01 -1.120772004127502441e+00 -2.410617470741271973e-01 -3.053448498249053955e-01 1.960254669189453125e+00 9.657804965972900391e-01 1.543680071830749512e+00 -2.969593405723571777e-01 -1.370967268943786621e+00 -2.246774435043334961e-01
-3.654305040836334229e-01 1.078412890434265137e+00 2.011537790298461914e+00 -1.453389406204223633e+00 1.907654523849487305e+00 -1.302725315093994141e+00 -8.551321625709533691e-01 -1.502806067466735840e+00 1.972159862518310547e+00 -7.877338677644729614e-02 -6.831099987030029297e-01 -1.291893124580383301e+00 -2.362385690212249756e-01 -3.575043678283691406e-01 2.123689651489257812e+00 1.100747227668762207e+00 1.787505865097045898e+00 -2.441679537296295166e-01 -1.501192212104797363e+00 -2.918210625648498535e-01
-3.443495929241180420e-01 1.060474991798400879e+00 1.985055327415466309e+00 -1.452316164970397949e+00 2.139215469360351562e+00 -1.259065270423889160e+00 -8.951716423034667969e-01 -1.538633704185485840e+00 2.059965848922729492e+00 -8.664575219154357910e-02 -7.411728501319885254e-01 -1.320219635963439941e+00 -2.133809030055999756e-01 -3.163368105888366699e-01 2.152482271194458008e+00 1.203089952468872070e+00 1.938194036483764648e+00 -2.043362110853195190e-01 -1.477466464042663574e+00 -4.267172813415527344e-01
-3.591086268424987793e-01 1.029026865959167480e+00 1.834720134735107422e+00 -1.396380066871643066e+00 2.276706457138061523e+00 -1.148941993713378906e+00 -8.849252462387084961e-01 -1.493320107460021973e+00 2.058928966522216797e+00 -1.808304339647293091e-01 -7.496570348739624023e-01 -1.230653643608093262e+00 -1.843582987785339355e-01 -2.116107642650604248e-01 2.065630912780761719e+00 1.274448633193969727e+00 1.979186415672302246e+00 -1.379915326833724976e-01 -1.337995290756225586e+00 -5.407587289810180664e-01
-4.560796320438385010e-01 1.018123149871826172e+00 1.694641709327697754e+00 -1.365310668945312500e+00 2.340033769607543945e+00 -1.046840310096740723e+00 -8.740039467811584473e-01 -1.440549254417419434e+00 2.041637182235717773e+00 -3.404259085655212402e-01 -7.344179153442382812e-01 -1.087597131729125977e+00 -1.836346238851547241e-01 -3.906382620334625244e-02 1.941661715507507324e+00 1.316510677337646484e+00 1.977729082107543945e+00 -7.549324631690979004e-02 -1.188780903816223145e+00 -5.825078487396240234e-01
-5.763347744941711426e-01 1.032774567604064941e+00 1.584027171134948730e+00 -1.367324590682983398e+00 2.309070110321044922e+00 -9.807781577110290527e-01 -8.854092955589294434e-01 -1.376491189002990723e+00 1.995938181877136230e+00 -4.846113920211791992e-01 -6.951922178268432617e-01 -9.303514957427978516e-01 -1.983820348978042603e-01 1.346207559108734131e-01 1.830158591270446777e+00 1.346122384071350098e+00 1.937393546104431152e+00 -4.378319159150123596e-02 -1.069650650024414062e+00 -5.828818082809448242e-01
-6.786152720451354980e-01 1.068744301795959473e+00 1.495140790939331055e+00 -1.374129891395568848e+00 2.237448453903198242e+00 -9.391983747482299805e-01 -9.010947942733764648e-01 -1.314522504806518555e+00 1.944996476173400879e+00 -6.058098673820495605e-01 -6.445197463035583496e-01 -7.848422527313232422e-01 -2.137629687786102295e-01 2.722698450088500977e-01 1.737234592437744141e+00 1.360894203186035156e+00 1.874937295913696289e+00 -3.413103148341178894e-02 -9.737800359725952148e-01 -5.681059360504150391e-01
-7.508455514907836914e-01 1.122681498527526855e+00 1.445582985877990723e+00 -1.374663949012756348e+00 2.185961723327636719e+00 -9.501414895057678223e-01 -9.084578156471252441e-01 -1.296570777893066406e+00 1.932381510734558105e+00 -6.932917237281799316e-01 -6.093479990959167480e-01 -6.849799156188964844e-01 -2.106797844171524048e-01 3.650249242782592773e-01 1.694519758224487305e+00 1.355323553085327148e+00 1.826254367828369141e+00 -5.501510202884674072e-02 -9.046999812126159668e-01 -5.466037988662719727e-01
-7.987134456634521484e-01 1.174048900604248047e+00 1.416471719741821289e+00 -1.368211627006530762e+00 2.137783288955688477e+00 -9.630793929100036621e-01 -9.194086194038391113e-01 -1.281973004341125488e+00 1.918143153190612793e+00 -7.524698376655578613e-01 -5.828340649604797363e-01 -6.087650060653686523e-01 -2.158183753490447998e-01 4.251343905925750732e-01 1.656181454658508301e+00 1.331942915916442871e+00 1.769071221351623535e+00 -8.476964384317398071e-02 -8.631446361541748047e-01 -5.205858945846557617e-01
-8.335244059562683105e-01 1.220706820487976074e+00 1.399085760116577148e+00 -1.356413483619689941e+00 2.090025663375854492e+00 -9.748868942260742188e-01 -9.370527863502502441e-01 -1.270671844482421875e+00 1.900042772293090820e+00 -7.899756431579589844e-01 -5.592951774597167969e-01 -5.516842603683471680e-01 -2.276092171669006348e-01 4.666164517402648926e-01 1.618176221847534180e+00 1.301108121871948242e+00 1.711646914482116699e+00 -1.166835278272628784e-01 -8.413907289505004883e-01 -4.913496673107147217e-01
-8.560702204704284668e-01 1.258139610290527344e+00 1.379505038261413574e+00 -1.338707208633422852e+00 2.037836313247680664e+00 -9.821948409080505371e-01 -9.572404026985168457e-01 -1.255244255065917969e+00 1.875494599342346191e+00 -8.135074973106384277e-01 -5.311945080757141113e-01 -5.054314136505126953e-01 -2.400529086589813232e-01 4.935432970523834229e-01 1.580466151237487793e+00 1.265438556671142578e+00 1.653545975685119629e+00 -1.461254358291625977e-01 -8.243374228477478027e-01 -4.552248418331146240e-01
-8.709836602210998535e-01 1.290948271751403809e+00 1.359567999839782715e+00 -1.316232442855834961e+00 1.983173966407775879e+00 -9.850530624389648438e-01 -9.851661920547485352e-01 -1.235706329345703125e+00 1.846008777618408203e+00 -8.275791406631469727e-01 -4.978270530700683594e-01 -4.688596725463867188e-01 -2.548338472843170166e-01 5.099893212318420410e-01 1.545043349266052246e+00 1.227903127670288086e+00 1.597967863082885742e+00 -1.728161275386810303e-01 -8.129031062126159668e-01 -4.108644425868988037e-01
-8.769229650497436523e-01 1.328388452529907227e+00 1.349561333656311035e+00 -1.284026384353637695e+00 1.939734578132629395e+00 -9.949980378150939941e-01 -1.011901617050170898e+00 -1.219417691230773926e+00 1.828356027603149414e+00 -8.381447792053222656e-01 -4.692405760288238525e-01 -4.501015841960906982e-01 -2.717302143573760986e-01 5.190760493278503418e-01 1.520070910453796387e+00 1.194036245346069336e+00 1.560202240943908691e+00 -1.986764222383499146e-01 -8.067005276679992676e-01 -3.706237375736236572e-01
-8.917520046234130859e-01 1.371455073356628418e+00 1.340488433837890625e+00 -1.228994846343994141e+00 1.899628281593322754e+00 -1.011560201644897461e+00 -1.063027858734130859e+00 -1.206007838249206543e+00 1.795956969261169434e+00 -8.453608751296997070e-01 -4.360802471637725830e-01 -4.294065535068511963e-01 -3.006637990474700928e-01 5.409334897994995117e-01 1.491972208023071289e+00 1.163982748985290527e+00 1.522007226943969727e+00 -2.271537631750106812e-01 -8.062466382980346680e-01 -3.239173293113708496e-01
-9.369516968727111816e-01 1.461936116218566895e+00 1.337210655212402344e+00 -1.126312255859375000e+00 1.857007622718811035e+00 -1.045799374580383301e+00 -1.155782461166381836e+00 -1.201395630836486816e+00 1.758611559867858887e+00 -8.737509846687316895e-01 -4.372169971466064453e-01 -4.212803542613983154e-01 -3.507333993911743164e-01 5.486626029014587402e-01 1.493797302246093750e+00 1.133566021919250488e+00 1.480883121490478516e+00 -2.628725171089172363e-01 -8.294875025749206543e-01 -2.568131387233734131e-01
-9.961684942245483398e-01 1.542638897895812988e+00 1.342844724655151367e+00 -9.201956391334533691e-01 1.779328465461730957e+00 -1.077499628067016602e+00 -1.265384554862976074e+00 -1.239491939544677734e+00 1.678883433341979980e+00 -8.304167985916137695e-01 -5.575699210166931152e-01 -5.125101804733276367e-01 -4.264572560787200928e-01 4.432888329029083252e-01 1.567199587821960449e+00 1.065069794654846191e+00 1.417371869087219238e+00 -3.106104731559753418e-01 -9.101201891899108887e-01 -1.479763090610504150e-01
-9.961420893669128418e-01 1.495897531509399414e+00 1.436992883682250977e+00 -7.532685995101928711e-01 1.595706939697265625e+00 -1.132765769958496094e+00 -1.227696537971496582e+00 -1.294335007667541504e+00 1.523112297058105469e+00 -5.927887558937072754e-01 -8.227328062057495117e-01 -7.085769176483154297e-01 -4.634371399879455566e-01 2.094177603721618652e-01 1.752072334289550781e+00 9.460799098014831543e-01 1.296359539031982422e+00 -3.386432230472564697e-01 -1.044865846633911133e+00 -1.118787527084350586e-01
-9.337379336357116699e-01 1.340585231781005859e+00 1.527704834938049316e+00 -7.571846246719360352e-01 1.493327617645263672e+00 -1.131987333297729492e+00 -1.094154953956604004e+00 -1.317421078681945801e+00 1.420221328735351562e+00 -3.816633820533752441e-01 -9.863669276237487793e-01 -8.281006813049316406e-01 -4.372600913047790527e-01 5.069181695580482483e-02 1.841271877288818359e+00 9.093613624572753906e-01 1.243616461753845215e+00 -3.253553211688995361e-01 -1.139823317527770996e+00 -2.028407305479049683e-01
-9.024989008903503418e-01 1.226202130317687988e+00 1.578657865524291992e+00 -7.888398170471191406e-01 1.483628511428833008e+00 -1.104025959968566895e+00 -9.954420924186706543e-01 -1.295822739601135254e+00 1.392131567001342773e+00 -3.346894383430480957e-01 -1.043314099311828613e+00 -8.462405204772949219e-01 -3.935135304927825928e-01 1.102847605943679810e-02 1.868881702423095703e+00 9.202738404273986816e-01 1.226090073585510254e+00 -2.937678098678588867e-01 -1.146736979484558105e+00 -2.498145699501037598e-01
-8.712876439094543457e-01 1.152719855308532715e+00 1.624198794364929199e+00 -8.009077310562133789e-01 1.524087429046630859e+00 -1.087113738059997559e+00 -9.125891327857971191e-01 -1.260120272636413574e+00 1.410857677459716797e+00 -3.512349128723144531e-01 -1.067206025123596191e+00 -8.522465229034423828e-01 -3.398886919021606445e-01 -2.318406105041503906e-02 1.910518169403076172e+00 9.645196199417114258e-01 1.227319955825805664e+00 -2.622643709182739258e-01 -1.125527858734130859e+00 -2.887635231018066406e-01
-8.430914282798767090e-01 1.095921158790588379e+00 1.661033034324645996e+00 -8.017896413803100586e-01 1.583187222480773926e+00 -1.069008111953735352e+00 -8.540807366371154785e-01 -1.203185081481933594e+00 1.447699666023254395e+00 -4.088701605796813965e-01 -1.057111620903015137e+00 -8.345856666564941406e-01 -2.703815996646881104e-01 -5.813862383365631104e-02 1.959612131118774414e+00 1.035584211349487305e+00 1.217467784881591797e+00 -2.282886356115341187e-01 -1.082119584083557129e+00 -3.095043599605560303e-01
-7.905715703964233398e-01 1.076707005500793457e+00 1.720108389854431152e+00 -7.967987060546875000e-01 1.689027786254882812e+00 -1.084382534027099609e+00 -8.158006072044372559e-01 -1.112629532814025879e+00 1.570269942283630371e+00 -5.284051299095153809e-01 -1.007067680358886719e+00 -7.785696983337402344e-01 -1.793901473283767700e-01 -1.073603406548500061e-01 2.015234708786010742e+00 1.146425843238830566e+00 1.192111849784851074e+00 -1.825262755155563354e-01 -1.006302237510681152e+00 -3.370559811592102051e-01
-7.376773953437805176e-01 1.102290749549865723e+00 1.790742874145507812e+00 -7.842583060264587402e-01 1.863757371902465820e+00 -1.100395441055297852e+00 -8.039509654045104980e-01 -9.962032437324523926e-01 1.744983315467834473e+00 -7.343810200691223145e-01 -9.347897171974182129e-01 -6.647913455963134766e-01 -9.254528582096099854e-02 -1.628899574279785156e-01 2.074009656906127930e+00 1.298038005828857422e+00 1.150330424308776855e+00 -1.194473654031753540e-01 -9.092146754264831543e-01 -3.954478800296783447e-01
-6.769455671310424805e-01 1.173094511032104492e+00 1.854733586311340332e+00 -8.142899274826049805e-01 2.042337894439697266e+00 -1.114112615585327148e+00 -8.312621116638183594e-01 -8.780127763748168945e-01 1.920903086662292480e+00 -9.528198242187500000e-01 -8.431718945503234863e-01 -5.301800966262817383e-01 -9.686797857284545898e-02 -1.763163208961486816e-01 2.065468311309814453e+00 1.435074806213378906e+00 1.142588376998901367e+00 -5.172384157776832581e-02 -8.550615906715393066e-01 -4.800040423870086670e-01
-6.251712441444396973e-01 1.226214408874511719e+00 1.809205412864685059e+00 -8.913884162902832031e-01 2.056891441345214844e+00 -1.125413417816162109e+00 -8.289664983749389648e-01 -8.507883548736572266e-01 1.967694044113159180e+00 -1.010676383972167969e+00 -7.426325082778930664e-01 -4.791472256183624268e-01 -1.606725752353668213e-01 -1.218247488141059875e-01 1.962013483047485352e+00 1.423214912414550781e+00 1.167396664619445801e+00 -3.965648263692855835e-02 -8.309873342514038086e-01 -4.861188828945159912e-01
-6.083471179008483887e-01 1.308937788009643555e+00 1.728977560997009277e+00 -9.378358125686645508e-01 1.972088575363159180e+00 -1.157329320907592773e+00 -8.753368258476257324e-01 -9.223040938377380371e-01 1.938604712486267090e+00 -9.325362443923950195e-01 -6.268664598464965820e-01 -5.165400505065917969e-01 -2.167321145534515381e-01 -7.551407068967819214e-02 1.842803835868835449e+00 1.330155611038208008e+00 1.211689710617065430e+00 -9.203058481216430664e-02 -8.605656027793884277e-01 -4.355187416076660156e-01
-6.332042813301086426e-01 1.372015833854675293e+00 1.673861026763916016e+00 -9.621624946594238281e-01 1.869445323944091797e+00 -1.175357103347778320e+00 -9.299223423004150391e-01 -9.759477376937866211e-01 1.889136552810668945e+00 -8.746733665466308594e-01 -5.506789684295654297e-01 -5.529794692993164062e-01 -2.720863521099090576e-01 -2.985306084156036377e-03 1.716792821884155273e+00 1.214968204498291016e+00 1.246518731117248535e+00 -1.237394660711288452e-01 -8.969073295593261719e-01 -3.452017903327941895e-01
-6.716879606246948242e-01 1.419377923011779785e+00 1.628415107727050781e+00 -9.662917256355285645e-01 1.768077611923217773e+00 -1.176325201988220215e+00 -9.818778038024902344e-01 -1.018792986869812012e+00 1.834646105766296387e+00 -8.201149106025695801e-01 -4.988766908645629883e-01 -5.933109521865844727e-01 -3.308757841587066650e-01 4.108825325965881348e-02 1.612831711769104004e+00 1.119191408157348633e+00 1.272159576416015625e+00 -1.466038227081298828e-01 -9.418378472328186035e-01 -2.703464031219482422e-01
-7.111665010452270508e-01 1.454017043113708496e+00 1.582927942276000977e+00 -9.485787153244018555e-01 1.664652466773986816e+00 -1.169013142585754395e+00 -1.039669036865234375e+00 -1.046031594276428223e+00 1.767748117446899414e+00 -7.624142765998840332e-01 -4.540480375289916992e-01 -6.342085599899291992e-01 -3.860465884208679199e-01 7.784660905599594116e-02 1.512001037597656250e+00 1.028753757476806641e+00 1.288429379463195801e+00 -1.623729020357131958e-01 -9.840461611747741699e-01 -1.926811486482620239e-01
-7.491728663444519043e-01 1.438090801239013672e+00 1.530788421630859375e+00 -9.062525033950805664e-01 1.556757807731628418e+00 -1.158094048500061035e+00 -1.093090653419494629e+00 -1.068427801132202148e+00 1.681438565254211426e+00 -6.873875856399536133e-01 -4.128865897655487061e-01 -6.773945093154907227e-01 -4.164360463619232178e-01 1.059979423880577087e-01 1.409968733787536621e+00 9.416544437408447266e-01 1.289737939834594727e+00 -1.824247688055038452e-01 -1.017757296562194824e+00 -9.430344402790069580e-02
-7.908471822738647461e-01 1.388181924819946289e+00 1.456055402755737305e+00 -8.404397368431091309e-01 1.422545671463012695e+00 -1.131271004676818848e+00 -1.148758411407470703e+00 -1.086975574493408203e+00 1.558823585510253906e+00 -5.883827209472656250e-01 -3.663951754570007324e-01 -7.320951223373413086e-01 -4.345488548278808594e-01 1.337511241436004639e-01 1.286295771598815918e+00 8.433188199996948242e-01 1.283128261566162109e+00 -2.037907689809799194e-01 -1.048869848251342773e+00 3.258927538990974426e-02
-8.443439602851867676e-01 1.372270703315734863e+00 1.379865050315856934e+00 -7.961200475692749023e-01 1.323876500129699707e+00 -1.128457188606262207e+00 -1.241991758346557617e+00 -1.189429640769958496e+00 1.441905260086059570e+00 -4.339594841003417969e-01 -3.626357018947601318e-01 -8.535634279251098633e-01 -4.442631900310516357e-01 1.328675150871276855e-01 1.238515377044677734e+00 7.851020097732543945e-01 1.333643913269042969e+00 -2.612931728363037109e-01 -1.126623034477233887e+00 1.409875750541687012e-01
-9.231742620468139648e-01 1.346764326095581055e+00 1.301048636436462402e+00 -8.190603256225585938e-01 1.227941036224365234e+00 -1.153166532516479492e+00 -1.327423334121704102e+00 -1.359153151512145996e+00 1.281843781471252441e+00 -2.302740663290023804e-01 -4.512428045272827148e-01 -9.940947294235229492e-01 -4.970279335975646973e-01 1.939773857593536377e-01 1.267154574394226074e+00 7.300474643707275391e-01 1.456476092338562012e+00 -3.359715938568115234e-01 -1.238483071327209473e+00 2.207153439521789551e-01
-1.011736869812011719e+00 1.297222733497619629e+00 1.280397891998291016e+00 -9.024239182472229004e-01 1.154722452163696289e+00 -1.172305464744567871e+00 -1.325057506561279297e+00 -1.537644147872924805e+00 1.160192251205444336e+00 -5.478556826710700989e-02 -5.858796834945678711e-01 -1.130892395973205566e+00 -5.409009456634521484e-01 2.545406818389892578e-01 1.358930468559265137e+00 7.140402197837829590e-01 1.588828206062316895e+00 -3.761962652206420898e-01 -1.344539880752563477e+00 2.364800125360488892e-01
-1.036906957626342773e+00 1.255760312080383301e+00 1.288750886917114258e+00 -9.918337464332580566e-01 1.076636552810668945e+00 -1.178553223609924316e+00 -1.254332780838012695e+00 -1.593282580375671387e+00 1.099567174911499023e+00 3.803296387195587158e-02 -6.786425113677978516e-01 -1.156479239463806152e+00 -5.721125006675720215e-01 2.962153553962707520e-01 1.405520081520080566e+00 7.212910652160644531e-01 1.628605246543884277e+00 -3.822259008884429932e-01 -1.387629032135009766e+00 1.717718392610549927e-01
-1.039068341255187988e+00 1.227924585342407227e+00 1.325142025947570801e+00 -1.068971276283264160e+00 9.853222370147705078e-01 -1.179192423820495605e+00 -1.167259454727172852e+00 -1.591943621635437012e+00 1.043931365013122559e+00 7.793699204921722412e-02 -7.149201631546020508e-01 -1.130480051040649414e+00 -5.895692706108093262e-01 3.012634515762329102e-01 1.445866703987121582e+00 7.429082989692687988e-01 1.599321603775024414e+00 -3.805736303329467773e-01 -1.409734845161437988e+00 9.401111304759979248e-02
-1.044685602188110352e+00 1.197264671325683594e+00 1.403638243675231934e+00 -1.109201192855834961e+00 9.140010476112365723e-01 -1.200092315673828125e+00 -1.061871170997619629e+00 -1.567170500755310059e+00 1.023041486740112305e+00 5.754920840263366699e-02 -7.630275487899780273e-01 -1.071292757987976074e+00 -5.830314755439758301e-01 2.524570822715759277e-01 1.526459097862243652e+00 7.809984087944030762e-01 1.509985566139221191e+00 -3.956191241741180420e-01 -1.425573706626892090e+00 1.526002027094364166e-02
-1.053449869155883789e+00 1.209073424339294434e+00 1.508860468864440918e+00 -1.137300729751586914e+00 9.085104465484619141e-01 -1.217155098915100098e+00 -9.956751465797424316e-01 -1.534757018089294434e+00 1.065979361534118652e+00 -8.857078850269317627e-03 -8.024650216102600098e-01 -1.010899305343627930e+00 -5.603829026222229004e-01 2.029095590114593506e-01 1.617229819297790527e+00 8.375967144966125488e-01 1.431149005889892578e+00 -4.075453579425811768e-01 -1.446716904640197754e+00 -6.223278492689132690e-02
-1.052518486976623535e+00 1.246967554092407227e+00 1.606421113014221191e+00 -1.126187920570373535e+00 9.287922382354736328e-01 -1.231874108314514160e+00 -9.564682841300964355e-01 -1.500294327735900879e+00 1.113394975662231445e+00 -8.152609318494796753e-02 -8.381569385528564453e-01 -9.466687440872192383e-01 -5.264082551002502441e-01 1.305924057960510254e-01 1.698795199394226074e+00 8.984711170196533203e-01 1.332810401916503906e+00 -4.174883067607879639e-01 -1.455477237701416016e+00 -1.652903258800506592e-01
-1.042399525642395020e+00 1.281829953193664551e+00 1.663399934768676758e+00 -1.084702014923095703e+00 9.491075277328491211e-01 -1.220724463462829590e+00 -9.244236350059509277e-01 -1.446608781814575195e+00 1.158665299415588379e+00 -1.483992934226989746e-01 -8.835513591766357422e-01 -8.986262083053588867e-01 -4.992395639419555664e-01 6.059129908680915833e-02 1.746346831321716309e+00 9.386281967163085938e-01 1.246419310569763184e+00 -4.063154458999633789e-01 -1.442465066909790039e+00 -2.662082314491271973e-01
-1.022347092628479004e+00 1.312081456184387207e+00 1.696491718292236328e+00 -1.022594094276428223e+00 9.823207259178161621e-01 -1.197659969329833984e+00 -8.801366090774536133e-01 -1.397343993186950684e+00 1.200311779975891113e+00 -2.059654295444488525e-01 -9.405862689018249512e-01 -8.719857931137084961e-01 -4.860731363296508789e-01 -3.423839807510375977e-03 1.768460273742675781e+00 9.494187831878662109e-01 1.185757517814636230e+00 -3.872154951095581055e-01 -1.417365312576293945e+00 -3.661997020244598389e-01
-1.005484938621520996e+00 1.333760023117065430e+00 1.710589170455932617e+00 -9.666707515716552734e-01 1.025466561317443848e+00 -1.165306687355041504e+00 -8.375191092491149902e-01 -1.367651939392089844e+00 1.228194832801818848e+00 -2.500665187835693359e-01 -9.991225600242614746e-01 -8.562358617782592773e-01 -4.845288395881652832e-01 -5.184677988290786743e-02 1.781809806823730469e+00 9.399052262306213379e-01 1.147620439529418945e+00 -3.672125637531280518e-01 -1.388280272483825684e+00 -4.494786560535430908e-01
-1.001049041748046875e+00 1.353435873985290527e+00 1.724502563476562500e+00 -9.377108812332153320e-01 1.085294842720031738e+00 -1.137350678443908691e+00 -8.004678487777709961e-01 -1.368348360061645508e+00 1.254501700401306152e+00 -2.836772799491882324e-01 -1.056936025619506836e+00 -8.560949563980102539e-01 -4.885522127151489258e-01 -7.852696627378463745e-02 1.806754231452941895e+00 9.287441372871398926e-01 1.142307281494140625e+00 -3.504143059253692627e-01 -1.366949796676635742e+00 -5.168993473052978516e-01
-9.969981908798217773e-01 1.367445826530456543e+00 1.728044271469116211e+00 -9.213457703590393066e-01 1.157136201858520508e+00 -1.102173089981079102e+00 -7.725553512573242188e-01 -1.379313588142395020e+00 1.283199906349182129e+00 -3.083734512329101562e-01 -1.101187586784362793e+00 -8.656547069549560547e-01 -4.941402077674865723e-01 -9.623146802186965942e-02 1.825861573219299316e+00 9.147852659225463867e-01 1.159588813781738281e+00 -3.369760513305664062e-01 -1.351931691169738770e+00 -5.717062950134277344e-01
-9.910339713096618652e-01 1.366419911384582520e+00 1.724612355232238770e+00 -9.048557877540588379e-01 1.221923828125000000e+00 -1.068357110023498535e+00 -7.487029433250427246e-01 -1.390094995498657227e+00 1.300474166870117188e+00 -3.235012292861938477e-01 -1.139762401580810547e+00 -8.778821229934692383e-01 -5.070940256118774414e-01 -1.081404313445091248e-01 1.835586309432983398e+00 8.963384032249450684e-01 1.180439829826354980e+00 -3.216390013694763184e-01 -1.338074564933776855e+00 -6.068898439407348633e-01
-9.821333885192871094e-01 1.352049469947814941e+00 1.718691706657409668e+00 -8.851012587547302246e-01 1.293881297111511230e+00 -1.044203519821166992e+00 -7.473477125167846680e-01 -1.399232983589172363e+00 1.329554796218872070e+00 -3.271067142486572266e-01 -1.169940948486328125e+00 -9.076884984970092773e-01 -5.168367028236389160e-01 -1.136882379651069641e-01 1.848899006843566895e+00 8.928820490837097168e-01 1.224359273910522461e+00 -2.936952710151672363e-01 -1.323929309844970703e+00 -6.187891960144042969e-01
-9.534211754798889160e-01 1.317883133888244629e+00 1.716831684112548828e+00 -8.666516542434692383e-01 1.414009928703308105e+00 -1.029642581939697266e+00 -7.554908394813537598e-01 -1.411108613014221191e+00 1.389087915420532227e+00 -3.231001496315002441e-01 -1.199245810508728027e+00 -9.531773328781127930e-01 -5.139369368553161621e-01 -1.113610789179801941e-01 1.861126184463500977e+00 9.124026894569396973e-01 1.308853149414062500e+00 -2.405903786420822144e-01 -1.305007100105285645e+00 -6.413727998733520508e-01
-9.019815921783447266e-01 1.257556915283203125e+00 1.716819524765014648e+00 -8.499568104743957520e-01 1.567867994308471680e+00 -1.016515970230102539e+00 -7.567244768142700195e-01 -1.421173930168151855e+00 1.469839930534362793e+00 -3.126636147499084473e-01 -1.228731989860534668e+00 -1.011400222778320312e+00 -5.049277544021606445e-01 -1.128538325428962708e-01 1.865655303001403809e+00 9.417474865913391113e-01 1.419570326805114746e+00 -1.689333766698837280e-01 -1.281600594520568848e+00 -6.686075925827026367e-01
-8.119117021560668945e-01 1.154406666755676270e+00 1.715909957885742188e+00 -8.529294133186340332e-01 1.768071770668029785e+00 -1.005015611648559570e+00 -7.384608983993530273e-01 -1.420817017555236816e+00 1.577761650085449219e+00 -3.000153303146362305e-01 -1.238355040550231934e+00 -1.075187921524047852e+00 -4.740782976150512695e-01 -1.173669025301933289e-01 1.861717700958251953e+00 9.945510625839233398e-01 1.559604406356811523e+00 -7.741307467222213745e-02 -1.244722008705139160e+00 -6.995713710784912109e-01
-6.456075906753540039e-01 9.470127820968627930e-01 1.658258557319641113e+00 -8.638038039207458496e-01 1.965030193328857422e+00 -9.757741093635559082e-01 -6.516774892807006836e-01 -1.371749877929687500e+00 1.675647735595703125e+00 -2.784716486930847168e-01 -1.164831399917602539e+00 -1.120146870613098145e+00 -3.901084959506988525e-01 -1.143620386719703674e-01 1.778582811355590820e+00 1.032268285751342773e+00 1.690076470375061035e+00 3.074902668595314026e-02 -1.150014519691467285e+00 -6.862114667892456055e-01
-5.676017403602600098e-01 8.574032187461853027e-01 1.598341345787048340e+00 -9.464135766029357910e-01 2.052006483078002930e+00 -9.735950827598571777e-01 -5.871938467025756836e-01 -1.355654597282409668e+00 1.735882282257080078e+00 -3.412511944770812988e-01 -1.007836818695068359e+00 -1.112261414527893066e+00 -2.676969468593597412e-01 -1.010307893157005310e-01 1.738881111145019531e+00 1.059618234634399414e+00 1.739176273345947266e+00 5.307699367403984070e-02 -1.053178787231445312e+00 -5.948804616928100586e-01
-6.125089526176452637e-01 8.903701901435852051e-01 1.561201691627502441e+00 -1.016549229621887207e+00 1.973139405250549316e+00 -1.001317381858825684e+00 -5.883874297142028809e-01 -1.350505352020263672e+00 1.707040548324584961e+00 -4.280779361724853516e-01 -8.691251873970031738e-01 -1.036990523338317871e+00 -2.264637649059295654e-01 -2.450624108314514160e-02 1.698972582817077637e+00 1.035767436027526855e+00 1.692151308059692383e+00 -3.109112381935119629e-03 -1.017716884613037109e+00 -4.477931559085845947e-01
-6.577951312065124512e-01 9.452080130577087402e-01 1.545483589172363281e+00 -1.089650392532348633e+00 1.853082537651062012e+00 -1.049580931663513184e+00 -5.947018265724182129e-01 -1.378634333610534668e+00 1.677372574806213379e+00 -4.557020664215087891e-01 -7.603132724761962891e-01 -9.781197309494018555e-01 -2.118847072124481201e-01 4.263537377119064331e-02 1.661064386367797852e+00 9.916756749153137207e-01 1.639961600303649902e+00 -7.689792662858963013e-02 -1.015817761421203613e+00 -3.434669673442840576e-01
-6.935793757438659668e-01 9.827403426170349121e-01 1.529089808464050293e+00 -1.138924717903137207e+00 1.736034035682678223e+00 -1.088468909263610840e+00 -5.804279446601867676e-01 -1.406858801841735840e+00 1.635001659393310547e+00 -4.611734747886657715e-01 -6.964018344879150391e-01 -9.282431602478027344e-01 -2.044719010591506958e-01 9.932580590248107910e-02 1.620801329612731934e+00 9.301633238792419434e-01 1.581169247627258301e+00 -1.466971635818481445e-01 -1.012928962707519531e+00 -2.726792395114898682e-01
-7.334776520729064941e-01 1.025181531906127930e+00 1.520589828491210938e+00 -1.183011412620544434e+00 1.619765996932983398e+00 -1.149753928184509277e+00 -5.610213279724121094e-01 -1.452530741691589355e+00 1.583415746688842773e+00 -4.489837884902954102e-01 -6.560961008071899414e-01 -8.766360282897949219e-01 -1.936464607715606689e-01 1.599480509757995605e-01 1.589697241783142090e+00 8.665677905082702637e-01 1.515486001968383789e+00 -2.287579476833343506e-01 -1.008663415908813477e+00 -2.317373156547546387e-01
-8.055439591407775879e-01 1.099825978279113770e+00 1.522389411926269531e+00 -1.213110327720642090e+00 1.495644092559814453e+00 -1.261688232421875000e+00 -5.623915791511535645e-01 -1.536561608314514160e+00 1.517649412155151367e+00 -4.209523200988769531e-01 -6.390905380249023438e-01 -8.246176242828369141e-01 -1.991589963436126709e-01 2.588074803352355957e-01 1.573444366455078125e+00 8.005998134613037109e-01 1.453505635261535645e+00 -3.419826924800872803e-01 -1.020838379859924316e+00 -1.972761750221252441e-01
-9.428973197937011719e-01 1.200858354568481445e+00 1.521695733070373535e+00 -1.210665702819824219e+00 1.340770840644836426e+00 -1.405003666877746582e+00 -5.493695139884948730e-01 -1.643560171127319336e+00 1.426066637039184570e+00 -4.202895760536193848e-01 -6.965368390083312988e-01 -7.530618906021118164e-01 -2.161372303962707520e-01 4.123201966285705566e-01 1.566783070564270020e+00 7.115439772605895996e-01 1.365275144577026367e+00 -4.756259322166442871e-01 -1.039768695831298828e+00 -1.468706279993057251e-01
-1.154873251914978027e+00 1.386081099510192871e+00 1.574656128883361816e+00 -1.228951096534729004e+00 1.279001235961914062e+00 -1.549565672874450684e+00 -6.013314127922058105e-01 -1.821494936943054199e+00 1.427414894104003906e+00 -4.659855961799621582e-01 -8.578240275382995605e-01 -7.755095958709716797e-01 -2.740500867366790771e-01 5.343470573425292969e-01 1.692117929458618164e+00 6.981959939002990723e-01 1.376735448837280273e+00 -5.709530711174011230e-01 -1.124453663825988770e+00 -1.433273851871490479e-01
-1.235901713371276855e+00 1.567675232887268066e+00 1.631562709808349609e+00 -1.186192035675048828e+00 1.243228673934936523e+00 -1.581422090530395508e+00 -6.487997770309448242e-01 -1.872441887855529785e+00 1.470011830329895020e+00 -4.742517471313476562e-01 -1.040486454963684082e+00 -8.022080659866333008e-01 -4.264720976352691650e-01 4.937191307544708252e-01 1.783138751983642578e+00 6.852418780326843262e-01 1.377300381660461426e+00 -6.027215719223022461e-01 -1.224541068077087402e+00 -2.614152729511260986e-01
-1.205065131187438965e+00 1.603390693664550781e+00 1.592847466468811035e+00 -1.090763449668884277e+00 1.180493354797363281e+00 -1.476336240768432617e+00 -7.036018967628479004e-01 -1.763926267623901367e+00 1.411235928535461426e+00 -4.421623349189758301e-01 -1.096258521080017090e+00 -7.716132402420043945e-01 -4.970251917839050293e-01 3.846117854118347168e-01 1.780913472175598145e+00 6.966488957405090332e-01 1.290648102760314941e+00 -5.806992650032043457e-01 -1.227893233299255371e+00 -3.586003482341766357e-01
-1.158435821533203125e+00 1.571283102035522461e+00 1.544408917427062988e+00 -1.010401129722595215e+00 1.142811894416809082e+00 -1.372328877449035645e+00 -7.341486215591430664e-01 -1.657826662063598633e+00 1.340507864952087402e+00 -4.110097885131835938e-01 -1.105731844902038574e+00 -7.383817434310913086e-01 -5.144819021224975586e-01 2.982090711593627930e-01 1.755222797393798828e+00 7.105701565742492676e-01 1.209729671478271484e+00 -5.452009439468383789e-01 -1.200862169265747070e+00 -4.145103693008422852e-01
-1.136550307273864746e+00 1.543213725090026855e+00 1.532949209213256836e+00 -9.817004799842834473e-01 1.152784109115600586e+00 -1.307476162910461426e+00 -7.444788217544555664e-01 -1.610134005546569824e+00 1.308583855628967285e+00 -3.973723053932189941e-01 -1.118725299835205078e+00 -7.297749519348144531e-01 -5.151648521423339844e-01 2.510187923908233643e-01 1.763621449470520020e+00 7.323768138885498047e-01 1.182468771934509277e+00 -5.177683830261230469e-01 -1.188862562179565430e+00 -4.562276601791381836e-01
-1.108687639236450195e+00 1.507446169853210449e+00 1.517799019813537598e+00 -9.610792994499206543e-01 1.162532567977905273e+00 -1.255936145782470703e+00 -7.374675869941711426e-01 -1.574400067329406738e+00 1.284349441528320312e+00 -3.799055218696594238e-01 -1.126968979835510254e+00 -7.244415283203125000e-01 -5.080192089080810547e-01 2.174506485462188721e-01 1.760654568672180176e+00 7.414172887802124023e-01 1.166773915290832520e+00 -4.977713525295257568e-01 -1.173909068107604980e+00 -4.903126657009124756e-01
