-1.012949466705322266e+00 1.163287162780761719e+00 2.214400529861450195e+00 -4.720914959907531738e-01 2.113786697387695312e+00 -1.133882522583007812e+00 -9.548596739768981934e-01 -1.461445927619934082e+00 1.967379212379455566e+00 -5.291585326194763184e-01 -1.521717309951782227e+00 -1.514393687248229980e+00 -6.045752763748168945e-01 -5.679734945297241211e-01 2.221631288528442383e+00 1.005558490753173828e+00 1.544848680496215820e+00 -1.648015342652797699e-02 -1.619168519973754883e+00 -1.273638904094696045e-01
-1.034076929092407227e+00 1.210906744003295898e+00 2.129562616348266602e+00 -4.273695647716522217e-01 2.087714672088623047e+00 -1.105862259864807129e+00 -9.015583992004394531e-01 -1.428688287734985352e+00 1.946972846984863281e+00 -6.256220936775207520e-01 -1.516877889633178711e+00 -1.398354411125183105e+00 -6.152477264404296875e-01 -5.257583856582641602e-01 2.171283483505249023e+00 9.992330670356750488e-01 1.471951127052307129e+00 -4.409026727080345154e-02 -1.536073923110961914e+00 -1.991122364997863770e-01
-1.044758319854736328e+00 1.271542906761169434e+00 2.063594818115234375e+00 -4.152813255786895752e-01 2.043839931488037109e+00 -1.090986013412475586e+00 -8.592203259468078613e-01 -1.401898980140686035e+00 1.934572100639343262e+00 -7.086287736892700195e-01 -1.489598989486694336e+00 -1.300205230712890625e+00 -6.106621026992797852e-01 -5.024095177650451660e-01 2.132361173629760742e+00 9.974215626716613770e-01 1.408055901527404785e+00 -7.074621319770812988e-02 -1.467952966690063477e+00 -2.660662233829498291e-01
-1.049269437789916992e+00 1.303721785545349121e+00 2.028567314147949219e+00 -4.211913645267486572e-01 2.002262830734252930e+00 -1.100307345390319824e+00 -8.203299045562744141e-01 -1.385815262794494629e+00 1.936941623687744141e+00 -7.631442546844482422e-01 -1.454604744911193848e+00 -1.240516424179077148e+00 -5.814054012298583984e-01 -4.919624328613281250e-01 2.115889310836791992e+00 1.003536701202392578e+00 1.365441441535949707e+00 -9.128510951995849609e-02 -1.423030734062194824e+00 -2.937553226947784424e-01
-1.036279916763305664e+00 1.297421574592590332e+00 2.010579824447631836e+00 -4.185126125812530518e-01 1.956972360610961914e+00 -1.106196761131286621e+00 -7.853739261627197266e-01 -1.352540016174316406e+00 1.931423544883728027e+00 -7.902269959449768066e-01 -1.414540886878967285e+00 -1.205517411231994629e+00 -5.332478880882263184e-01 -5.032019019126892090e-01 2.107587337493896484e+00 1.005019783973693848e+00 1.316530704498291016e+00 -1.056610047817230225e-01 -1.385520815849304199e+00 -2.855405807495117188e-01
-1.004013776779174805e+00 1.254015803337097168e+00 2.004209995269775391e+00 -4.103929102420806885e-01 1.921382069587707520e+00 -1.107620239257812500e+00 -7.536075115203857422e-01 -1.307307958602905273e+00 1.922072172164916992e+00 -7.947961688041687012e-01 -1.373968362808227539e+00 -1.192956924438476562e+00 -4.689877629280090332e-01 -5.270979404449462891e-01 2.105854272842407227e+00 1.005887389183044434e+00 1.273868441581726074e+00 -1.097152233123779297e-01 -1.352496147155761719e+00 -2.533599138259887695e-01
-9.652182459831237793e-01 1.170344471931457520e+00 1.998255610466003418e+00 -3.899008035659790039e-01 1.893648624420166016e+00 -1.100882887840270996e+00 -7.218057513236999512e-01 -1.251911044120788574e+00 1.904049396514892578e+00 -7.871373891830444336e-01 -1.328819751739501953e+00 -1.193778395652770996e+00 -3.835149705410003662e-01 -5.541841387748718262e-01 2.107902526855468750e+00 1.011048793792724609e+00 1.231826782226562500e+00 -1.050410419702529907e-01 -1.312698960304260254e+00 -1.948149800300598145e-01
-9.361557364463806152e-01 1.037589669227600098e+00 1.987771987915039062e+00 -3.512573838233947754e-01 1.893193006515502930e+00 -1.090811967849731445e+00 -7.001799345016479492e-01 -1.192714691162109375e+00 1.882188558578491211e+00 -7.792306542396545410e-01 -1.275124549865722656e+00 -1.199532747268676758e+00 -2.620085477828979492e-01 -5.614494681358337402e-01 2.122377395629882812e+00 1.038130044937133789e+00 1.197947621345520020e+00 -8.302114903926849365e-02 -1.252237558364868164e+00 -1.028341576457023621e-01
-9.376488327980041504e-01 8.801533579826354980e-01 1.950329661369323730e+00 -3.102245628833770752e-01 1.907020807266235352e+00 -1.073423504829406738e+00 -6.817635297775268555e-01 -1.149699568748474121e+00 1.837786436080932617e+00 -7.858932614326477051e-01 -1.224607229232788086e+00 -1.184533357620239258e+00 -1.294739246368408203e-01 -5.240615010261535645e-01 2.141441345214843750e+00 1.082912683486938477e+00 1.171592950820922852e+00 -6.088341772556304932e-02 -1.168003439903259277e+00 -1.741174608469009399e-03
-9.803322553634643555e-01 7.347418069839477539e-01 1.896309733390808105e+00 -3.052801489830017090e-01 1.945333123207092285e+00 -1.041224837303161621e+00 -6.895855069160461426e-01 -1.120165228843688965e+00 1.791077136993408203e+00 -8.318837285041809082e-01 -1.156365633010864258e+00 -1.117496371269226074e+00 1.207594573497772217e-02 -4.225846827030181885e-01 2.172111034393310547e+00 1.186744809150695801e+00 1.159700751304626465e+00 -4.584338888525962830e-02 -1.064520359039306641e+00 6.634326279163360596e-02
-1.056776523590087891e+00 6.262124180793762207e-01 1.793690681457519531e+00 -3.491960763931274414e-01 1.961115837097167969e+00 -1.007327079772949219e+00 -6.938856244087219238e-01 -1.133119225502014160e+00 1.751704454421997070e+00 -8.888983726501464844e-01 -1.061113238334655762e+00 -1.027710318565368652e+00 1.494295001029968262e-01 -2.594241201877593994e-01 2.183194875717163086e+00 1.316009283065795898e+00 1.186965465545654297e+00 -4.885410144925117493e-02 -9.435127377510070801e-01 1.046817228198051453e-01
-1.194264411926269531e+00 6.444047689437866211e-01 1.671369552612304688e+00 -5.224341154098510742e-01 1.924404740333557129e+00 -9.942097663879394531e-01 -7.331602573394775391e-01 -1.203398346900939941e+00 1.734115839004516602e+00 -9.816475510597229004e-01 -9.254884719848632812e-01 -8.755569458007812500e-01 2.253108620643615723e-01 1.593752205371856689e-02 2.168729782104492188e+00 1.449953913688659668e+00 1.272908210754394531e+00 -7.171059399843215942e-02 -8.374311923980712891e-01 9.521771967411041260e-02
-1.322719097137451172e+00 7.724757194519042969e-01 1.507303118705749512e+00 -7.628536224365234375e-01 1.794642686843872070e+00 -9.819544553756713867e-01 -7.478744387626647949e-01 -1.277171134948730469e+00 1.700724124908447266e+00 -1.087851881980895996e+00 -7.599817514419555664e-01 -6.516848802566528320e-01 2.298981249332427979e-01 3.477360606193542480e-01 2.045463562011718750e+00 1.496910810470581055e+00 1.334699034690856934e+00 -1.210657060146331787e-01 -7.247380614280700684e-01 3.383327275514602661e-02
-1.402153968811035156e+00 1.003189206123352051e+00 1.379253387451171875e+00 -9.894224405288696289e-01 1.689959168434143066e+00 -1.034265875816345215e+00 -6.960157752037048340e-01 -1.382136344909667969e+00 1.709929466247558594e+00 -1.177847266197204590e+00 -6.437112092971801758e-01 -4.836774468421936035e-01 1.889656484127044678e-01 5.947111248970031738e-01 1.928250074386596680e+00 1.478886127471923828e+00 1.390754461288452148e+00 -2.406909763813018799e-01 -6.427291035652160645e-01 -9.044985473155975342e-02
-1.459397315979003906e+00 1.290555357933044434e+00 1.394876837730407715e+00 -1.218355774879455566e+00 1.680086255073547363e+00 -1.152768611907958984e+00 -7.154940366744995117e-01 -1.517340540885925293e+00 1.767288565635681152e+00 -1.215966939926147461e+00 -6.288449764251708984e-01 -3.952201306819915771e-01 9.979858249425888062e-02 7.444959878921508789e-01 1.919884920120239258e+00 1.482863187789916992e+00 1.479914784431457520e+00 -3.585198819637298584e-01 -6.690953969955444336e-01 -2.706739604473114014e-01
-1.490149497985839844e+00 1.528520345687866211e+00 1.423982143402099609e+00 -1.390365004539489746e+00 1.615940690040588379e+00 -1.264227986335754395e+00 -7.289927601814270020e-01 -1.616649389266967773e+00 1.777026176452636719e+00 -1.200640559196472168e+00 -6.408681869506835938e-01 -3.338748216629028320e-01 -1.326911151409149170e-03 8.223541378974914551e-01 1.911547541618347168e+00 1.456749558448791504e+00 1.510098338127136230e+00 -4.596534073352813721e-01 -7.155703902244567871e-01 -4.212634563446044922e-01
-1.493184328079223633e+00 1.731034874916076660e+00 1.444300413131713867e+00 -1.507236003875732422e+00 1.509043574333190918e+00 -1.361652135848999023e+00 -7.335428595542907715e-01 -1.676983356475830078e+00 1.745738625526428223e+00 -1.156687855720520020e+00 -6.494034528732299805e-01 -2.824229300022125244e-01 -1.105131953954696655e-01 8.406543731689453125e-01 1.893399357795715332e+00 1.418008446693420410e+00 1.492035627365112305e+00 -5.537657737731933594e-01 -7.691949605941772461e-01 -5.518214702606201172e-01
-1.458723783493041992e+00 1.882748365402221680e+00 1.463727235794067383e+00 -1.549890518188476562e+00 1.368587970733642578e+00 -1.425719141960144043e+00 -7.241283655166625977e-01 -1.682367801666259766e+00 1.664001822471618652e+00 -1.084752321243286133e+00 -6.720217466354370117e-01 -2.427627444267272949e-01 -2.282382547855377197e-01 7.811087965965270996e-01 1.862403392791748047e+00 1.351986646652221680e+00 1.409636497497558594e+00 -6.268054842948913574e-01 -8.306391239166259766e-01 -6.619430780410766602e-01
-1.378032207489013672e+00 1.996961593627929688e+00 1.540789127349853516e+00 -1.508216857910156250e+00 1.287397980690002441e+00 -1.442527055740356445e+00 -7.294095754623413086e-01 -1.645639777183532715e+00 1.616592407226562500e+00 -9.877790212631225586e-01 -7.386837005615234375e-01 -2.925170063972473145e-01 -3.635719120502471924e-01 6.074673533439636230e-01 1.854814410209655762e+00 1.287278175354003906e+00 1.350121617317199707e+00 -6.384547948837280273e-01 -9.553148150444030762e-01 -7.866146564483642578e-01
-1.197046756744384766e+00 1.953160285949707031e+00 1.592764973640441895e+00 -1.340695023536682129e+00 1.200286030769348145e+00 -1.382242798805236816e+00 -7.486884593963623047e-01 -1.496812105178833008e+00 1.504780054092407227e+00 -8.018260002136230469e-01 -7.917770147323608398e-01 -3.874334394931793213e-01 -4.727563261985778809e-01 3.593308627605438232e-01 1.806290745735168457e+00 1.181605815887451172e+00 1.249574184417724609e+00 -5.743560194969177246e-01 -1.070759296417236328e+00 -8.337272405624389648e-01
-9.918672442436218262e-01 1.750078201293945312e+00 1.685129165649414062e+00 -1.132504105567932129e+00 1.114168286323547363e+00 -1.279955863952636719e+00 -8.157231807708740234e-01 -1.318527817726135254e+00 1.364784955978393555e+00 -5.118198394775390625e-01 -8.752353191375732422e-01 -5.861155986785888672e-01 -5.731353163719177246e-01 1.040529608726501465e-01 1.753022193908691406e+00 1.025123953819274902e+00 1.193192601203918457e+00 -4.369418323040008545e-01 -1.235816240310668945e+00 -7.446599602699279785e-01
-8.299148678779602051e-01 1.577423095703125000e+00 1.842648983001708984e+00 -1.023102641105651855e+00 1.135267853736877441e+00 -1.229762196540832520e+00 -9.314283132553100586e-01 -1.219770193099975586e+00 1.363314747810363770e+00 -2.632835209369659424e-01 -9.681719541549682617e-01 -8.544770479202270508e-01 -6.741615533828735352e-01 -8.162535727024078369e-02 1.713153600692749023e+00 8.964564800262451172e-01 1.292290806770324707e+00 -2.925298213958740234e-01 -1.468957662582397461e+00 -5.727916359901428223e-01
-8.022487163543701172e-01 1.392143964767456055e+00 1.973443269729614258e+00 -9.814608693122863770e-01 1.243412733078002930e+00 -1.228189110755920410e+00 -1.006699562072753906e+00 -1.263370394706726074e+00 1.415934324264526367e+00 -9.209375083446502686e-02 -1.068740487098693848e+00 -1.136493802070617676e+00 -7.247336506843566895e-01 -1.669622063636779785e-01 1.772506952285766602e+00 8.457034826278686523e-01 1.470334649085998535e+00 -2.058857828378677368e-01 -1.648062944412231445e+00 -3.585173785686492920e-01
-8.166047334671020508e-01 1.184299230575561523e+00 2.039892673492431641e+00 -9.580684304237365723e-01 1.360881567001342773e+00 -1.213778138160705566e+00 -1.097786307334899902e+00 -1.314885616302490234e+00 1.427530169486999512e+00 4.686993360519409180e-02 -1.118179082870483398e+00 -1.349036574363708496e+00 -7.165948748588562012e-01 -1.666910052299499512e-01 1.842038512229919434e+00 8.495081067085266113e-01 1.635618448257446289e+00 -1.223500370979309082e-01 -1.743050575256347656e+00 -1.553263068199157715e-01
-8.452923893928527832e-01 1.062050223350524902e+00 2.024700403213500977e+00 -1.023943543434143066e+00 1.402140855789184570e+00 -1.200635313987731934e+00 -1.195600986480712891e+00 -1.381972789764404297e+00 1.420199394226074219e+00 1.574521064758300781e-01 -1.081917166709899902e+00 -1.463593125343322754e+00 -6.938341259956359863e-01 -1.135004609823226929e-01 1.879508614540100098e+00 8.744180798530578613e-01 1.761459708213806152e+00 -7.769511640071868896e-02 -1.768872380256652832e+00 -2.026882022619247437e-02
-8.520349264144897461e-01 9.935657978057861328e-01 1.852555871009826660e+00 -1.110255956649780273e+00 1.369594812393188477e+00 -1.154757142066955566e+00 -1.261335730552673340e+00 -1.427797079086303711e+00 1.351904511451721191e+00 2.351609915494918823e-01 -9.557380676269531250e-01 -1.438879609107971191e+00 -6.528985500335693359e-01 -3.997050225734710693e-03 1.820152282714843750e+00 8.805537223815917969e-01 1.809571623802185059e+00 -7.689478993415832520e-02 -1.672329783439636230e+00 3.437955677509307861e-02
-8.634178638458251953e-01 1.073838829994201660e+00 1.558161735534667969e+00 -1.227104187011718750e+00 1.367908477783203125e+00 -1.076427817344665527e+00 -1.301668286323547363e+00 -1.457031965255737305e+00 1.303820610046386719e+00 1.832514256238937378e-01 -7.541944980621337891e-01 -1.258426308631896973e+00 -5.698509812355041504e-01 1.866599321365356445e-01 1.702506542205810547e+00 9.029271006584167480e-01 1.821273446083068848e+00 -1.443206369876861572e-01 -1.470261931419372559e+00 -4.381307959556579590e-02
-9.103920459747314453e-01 1.252759575843811035e+00 1.345858812332153320e+00 -1.391682982444763184e+00 1.384557604789733887e+00 -1.053403973579406738e+00 -1.235242128372192383e+00 -1.514128327369689941e+00 1.342296004295349121e+00 1.028098911046981812e-02 -5.846458673477172852e-01 -1.026663541793823242e+00 -5.311147570610046387e-01 4.400406181812286377e-01 1.565682172775268555e+00 9.283791780471801758e-01 1.855928063392639160e+00 -2.502171993255615234e-01 -1.278686285018920898e+00 -1.956443488597869873e-01
-9.755679368972778320e-01 1.465954542160034180e+00 1.299502730369567871e+00 -1.564208149909973145e+00 1.430853247642517090e+00 -1.099603772163391113e+00 -1.194230914115905762e+00 -1.575080156326293945e+00 1.442237734794616699e+00 -1.824444234371185303e-01 -5.019141435623168945e-01 -8.571796417236328125e-01 -5.076873302459716797e-01 5.974754691123962402e-01 1.560379624366760254e+00 1.008631110191345215e+00 1.894135236740112305e+00 -3.582373857498168945e-01 -1.192000269889831543e+00 -3.398839235305786133e-01
-1.079338312149047852e+00 1.660268306732177734e+00 1.323605656623840332e+00 -1.711770653724670410e+00 1.422865986824035645e+00 -1.159696698188781738e+00 -1.176360487937927246e+00 -1.646883130073547363e+00 1.514824628829956055e+00 -3.390361070632934570e-01 -4.816955029964447021e-01 -7.463042736053466797e-01 -5.084934234619140625e-01 7.094462513923645020e-01 1.603477120399475098e+00 1.073452115058898926e+00 1.908000826835632324e+00 -4.390164613723754883e-01 -1.164632558822631836e+00 -4.384962022304534912e-01
-1.148761510848999023e+00 1.838169693946838379e+00 1.342738747596740723e+00 -1.827767133712768555e+00 1.367827892303466797e+00 -1.221524119377136230e+00 -1.155355215072631836e+00 -1.701978564262390137e+00 1.546157956123352051e+00 -4.378176927566528320e-01 -4.689157605171203613e-01 -6.483993530273437500e-01 -5.300319790840148926e-01 7.824892997741699219e-01 1.612104773521423340e+00 1.104565978050231934e+00 1.888434290885925293e+00 -5.139729380607604980e-01 -1.154152989387512207e+00 -5.439956188201904297e-01
-1.185873746871948242e+00 2.013356447219848633e+00 1.373779296875000000e+00 -1.928302407264709473e+00 1.291561245918273926e+00 -1.303747177124023438e+00 -1.124307513236999512e+00 -1.750281095504760742e+00 1.575870990753173828e+00 -5.020377635955810547e-01 -4.748817980289459229e-01 -5.535614490509033203e-01 -5.737172365188598633e-01 8.212735652923583984e-01 1.594734549522399902e+00 1.111568689346313477e+00 1.841432452201843262e+00 -5.826136469841003418e-01 -1.155342340469360352e+00 -6.738551259040832520e-01
-1.224625110626220703e+00 2.144632339477539062e+00 1.443609595298767090e+00 -1.999715447425842285e+00 1.253355264663696289e+00 -1.399558544158935547e+00 -1.100773572921752930e+00 -1.802721738815307617e+00 1.598062038421630859e+00 -5.442516803741455078e-01 -5.148652791976928711e-01 -4.831731915473937988e-01 -6.260732412338256836e-01 8.343283534049987793e-01 1.595877408981323242e+00 1.119997262954711914e+00 1.786195397377014160e+00 -6.218491196632385254e-01 -1.175329327583312988e+00 -7.971057891845703125e-01
-1.216026782989501953e+00 2.226567268371582031e+00 1.511792540550231934e+00 -2.013067007064819336e+00 1.160998582839965820e+00 -1.487225174903869629e+00 -1.047397255897521973e+00 -1.820134758949279785e+00 1.563050746917724609e+00 -5.284107327461242676e-01 -5.741961002349853516e-01 -4.167500138282775879e-01 -6.958978772163391113e-01 7.896594405174255371e-01 1.548015356063842773e+00 1.082604169845581055e+00 1.662543773651123047e+00 -6.363973617553710938e-01 -1.202596545219421387e+00 -9.275962710380554199e-01
-1.112963914871215820e+00 2.263420343399047852e+00 1.632920145988464355e+00 -1.861857056617736816e+00 1.138114809989929199e+00 -1.500240802764892578e+00 -9.653519988059997559e-01 -1.740633010864257812e+00 1.555231809616088867e+00 -5.100845098495483398e-01 -7.405726909637451172e-01 -4.769336581230163574e-01 -7.805185914039611816e-01 4.854007065296173096e-01 1.588502764701843262e+00 1.021679878234863281e+00 1.490864634513854980e+00 -5.633653998374938965e-01 -1.295786499977111816e+00 -1.004341244697570801e+00
-8.107491731643676758e-01 2.034815073013305664e+00 1.710823893547058105e+00 -1.381797671318054199e+00 1.157986402511596680e+00 -1.380804538726806641e+00 -7.953209877014160156e-01 -1.441999197006225586e+00 1.529890418052673340e+00 -4.567181468009948730e-01 -9.214699268341064453e-01 -6.332919597625732422e-01 -7.771127223968505859e-01 4.947837442159652710e-03 1.575407266616821289e+00 8.774336576461791992e-01 1.265209317207336426e+00 -3.772768974304199219e-01 -1.343261003494262695e+00 -9.343438148498535156e-01
-6.234443783760070801e-01 1.764879941940307617e+00 1.980989217758178711e+00 -1.005183696746826172e+00 1.365575790405273438e+00 -1.348033070564270020e+00 -8.168039917945861816e-01 -1.249105215072631836e+00 1.697033524513244629e+00 -4.104120135307312012e-01 -1.065672993659973145e+00 -9.047832489013671875e-01 -7.419434785842895508e-01 -3.458605408668518066e-01 1.696222186088562012e+00 7.694591283798217773e-01 1.242149829864501953e+00 -2.510674893856048584e-01 -1.504403591156005859e+00 -6.553340554237365723e-01
-5.916935205459594727e-01 1.472764730453491211e+00 2.124548673629760742e+00 -8.188616037368774414e-01 1.661922216415405273e+00 -1.314872860908508301e+00 -8.311277627944946289e-01 -1.269808888435363770e+00 1.862866163253784180e+00 -3.644738197326660156e-01 -1.226563930511474609e+00 -1.207602620124816895e+00 -6.338883638381958008e-01 -5.533173084259033203e-01 1.890834450721740723e+00 7.972666025161743164e-01 1.367690086364746094e+00 -1.648467332124710083e-01 -1.572712898254394531e+00 -4.027428925037384033e-01
-5.692402124404907227e-01 1.216283440589904785e+00 2.204903364181518555e+00 -7.303385734558105469e-01 1.918179988861083984e+00 -1.263226866722106934e+00 -8.393726348876953125e-01 -1.301628112792968750e+00 1.969796895980834961e+00 -3.277611136436462402e-01 -1.332766056060791016e+00 -1.419549465179443359e+00 -5.359399914741516113e-01 -6.817513108253479004e-01 2.057530164718627930e+00 8.472036719322204590e-01 1.477835297584533691e+00 -1.002949476242065430e-01 -1.598909616470336914e+00 -2.152934968471527100e-01
-5.777236223220825195e-01 1.051019310951232910e+00 2.256170749664306641e+00 -7.436839342117309570e-01 2.138911485671997070e+00 -1.244077205657958984e+00 -8.738608956336975098e-01 -1.395559191703796387e+00 2.063677549362182617e+00 -3.013935685157775879e-01 -1.391192078590393066e+00 -1.582073450088500977e+00 -4.562962055206298828e-01 -7.475620508193969727e-01 2.230572938919067383e+00 9.131830930709838867e-01 1.604314804077148438e+00 -5.697121471166610718e-02 -1.612493634223937988e+00 -8.556772023439407349e-02
-5.382589101791381836e-01 9.063277244567871094e-01 2.223276138305664062e+00 -8.267622590065002441e-01 2.369008541107177734e+00 -1.206279754638671875e+00 -9.191018342971801758e-01 -1.470128297805786133e+00 2.163654088973999023e+00 -2.625315189361572266e-01 -1.362736225128173828e+00 -1.681439757347106934e+00 -3.579802811145782471e-01 -7.446511387825012207e-01 2.343840122222900391e+00 9.826798439025878906e-01 1.760223031044006348e+00 -2.273430675268173218e-02 -1.573484539985656738e+00 -1.494150608777999878e-02
-4.950487613677978516e-01 7.948512434959411621e-01 2.089990854263305664e+00 -9.290680289268493652e-01 2.536791086196899414e+00 -1.139160990715026855e+00 -9.613834023475646973e-01 -1.497862815856933594e+00 2.179729700088500977e+00 -2.412621974945068359e-01 -1.229504585266113281e+00 -1.645811915397644043e+00 -2.665055394172668457e-01 -6.174982190132141113e-01 2.325523853302001953e+00 1.053070068359375000e+00 1.874153733253479004e+00 1.520935446023941040e-03 -1.465964913368225098e+00 -1.508597657084465027e-02
-4.732709527015686035e-01 7.805810570716857910e-01 1.861107587814331055e+00 -1.020061373710632324e+00 2.539470911026000977e+00 -1.066820859909057617e+00 -1.027499318122863770e+00 -1.469771862030029297e+00 2.083788633346557617e+00 -2.471807152032852173e-01 -9.965639114379882812e-01 -1.452949285507202148e+00 -2.020465880632400513e-01 -3.842577636241912842e-01 2.176555395126342773e+00 1.111671924591064453e+00 1.897195577621459961e+00 -3.452181816101074219e-03 -1.304516196250915527e+00 -6.475701928138732910e-02
-4.820291996002197266e-01 8.757794499397277832e-01 1.630414366722106934e+00 -1.096398353576660156e+00 2.442161321640014648e+00 -1.006148695945739746e+00 -1.066102266311645508e+00 -1.407675623893737793e+00 1.968863248825073242e+00 -3.120472431182861328e-01 -7.988029718399047852e-01 -1.190441131591796875e+00 -1.755695044994354248e-01 -1.405970603227615356e-01 1.983912229537963867e+00 1.117353081703186035e+00 1.839266896247863770e+00 -3.918475657701492310e-02 -1.134176492691040039e+00 -1.467826068401336670e-01
-5.245188474655151367e-01 1.034545421600341797e+00 1.476727008819580078e+00 -1.216285824775695801e+00 2.337611913681030273e+00 -9.768890738487243652e-01 -1.114469647407531738e+00 -1.372965812683105469e+00 1.886283755302429199e+00 -3.700235486030578613e-01 -6.487268209457397461e-01 -9.840751886367797852e-01 -1.870709508657455444e-01 8.768422156572341919e-02 1.843658208847045898e+00 1.112282276153564453e+00 1.818924784660339355e+00 -9.722598642110824585e-02 -1.022047162055969238e+00 -2.267121076583862305e-01
-5.901912450790405273e-01 1.154814004898071289e+00 1.411820292472839355e+00 -1.317260742187500000e+00 2.248106241226196289e+00 -9.831664562225341797e-01 -1.144546389579772949e+00 -1.371994853019714355e+00 1.844070792198181152e+00 -4.112231135368347168e-01 -5.693807601928710938e-01 -8.472337722778320312e-01 -2.128410041332244873e-01 2.578286230564117432e-01 1.776882529258728027e+00 1.115841746330261230e+00 1.812652945518493652e+00 -1.544766426086425781e-01 -9.721646308898925781e-01 -2.856768369674682617e-01
-6.385844349861145020e-01 1.257218718528747559e+00 1.381529927253723145e+00 -1.398818492889404297e+00 2.173089504241943359e+00 -1.014124274253845215e+00 -1.148416996002197266e+00 -1.380820274353027344e+00 1.826389670372009277e+00 -4.381220340728759766e-01 -5.304977297782897949e-01 -7.474012374877929688e-01 -2.461860179901123047e-01 3.870474100112915039e-01 1.741253852844238281e+00 1.118252635002136230e+00 1.813339829444885254e+00 -2.079889029264450073e-01 -9.464717507362365723e-01 -3.507046401500701904e-01
-6.610181331634521484e-01 1.327621579170227051e+00 1.354238152503967285e+00 -1.451514363288879395e+00 2.105477571487426758e+00 -1.040213704109191895e+00 -1.137230515480041504e+00 -1.373232245445251465e+00 1.808007240295410156e+00 -4.530176520347595215e-01 -5.079963207244873047e-01 -6.586303710937500000e-01 -2.652900516986846924e-01 4.782449603080749512e-01 1.707292795181274414e+00 1.110089659690856934e+00 1.789656400680541992e+00 -2.492778897285461426e-01 -9.142581820487976074e-01 -4.068823158740997314e-01
-6.675559282302856445e-01 1.380162477493286133e+00 1.334803581237792969e+00 -1.475193262100219727e+00 2.053528785705566406e+00 -1.062134623527526855e+00 -1.108078479766845703e+00 -1.354251980781555176e+00 1.801465034484863281e+00 -4.798431396484375000e-01 -4.983306229114532471e-01 -5.770217776298522949e-01 -2.604815065860748291e-01 5.318720340728759766e-01 1.684813499450683594e+00 1.100854396820068359e+00 1.743726849555969238e+00 -2.772427499294281006e-01 -8.681630492210388184e-01 -4.613917171955108643e-01
-6.646223068237304688e-01 1.418497800827026367e+00 1.331719279289245605e+00 -1.463677763938903809e+00 2.029533147811889648e+00 -1.088837504386901855e+00 -1.053020238876342773e+00 -1.328934788703918457e+00 1.824208140373229980e+00 -5.392828583717346191e-01 -5.027546286582946777e-01 -5.087425708770751953e-01 -2.156078815460205078e-01 5.449159145355224609e-01 1.683782577514648438e+00 1.099751472473144531e+00 1.683721303939819336e+00 -2.890882790088653564e-01 -8.038859367370605469e-01 -5.126995444297790527e-01
-6.902322173118591309e-01 1.420428276062011719e+00 1.339970827102661133e+00 -1.411248087882995605e+00 2.025328874588012695e+00 -1.112823724746704102e+00 -9.780232906341552734e-01 -1.323480486869812012e+00 1.867023944854736328e+00 -6.255439519882202148e-01 -5.302147865295410156e-01 -4.666563868522644043e-01 -1.257939487695693970e-01 5.443715453147888184e-01 1.691331624984741211e+00 1.106265068054199219e+00 1.621933102607727051e+00 -2.810914516448974609e-01 -7.327687144279479980e-01 -5.354223847389221191e-01
-7.736408710479736328e-01 1.392945408821105957e+00 1.346517086029052734e+00 -1.332311511039733887e+00 2.041578769683837891e+00 -1.124741196632385254e+00 -9.018681049346923828e-01 -1.350066304206848145e+00 1.920541882514953613e+00 -7.554650306701660156e-01 -5.524319410324096680e-01 -4.357807338237762451e-01 1.014624349772930145e-02 5.510922670364379883e-01 1.709846496582031250e+00 1.142351746559143066e+00 1.557233452796936035e+00 -2.684197425842285156e-01 -6.483188271522521973e-01 -5.215455293655395508e-01
-9.313142299652099609e-01 1.376491069793701172e+00 1.335697650909423828e+00 -1.283748030662536621e+00 2.036978960037231445e+00 -1.140475869178771973e+00 -8.849123120307922363e-01 -1.408296704292297363e+00 1.956051707267761230e+00 -8.975958824157714844e-01 -5.326850414276123047e-01 -4.220982491970062256e-01 1.082500815391540527e-01 5.991190075874328613e-01 1.734134912490844727e+00 1.208306908607482910e+00 1.536211133003234863e+00 -2.858459651470184326e-01 -5.991631150245666504e-01 -4.506039321422576904e-01
-1.070249795913696289e+00 1.399958133697509766e+00 1.336227416992187500e+00 -1.319265842437744141e+00 1.999289751052856445e+00 -1.151003241539001465e+00 -8.781958818435668945e-01 -1.481314539909362793e+00 1.955567955970764160e+00 -9.799978137016296387e-01 -5.166029930114746094e-01 -4.269375205039978027e-01 1.211207956075668335e-01 6.752246022224426270e-01 1.763139605522155762e+00 1.267704486846923828e+00 1.588407516479492188e+00 -3.089989423751831055e-01 -6.106086969375610352e-01 -4.207243323326110840e-01
-1.137613534927368164e+00 1.449032425880432129e+00 1.321479320526123047e+00 -1.397718071937561035e+00 1.936709880828857422e+00 -1.151107788085937500e+00 -8.806254863739013672e-01 -1.543635606765747070e+00 1.921414971351623535e+00 -9.849585294723510742e-01 -4.902834296226501465e-01 -4.334969222545623779e-01 9.238653630018234253e-02 7.355294227600097656e-01 1.753874897956848145e+00 1.278261423110961914e+00 1.638203978538513184e+00 -3.399507701396942139e-01 -6.376711130142211914e-01 -4.249149560928344727e-01
-1.152866601943969727e+00 1.531947374343872070e+00 1.308869242668151855e+00 -1.487086176872253418e+00 1.885987639427185059e+00 -1.153558135032653809e+00 -9.080207943916320801e-01 -1.577201724052429199e+00 1.893874526023864746e+00 -9.660364985466003418e-01 -4.554261267185211182e-01 -4.271760880947113037e-01 3.760622814297676086e-02 7.654432654380798340e-01 1.735125303268432617e+00 1.269357562065124512e+00 1.667784571647644043e+00 -3.816440403461456299e-01 -6.722993254661560059e-01 -4.489845335483551025e-01
-1.144762039184570312e+00 1.626134872436523438e+00 1.304310083389282227e+00 -1.573398947715759277e+00 1.851858258247375488e+00 -1.160916686058044434e+00 -9.463078975677490234e-01 -1.595273494720458984e+00 1.879183411598205566e+00 -9.419801235198974609e-01 -4.236687123775482178e-01 -4.163635373115539551e-01 -2.391744405031204224e-02 7.771726846694946289e-01 1.718551754951477051e+00 1.253275275230407715e+00 1.685648679733276367e+00 -4.252423346042633057e-01 -7.091270685195922852e-01 -4.796425700187683105e-01
-1.144704103469848633e+00 1.721238851547241211e+00 1.303784251213073730e+00 -1.659511566162109375e+00 1.805204272270202637e+00 -1.183962941169738770e+00 -9.963191747665405273e-01 -1.617671370506286621e+00 1.870403766632080078e+00 -9.027987718582153320e-01 -4.000652134418487549e-01 -4.212910532951354980e-01 -8.972053229808807373e-02 7.907332181930541992e-01 1.705864191055297852e+00 1.242287039756774902e+00 1.719045996665954590e+00 -4.688526690006256104e-01 -7.605159878730773926e-01 -5.043737292289733887e-01
-1.154007434844970703e+00 1.815873384475708008e+00 1.317106366157531738e+00 -1.745869755744934082e+00 1.757771849632263184e+00 -1.207412600517272949e+00 -1.051716685295104980e+00 -1.635152339935302734e+00 1.860640048980712891e+00 -8.600741028785705566e-01 -3.800563514232635498e-01 -4.221569299697875977e-01 -1.607429236173629761e-01 8.075508475303649902e-01 1.700727820396423340e+00 1.248935461044311523e+00 1.752890467643737793e+00 -5.104205012321472168e-01 -8.220623135566711426e-01 -5.412549376487731934e-01
-1.156520605087280273e+00 1.896176099777221680e+00 1.333765983581542969e+00 -1.840128779411315918e+00 1.708512544631958008e+00 -1.227967619895935059e+00 -1.106541991233825684e+00 -1.649491190910339355e+00 1.846463441848754883e+00 -8.072060942649841309e-01 -3.728151619434356689e-01 -4.251687526702880859e-01 -2.388678491115570068e-01 8.311889767646789551e-01 1.700273394584655762e+00 1.257282137870788574e+00 1.794540643692016602e+00 -5.427622795104980469e-01 -8.890866041183471680e-01 -5.780395269393920898e-01
-1.155611991882324219e+00 1.961386084556579590e+00 1.348412513732910156e+00 -1.934995174407958984e+00 1.652065515518188477e+00 -1.243142008781433105e+00 -1.164401292800903320e+00 -1.653313517570495605e+00 1.819172024726867676e+00 -7.433615922927856445e-01 -3.636208474636077881e-01 -4.256223440170288086e-01 -3.143016993999481201e-01 8.545491695404052734e-01 1.703935384750366211e+00 1.275020360946655273e+00 1.832215666770935059e+00 -5.736188292503356934e-01 -9.566525816917419434e-01 -6.124938130378723145e-01
-1.158818483352661133e+00 1.982881665229797363e+00 1.372154951095581055e+00 -2.025452613830566406e+00 1.597284078598022461e+00 -1.241094112396240234e+00 -1.230768322944641113e+00 -1.642045974731445312e+00 1.761951327323913574e+00 -6.628068685531616211e-01 -3.673928976058959961e-01 -4.389564394950866699e-01 -3.936006128787994385e-01 8.657660484313964844e-01 1.731875061988830566e+00 1.318195462226867676e+00 1.871672511100769043e+00 -5.864374041557312012e-01 -1.036047816276550293e+00 -6.345017552375793457e-01
-1.137329339981079102e+00 1.894308686256408691e+00 1.413693785667419434e+00 -2.081573486328125000e+00 1.488181829452514648e+00 -1.184450507164001465e+00 -1.324764013290405273e+00 -1.552800297737121582e+00 1.603694796562194824e+00 -5.159491896629333496e-01 -3.572613298892974854e-01 -4.878470897674560547e-01 -4.797431230545043945e-01 8.151883482933044434e-01 1.791667342185974121e+00 1.392441391944885254e+00 1.889660239219665527e+00 -5.580274462699890137e-01 -1.156838655471801758e+00 -5.890743136405944824e-01
-9.939049482345581055e-01 1.392295479774475098e+00 1.421656608581542969e+00 -1.817279219627380371e+00 1.239336848258972168e+00 -9.882653355598449707e-01 -1.310796260833740234e+00 -1.219622731208801270e+00 1.208651304244995117e+00 -2.542499899864196777e-01 -3.677780926227569580e-01 -5.619388818740844727e-01 -4.721632599830627441e-01 5.951005220413208008e-01 1.821838140487670898e+00 1.398665904998779297e+00 1.685983896255493164e+00 -4.194869101047515869e-01 -1.219398021697998047e+00 -3.642562925815582275e-01
-8.801891207695007324e-01 7.317685484886169434e-01 1.739480376243591309e+00 -1.198292851448059082e+00 1.275399684906005859e+00 -9.260662198066711426e-01 -1.182511806488037109e+00 -9.959447383880615234e-01 1.127244472503662109e+00 -9.709686040878295898e-02 -5.857973098754882812e-01 -9.251086711883544922e-01 -3.746547996997833252e-01 1.143948286771774292e-01 1.952815055847167969e+00 1.378523349761962891e+00 1.505910754203796387e+00 -1.616125702857971191e-01 -1.372653007507324219e+00 -2.036254107952117920e-02
-8.820742368698120117e-01 5.245468616485595703e-01 1.993615984916687012e+00 -8.514631986618041992e-01 1.565492391586303711e+00 -9.621827006340026855e-01 -1.063611388206481934e+00 -1.047509670257568359e+00 1.353401899337768555e+00 -1.941760480403900146e-01 -8.611001968383789062e-01 -1.184405922889709473e+00 -2.873839437961578369e-01 -1.718337982892990112e-01 2.081785202026367188e+00 1.330680966377258301e+00 1.481644034385681152e+00 5.510699003934860229e-03 -1.446199297904968262e+00 1.196241080760955811e-01
-9.194850921630859375e-01 4.529787302017211914e-01 2.085975170135498047e+00 -6.842755079269409180e-01 1.752627134323120117e+00 -1.013731718063354492e+00 -1.006270647048950195e+00 -1.130319714546203613e+00 1.490596771240234375e+00 -2.614352703094482422e-01 -9.966977834701538086e-01 -1.309195876121520996e+00 -1.869219541549682617e-01 -2.659746408462524414e-01 2.185338258743286133e+00 1.315407872200012207e+00 1.486418843269348145e+00 4.388060048222541809e-02 -1.426516175270080566e+00 1.787221729755401611e-01
-9.420587420463562012e-01 4.087758064270019531e-01 2.122641563415527344e+00 -5.805345773696899414e-01 1.857851028442382812e+00 -1.054075360298156738e+00 -9.817550778388977051e-01 -1.182424545288085938e+00 1.563486695289611816e+00 -2.976580262184143066e-01 -1.052072763442993164e+00 -1.364850759506225586e+00 -9.819816052913665771e-02 -3.042169809341430664e-01 2.233639478683471680e+00 1.301518678665161133e+00 1.473295688629150391e+00 5.747213587164878845e-02 -1.389140367507934570e+00 2.200794816017150879e-01
-9.529753327369689941e-01 3.909924030303955078e-01 2.134569168090820312e+00 -5.110824704170227051e-01 1.907128334045410156e+00 -1.096225976943969727e+00 -9.820414781570434570e-01 -1.218086242675781250e+00 1.599942207336425781e+00 -3.075192570686340332e-01 -1.061000823974609375e+00 -1.385672688484191895e+00 -2.138932049274444580e-02 -3.166498541831970215e-01 2.243910312652587891e+00 1.279000401496887207e+00 1.448058485984802246e+00 5.568180605769157410e-02 -1.350920677185058594e+00 2.502044439315795898e-01
-9.561818838119506836e-01 4.228280782699584961e-01 2.131049156188964844e+00 -4.770960211753845215e-01 1.899861454963684082e+00 -1.150329709053039551e+00 -1.004427194595336914e+00 -1.245513319969177246e+00 1.607830762863159180e+00 -2.952177524566650391e-01 -1.035351157188415527e+00 -1.377488851547241211e+00 3.199233114719390869e-02 -3.060149252414703369e-01 2.212551116943359375e+00 1.238558292388916016e+00 1.412892222404479980e+00 3.746962919831275940e-02 -1.325378894805908203e+00 2.645561695098876953e-01
-9.648684263229370117e-01 6.002081036567687988e-01 2.120353937149047852e+00 -5.251554846763610840e-01 1.799007534980773926e+00 -1.238837599754333496e+00 -1.053230166435241699e+00 -1.292717814445495605e+00 1.597688317298889160e+00 -2.743725776672363281e-01 -9.726878404617309570e-01 -1.336899518966674805e+00 2.249992452561855316e-02 -2.771096527576446533e-01 2.133382558822631836e+00 1.163950800895690918e+00 1.370235443115234375e+00 -1.724333129823207855e-02 -1.342530608177185059e+00 2.309419214725494385e-01
-9.607397913932800293e-01 9.961266517639160156e-01 2.074086904525756836e+00 -6.806048154830932617e-01 1.537275433540344238e+00 -1.340785264968872070e+00 -1.129905819892883301e+00 -1.349041104316711426e+00 1.540620803833007812e+00 -2.322117686271667480e-01 -8.569246530532836914e-01 -1.246520519256591797e+00 -1.067013591527938843e-01 -2.511460185050964355e-01 1.965763092041015625e+00 1.015886664390563965e+00 1.304424285888671875e+00 -1.251422613859176636e-01 -1.417876958847045898e+00 1.057719513773918152e-01
-9.364607930183410645e-01 1.552609801292419434e+00 1.961451768875122070e+00 -9.680009484291076660e-01 1.174633860588073730e+00 -1.404742836952209473e+00 -1.185118079185485840e+00 -1.427257180213928223e+00 1.434837460517883301e+00 -1.512232124805450439e-01 -7.174260616302490234e-01 -1.130602836608886719e+00 -3.532223403453826904e-01 -2.342606484889984131e-01 1.765842676162719727e+00 8.335180282592773438e-01 1.258787631988525391e+00 -3.103197813034057617e-01 -1.539094924926757812e+00 -1.436274945735931396e-01
-9.300624728202819824e-01 1.894508123397827148e+00 1.912197709083557129e+00 -1.188645005226135254e+00 1.018382072448730469e+00 -1.451982975006103516e+00 -1.163217306137084961e+00 -1.472128748893737793e+00 1.454067826271057129e+00 -1.792280972003936768e-01 -7.233998775482177734e-01 -1.022711753845214844e+00 -5.562341809272766113e-01 -1.904591023921966553e-01 1.651282906532287598e+00 7.462795376777648926e-01 1.268213391304016113e+00 -4.017000496387481689e-01 -1.591462373733520508e+00 -3.659766912460327148e-01
-9.659330248832702637e-01 2.080612897872924805e+00 1.935969710350036621e+00 -1.277484536170959473e+00 1.069061279296875000e+00 -1.501844286918640137e+00 -1.173213958740234375e+00 -1.527111530303955078e+00 1.548853278160095215e+00 -2.460687756538391113e-01 -8.102641105651855469e-01 -9.659302234649658203e-01 -7.049797773361206055e-01 -1.276909112930297852e-01 1.642411589622497559e+00 7.526046633720397949e-01 1.329632997512817383e+00 -4.153508543968200684e-01 -1.631241679191589355e+00 -5.196141004562377930e-01
-9.742032289505004883e-01 2.128029584884643555e+00 1.963725924491882324e+00 -1.264032483100891113e+00 1.129853010177612305e+00 -1.505110263824462891e+00 -1.143286228179931641e+00 -1.538150787353515625e+00 1.600059270858764648e+00 -2.892561554908752441e-01 -9.092540740966796875e-01 -9.563850164413452148e-01 -8.076437115669250488e-01 -1.317053139209747314e-01 1.643136024475097656e+00 7.562984228134155273e-01 1.358565807342529297e+00 -3.955176770687103271e-01 -1.667329311370849609e+00 -6.027696132659912109e-01
-9.527252316474914551e-01 2.079561710357666016e+00 1.993806123733520508e+00 -1.167821764945983887e+00 1.190930962562561035e+00 -1.471096754074096680e+00 -1.094931244850158691e+00 -1.496682882308959961e+00 1.618067264556884766e+00 -3.194077610969543457e-01 -9.990565776824951172e-01 -9.736372232437133789e-01 -8.671846985816955566e-01 -1.848255544900894165e-01 1.641071200370788574e+00 7.549545168876647949e-01 1.352461576461791992e+00 -3.476082086563110352e-01 -1.695652127265930176e+00 -6.314834356307983398e-01
-9.286382198333740234e-01 1.956787943840026855e+00 2.022296667098999023e+00 -1.000324964523315430e+00 1.262161970138549805e+00 -1.402301669120788574e+00 -1.044169783592224121e+00 -1.427510857582092285e+00 1.619105815887451172e+00 -3.516798615455627441e-01 -1.079079627990722656e+00 -1.015374422073364258e+00 -8.940398693084716797e-01 -2.732941806316375732e-01 1.642740249633789062e+00 7.605984807014465332e-01 1.325949311256408691e+00 -2.820022106170654297e-01 -1.719778895378112793e+00 -6.079908013343811035e-01
-9.550909996032714844e-01 1.854221224784851074e+00 2.062757015228271484e+00 -8.594585657119750977e-01 1.379075646400451660e+00 -1.345035433769226074e+00 -1.049657821655273438e+00 -1.410583734512329102e+00 1.646063208580017090e+00 -3.935449719429016113e-01 -1.131600379943847656e+00 -1.075798869132995605e+00 -8.877148032188415527e-01 -3.313815891742706299e-01 1.698603272438049316e+00 7.962738871574401855e-01 1.334515929222106934e+00 -2.509519755840301514e-01 -1.742460608482360840e+00 -5.404605865478515625e-01
-1.020113945007324219e+00 1.641770005226135254e+00 2.065543174743652344e+00 -6.700263619422912598e-01 1.552149891853332520e+00 -1.236966252326965332e+00 -1.049479484558105469e+00 -1.406781911849975586e+00 1.658963799476623535e+00 -4.599766135215759277e-01 -1.201140284538269043e+00 -1.175619125366210938e+00 -8.358805775642395020e-01 -3.833782374858856201e-01 1.774361014366149902e+00 8.602612614631652832e-01 1.359335422515869141e+00 -1.707490682601928711e-01 -1.712254643440246582e+00 -4.045898318290710449e-01
-1.111038684844970703e+00 1.271443486213684082e+00 1.960046529769897461e+00 -4.423324167728424072e-01 1.741712450981140137e+00 -1.054700255393981934e+00 -9.826964139938354492e-01 -1.346214294433593750e+00 1.633914232254028320e+00 -6.037416458129882812e-01 -1.262253403663635254e+00 -1.225569128990173340e+00 -6.938502192497253418e-01 -3.326737284660339355e-01 1.830463886260986328e+00 9.675618410110473633e-01 1.379931449890136719e+00 -4.280845075845718384e-02 -1.548779129981994629e+00 -1.876676380634307861e-01
-1.101781129837036133e+00 7.603631019592285156e-01 1.781412124633789062e+00 -3.491175472736358643e-01 1.914010286331176758e+00 -8.892065286636352539e-01 -8.458192348480224609e-01 -1.265183448791503906e+00 1.564225435256958008e+00 -7.006981968879699707e-01 -1.192791938781738281e+00 -1.117574214935302734e+00 -4.262792468070983887e-01 -2.169700264930725098e-01 1.867797255516052246e+00 1.140478134155273438e+00 1.342899084091186523e+00 4.693439975380897522e-02 -1.249830126762390137e+00 -5.095539242029190063e-02
-1.050043344497680664e+00 4.478284716606140137e-01 1.543658375740051270e+00 -4.217835962772369385e-01 2.032636404037475586e+00 -7.520627975463867188e-01 -7.956997752189636230e-01 -1.192909002304077148e+00 1.506395578384399414e+00 -7.276656627655029297e-01 -9.766792058944702148e-01 -9.503902196884155273e-01 -1.683440655469894409e-01 -1.396585255861282349e-02 1.837710499763488770e+00 1.288486838340759277e+00 1.366485595703125000e+00 6.583817303180694580e-02 -9.671457409858703613e-01 -1.309346035122871399e-02
-1.000750541687011719e+00 3.915264606475830078e-01 1.362439513206481934e+00 -6.243002414703369141e-01 2.036412715911865234e+00 -6.914970278739929199e-01 -8.216839432716369629e-01 -1.169452309608459473e+00 1.468448519706726074e+00 -7.200616598129272461e-01 -7.536945343017578125e-01 -7.809931039810180664e-01 -6.032681092619895935e-02 2.496920228004455566e-01 1.715180754661560059e+00 1.301598072052001953e+00 1.426576495170593262e+00 3.714576736092567444e-02 -8.024699091911315918e-01 4.728747531771659851e-03
-9.763267636299133301e-01 6.267049312591552734e-01 1.261698246002197266e+00 -9.045909643173217773e-01 1.995682120323181152e+00 -7.309215664863586426e-01 -9.215673804283142090e-01 -1.233556389808654785e+00 1.499127864837646484e+00 -6.750542521476745605e-01 -6.051353216171264648e-01 -7.173775434494018555e-01 -7.819238305091857910e-02 4.235848784446716309e-01 1.695703387260437012e+00 1.309579133987426758e+00 1.569926142692565918e+00 -8.543184399604797363e-02 -7.891008257865905762e-01 -7.226499915122985840e-02
-9.406100511550903320e-01 9.215372800827026367e-01 1.212927341461181641e+00 -1.209021925926208496e+00 1.848484396934509277e+00 -8.180477619171142578e-01 -1.027006626129150391e+00 -1.313479185104370117e+00 1.492192745208740234e+00 -5.438992977142333984e-01 -5.059651732444763184e-01 -6.853231191635131836e-01 -1.978059262037277222e-01 5.611996650695800781e-01 1.636647343635559082e+00 1.250294566154479980e+00 1.688737869262695312e+00 -2.163030356168746948e-01 -8.596639037132263184e-01 -1.847560405731201172e-01
-9.140274524688720703e-01 1.290670394897460938e+00 1.252252936363220215e+00 -1.523715615272521973e+00 1.631109714508056641e+00 -9.415269494056701660e-01 -1.158694863319396973e+00 -1.400976538658142090e+00 1.474156618118286133e+00 -3.612529039382934570e-01 -4.597693085670471191e-01 -7.051622867584228516e-01 -4.230428040027618408e-01 6.244833469390869141e-01 1.586212992668151855e+00 1.170884490013122559e+00 1.805821061134338379e+00 -3.404890596866607666e-01 -1.042912364006042480e+00 -3.348208963871002197e-01
-8.993118405342102051e-01 1.619410276412963867e+00 1.315174579620361328e+00 -1.743939280509948730e+00 1.343811273574829102e+00 -1.039408564567565918e+00 -1.268588900566101074e+00 -1.458505392074584961e+00 1.394993066787719727e+00 -1.626850366592407227e-01 -4.675313532352447510e-01 -7.668050527572631836e-01 -7.223714590072631836e-01 6.196780800819396973e-01 1.513770580291748047e+00 1.052017092704772949e+00 1.887885689735412598e+00 -4.270712137222290039e-01 -1.279462695121765137e+00 -4.583403170108795166e-01
-9.067382216453552246e-01 1.724658846855163574e+00 1.412488698959350586e+00 -1.765199899673461914e+00 1.136966943740844727e+00 -1.103852152824401855e+00 -1.290292739868164062e+00 -1.471739411354064941e+00 1.286495804786682129e+00 -2.679890021681785583e-02 -5.688852071762084961e-01 -8.380515575408935547e-01 -9.546240568161010742e-01 5.504326224327087402e-01 1.488745212554931641e+00 9.582810401916503906e-01 1.888844251632690430e+00 -4.257000684738159180e-01 -1.459629893302917480e+00 -5.193910002708435059e-01
-8.749059438705444336e-01 1.635034561157226562e+00 1.489434123039245605e+00 -1.624533176422119141e+00 1.013572812080383301e+00 -1.094799518585205078e+00 -1.244815111160278320e+00 -1.381263494491577148e+00 1.149840593338012695e+00 4.821997880935668945e-02 -6.670837402343750000e-01 -8.603835105895996094e-01 -1.061531782150268555e+00 4.335673153400421143e-01 1.452715754508972168e+00 8.902329206466674805e-01 1.773011922836303711e+00 -3.531233072280883789e-01 -1.543431162834167480e+00 -5.092000365257263184e-01
-8.591269254684448242e-01 1.529522776603698730e+00 1.593962430953979492e+00 -1.417161822319030762e+00 9.994718432426452637e-01 -1.061627745628356934e+00 -1.156307220458984375e+00 -1.281263709068298340e+00 1.123236417770385742e+00 1.834644377231597900e-02 -8.012721538543701172e-01 -9.143781661987304688e-01 -1.092498540878295898e+00 2.652162015438079834e-01 1.493056535720825195e+00 8.592090010643005371e-01 1.665988564491271973e+00 -2.696602940559387207e-01 -1.604907631874084473e+00 -4.725123643875122070e-01
-8.560460805892944336e-01 1.423163771629333496e+00 1.671583890914916992e+00 -1.198707938194274902e+00 1.043583631515502930e+00 -1.032170057296752930e+00 -1.074907302856445312e+00 -1.215502858161926270e+00 1.148704409599304199e+00 -4.813080281019210815e-02 -9.078501462936401367e-01 -9.725674390792846680e-01 -1.059699177742004395e+00 9.352476894855499268e-02 1.551879048347473145e+00 8.662735223770141602e-01 1.568915843963623047e+00 -1.995915472507476807e-01 -1.626363992691040039e+00 -4.204133450984954834e-01
-8.755186796188354492e-01 1.337097764015197754e+00 1.732131123542785645e+00 -1.024186134338378906e+00 1.100061058998107910e+00 -1.011460423469543457e+00 -1.028085470199584961e+00 -1.168820142745971680e+00 1.189571261405944824e+00 -1.410588920116424561e-01 -9.623713493347167969e-01 -9.908024072647094727e-01 -1.008178472518920898e+00 -3.445744514465332031e-04 1.589683175086975098e+00 8.799299597740173340e-01 1.489559054374694824e+00 -1.379313915967941284e-01 -1.613572478294372559e+00 -3.480023741722106934e-01
-9.202663302421569824e-01 1.197336077690124512e+00 1.770902752876281738e+00 -8.755522966384887695e-01 1.207163214683532715e+00 -9.770221114158630371e-01 -9.570631384849548340e-01 -1.149027585983276367e+00 1.223743796348571777e+00 -2.590268254280090332e-01 -1.027502894401550293e+00 -9.968247413635253906e-01 -9.129781723022460938e-01 -7.237711548805236816e-02 1.664606809616088867e+00 9.415311217308044434e-01 1.421296834945678711e+00 -7.795860618352890015e-02 -1.560552835464477539e+00 -2.861906588077545166e-01
-9.964112639427185059e-01 1.065122127532958984e+00 1.790029168128967285e+00 -7.677809000015258789e-01 1.338566660881042480e+00 -9.701370596885681152e-01 -8.649499416351318359e-01 -1.160610795021057129e+00 1.276769042015075684e+00 -4.144390821456909180e-01 -1.081571340560913086e+00 -9.698913097381591797e-01 -7.631779909133911133e-01 -7.512697577476501465e-02 1.790238261222839355e+00 1.045242428779602051e+00 1.375441193580627441e+00 -5.904237926006317139e-02 -1.452876925468444824e+00 -2.491033673286437988e-01
-1.077575683593750000e+00 9.322994947433471680e-01 1.764402508735656738e+00 -6.985091567039489746e-01 1.440083026885986328e+00 -9.618573188781738281e-01 -7.449249029159545898e-01 -1.179009318351745605e+00 1.302886247634887695e+00 -5.843366980552673340e-01 -1.094336509704589844e+00 -8.872267007827758789e-01 -5.870393514633178711e-01 -3.509849309921264648e-02 1.890893340110778809e+00 1.163718223571777344e+00 1.312885761260986328e+00 -6.328967213630676270e-02 -1.302292346954345703e+00 -2.400318682193756104e-01
-1.155573368072509766e+00 8.338193297386169434e-01 1.690360069274902344e+00 -6.819031834602355957e-01 1.503926038742065430e+00 -9.716888070106506348e-01 -6.068831682205200195e-01 -1.208259224891662598e+00 1.284677505493164062e+00 -7.567987442016601562e-01 -1.052384972572326660e+00 -7.219673395156860352e-01 -3.812009394168853760e-01 7.456403970718383789e-02 1.948954939842224121e+00 1.281343817710876465e+00 1.216538071632385254e+00 -1.166225820779800415e-01 -1.103176116943359375e+00 -2.764824926853179932e-01
-1.238441228866577148e+00 8.092305660247802734e-01 1.560953378677368164e+00 -7.736535668373107910e-01 1.459705829620361328e+00 -1.003524422645568848e+00 -4.711693823337554932e-01 -1.265641212463378906e+00 1.212220549583435059e+00 -8.965225219726562500e-01 -9.401873350143432617e-01 -5.023856759071350098e-01 -1.814352124929428101e-01 2.564101815223693848e-01 1.944134116172790527e+00 1.386224746704101562e+00 1.128898978233337402e+00 -2.079616636037826538e-01 -8.991409540176391602e-01 -3.627891838550567627e-01
-1.304519653320312500e+00 1.005345582962036133e+00 1.538304805755615234e+00 -1.090919137001037598e+00 1.451285362243652344e+00 -1.126874804496765137e+00 -4.143206775188446045e-01 -1.426570534706115723e+00 1.281643390655517578e+00 -9.814277291297912598e-01 -8.406924009323120117e-01 -3.311091363430023193e-01 -9.624281525611877441e-02 4.655051231384277344e-01 1.927644848823547363e+00 1.431246638298034668e+00 1.155996203422546387e+00 -3.320215940475463867e-01 -8.202449083328247070e-01 -5.157967209815979004e-01
-1.424766302108764648e+00 1.402214050292968750e+00 1.572877764701843262e+00 -1.585634946823120117e+00 1.335980772972106934e+00 -1.325504899024963379e+00 -6.266495585441589355e-01 -1.617187857627868652e+00 1.366838932037353516e+00 -9.140970110893249512e-01 -6.534767150878906250e-01 -2.399323731660842896e-01 -1.437571942806243896e-01 7.891292572021484375e-01 1.921772003173828125e+00 1.513112902641296387e+00 1.360830068588256836e+00 -5.101789236068725586e-01 -8.823327422142028809e-01 -6.651594042778015137e-01
-1.517862558364868164e+00 1.840013504028320312e+00 1.619133710861206055e+00 -1.905699372291564941e+00 1.185626864433288574e+00 -1.468585491180419922e+00 -9.204381704330444336e-01 -1.764684319496154785e+00 1.431151390075683594e+00 -7.673175930976867676e-01 -5.099660158157348633e-01 -3.051775395870208740e-01 -3.124279081821441650e-01 9.078475832939147949e-01 1.958180546760559082e+00 1.550399303436279297e+00 1.576685547828674316e+00 -6.564536094665527344e-01 -1.061980605125427246e+00 -7.547366619110107422e-01
-1.528986692428588867e+00 2.052761077880859375e+00 1.609629869461059570e+00 -2.020297050476074219e+00 1.034417748451232910e+00 -1.498894929885864258e+00 -1.131031870841979980e+00 -1.809499025344848633e+00 1.370071053504943848e+00 -5.770872831344604492e-01 -4.648641049861907959e-01 -4.287513792514801025e-01 -5.155041217803955078e-01 9.268152117729187012e-01 1.908561944961547852e+00 1.479109764099121094e+00 1.718119621276855469e+00 -6.961772441864013672e-01 -1.230690836906433105e+00 -7.363221049308776855e-01
-1.502748489379882812e+00 2.089419841766357422e+00 1.572501420974731445e+00 -1.998901724815368652e+00 9.342188835144042969e-01 -1.456863045692443848e+00 -1.247211694717407227e+00 -1.781262874603271484e+00 1.269319415092468262e+00 -4.281719326972961426e-01 -4.677069783210754395e-01 -5.396897196769714355e-01 -6.703208684921264648e-01 9.003574848175048828e-01 1.830394029617309570e+00 1.388618230819702148e+00 1.787346959114074707e+00 -6.703634858131408691e-01 -1.340149283409118652e+00 -6.713883280754089355e-01
-1.460449457168579102e+00 2.024598121643066406e+00 1.526963233947753906e+00 -1.922446846961975098e+00 8.729882836341857910e-01 -1.392919182777404785e+00 -1.297252297401428223e+00 -1.727425098419189453e+00 1.177437305450439453e+00 -3.124951422214508057e-01 -4.807265996932983398e-01 -6.225987672805786133e-01 -7.626394033432006836e-01 8.608785867691040039e-01 1.756725907325744629e+00 1.317399859428405762e+00 1.815254211425781250e+00 -6.321457028388977051e-01 -1.401757121086120605e+00 -5.956459045410156250e-01
-1.425875186920166016e+00 1.922932863235473633e+00 1.483679771423339844e+00 -1.828094720840454102e+00 8.486917614936828613e-01 -1.322806954383850098e+00 -1.315043210983276367e+00 -1.676831483840942383e+00 1.111830830574035645e+00 -2.306106686592102051e-01 -5.048822164535522461e-01 -6.916742324829101562e-01 -8.192128539085388184e-01 8.245596289634704590e-01 1.700785040855407715e+00 1.269436001777648926e+00 1.835393190383911133e+00 -5.894274115562438965e-01 -1.439469456672668457e+00 -5.224759578704833984e-01
-1.423281908035278320e+00 1.805401086807250977e+00 1.443587183952331543e+00 -1.711656689643859863e+00 8.753573298454284668e-01 -1.244091391563415527e+00 -1.329205274581909180e+00 -1.635897040367126465e+00 1.087501883506774902e+00 -2.019133120775222778e-01 -5.380187034606933594e-01 -7.585017681121826172e-01 -8.443650603294372559e-01 8.023560047149658203e-01 1.678215146064758301e+00 1.260828614234924316e+00 1.867475271224975586e+00 -5.470799803733825684e-01 -1.461409449577331543e+00 -4.382196366786956787e-01
-1.438485145568847656e+00 1.671815276145935059e+00 1.412195801734924316e+00 -1.585729241371154785e+00 9.498836994171142578e-01 -1.182382583618164062e+00 -1.331306815147399902e+00 -1.604036927223205566e+00 1.088598966598510742e+00 -2.134005278348922729e-01 -5.758181810379028320e-01 -7.988799810409545898e-01 -8.236764669418334961e-01 8.105788230895996094e-01 1.686834216117858887e+00 1.274373531341552734e+00 1.890664696693420410e+00 -5.133310556411743164e-01 -1.448692440986633301e+00 -3.478251099586486816e-01
-1.475217819213867188e+00 1.481599211692810059e+00 1.365716338157653809e+00 -1.434361934661865234e+00 1.078591823577880859e+00 -1.126646995544433594e+00 -1.290607571601867676e+00 -1.586965084075927734e+00 1.112884521484375000e+00 -2.754490673542022705e-01 -6.254085302352905273e-01 -8.038033246994018555e-01 -7.353208065032958984e-01 8.492561578750610352e-01 1.717737078666687012e+00 1.313135385513305664e+00 1.888383269309997559e+00 -4.854526817798614502e-01 -1.368679642677307129e+00 -2.421841919422149658e-01
-1.515316486358642578e+00 1.211830258369445801e+00 1.291301369667053223e+00 -1.231567025184631348e+00 1.282316327095031738e+00 -1.060878396034240723e+00 -1.181337952613830566e+00 -1.551002144813537598e+00 1.157610177993774414e+00 -4.271684288978576660e-01 -6.780163049697875977e-01 -7.310440540313720703e-01 -5.535816550254821777e-01 9.181376695632934570e-01 1.756163120269775391e+00 1.374395370483398438e+00 1.825667738914489746e+00 -4.528244733810424805e-01 -1.179168701171875000e+00 -1.331635117530822754e-01
-1.542430162429809570e+00 9.399224519729614258e-01 1.263759493827819824e+00 -9.633652567863464355e-01 1.628539085388183594e+00 -1.042119860649108887e+00 -9.759658575057983398e-01 -1.501860141754150391e+00 1.318594694137573242e+00 -7.603714466094970703e-01 -8.340011835098266602e-01 -5.653240084648132324e-01 -2.878654897212982178e-01 9.352653622627258301e-01 1.822101950645446777e+00 1.423985123634338379e+00 1.666803836822509766e+00 -3.449794054031372070e-01 -8.716474175453186035e-01 -8.448849618434906006e-02
-1.370749950408935547e+00 8.797642588615417480e-01 1.332631230354309082e+00 -7.734242677688598633e-01 2.032394409179687500e+00 -1.050394058227539062e+00 -7.395859956741333008e-01 -1.460043311119079590e+00 1.668376207351684570e+00 -1.079257369041442871e+00 -9.779059886932373047e-01 -4.530578553676605225e-01 -3.858443349599838257e-03 7.209165096282958984e-01 1.856743097305297852e+00 1.358660101890563965e+00 1.468889474868774414e+00 -2.260248363018035889e-01 -6.425227522850036621e-01 -1.946313679218292236e-01
-1.085437774658203125e+00 1.075054049491882324e+00 1.423171162605285645e+00 -8.515868782997131348e-01 2.176900386810302734e+00 -1.107669353485107422e+00 -5.916305780410766602e-01 -1.392776608467102051e+00 1.965910911560058594e+00 -1.171409845352172852e+00 -1.009911060333251953e+00 -4.274076521396636963e-01 7.675145566463470459e-02 4.487792551517486572e-01 1.868315815925598145e+00 1.243960261344909668e+00 1.381224632263183594e+00 -2.180915027856826782e-01 -6.136104464530944824e-01 -4.075500071048736572e-01
-8.420934081077575684e-01 1.385289192199707031e+00 1.525761961936950684e+00 -9.809218049049377441e-01 2.198601484298706055e+00 -1.212919116020202637e+00 -5.234983563423156738e-01 -1.373851418495178223e+00 2.170951128005981445e+00 -1.159301280975341797e+00 -1.014891147613525391e+00 -4.209209382534027100e-01 4.193449020385742188e-02 1.924104839563369751e-01 1.885594010353088379e+00 1.130025148391723633e+00 1.306777954101562500e+00 -2.681104242801666260e-01 -6.593373417854309082e-01 -6.423501968383789062e-01
-6.835646629333496094e-01 1.655840873718261719e+00 1.569664955139160156e+00 -1.056041359901428223e+00 2.123957395553588867e+00 -1.281492590904235840e+00 -4.910134673118591309e-01 -1.350228309631347656e+00 2.248677253723144531e+00 -1.106928586959838867e+00 -1.030528664588928223e+00 -4.291324913501739502e-01 -6.152684614062309265e-02 1.498767361044883728e-02 1.864328861236572266e+00 9.879498481750488281e-01 1.235587120056152344e+00 -3.325505554676055908e-01 -7.298250198364257812e-01 -7.886424064636230469e-01
-5.615993738174438477e-01 1.874241113662719727e+00 1.582285881042480469e+00 -1.100592255592346191e+00 1.994937300682067871e+00 -1.314490437507629395e+00 -4.672047495841979980e-01 -1.314202070236206055e+00 2.250186681747436523e+00 -1.042593479156494141e+00 -1.030440330505371094e+00 -4.306277036666870117e-01 -1.758045703172683716e-01 -1.271509379148483276e-01 1.805586934089660645e+00 8.470968604087829590e-01 1.152816653251647949e+00 -3.828855454921722412e-01 -7.945659160614013672e-01 -9.025100469589233398e-01
-4.665008187294006348e-01 2.017394065856933594e+00 1.570635914802551270e+00 -1.115621089935302734e+00 1.837600708007812500e+00 -1.318057656288146973e+00 -4.399912953376770020e-01 -1.272242903709411621e+00 2.201864480972290039e+00 -9.652994275093078613e-01 -1.021912455558776855e+00 -4.367865920066833496e-01 -2.793573737144470215e-01 -2.551306486129760742e-01 1.735566258430480957e+00 7.229849100112915039e-01 1.066317081451416016e+00 -4.249969720840454102e-01 -8.530040979385375977e-01 -9.824005961418151855e-01
-4.299100637435913086e-01 2.058392763137817383e+00 1.575243353843688965e+00 -1.096470832824707031e+00 1.722489476203918457e+00 -1.321317791938781738e+00 -4.327351450920104980e-01 -1.264548778533935547e+00 2.165944576263427734e+00 -8.731786608695983887e-01 -1.017335414886474609e+00 -4.862686991691589355e-01 -3.428676724433898926e-01 -3.770022690296173096e-01 1.717663645744323730e+00 6.700991988182067871e-01 1.016808986663818359e+00 -4.625170528888702393e-01 -9.227462410926818848e-01 -1.007432937622070312e+00
-4.228493869304656982e-01 2.044899702072143555e+00 1.595621228218078613e+00 -1.045094370841979980e+00 1.626564860343933105e+00 -1.305206656455993652e+00 -4.497095644474029541e-01 -1.239500284194946289e+00 2.107998847961425781e+00 -7.832448482513427734e-01 -1.013275980949401855e+00 -5.709545612335205078e-01 -3.982284367084503174e-01 -4.879539012908935547e-01 1.722227692604064941e+00 6.585224270820617676e-01 9.991948008537292480e-01 -4.543853402137756348e-01 -9.951248764991760254e-01 -9.861623644828796387e-01
-4.497345983982086182e-01 1.986451745033264160e+00 1.652861595153808594e+00 -9.799669384956359863e-01 1.540128350257873535e+00 -1.274590849876403809e+00 -4.806216657161712646e-01 -1.223315715789794922e+00 2.040103673934936523e+00 -7.118238210678100586e-01 -1.028587698936462402e+00 -6.953519582748413086e-01 -4.641415476799011230e-01 -5.935552716255187988e-01 1.727869391441345215e+00 6.511546373367309570e-01 1.018453598022460938e+00 -4.132856130599975586e-01 -1.113110423088073730e+00 -9.085636734962463379e-01
-5.514141321182250977e-01 1.882506489753723145e+00 1.767143726348876953e+00 -9.072915315628051758e-01 1.533483266830444336e+00 -1.237862944602966309e+00 -5.352168083190917969e-01 -1.257460355758666992e+00 1.987210631370544434e+00 -6.790458559989929199e-01 -1.081824302673339844e+00 -8.613562583923339844e-01 -5.169493556022644043e-01 -6.555290818214416504e-01 1.778711199760437012e+00 6.699981093406677246e-01 1.080535173416137695e+00 -3.482296764850616455e-01 -1.247310876846313477e+00 -7.633107304573059082e-01
-6.671042442321777344e-01 1.678911924362182617e+00 1.873446583747863770e+00 -7.959338426589965820e-01 1.602706313133239746e+00 -1.184314966201782227e+00 -5.858849883079528809e-01 -1.316456913948059082e+00 1.958040475845336914e+00 -6.472883820533752441e-01 -1.166071176528930664e+00 -1.097804546356201172e+00 -5.037982463836669922e-01 -7.077624797821044922e-01 1.861242294311523438e+00 7.173061966896057129e-01 1.192110776901245117e+00 -2.443320602178573608e-01 -1.345525503158569336e+00 -5.533789396286010742e-01
-8.215177655220031738e-01 1.330709099769592285e+00 1.889468789100646973e+00 -6.077791452407836914e-01 1.692130327224731445e+00 -1.075263381004333496e+00 -6.588379740715026855e-01 -1.346124053001403809e+00 1.898755192756652832e+00 -5.875121355056762695e-01 -1.262185096740722656e+00 -1.382155656814575195e+00 -4.425373673439025879e-01 -6.866328120231628418e-01 1.985829472541809082e+00 7.849583625793457031e-01 1.358221530914306641e+00 -1.407231390476226807e-01 -1.404204845428466797e+00 -2.003664970397949219e-01
-9.225181937217712402e-01 8.504451513290405273e-01 1.925202012062072754e+00 -4.266711175441741943e-01 1.952864885330200195e+00 -9.781249761581420898e-01 -7.826586365699768066e-01 -1.309148669242858887e+00 1.855279564857482910e+00 -5.568233728408813477e-01 -1.305281877517700195e+00 -1.517596244812011719e+00 -2.508261501789093018e-01 -5.928374528884887695e-01 2.158231735229492188e+00 9.736926555633544922e-01 1.467045426368713379e+00 2.132788300514221191e-03 -1.336129784584045410e+00 1.246660500764846802e-01
-9.521906971931457520e-01 5.047810673713684082e-01 1.933329343795776367e+00 -3.786299526691436768e-01 2.182344913482666016e+00 -9.462516307830810547e-01 -8.257598280906677246e-01 -1.309158086776733398e+00 1.871206045150756836e+00 -5.574465990066528320e-01 -1.295134425163269043e+00 -1.521347761154174805e+00 -5.737238004803657532e-02 -5.055634975433349609e-01 2.300807714462280273e+00 1.141127824783325195e+00 1.504035353660583496e+00 6.752116978168487549e-02 -1.220276951789855957e+00 2.801163196563720703e-01
-9.468511343002319336e-01 3.342235684394836426e-01 1.922534823417663574e+00 -3.841920793056488037e-01 2.333988189697265625e+00 -9.424374103546142578e-01 -8.375043869018554688e-01 -1.309009432792663574e+00 1.891519188880920410e+00 -5.656224489212036133e-01 -1.256655931472778320e+00 -1.471539020538330078e+00 7.877621054649353027e-02 -4.402698278427124023e-01 2.379517793655395508e+00 1.247689366340637207e+00 1.505421400070190430e+00 8.022595942020416260e-02 -1.123581171035766602e+00 3.218833506107330322e-01
-9.263311028480529785e-01 2.891222536563873291e-01 1.924362182617187500e+00 -4.169278144836425781e-01 2.457082509994506836e+00 -9.743322730064392090e-01 -8.650975823402404785e-01 -1.333930253982543945e+00 1.928721189498901367e+00 -5.660687088966369629e-01 -1.213583707809448242e+00 -1.427570819854736328e+00 1.722940951585769653e-01 -3.930283486843109131e-01 2.437904119491577148e+00 1.315550327301025391e+00 1.518207073211669922e+00 6.366550922393798828e-02 -1.068592071533203125e+00 3.123919069766998291e-01
-8.746200203895568848e-01 3.053462505340576172e-01 1.927992701530456543e+00 -4.481540918350219727e-01 2.561220169067382812e+00 -1.014478325843811035e+00 -8.745530843734741211e-01 -1.345885396003723145e+00 1.987771868705749512e+00 -5.694773793220520020e-01 -1.188455700874328613e+00 -1.380395412445068359e+00 2.329619228839874268e-01 -3.785628378391265869e-01 2.460774183273315430e+00 1.339637875556945801e+00 1.514739155769348145e+00 4.185466095805168152e-02 -1.025455713272094727e+00 2.632351815700531006e-01
-8.081166744232177734e-01 3.607168197631835938e-01 1.939810276031494141e+00 -4.761523604393005371e-01 2.651873826980590820e+00 -1.054817199707031250e+00 -8.727834820747375488e-01 -1.348288893699645996e+00 2.062187671661376953e+00 -5.769358277320861816e-01 -1.182649612426757812e+00 -1.334284186363220215e+00 2.645325362682342529e-01 -3.854123950004577637e-01 2.457089424133300781e+00 1.336488962173461914e+00 1.500606894493103027e+00 2.113691344857215881e-02 -9.979296922683715820e-01 1.858232319355010986e-01
-7.294387221336364746e-01 4.432046413421630859e-01 1.940417051315307617e+00 -4.984224140644073486e-01 2.724075555801391602e+00 -1.087828516960144043e+00 -8.547095656394958496e-01 -1.337697386741638184e+00 2.135162591934204102e+00 -5.913909077644348145e-01 -1.185287594795227051e+00 -1.280191898345947266e+00 2.780783474445343018e-01 -4.047844409942626953e-01 2.428485393524169922e+00 1.308205723762512207e+00 1.472248077392578125e+00 -1.771375536918640137e-04 -9.691558480262756348e-01 8.840503543615341187e-02
-6.415833830833435059e-01 5.518379211425781250e-01 1.916850805282592773e+00 -5.168353915214538574e-01 2.769353151321411133e+00 -1.109372138977050781e+00 -8.175307512283325195e-01 -1.311684727668762207e+00 2.199344158172607422e+00 -6.174584031105041504e-01 -1.191139936447143555e+00 -1.208624005317687988e+00 2.744369208812713623e-01 -4.235152304172515869e-01 2.363988876342773438e+00 1.253798842430114746e+00 1.430033206939697266e+00 -2.061251178383827209e-02 -9.315322637557983398e-01 -3.031265735626220703e-02
