-1.176277279853820801e+00 1.185092806816101074e+00 1.370043277740478516e+00 -1.591213703155517578e+00 1.545073270797729492e+00 -7.802024483680725098e-01 -5.305977463722229004e-01 -1.530120968818664551e+00 1.460352540016174316e+00 -7.280813455581665039e-01 -8.864322900772094727e-01 -6.916424036026000977e-01 -4.208769798278808594e-01 4.508273303508758545e-01 1.739633321762084961e+00 1.166385650634765625e+00 1.669489622116088867e+00 -2.047289609909057617e-01 -1.107123732566833496e+00 -5.747801065444946289e-01
-1.124405026435852051e+00 1.153990745544433594e+00 1.484705924987792969e+00 -1.531570911407470703e+00 1.463889956474304199e+00 -8.182083964347839355e-01 -4.839528501033782959e-01 -1.500878095626831055e+00 1.418395161628723145e+00 -6.520201563835144043e-01 -8.509780168533325195e-01 -7.915977239608764648e-01 -4.383532106876373291e-01 2.950661480426788330e-01 1.782113671302795410e+00 1.176777958869934082e+00 1.630763292312622070e+00 -1.722413301467895508e-01 -1.193749189376831055e+00 -5.712785720825195312e-01
-1.117979884147644043e+00 1.137997984886169434e+00 1.629435777664184570e+00 -1.443386912345886230e+00 1.366228461265563965e+00 -8.774822354316711426e-01 -4.763750135898590088e-01 -1.474702239036560059e+00 1.363589882850646973e+00 -5.828889608383178711e-01 -8.325173258781433105e-01 -8.880986571311950684e-01 -4.739387929439544678e-01 1.658946275711059570e-01 1.829633712768554688e+00 1.191430568695068359e+00 1.582461118698120117e+00 -1.362391263246536255e-01 -1.299994349479675293e+00 -5.511207580566406250e-01
-1.135182023048400879e+00 1.167266368865966797e+00 1.786753296852111816e+00 -1.350802302360534668e+00 1.260682106018066406e+00 -9.546535015106201172e-01 -4.982242882251739502e-01 -1.454509615898132324e+00 1.311460614204406738e+00 -5.210029482841491699e-01 -8.338162302970886230e-01 -9.751199483871459961e-01 -5.466290712356567383e-01 6.532415747642517090e-02 1.861312866210937500e+00 1.192920565605163574e+00 1.540294528007507324e+00 -1.043861061334609985e-01 -1.423626661300659180e+00 -5.324591398239135742e-01
-1.175286173820495605e+00 1.231389999389648438e+00 1.939957141876220703e+00 -1.264862298965454102e+00 1.137914061546325684e+00 -1.050635576248168945e+00 -5.537776350975036621e-01 -1.424291610717773438e+00 1.250852584838867188e+00 -4.726664125919342041e-01 -8.425403833389282227e-01 -1.019870519638061523e+00 -6.529209017753601074e-01 3.494841977953910828e-02 1.846949100494384766e+00 1.172211647033691406e+00 1.496743917465209961e+00 -7.588528841733932495e-02 -1.541094660758972168e+00 -5.093768835067749023e-01
-1.194605708122253418e+00 1.314188003540039062e+00 2.032726764678955078e+00 -1.187229275703430176e+00 1.027971386909484863e+00 -1.138070106506347656e+00 -6.300084590911865234e-01 -1.389687776565551758e+00 1.192007541656494141e+00 -4.188813865184783936e-01 -8.512756228446960449e-01 -1.028332829475402832e+00 -7.692325711250305176e-01 5.184385925531387329e-02 1.774374008178710938e+00 1.137708663940429688e+00 1.475324392318725586e+00 -5.128554254770278931e-02 -1.629373192787170410e+00 -5.244462490081787109e-01
-1.178634762763977051e+00 1.411483407020568848e+00 2.046910524368286133e+00 -1.107611536979675293e+00 9.585435986518859863e-01 -1.223893642425537109e+00 -7.228208780288696289e-01 -1.356639623641967773e+00 1.136515021324157715e+00 -3.536554872989654541e-01 -8.573632240295410156e-01 -9.800372123718261719e-01 -8.413720130920410156e-01 1.077453941106796265e-01 1.664128780364990234e+00 1.071967124938964844e+00 1.428171157836914062e+00 -7.395386695861816406e-02 -1.650925636291503906e+00 -5.535038709640502930e-01
-1.106941223144531250e+00 1.469946265220642090e+00 1.991922259330749512e+00 -1.065095067024230957e+00 9.782690405845642090e-01 -1.283150672912597656e+00 -7.969502210617065430e-01 -1.345418572425842285e+00 1.122695088386535645e+00 -2.731207609176635742e-01 -8.592258691787719727e-01 -9.067972898483276367e-01 -8.386464715003967285e-01 1.612189412117004395e-01 1.578347682952880859e+00 1.019034028053283691e+00 1.383370757102966309e+00 -1.532123237848281860e-01 -1.614643692970275879e+00 -5.955625772476196289e-01
-1.000406146049499512e+00 1.482195019721984863e+00 1.880480051040649414e+00 -1.045167207717895508e+00 1.015201330184936523e+00 -1.282162070274353027e+00 -8.533882498741149902e-01 -1.317114472389221191e+00 1.118210315704345703e+00 -1.938933134078979492e-01 -8.457905650138854980e-01 -8.215727210044860840e-01 -8.084003329277038574e-01 2.003842890262603760e-01 1.489987492561340332e+00 9.620875716209411621e-01 1.340401530265808105e+00 -2.289148569107055664e-01 -1.544083833694458008e+00 -6.235030889511108398e-01
-9.151640534400939941e-01 1.482117891311645508e+00 1.767408728599548340e+00 -1.061471939086914062e+00 1.074643373489379883e+00 -1.260357260704040527e+00 -9.514038562774658203e-01 -1.295973658561706543e+00 1.160100102424621582e+00 -1.455864310264587402e-01 -8.137782216072082520e-01 -7.457553148269653320e-01 -7.992298603057861328e-01 2.571542859077453613e-01 1.422948122024536133e+00 9.225177168846130371e-01 1.345944404602050781e+00 -2.835579514503479004e-01 -1.480553030967712402e+00 -5.947523117065429688e-01
-8.363322019577026367e-01 1.345481395721435547e+00 1.682325959205627441e+00 -1.067004561424255371e+00 1.209567308425903320e+00 -1.193786859512329102e+00 -1.027967453002929688e+00 -1.238558173179626465e+00 1.232666015625000000e+00 -1.276584118604660034e-01 -8.188924789428710938e-01 -6.960230469703674316e-01 -7.428539395332336426e-01 3.025053739547729492e-01 1.412037730216979980e+00 9.254989624023437500e-01 1.375424146652221680e+00 -2.507160604000091553e-01 -1.387608051300048828e+00 -5.140895843505859375e-01
-8.008497357368469238e-01 1.222291707992553711e+00 1.649939656257629395e+00 -1.154821276664733887e+00 1.381039023399353027e+00 -1.126117110252380371e+00 -1.106788992881774902e+00 -1.233478784561157227e+00 1.340518355369567871e+00 -1.389510333538055420e-01 -8.299944996833801270e-01 -6.842785477638244629e-01 -7.011704444885253906e-01 3.150649070739746094e-01 1.483675003051757812e+00 9.711925387382507324e-01 1.454084634780883789e+00 -1.867651045322418213e-01 -1.326817035675048828e+00 -4.583311080932617188e-01
-7.632043361663818359e-01 1.126749873161315918e+00 1.602948188781738281e+00 -1.259041309356689453e+00 1.560680031776428223e+00 -9.958783984184265137e-01 -1.135227680206298828e+00 -1.255742073059082031e+00 1.491782903671264648e+00 -1.763467192649841309e-01 -8.409606218338012695e-01 -7.539442181587219238e-01 -6.396651268005371094e-01 2.300097048282623291e-01 1.606579303741455078e+00 1.056606173515319824e+00 1.567658305168151855e+00 -1.421841830015182495e-01 -1.308436393737792969e+00 -4.226672351360321045e-01
-7.589145898818969727e-01 1.019788503646850586e+00 1.557216644287109375e+00 -1.310148477554321289e+00 1.680817604064941406e+00 -8.679009079933166504e-01 -1.125288724899291992e+00 -1.286031842231750488e+00 1.580228090286254883e+00 -2.097660899162292480e-01 -8.503640294075012207e-01 -8.450537323951721191e-01 -5.959889292716979980e-01 1.470027118921279907e-01 1.696956515312194824e+00 1.136865735054016113e+00 1.663959145545959473e+00 -8.859804272651672363e-02 -1.307704329490661621e+00 -3.859629929065704346e-01
-8.071754574775695801e-01 9.659032821655273438e-01 1.540671229362487793e+00 -1.315007209777832031e+00 1.791589975357055664e+00 -8.030908107757568359e-01 -1.120752811431884766e+00 -1.371487736701965332e+00 1.618866443634033203e+00 -2.365387082099914551e-01 -8.756411075592041016e-01 -9.414803981781005859e-01 -5.799123048782348633e-01 1.080041974782943726e-01 1.762255311012268066e+00 1.201533675193786621e+00 1.747724413871765137e+00 -6.549488753080368042e-02 -1.333823204040527344e+00 -3.622052967548370361e-01
-8.703265786170959473e-01 9.122762680053710938e-01 1.517531991004943848e+00 -1.300290346145629883e+00 1.850114226341247559e+00 -7.419062256813049316e-01 -1.117834925651550293e+00 -1.444343328475952148e+00 1.620130538940429688e+00 -2.475480437278747559e-01 -9.037761092185974121e-01 -1.032439589500427246e+00 -5.764732360839843750e-01 9.322170913219451904e-02 1.802216649055480957e+00 1.241019487380981445e+00 1.817376136779785156e+00 -4.431695491075515747e-02 -1.358565568923950195e+00 -3.302493691444396973e-01
-9.324787855148315430e-01 8.837041854858398438e-01 1.478964924812316895e+00 -1.278477072715759277e+00 1.878160119056701660e+00 -6.916334629058837891e-01 -1.129229664802551270e+00 -1.504242658615112305e+00 1.611298322677612305e+00 -2.565531432628631592e-01 -9.203228354454040527e-01 -1.103883266448974609e+00 -5.903510451316833496e-01 1.001141518354415894e-01 1.806367635726928711e+00 1.259276866912841797e+00 1.879271030426025391e+00 -2.341902442276477814e-02 -1.373588204383850098e+00 -2.992043197154998779e-01
-9.991021752357482910e-01 8.758528232574462891e-01 1.425295591354370117e+00 -1.242741703987121582e+00 1.894081115722656250e+00 -6.728679537773132324e-01 -1.136357307434082031e+00 -1.561607003211975098e+00 1.610561728477478027e+00 -2.847031652927398682e-01 -9.307511448860168457e-01 -1.143817186355590820e+00 -5.963561534881591797e-01 1.537711024284362793e-01 1.795745372772216797e+00 1.260581612586975098e+00 1.936602830886840820e+00 -1.744708046317100525e-02 -1.354564070701599121e+00 -2.704606652259826660e-01
-1.053785562515258789e+00 8.810360431671142578e-01 1.336664319038391113e+00 -1.197481393814086914e+00 1.882172942161560059e+00 -6.731992363929748535e-01 -1.131050705909729004e+00 -1.607433915138244629e+00 1.591870903968811035e+00 -3.164213895797729492e-01 -9.151723980903625488e-01 -1.144484281539916992e+00 -5.831754803657531738e-01 2.438623607158660889e-01 1.751810193061828613e+00 1.235266804695129395e+00 1.969386219978332520e+00 -3.235924988985061646e-02 -1.294809460639953613e+00 -2.413376867771148682e-01
-1.077524900436401367e+00 8.945108056068420410e-01 1.212432622909545898e+00 -1.127954006195068359e+00 1.846549749374389648e+00 -6.941267251968383789e-01 -1.113126754760742188e+00 -1.619562387466430664e+00 1.552843332290649414e+00 -3.541287779808044434e-01 -8.659562468528747559e-01 -1.092054605484008789e+00 -5.290229916572570801e-01 3.573726415634155273e-01 1.673215150833129883e+00 1.178445100784301758e+00 1.953878521919250488e+00 -7.084806263446807861e-02 -1.177562713623046875e+00 -2.063779383897781372e-01
-1.097598314285278320e+00 1.002772450447082520e+00 1.117755889892578125e+00 -1.068560004234313965e+00 1.819973230361938477e+00 -7.814608812332153320e-01 -1.107583165168762207e+00 -1.631163477897644043e+00 1.524564146995544434e+00 -4.094952940940856934e-01 -7.969904541969299316e-01 -9.854792356491088867e-01 -4.421507418155670166e-01 4.753069579601287842e-01 1.626099109649658203e+00 1.117763996124267578e+00 1.890963912010192871e+00 -1.721066683530807495e-01 -1.040118575096130371e+00 -2.001416236162185669e-01
-1.082409024238586426e+00 1.170124411582946777e+00 1.071527242660522461e+00 -1.021249413490295410e+00 1.827649712562561035e+00 -9.324707388877868652e-01 -1.111510038375854492e+00 -1.640491724014282227e+00 1.525492787361145020e+00 -4.705155193805694580e-01 -7.160797715187072754e-01 -8.647065162658691406e-01 -3.168059587478637695e-01 5.562176704406738281e-01 1.608982086181640625e+00 1.030896067619323730e+00 1.786192297935485840e+00 -3.180454075336456299e-01 -8.997932672500610352e-01 -1.880678832530975342e-01
-1.013106346130371094e+00 1.345142483711242676e+00 1.094915270805358887e+00 -9.926352500915527344e-01 1.895105719566345215e+00 -1.113833546638488770e+00 -1.131456255912780762e+00 -1.626521944999694824e+00 1.573668599128723145e+00 -5.313069224357604980e-01 -6.319246888160705566e-01 -7.422087192535400391e-01 -1.627299487590789795e-01 5.632614493370056152e-01 1.657025337219238281e+00 9.625696539878845215e-01 1.656242966651916504e+00 -4.717623293399810791e-01 -7.759033441543579102e-01 -1.709893792867660522e-01
-9.322726726531982422e-01 1.519258975982666016e+00 1.201905012130737305e+00 -1.000346899032592773e+00 1.972238063812255859e+00 -1.268598079681396484e+00 -1.192093968391418457e+00 -1.578602433204650879e+00 1.684521436691284180e+00 -5.890076160430908203e-01 -5.885577201843261719e-01 -6.070988774299621582e-01 -3.863634914159774780e-02 5.245755910873413086e-01 1.702357292175292969e+00 9.290974736213684082e-01 1.498332977294921875e+00 -5.782865881919860840e-01 -7.201669216156005859e-01 -2.132550477981567383e-01
-8.367063403129577637e-01 1.627280831336975098e+00 1.359028458595275879e+00 -1.002637743949890137e+00 2.060029506683349609e+00 -1.415759444236755371e+00 -1.252076148986816406e+00 -1.507609248161315918e+00 1.810847759246826172e+00 -6.238909959793090820e-01 -5.408710837364196777e-01 -4.962361156940460205e-01 8.282117545604705811e-02 4.514340460300445557e-01 1.771597743034362793e+00 9.389659762382507324e-01 1.327567577362060547e+00 -6.543923616409301758e-01 -6.920782327651977539e-01 -2.388058900833129883e-01
-7.343891859054565430e-01 1.656162381172180176e+00 1.527648687362670898e+00 -9.755621552467346191e-01 2.098746538162231445e+00 -1.519477367401123047e+00 -1.303822159767150879e+00 -1.379454612731933594e+00 1.904160380363464355e+00 -6.402415633201599121e-01 -4.983151853084564209e-01 -4.119698703289031982e-01 1.876880824565887451e-01 3.475937843322753906e-01 1.833738803863525391e+00 9.590246677398681641e-01 1.143346309661865234e+00 -6.839554309844970703e-01 -6.835513114929199219e-01 -2.253488600254058838e-01
-6.919384598731994629e-01 1.707956075668334961e+00 1.678293704986572266e+00 -9.925084710121154785e-01 2.105233669281005859e+00 -1.578802585601806641e+00 -1.374326586723327637e+00 -1.302995443344116211e+00 1.937541842460632324e+00 -6.582159996032714844e-01 -4.879365563392639160e-01 -3.764212727546691895e-01 1.768536567687988281e-01 2.486597001552581787e-01 1.899250268936157227e+00 1.003660798072814941e+00 1.065800189971923828e+00 -6.762352585792541504e-01 -7.552648782730102539e-01 -2.291735410690307617e-01
-6.957946419715881348e-01 1.724049329757690430e+00 1.765869617462158203e+00 -1.001707792282104492e+00 2.040552854537963867e+00 -1.587296843528747559e+00 -1.398617148399353027e+00 -1.242693066596984863e+00 1.921924710273742676e+00 -6.801806688308715820e-01 -4.852885603904724121e-01 -3.729400634765625000e-01 1.069807708263397217e-01 1.719710528850555420e-01 1.922940373420715332e+00 1.051229596138000488e+00 1.031200170516967773e+00 -6.326914429664611816e-01 -8.324184417724609375e-01 -2.246290743350982666e-01
-7.177320122718811035e-01 1.713647127151489258e+00 1.796836853027343750e+00 -9.776903986930847168e-01 1.922056317329406738e+00 -1.545246005058288574e+00 -1.423959136009216309e+00 -1.166415691375732422e+00 1.866118550300598145e+00 -6.977921128273010254e-01 -4.684999585151672363e-01 -3.911380171775817871e-01 1.371104270219802856e-03 1.236399039626121521e-01 1.902381896972656250e+00 1.092071533203125000e+00 1.017866969108581543e+00 -5.641970038414001465e-01 -9.036973714828491211e-01 -1.884886026382446289e-01
-7.596520781517028809e-01 1.704031705856323242e+00 1.778725266456604004e+00 -9.442448019981384277e-01 1.769611358642578125e+00 -1.476503252983093262e+00 -1.454408168792724609e+00 -1.092484116554260254e+00 1.789230942726135254e+00 -7.121159434318542480e-01 -4.348571896553039551e-01 -4.207352101802825928e-01 -1.208336725831031799e-01 1.211852580308914185e-01 1.846186280250549316e+00 1.126016259193420410e+00 1.030024170875549316e+00 -4.904300272464752197e-01 -9.628994464874267578e-01 -1.369853168725967407e-01
-8.560441732406616211e-01 1.736035466194152832e+00 1.733063101768493652e+00 -9.410496354103088379e-01 1.596913576126098633e+00 -1.400732278823852539e+00 -1.476320505142211914e+00 -1.048038840293884277e+00 1.689594984054565430e+00 -7.277335524559020996e-01 -4.194822907447814941e-01 -4.363124072551727295e-01 -2.731052637100219727e-01 1.621323674917221069e-01 1.795326352119445801e+00 1.165550231933593750e+00 1.074800014495849609e+00 -4.288057982921600342e-01 -1.019748330116271973e+00 -1.210127323865890503e-01
-9.463140964508056641e-01 1.773222208023071289e+00 1.650202155113220215e+00 -9.432235956192016602e-01 1.429604172706604004e+00 -1.315992474555969238e+00 -1.493810057640075684e+00 -1.016197323799133301e+00 1.585382938385009766e+00 -7.322069406509399414e-01 -4.028360843658447266e-01 -4.493117332458496094e-01 -4.168307781219482422e-01 2.233873605728149414e-01 1.721470594406127930e+00 1.184327363967895508e+00 1.129589319229125977e+00 -3.776131570339202881e-01 -1.054840326309204102e+00 -1.145075261592864990e-01
-1.038609385490417480e+00 1.791351437568664551e+00 1.560777664184570312e+00 -9.663763642311096191e-01 1.342902541160583496e+00 -1.263790845870971680e+00 -1.502557992935180664e+00 -1.061295747756958008e+00 1.506722211837768555e+00 -7.181999683380126953e-01 -4.200100004673004150e-01 -4.565338790416717529e-01 -5.275773406028747559e-01 2.890451252460479736e-01 1.677650690078735352e+00 1.206911206245422363e+00 1.202850818634033203e+00 -3.734150528907775879e-01 -1.080261826515197754e+00 -1.363181769847869873e-01
-1.086776733398437500e+00 1.813055634498596191e+00 1.491506814956665039e+00 -1.008998870849609375e+00 1.302443027496337891e+00 -1.207940340042114258e+00 -1.513611316680908203e+00 -1.112978696823120117e+00 1.479667067527770996e+00 -6.828761696815490723e-01 -4.601191282272338867e-01 -4.769496917724609375e-01 -6.228855252265930176e-01 3.024083673954010010e-01 1.643388748168945312e+00 1.200208187103271484e+00 1.271441698074340820e+00 -3.622885346412658691e-01 -1.120639801025390625e+00 -1.874078512191772461e-01
-1.081491708755493164e+00 1.820302844047546387e+00 1.441028356552124023e+00 -1.054154634475708008e+00 1.289428234100341797e+00 -1.148785352706909180e+00 -1.526056647300720215e+00 -1.133312106132507324e+00 1.475981116294860840e+00 -6.311346888542175293e-01 -4.876224994659423828e-01 -5.043929815292358398e-01 -6.945326328277587891e-01 2.806226015090942383e-01 1.608919143676757812e+00 1.181584477424621582e+00 1.323649525642395020e+00 -3.391085267066955566e-01 -1.153896450996398926e+00 -2.334746718406677246e-01
-1.021275162696838379e+00 1.820421099662780762e+00 1.430417299270629883e+00 -1.107417821884155273e+00 1.313338398933410645e+00 -1.099116921424865723e+00 -1.549251556396484375e+00 -1.124372124671936035e+00 1.507083058357238770e+00 -5.638359189033508301e-01 -4.935002624988555908e-01 -5.545294284820556641e-01 -7.531229853630065918e-01 2.116912007331848145e-01 1.597044229507446289e+00 1.174423336982727051e+00 1.389124512672424316e+00 -3.013395071029663086e-01 -1.203576326370239258e+00 -2.899423837661743164e-01
-9.073574542999267578e-01 1.792067408561706543e+00 1.460697531700134277e+00 -1.147441506385803223e+00 1.382869362831115723e+00 -1.053432822227478027e+00 -1.563802838325500488e+00 -1.077291727066040039e+00 1.582066655158996582e+00 -4.967535436153411865e-01 -4.798848628997802734e-01 -6.274828910827636719e-01 -7.830758690834045410e-01 9.012173861265182495e-02 1.635540127754211426e+00 1.184962511062622070e+00 1.456086516380310059e+00 -2.534428238868713379e-01 -1.250518321990966797e+00 -3.370961248874664307e-01
-7.624261379241943359e-01 1.725803375244140625e+00 1.525712728500366211e+00 -1.205483794212341309e+00 1.512112379074096680e+00 -1.005178570747375488e+00 -1.543635845184326172e+00 -1.039087772369384766e+00 1.716073751449584961e+00 -4.308038651943206787e-01 -4.479003548622131348e-01 -7.475919127464294434e-01 -7.948033213615417480e-01 -9.054303914308547974e-02 1.737580180168151855e+00 1.232791900634765625e+00 1.559736132621765137e+00 -2.110977470874786377e-01 -1.311753392219543457e+00 -3.743616342544555664e-01
-6.279810070991516113e-01 1.650773882865905762e+00 1.699806094169616699e+00 -1.249415397644042969e+00 1.715677499771118164e+00 -9.906885027885437012e-01 -1.490959763526916504e+00 -1.027727603912353516e+00 1.901369214057922363e+00 -3.920531868934631348e-01 -4.581616222858428955e-01 -9.129410386085510254e-01 -8.197470903396606445e-01 -2.574459612369537354e-01 1.866094231605529785e+00 1.299161911010742188e+00 1.713640570640563965e+00 -1.439274698495864868e-01 -1.420257687568664551e+00 -4.206495583057403564e-01
-5.405809879302978516e-01 1.550951600074768066e+00 1.883464932441711426e+00 -1.253161668777465820e+00 1.905246973037719727e+00 -9.814986586570739746e-01 -1.408268094062805176e+00 -1.037563085556030273e+00 2.028100728988647461e+00 -3.713342249393463135e-01 -5.133375525474548340e-01 -1.057066440582275391e+00 -8.408101797103881836e-01 -3.902595043182373047e-01 1.995458126068115234e+00 1.350093007087707520e+00 1.822207450866699219e+00 -7.895413041114807129e-02 -1.529783964157104492e+00 -4.577959179878234863e-01
-5.225836038589477539e-01 1.463346600532531738e+00 2.042102813720703125e+00 -1.263345956802368164e+00 2.072919368743896484e+00 -9.704353213310241699e-01 -1.332155227661132812e+00 -1.077443957328796387e+00 2.097377300262451172e+00 -3.885093927383422852e-01 -6.112805008888244629e-01 -1.168340921401977539e+00 -8.281281590461730957e-01 -4.759842455387115479e-01 2.127179145812988281e+00 1.400771379470825195e+00 1.890895009040832520e+00 -2.170725725591182709e-02 -1.611773371696472168e+00 -4.791223108768463135e-01
-5.396288037300109863e-01 1.392328619956970215e+00 2.134921550750732422e+00 -1.271618485450744629e+00 2.152369260787963867e+00 -9.516977071762084961e-01 -1.262267351150512695e+00 -1.119174718856811523e+00 2.107540130615234375e+00 -4.041693806648254395e-01 -6.989570856094360352e-01 -1.249008893966674805e+00 -8.113120794296264648e-01 -5.186052918434143066e-01 2.208422899246215820e+00 1.418315649032592773e+00 1.926888227462768555e+00 1.822822168469429016e-02 -1.667382001876831055e+00 -4.760737717151641846e-01
-5.793102383613586426e-01 1.283354997634887695e+00 2.171418905258178711e+00 -1.271616458892822266e+00 2.180298566818237305e+00 -9.235483407974243164e-01 -1.181560873985290527e+00 -1.168203115463256836e+00 2.079032182693481445e+00 -4.001813828945159912e-01 -7.873169779777526855e-01 -1.309548854827880859e+00 -7.810725569725036621e-01 -5.297359824180603027e-01 2.259032726287841797e+00 1.424941062927246094e+00 1.937593817710876465e+00 4.664159193634986877e-02 -1.691249608993530273e+00 -4.488250613212585449e-01
-6.382426619529724121e-01 1.165065288543701172e+00 2.165528535842895508e+00 -1.267828226089477539e+00 2.180949211120605469e+00 -8.779839873313903809e-01 -1.108750939369201660e+00 -1.219373464584350586e+00 2.024944067001342773e+00 -3.953284919261932373e-01 -8.642048239707946777e-01 -1.348420381546020508e+00 -7.492408752441406250e-01 -5.126032233238220215e-01 2.289023160934448242e+00 1.434971570968627930e+00 1.940706253051757812e+00 7.175958156585693359e-02 -1.696501851081848145e+00 -4.148851335048675537e-01
-7.288624644279479980e-01 1.040138363838195801e+00 2.113287687301635742e+00 -1.274659633636474609e+00 2.154996633529663086e+00 -8.052398562431335449e-01 -1.032280445098876953e+00 -1.280102014541625977e+00 1.933995962142944336e+00 -3.968242704868316650e-01 -9.362216591835021973e-01 -1.363891839981079102e+00 -7.174515128135681152e-01 -4.464726746082305908e-01 2.300023555755615234e+00 1.451925635337829590e+00 1.945775747299194336e+00 9.774386882781982422e-02 -1.683525323867797852e+00 -3.847438693046569824e-01
-8.647849559783935547e-01 8.610204458236694336e-01 1.958833217620849609e+00 -1.286079645156860352e+00 2.062084197998046875e+00 -6.730403900146484375e-01 -9.043554663658142090e-01 -1.345133781433105469e+00 1.747869372367858887e+00 -4.052851796150207520e-01 -1.007116198539733887e+00 -1.321768045425415039e+00 -6.575451493263244629e-01 -2.861734032630920410e-01 2.251619338989257812e+00 1.459566593170166016e+00 1.920228242874145508e+00 1.253288686275482178e-01 -1.608507513999938965e+00 -3.601022958755493164e-01
-1.148320913314819336e+00 6.829269528388977051e-01 1.633378505706787109e+00 -1.331186294555664062e+00 1.892525792121887207e+00 -5.705016255378723145e-01 -6.588816046714782715e-01 -1.522653818130493164e+00 1.504211306571960449e+00 -4.953579008579254150e-01 -1.120000004768371582e+00 -1.112679958343505859e+00 -5.804725289344787598e-01 1.688335388898849487e-01 2.042879819869995117e+00 1.388880133628845215e+00 1.873627781867980957e+00 8.207494020462036133e-02 -1.379617929458618164e+00 -3.696396052837371826e-01
-1.532274365425109863e+00 8.527258038520812988e-01 1.471019983291625977e+00 -1.373673796653747559e+00 1.868844985961914062e+00 -8.415642380714416504e-01 -5.490857958793640137e-01 -1.834177136421203613e+00 1.451334953308105469e+00 -7.876449823379516602e-01 -1.241069793701171875e+00 -8.248717784881591797e-01 -5.095113515853881836e-01 7.708137035369873047e-01 1.899531602859497070e+00 1.334225773811340332e+00 1.900990366935729980e+00 -1.199702173471450806e-01 -1.141870021820068359e+00 -4.005247056484222412e-01
-1.629233717918395996e+00 1.122440814971923828e+00 1.405564665794372559e+00 -1.386827707290649414e+00 1.725371241569519043e+00 -1.136102318763732910e+00 -6.114204525947570801e-01 -1.917789101600646973e+00 1.427087903022766113e+00 -8.981547355651855469e-01 -1.154939413070678711e+00 -5.911533832550048828e-01 -3.746705949306488037e-01 1.018176436424255371e+00 1.837880611419677734e+00 1.278491973876953125e+00 1.797276377677917480e+00 -3.376247286796569824e-01 -9.803394079208374023e-01 -4.183973968029022217e-01
-1.573070049285888672e+00 1.330465674400329590e+00 1.416340351104736328e+00 -1.411396026611328125e+00 1.739296913146972656e+00 -1.356040477752685547e+00 -6.634504795074462891e-01 -1.997468829154968262e+00 1.465199947357177734e+00 -8.867895007133483887e-01 -1.056457281112670898e+00 -4.822097420692443848e-01 -2.460318207740783691e-01 1.051958560943603516e+00 1.880283951759338379e+00 1.246191143989562988e+00 1.710228323936462402e+00 -5.468174815177917480e-01 -9.093562364578247070e-01 -4.636897742748260498e-01
-1.508492112159729004e+00 1.450847983360290527e+00 1.441827058792114258e+00 -1.409291386604309082e+00 1.731808543205261230e+00 -1.478228092193603516e+00 -6.935634613037109375e-01 -2.012324094772338867e+00 1.481835961341857910e+00 -8.570215702056884766e-01 -9.891754984855651855e-01 -4.161369502544403076e-01 -1.659598052501678467e-01 1.013054132461547852e+00 1.909184336662292480e+00 1.214302659034729004e+00 1.616935491561889648e+00 -6.642019152641296387e-01 -8.772553205490112305e-01 -5.080645084381103516e-01
-1.443268060684204102e+00 1.511668682098388672e+00 1.491824269294738770e+00 -1.386063575744628906e+00 1.723312616348266602e+00 -1.572792768478393555e+00 -7.099657058715820312e-01 -2.000235557556152344e+00 1.512294530868530273e+00 -8.224425911903381348e-01 -9.516758918762207031e-01 -3.764441311359405518e-01 -9.989007562398910522e-02 9.513271450996398926e-01 1.937435030937194824e+00 1.183873295783996582e+00 1.522756934165954590e+00 -7.355849146842956543e-01 -8.632614612579345703e-01 -5.340600013732910156e-01
-1.376113176345825195e+00 1.540710210800170898e+00 1.548740983009338379e+00 -1.348216772079467773e+00 1.712401747703552246e+00 -1.651329994201660156e+00 -7.078230381011962891e-01 -1.991891503334045410e+00 1.543509006500244141e+00 -7.729351520538330078e-01 -9.345827102661132812e-01 -3.740324378013610840e-01 -3.839057683944702148e-02 8.664644360542297363e-01 1.965757369995117188e+00 1.146915555000305176e+00 1.438367009162902832e+00 -7.847326397895812988e-01 -8.623864650726318359e-01 -5.457054376602172852e-01
-1.303256273269653320e+00 1.548592329025268555e+00 1.609520912170410156e+00 -1.293040990829467773e+00 1.700415253639221191e+00 -1.718412160873413086e+00 -6.895002722740173340e-01 -1.980337500572204590e+00 1.582030177116394043e+00 -7.156376242637634277e-01 -9.352681636810302734e-01 -4.063651561737060547e-01 2.059156820178031921e-02 7.617377638816833496e-01 1.992678403854370117e+00 1.106626033782958984e+00 1.368080854415893555e+00 -8.121932148933410645e-01 -8.695496320724487305e-01 -5.475972890853881836e-01
-1.226731061935424805e+00 1.543872117996215820e+00 1.669862508773803711e+00 -1.222529411315917969e+00 1.695635557174682617e+00 -1.773672699928283691e+00 -6.657340526580810547e-01 -1.958990097045898438e+00 1.626787662506103516e+00 -6.579897403717041016e-01 -9.493285417556762695e-01 -4.681465625762939453e-01 6.844303011894226074e-02 6.401556730270385742e-01 2.013318061828613281e+00 1.057028889656066895e+00 1.309857010841369629e+00 -8.217884302139282227e-01 -8.855240345001220703e-01 -5.347005128860473633e-01
-1.160239815711975098e+00 1.542315244674682617e+00 1.735405564308166504e+00 -1.156789898872375488e+00 1.723739743232727051e+00 -1.812074899673461914e+00 -6.429799795150756836e-01 -1.945373892784118652e+00 1.674662113189697266e+00 -6.192640066146850586e-01 -9.826575517654418945e-01 -5.464750528335571289e-01 8.703267574310302734e-02 5.176924467086791992e-01 2.028845310211181641e+00 1.007735729217529297e+00 1.281070470809936523e+00 -8.116073608398437500e-01 -9.256464242935180664e-01 -5.207334756851196289e-01
-1.104601979255676270e+00 1.533851027488708496e+00 1.790138006210327148e+00 -1.085559010505676270e+00 1.752132654190063477e+00 -1.827761530876159668e+00 -6.154311299324035645e-01 -1.939610362052917480e+00 1.711146473884582520e+00 -5.807328820228576660e-01 -1.030563831329345703e+00 -6.467090249061584473e-01 8.620965480804443359e-02 3.885788619518280029e-01 2.035113096237182617e+00 9.430029392242431641e-01 1.263222336769104004e+00 -7.880349755287170410e-01 -9.760297536849975586e-01 -4.903980195522308350e-01
-1.069545507431030273e+00 1.526391148567199707e+00 1.821115136146545410e+00 -1.014109611511230469e+00 1.782932281494140625e+00 -1.824259400367736816e+00 -5.741477608680725098e-01 -1.964215278625488281e+00 1.740544557571411133e+00 -5.388332605361938477e-01 -1.098409891128540039e+00 -7.764863967895507812e-01 6.790236383676528931e-02 2.556207478046417236e-01 2.035860061645507812e+00 8.539325594902038574e-01 1.260020613670349121e+00 -7.691252827644348145e-01 -1.028082966804504395e+00 -4.444954097270965576e-01
-1.036461949348449707e+00 1.496636152267456055e+00 1.826429963111877441e+00 -9.313198328018188477e-01 1.808351516723632812e+00 -1.776391625404357910e+00 -5.154634714126586914e-01 -1.990365982055664062e+00 1.750023007392883301e+00 -4.973534941673278809e-01 -1.181853175163269043e+00 -9.328790307044982910e-01 1.595639251172542572e-02 1.058550849556922913e-01 2.008437156677246094e+00 7.291753292083740234e-01 1.265686988830566406e+00 -7.246682047843933105e-01 -1.084804773330688477e+00 -3.732814788818359375e-01
-1.015173912048339844e+00 1.464575529098510742e+00 1.823880553245544434e+00 -8.588339686393737793e-01 1.867133378982543945e+00 -1.681252121925354004e+00 -4.823125600814819336e-01 -2.000666618347167969e+00 1.764451742172241211e+00 -4.881289899349212646e-01 -1.262000441551208496e+00 -1.074476718902587891e+00 -3.823624551296234131e-02 -5.844648927450180054e-02 1.978115439414978027e+00 6.353190541267395020e-01 1.268977284431457520e+00 -6.512659788131713867e-01 -1.138042211532592773e+00 -3.063445091247558594e-01
-9.884292483329772949e-01 1.404214501380920410e+00 1.755266785621643066e+00 -8.203084468841552734e-01 1.847291469573974609e+00 -1.484701991081237793e+00 -4.765596389770507812e-01 -1.933775901794433594e+00 1.753431558609008789e+00 -4.693873226642608643e-01 -1.337016224861145020e+00 -1.191416025161743164e+00 -1.587279736995697021e-01 -2.172031998634338379e-01 1.870866894721984863e+00 5.503758788108825684e-01 1.290493011474609375e+00 -5.118477940559387207e-01 -1.199877262115478516e+00 -2.764616608619689941e-01
-9.289264678955078125e-01 1.288390874862670898e+00 1.618228673934936523e+00 -7.860614657402038574e-01 1.773516297340393066e+00 -1.210669517517089844e+00 -5.069629549980163574e-01 -1.778527379035949707e+00 1.731292724609375000e+00 -4.418871104717254639e-01 -1.342997431755065918e+00 -1.284063816070556641e+00 -2.988871634006500244e-01 -3.370887935161590576e-01 1.697871923446655273e+00 5.213162899017333984e-01 1.361199736595153809e+00 -3.163590431213378906e-01 -1.238008022308349609e+00 -2.653916776180267334e-01
-8.456195592880249023e-01 1.137751698493957520e+00 1.533742427825927734e+00 -8.306297659873962402e-01 1.761404037475585938e+00 -9.330488443374633789e-01 -5.566550493240356445e-01 -1.622785568237304688e+00 1.725379228591918945e+00 -4.136280417442321777e-01 -1.301925659179687500e+00 -1.356343269348144531e+00 -4.302060902118682861e-01 -4.457139074802398682e-01 1.652180671691894531e+00 6.066578626632690430e-01 1.477348566055297852e+00 -1.256462037563323975e-01 -1.296909570693969727e+00 -2.600064873695373535e-01
-7.680312991142272949e-01 9.941432476043701172e-01 1.533346176147460938e+00 -8.816661834716796875e-01 1.776013255119323730e+00 -7.356796860694885254e-01 -5.835734009742736816e-01 -1.481832265853881836e+00 1.727501153945922852e+00 -3.844124972820281982e-01 -1.242272615432739258e+00 -1.405210018157958984e+00 -5.296856164932250977e-01 -5.236226916313171387e-01 1.691552400588989258e+00 7.493796944618225098e-01 1.586538314819335938e+00 1.590491458773612976e-02 -1.364833354949951172e+00 -2.790676057338714600e-01
-7.402428388595581055e-01 9.137822389602661133e-01 1.654480695724487305e+00 -9.251288175582885742e-01 1.860665440559387207e+00 -6.765508651733398438e-01 -6.491741538047790527e-01 -1.388300180435180664e+00 1.778489232063293457e+00 -3.826081156730651855e-01 -1.198994040489196777e+00 -1.430827856063842773e+00 -6.016154885292053223e-01 -5.378478169441223145e-01 1.819352984428405762e+00 9.369506835937500000e-01 1.700241804122924805e+00 1.154200136661529541e-01 -1.447435140609741211e+00 -3.078449666500091553e-01
-7.073701024055480957e-01 9.451435208320617676e-01 1.846885919570922852e+00 -9.795476198196411133e-01 1.986493825912475586e+00 -7.339006066322326660e-01 -7.362762689590454102e-01 -1.365555882453918457e+00 1.880496144294738770e+00 -3.844820857048034668e-01 -1.173142910003662109e+00 -1.459090948104858398e+00 -6.178389191627502441e-01 -5.839785337448120117e-01 2.006902694702148438e+00 1.097660183906555176e+00 1.773218512535095215e+00 1.350901573896408081e-01 -1.530352950096130371e+00 -3.539457023143768311e-01
-6.794043779373168945e-01 9.735932350158691406e-01 2.034468173980712891e+00 -1.015697479248046875e+00 2.072158098220825195e+00 -8.190376758575439453e-01 -7.913568615913391113e-01 -1.352530956268310547e+00 1.971134424209594727e+00 -3.786837160587310791e-01 -1.148754119873046875e+00 -1.492668390274047852e+00 -6.120215058326721191e-01 -6.435303688049316406e-01 2.178088903427124023e+00 1.227330327033996582e+00 1.818097472190856934e+00 1.265878826379776001e-01 -1.601577639579772949e+00 -3.793907463550567627e-01
-6.536877751350402832e-01 9.932508468627929688e-01 2.185173273086547852e+00 -1.021591186523437500e+00 2.098022937774658203e+00 -9.042029976844787598e-01 -8.189421892166137695e-01 -1.323333621025085449e+00 2.024592876434326172e+00 -3.703252375125885010e-01 -1.120071768760681152e+00 -1.511861324310302734e+00 -5.925589203834533691e-01 -6.982088088989257812e-01 2.297837495803833008e+00 1.307500362396240234e+00 1.818893194198608398e+00 1.048454791307449341e-01 -1.644985556602478027e+00 -3.804622590541839600e-01
-6.295486092567443848e-01 1.013332962989807129e+00 2.291590213775634766e+00 -9.925329685211181641e-01 2.080812454223632812e+00 -9.896488785743713379e-01 -8.287367820739746094e-01 -1.284333825111389160e+00 2.039434432983398438e+00 -3.614315688610076904e-01 -1.089614391326904297e+00 -1.508374214172363281e+00 -5.631490945816040039e-01 -7.338392138481140137e-01 2.356173753738403320e+00 1.336687207221984863e+00 1.777977228164672852e+00 7.565735280513763428e-02 -1.660134911537170410e+00 -3.692078590393066406e-01
-6.293206214904785156e-01 1.046162605285644531e+00 2.367952823638916016e+00 -9.446538090705871582e-01 2.058832168579101562e+00 -1.076955437660217285e+00 -8.353037238121032715e-01 -1.256267070770263672e+00 2.034717798233032227e+00 -3.704867362976074219e-01 -1.072274684906005859e+00 -1.489053249359130859e+00 -5.386790633201599121e-01 -7.352414727210998535e-01 2.372716665267944336e+00 1.345935463905334473e+00 1.728656530380249023e+00 5.031771585345268250e-02 -1.667474746704101562e+00 -3.519856333732604980e-01
-6.243120431900024414e-01 1.092237234115600586e+00 2.403854608535766602e+00 -8.994565010070800781e-01 2.025759458541870117e+00 -1.148607850074768066e+00 -8.364563584327697754e-01 -1.230863809585571289e+00 2.021675586700439453e+00 -3.798984885215759277e-01 -1.057800412178039551e+00 -1.463575363159179688e+00 -5.277197957038879395e-01 -7.245866656303405762e-01 2.348263263702392578e+00 1.325801730155944824e+00 1.686623334884643555e+00 2.786147966980934143e-02 -1.665422797203063965e+00 -3.493718802928924561e-01
-6.196174621582031250e-01 1.157373666763305664e+00 2.407113552093505859e+00 -8.646440505981445312e-01 1.972409605979919434e+00 -1.209475278854370117e+00 -8.405750989913940430e-01 -1.205616474151611328e+00 2.002130746841430664e+00 -3.822994232177734375e-01 -1.048391461372375488e+00 -1.440192937850952148e+00 -5.425993800163269043e-01 -7.012649774551391602e-01 2.298008441925048828e+00 1.281661629676818848e+00 1.662150859832763672e+00 4.707217216491699219e-03 -1.666481137275695801e+00 -3.546831607818603516e-01
-6.318790912628173828e-01 1.275235414505004883e+00 2.392447948455810547e+00 -8.458807468414306641e-01 1.892554044723510742e+00 -1.252759695053100586e+00 -8.541526794433593750e-01 -1.186188340187072754e+00 1.989634871482849121e+00 -4.084409773349761963e-01 -1.037401080131530762e+00 -1.416771650314331055e+00 -5.800138115882873535e-01 -6.907221674919128418e-01 2.240385532379150391e+00 1.216684341430664062e+00 1.636593818664550781e+00 -1.613017916679382324e-02 -1.668104767799377441e+00 -3.701664805412292480e-01
-6.507216095924377441e-01 1.440771460533142090e+00 2.347199916839599609e+00 -8.346610665321350098e-01 1.803373217582702637e+00 -1.291914224624633789e+00 -8.694453239440917969e-01 -1.179313421249389648e+00 1.979215145111083984e+00 -4.450235068798065186e-01 -1.026749610900878906e+00 -1.377542972564697266e+00 -6.276288628578186035e-01 -6.727811098098754883e-01 2.157096624374389648e+00 1.109724640846252441e+00 1.593376755714416504e+00 -5.381807684898376465e-02 -1.650899410247802734e+00 -3.908805549144744873e-01
-6.635876297950744629e-01 1.553918838500976562e+00 2.230175495147705078e+00 -8.153619170188903809e-01 1.704986810684204102e+00 -1.303246974945068359e+00 -8.703191280364990234e-01 -1.157374620437622070e+00 1.954310894012451172e+00 -4.848365485668182373e-01 -9.916977286338806152e-01 -1.280793666839599609e+00 -6.249848604202270508e-01 -6.395362615585327148e-01 2.040811061859130859e+00 9.795976281166076660e-01 1.494572043418884277e+00 -9.973332285881042480e-02 -1.557858109474182129e+00 -3.948687016963958740e-01
-6.840848326683044434e-01 1.645081520080566406e+00 1.990220427513122559e+00 -8.643060326576232910e-01 1.558223485946655273e+00 -1.206168293952941895e+00 -8.969500660896301270e-01 -1.114952087402343750e+00 1.843381762504577637e+00 -5.239996910095214844e-01 -8.858046531677246094e-01 -1.062257051467895508e+00 -6.377743482589721680e-01 -5.183568000793457031e-01 1.823687076568603516e+00 8.461709022521972656e-01 1.342880368232727051e+00 -1.580851078033447266e-01 -1.408869504928588867e+00 -4.479020237922668457e-01
-7.605583071708679199e-01 1.742426514625549316e+00 1.669375181198120117e+00 -1.067841768264770508e+00 1.458978533744812012e+00 -1.070026636123657227e+00 -9.361503124237060547e-01 -1.138207912445068359e+00 1.693569660186767578e+00 -6.164582371711730957e-01 -7.638279199600219727e-01 -7.178192734718322754e-01 -6.723548173904418945e-01 -1.801922023296356201e-01 1.554447531700134277e+00 7.546208500862121582e-01 1.270985841751098633e+00 -2.279643416404724121e-01 -1.213630914688110352e+00 -5.666294097900390625e-01
-8.825154900550842285e-01 1.791965961456298828e+00 1.445168375968933105e+00 -1.284203648567199707e+00 1.438148856163024902e+00 -9.908169507980346680e-01 -9.653576612472534180e-01 -1.199555873870849609e+00 1.626824259757995605e+00 -7.357431650161743164e-01 -6.859181523323059082e-01 -4.799037873744964600e-01 -6.854483485221862793e-01 1.638998091220855713e-01 1.424598097801208496e+00 7.830842733383178711e-01 1.326807141304016113e+00 -2.751079499721527100e-01 -1.069669008255004883e+00 -6.104214191436767578e-01
-9.738655090332031250e-01 1.814597129821777344e+00 1.392703533172607422e+00 -1.433364629745483398e+00 1.471653938293457031e+00 -9.991105794906616211e-01 -1.047102689743041992e+00 -1.245649814605712891e+00 1.635379552841186523e+00 -7.941085100173950195e-01 -6.119184494018554688e-01 -3.857790529727935791e-01 -6.577861905097961426e-01 3.783183395862579346e-01 1.456640601158142090e+00 9.015070796012878418e-01 1.420998692512512207e+00 -2.958324551582336426e-01 -1.015967369079589844e+00 -6.075971126556396484e-01
-1.017014145851135254e+00 1.820208668708801270e+00 1.424836993217468262e+00 -1.537241935729980469e+00 1.542535185813903809e+00 -1.033893704414367676e+00 -1.115452408790588379e+00 -1.272683262825012207e+00 1.692873001098632812e+00 -8.238973021507263184e-01 -5.416046380996704102e-01 -3.563635647296905518e-01 -6.034812331199645996e-01 4.855903685092926025e-01 1.584006786346435547e+00 1.069759488105773926e+00 1.515887975692749023e+00 -3.032381534576416016e-01 -9.971580505371093750e-01 -6.158593893051147461e-01
-1.011536836624145508e+00 1.762264609336853027e+00 1.467071294784545898e+00 -1.595755934715270996e+00 1.589706182479858398e+00 -1.065752625465393066e+00 -1.145240187644958496e+00 -1.247485995292663574e+00 1.734926223754882812e+00 -8.374249339103698730e-01 -4.513376951217651367e-01 -3.201625347137451172e-01 -5.066101551055908203e-01 5.391406416893005371e-01 1.723801136016845703e+00 1.247783541679382324e+00 1.557914137840270996e+00 -3.075807690620422363e-01 -9.539324045181274414e-01 -6.146829128265380859e-01
-9.764398336410522461e-01 1.648723125457763672e+00 1.508705019950866699e+00 -1.606737494468688965e+00 1.618802547454833984e+00 -1.108213901519775391e+00 -1.148196935653686523e+00 -1.191174030303955078e+00 1.745525002479553223e+00 -8.327388167381286621e-01 -3.460759818553924561e-01 -2.682861685752868652e-01 -3.543676435947418213e-01 5.689257383346557617e-01 1.870300531387329102e+00 1.424871563911437988e+00 1.537933707237243652e+00 -3.347893357276916504e-01 -8.792654275894165039e-01 -5.877212285995483398e-01
-9.211413860321044922e-01 1.491793870925903320e+00 1.545526981353759766e+00 -1.564128518104553223e+00 1.622713565826416016e+00 -1.154379367828369141e+00 -1.123697519302368164e+00 -1.115339040756225586e+00 1.725324630737304688e+00 -8.068590164184570312e-01 -2.662797868251800537e-01 -2.517620921134948730e-01 -1.859963238239288330e-01 5.567101836204528809e-01 1.996392130851745605e+00 1.553577065467834473e+00 1.489201307296752930e+00 -3.635295033454895020e-01 -8.120067119598388672e-01 -5.126835107803344727e-01
-8.880169391632080078e-01 1.355360150337219238e+00 1.548400044441223145e+00 -1.455066442489624023e+00 1.622413635253906250e+00 -1.164402365684509277e+00 -1.079213261604309082e+00 -1.064247965812683105e+00 1.675189614295959473e+00 -7.908399105072021484e-01 -3.022255897521972656e-01 -2.670820951461791992e-01 -8.113045245409011841e-02 4.852616786956787109e-01 2.078542232513427734e+00 1.596027135848999023e+00 1.419930458068847656e+00 -3.824704587459564209e-01 -7.879399061203002930e-01 -4.555017352104187012e-01
-9.153258800506591797e-01 1.196566104888916016e+00 1.550557851791381836e+00 -1.262179851531982422e+00 1.619050621986389160e+00 -1.188380599021911621e+00 -9.888013005256652832e-01 -1.071759939193725586e+00 1.597400426864624023e+00 -7.811455726623535156e-01 -3.924035727977752686e-01 -3.113601803779602051e-01 -2.393510192632675171e-03 4.488211274147033691e-01 2.077456474304199219e+00 1.588064670562744141e+00 1.333577632904052734e+00 -3.649768233299255371e-01 -7.712330818176269531e-01 -3.977677226066589355e-01
-9.640514850616455078e-01 1.080381751060485840e+00 1.537369370460510254e+00 -1.116653442382812500e+00 1.607207059860229492e+00 -1.200306534767150879e+00 -8.965831995010375977e-01 -1.112979054450988770e+00 1.552362322807312012e+00 -7.795820832252502441e-01 -5.074416399002075195e-01 -3.487373888492584229e-01 3.234389424324035645e-02 4.595833718776702881e-01 2.012329578399658203e+00 1.535573482513427734e+00 1.275208711624145508e+00 -3.445405960083007812e-01 -7.597374916076660156e-01 -3.648922443389892578e-01
-1.048636078834533691e+00 1.030045866966247559e+00 1.481759786605834961e+00 -1.050208568572998047e+00 1.617877006530761719e+00 -1.203052520751953125e+00 -8.147357106208801270e-01 -1.230602622032165527e+00 1.516406178474426270e+00 -7.881085276603698730e-01 -6.387848258018493652e-01 -3.738145828247070312e-01 3.022983670234680176e-02 5.238975882530212402e-01 1.942893028259277344e+00 1.464278101921081543e+00 1.275109887123107910e+00 -3.526369333267211914e-01 -7.438064813613891602e-01 -3.589452207088470459e-01
-1.174597263336181641e+00 1.064307928085327148e+00 1.426378846168518066e+00 -1.064235091209411621e+00 1.664931774139404297e+00 -1.215524911880493164e+00 -7.835564017295837402e-01 -1.413990616798400879e+00 1.486221194267272949e+00 -8.067061305046081543e-01 -7.708246111869812012e-01 -4.008616805076599121e-01 -1.346542686223983765e-02 6.431958675384521484e-01 1.889201521873474121e+00 1.392847061157226562e+00 1.349220275878906250e+00 -3.864784836769104004e-01 -7.586550712585449219e-01 -3.682293891906738281e-01
-1.303477406501770020e+00 1.178016781806945801e+00 1.424400210380554199e+00 -1.152867078781127930e+00 1.781830549240112305e+00 -1.271045923233032227e+00 -7.985563874244689941e-01 -1.647522926330566406e+00 1.513154745101928711e+00 -8.187611699104309082e-01 -9.052023887634277344e-01 -4.612020552158355713e-01 -6.811578571796417236e-02 7.681691050529479980e-01 1.879749894142150879e+00 1.336447238922119141e+00 1.492726206779479980e+00 -4.495990872383117676e-01 -8.197041749954223633e-01 -3.932685554027557373e-01
-1.410918235778808594e+00 1.307796478271484375e+00 1.415167927742004395e+00 -1.290302991867065430e+00 1.884488463401794434e+00 -1.301268815994262695e+00 -8.232176899909973145e-01 -1.863359332084655762e+00 1.528417229652404785e+00 -8.014563918113708496e-01 -9.956629276275634766e-01 -5.143189430236816406e-01 -1.458223164081573486e-01 8.856588006019592285e-01 1.869660496711730957e+00 1.283898711204528809e+00 1.645731568336486816e+00 -5.227518677711486816e-01 -8.935563564300537109e-01 -4.367713332176208496e-01
-1.439571380615234375e+00 1.408746719360351562e+00 1.374342441558837891e+00 -1.407227516174316406e+00 1.923818707466125488e+00 -1.302119374275207520e+00 -8.423515558242797852e-01 -1.999395847320556641e+00 1.520608305931091309e+00 -7.487882375717163086e-01 -1.027893304824829102e+00 -5.567623376846313477e-01 -2.199711799621582031e-01 9.483249783515930176e-01 1.814339995384216309e+00 1.196133375167846680e+00 1.745095014572143555e+00 -5.807787775993347168e-01 -9.462231397628784180e-01 -4.576054215431213379e-01
-1.400717020034790039e+00 1.490258216857910156e+00 1.345729231834411621e+00 -1.487360119819641113e+00 1.902095437049865723e+00 -1.289279580116271973e+00 -8.561740517616271973e-01 -2.057133674621582031e+00 1.534404993057250977e+00 -6.749654412269592285e-01 -1.051250815391540527e+00 -6.091242432594299316e-01 -2.966795265674591064e-01 9.174809455871582031e-01 1.727737188339233398e+00 1.061260342597961426e+00 1.788315773010253906e+00 -5.894151329994201660e-01 -1.010294198989868164e+00 -4.690010845661163330e-01
-1.311975359916687012e+00 1.541361808776855469e+00 1.338602781295776367e+00 -1.506871581077575684e+00 1.868394017219543457e+00 -1.289146661758422852e+00 -8.469172716140747070e-01 -2.047486305236816406e+00 1.549191474914550781e+00 -6.034867763519287109e-01 -1.046139955520629883e+00 -6.449126005172729492e-01 -3.489833474159240723e-01 8.254748582839965820e-01 1.639807462692260742e+00 9.100170135498046875e-01 1.752200722694396973e+00 -5.942525267601013184e-01 -1.048912644386291504e+00 -4.645382165908813477e-01
-1.199797749519348145e+00 1.566373467445373535e+00 1.343572497367858887e+00 -1.456971168518066406e+00 1.826098084449768066e+00 -1.306912541389465332e+00 -8.310369253158569336e-01 -2.005502223968505859e+00 1.552952170372009277e+00 -5.338681936264038086e-01 -1.020578265190124512e+00 -6.674638986587524414e-01 -3.531563878059387207e-01 6.870496273040771484e-01 1.568744063377380371e+00 7.776567339897155762e-01 1.650655508041381836e+00 -5.975525379180908203e-01 -1.058556318283081055e+00 -4.535602629184722900e-01
-1.070799708366394043e+00 1.567061781883239746e+00 1.359322428703308105e+00 -1.347615838050842285e+00 1.768608570098876953e+00 -1.333224892616271973e+00 -7.896471023559570312e-01 -1.934381604194641113e+00 1.550143599510192871e+00 -4.717501699924468994e-01 -9.901589751243591309e-01 -6.867545843124389648e-01 -3.276095688343048096e-01 5.068323612213134766e-01 1.508653044700622559e+00 6.385613679885864258e-01 1.494426131248474121e+00 -6.019258499145507812e-01 -1.049424886703491211e+00 -4.234809875488281250e-01
-9.523742794990539551e-01 1.528449535369873047e+00 1.439625501632690430e+00 -1.186303138732910156e+00 1.701996564865112305e+00 -1.371108531951904297e+00 -7.541736960411071777e-01 -1.819677591323852539e+00 1.568474173545837402e+00 -4.191762506961822510e-01 -9.847677946090698242e-01 -7.328138351440429688e-01 -2.684134244918823242e-01 2.851535677909851074e-01 1.513059616088867188e+00 5.120351314544677734e-01 1.299487709999084473e+00 -5.893612504005432129e-01 -1.049695849418640137e+00 -3.411063849925994873e-01
-8.489192128181457520e-01 1.466877102851867676e+00 1.548620939254760742e+00 -1.003222227096557617e+00 1.643409490585327148e+00 -1.379867434501647949e+00 -7.300804853439331055e-01 -1.662306547164916992e+00 1.600180506706237793e+00 -3.877764046192169189e-01 -1.004359483718872070e+00 -8.215661644935607910e-01 -1.973791122436523438e-01 4.375655204057693481e-02 1.571359634399414062e+00 4.405715763568878174e-01 1.129867434501647949e+00 -5.299962759017944336e-01 -1.067010164260864258e+00 -2.386437058448791504e-01
-7.791974544525146484e-01 1.493836045265197754e+00 1.791837573051452637e+00 -8.645853996276855469e-01 1.763441443443298340e+00 -1.490721225738525391e+00 -7.008864283561706543e-01 -1.625769376754760742e+00 1.751549839973449707e+00 -4.210721552371978760e-01 -1.083030462265014648e+00 -9.975751042366027832e-01 -1.302024722099304199e-01 -2.316673398017883301e-01 1.784022688865661621e+00 4.992605745792388916e-01 1.104915380477905273e+00 -5.100170969963073730e-01 -1.165339946746826172e+00 -2.145030200481414795e-01
-7.278699874877929688e-01 1.470631241798400879e+00 1.953175663948059082e+00 -7.361570596694946289e-01 1.874854564666748047e+00 -1.546216607093811035e+00 -6.542315483093261719e-01 -1.591776847839355469e+00 1.847360014915466309e+00 -4.656594693660736084e-01 -1.158608078956604004e+00 -1.127107143402099609e+00 -8.083151280879974365e-02 -4.282396137714385986e-01 1.953814506530761719e+00 5.725452899932861328e-01 1.108899593353271484e+00 -4.716587662696838379e-01 -1.218204855918884277e+00 -2.172709703445434570e-01
-7.398150563240051270e-01 1.419097542762756348e+00 2.009877681732177734e+00 -6.521902680397033691e-01 1.963513970375061035e+00 -1.545015573501586914e+00 -6.115170121192932129e-01 -1.578433513641357422e+00 1.911910891532897949e+00 -5.296647548675537109e-01 -1.230043172836303711e+00 -1.207589626312255859e+00 -5.257346481084823608e-02 -4.925602972507476807e-01 2.052041053771972656e+00 6.530242562294006348e-01 1.162461519241333008e+00 -4.206799566745758057e-01 -1.218045115470886230e+00 -2.188912928104400635e-01
-7.482442259788513184e-01 1.332775235176086426e+00 1.998715996742248535e+00 -5.841137766838073730e-01 2.012604713439941406e+00 -1.502017736434936523e+00 -5.585515499114990234e-01 -1.553206801414489746e+00 1.932759761810302734e+00 -5.799643993377685547e-01 -1.271370768547058105e+00 -1.240587711334228516e+00 -1.692289859056472778e-02 -5.152309536933898926e-01 2.101249217987060547e+00 7.084866166114807129e-01 1.190523743629455566e+00 -3.729335069656372070e-01 -1.174624562263488770e+00 -2.120641320943832397e-01
-7.577189803123474121e-01 1.219619035720825195e+00 1.934044241905212402e+00 -5.330445766448974609e-01 2.024602413177490234e+00 -1.431771874427795410e+00 -5.012520551681518555e-01 -1.529992699623107910e+00 1.922771692276000977e+00 -6.079419851303100586e-01 -1.287090778350830078e+00 -1.252324104309082031e+00 2.192891202867031097e-02 -5.144407153129577637e-01 2.113111972808837891e+00 7.494218945503234863e-01 1.210209250450134277e+00 -3.318581879138946533e-01 -1.109958410263061523e+00 -1.956629306077957153e-01
-7.572587132453918457e-01 1.086598038673400879e+00 1.833486080169677734e+00 -5.176445841789245605e-01 2.029855012893676758e+00 -1.330841660499572754e+00 -4.380014240741729736e-01 -1.517055392265319824e+00 1.899510622024536133e+00 -6.138132810592651367e-01 -1.290701389312744141e+00 -1.257536411285400391e+00 4.621104896068572998e-02 -4.930439293384552002e-01 2.080312013626098633e+00 7.919390201568603516e-01 1.259063363075256348e+00 -2.853517234325408936e-01 -1.049940347671508789e+00 -2.079260349273681641e-01
-7.647396922111511230e-01 9.345391392707824707e-01 1.738417863845825195e+00 -5.653676986694335938e-01 2.056786775588989258e+00 -1.179896235466003418e+00 -4.067038595676422119e-01 -1.506114959716796875e+00 1.869693756103515625e+00 -6.051414608955383301e-01 -1.275397658348083496e+00 -1.261167287826538086e+00 3.356467932462692261e-02 -4.480390250682830811e-01 2.041742801666259766e+00 8.892071843147277832e-01 1.352496623992919922e+00 -2.184329330921173096e-01 -1.032745838165283203e+00 -2.450963556766510010e-01
-7.550377845764160156e-01 7.605558037757873535e-01 1.632116198539733887e+00 -6.452965140342712402e-01 2.058722496032714844e+00 -9.943563342094421387e-01 -4.016831219196319580e-01 -1.464273095130920410e+00 1.799172997474670410e+00 -5.612169504165649414e-01 -1.252995967864990234e+00 -1.252533435821533203e+00 -1.588599011301994324e-02 -3.647678196430206299e-01 1.977351546287536621e+00 9.900776743888854980e-01 1.466365814208984375e+00 -1.268799304962158203e-01 -1.041091918945312500e+00 -2.710291147232055664e-01
-7.503761649131774902e-01 6.448349356651306152e-01 1.576091766357421875e+00 -7.480249404907226562e-01 2.074034214019775391e+00 -8.404110074043273926e-01 -4.527161717414855957e-01 -1.450924634933471680e+00 1.726126074790954590e+00 -4.933787584304809570e-01 -1.227503538131713867e+00 -1.247694969177246094e+00 -1.087135598063468933e-01 -2.623175680637359619e-01 1.920260429382324219e+00 1.076846241950988770e+00 1.590832233428955078e+00 -5.273738130927085876e-02 -1.099365234375000000e+00 -2.886885404586791992e-01
-7.726854681968688965e-01 5.968841910362243652e-01 1.542850017547607422e+00 -8.684855103492736816e-01 2.032079935073852539e+00 -6.891691088676452637e-01 -5.473859310150146484e-01 -1.450974345207214355e+00 1.652334570884704590e+00 -4.220473766326904297e-01 -1.175433874130249023e+00 -1.276620864868164062e+00 -2.348077595233917236e-01 -1.981718838214874268e-01 1.879641413688659668e+00 1.166049718856811523e+00 1.715535402297973633e+00 2.142317965626716614e-02 -1.195760607719421387e+00 -3.072096109390258789e-01
-8.087747097015380859e-01 6.065935492515563965e-01 1.526632189750671387e+00 -9.903792738914489746e-01 1.959898591041564941e+00 -5.568116307258605957e-01 -6.960192322731018066e-01 -1.425271391868591309e+00 1.585646867752075195e+00 -3.471286594867706299e-01 -1.103201627731323242e+00 -1.310071706771850586e+00 -4.127335250377655029e-01 -1.534679234027862549e-01 1.866092085838317871e+00 1.261877179145812988e+00 1.837415456771850586e+00 7.690684497356414795e-02 -1.318037986755371094e+00 -3.116958439350128174e-01
-8.549007773399353027e-01 6.610660552978515625e-01 1.554401874542236328e+00 -1.080844640731811523e+00 1.840842485427856445e+00 -5.041658878326416016e-01 -8.596306443214416504e-01 -1.366943240165710449e+00 1.538432717323303223e+00 -2.861081063747406006e-01 -1.045321226119995117e+00 -1.336748600006103516e+00 -6.181715726852416992e-01 -1.092927679419517517e-01 1.871228694915771484e+00 1.312644481658935547e+00 1.936080932617187500e+00 1.083569377660751343e-01 -1.450027942657470703e+00 -2.835947573184967041e-01
-8.486455678939819336e-01 7.750061750411987305e-01 1.563118815422058105e+00 -1.124358892440795898e+00 1.669031500816345215e+00 -5.336310267448425293e-01 -1.010087370872497559e+00 -1.275765657424926758e+00 1.483882308006286621e+00 -2.054080069065093994e-01 -9.731163978576660156e-01 -1.305448770523071289e+00 -7.747589945793151855e-01 -6.808067113161087036e-02 1.834214091300964355e+00 1.286418795585632324e+00 1.951215505599975586e+00 8.775661885738372803e-02 -1.536171317100524902e+00 -2.538566291332244873e-01
-8.359817862510681152e-01 9.161448478698730469e-01 1.540854454040527344e+00 -1.096603393554687500e+00 1.440102338790893555e+00 -5.946121811866760254e-01 -1.136816382408142090e+00 -1.138892412185668945e+00 1.386232733726501465e+00 -1.522731930017471313e-01 -8.685582876205444336e-01 -1.203997850418090820e+00 -8.897110819816589355e-01 -7.367804646492004395e-03 1.724491715431213379e+00 1.211193323135375977e+00 1.867925524711608887e+00 5.459299311041831970e-02 -1.558316588401794434e+00 -2.196634709835052490e-01
-8.731350898742675781e-01 1.120303630828857422e+00 1.528137326240539551e+00 -1.038065314292907715e+00 1.253685712814331055e+00 -7.295972108840942383e-01 -1.287443757057189941e+00 -1.057765483856201172e+00 1.296786189079284668e+00 -1.519021093845367432e-01 -7.506550550460815430e-01 -1.056821942329406738e+00 -9.417695403099060059e-01 8.814006298780441284e-02 1.622012495994567871e+00 1.158830165863037109e+00 1.743287205696105957e+00 -8.900247514247894287e-03 -1.537718534469604492e+00 -2.025781124830245972e-01
-9.647054672241210938e-01 1.356374979019165039e+00 1.511432051658630371e+00 -1.003453969955444336e+00 1.129485487937927246e+00 -8.884087204933166504e-01 -1.387317419052124023e+00 -1.082445025444030762e+00 1.248947978019714355e+00 -2.189323902130126953e-01 -6.846970319747924805e-01 -9.001860022544860840e-01 -9.043782949447631836e-01 1.555878818035125732e-01 1.565785288810729980e+00 1.109533667564392090e+00 1.574878811836242676e+00 -1.141073703765869141e-01 -1.457492232322692871e+00 -2.209167182445526123e-01
-1.061685204505920410e+00 1.579385757446289062e+00 1.480487585067749023e+00 -1.011319756507873535e+00 1.076829433441162109e+00 -1.045603871345520020e+00 -1.425957322120666504e+00 -1.147727966308593750e+00 1.257171034812927246e+00 -3.373918831348419189e-01 -6.188367605209350586e-01 -7.239990830421447754e-01 -8.256819248199462891e-01 2.732584476470947266e-01 1.541164398193359375e+00 1.081875443458557129e+00 1.444409012794494629e+00 -2.407397180795669556e-01 -1.331204295158386230e+00 -2.740094661712646484e-01
-1.122819066047668457e+00 1.790068030357360840e+00 1.429318308830261230e+00 -1.066198587417602539e+00 1.088106632232666016e+00 -1.176176786422729492e+00 -1.426642060279846191e+00 -1.233002424240112305e+00 1.310290336608886719e+00 -4.605030715465545654e-01 -5.424715876579284668e-01 -5.640783905982971191e-01 -7.188444733619689941e-01 3.773181736469268799e-01 1.527864933013916016e+00 1.077676653861999512e+00 1.355097055435180664e+00 -3.778027296066284180e-01 -1.196199774742126465e+00 -3.596176803112030029e-01
-1.149520158767700195e+00 2.001503229141235352e+00 1.399109125137329102e+00 -1.147923588752746582e+00 1.177816271781921387e+00 -1.334705591201782227e+00 -1.381924867630004883e+00 -1.357345819473266602e+00 1.414814829826354980e+00 -5.809532403945922852e-01 -4.877568185329437256e-01 -4.236564636230468750e-01 -5.842660069465637207e-01 4.580258131027221680e-01 1.551185369491577148e+00 1.065002799034118652e+00 1.293993234634399414e+00 -5.337284207344055176e-01 -1.052644729614257812e+00 -4.689753949642181396e-01
-1.182859897613525391e+00 2.164230346679687500e+00 1.431537628173828125e+00 -1.280333399772644043e+00 1.296663284301757812e+00 -1.474195718765258789e+00 -1.333470225334167480e+00 -1.495314598083496094e+00 1.530963897705078125e+00 -6.773291826248168945e-01 -4.702720940113067627e-01 -3.204047679901123047e-01 -4.790467321872711182e-01 5.610959529876708984e-01 1.599034190177917480e+00 1.065493345260620117e+00 1.286244273185729980e+00 -6.551477909088134766e-01 -9.604574441909790039e-01 -5.811504125595092773e-01
-1.217916607856750488e+00 2.259276866912841797e+00 1.476236581802368164e+00 -1.466270089149475098e+00 1.418545126914978027e+00 -1.590454816818237305e+00 -1.270067453384399414e+00 -1.643698930740356445e+00 1.641359925270080566e+00 -7.418065071105957031e-01 -4.855071008205413818e-01 -2.726988196372985840e-01 -3.980322480201721191e-01 6.948426961898803711e-01 1.658891677856445312e+00 1.068894624710083008e+00 1.362590312957763672e+00 -7.203943133354187012e-01 -9.084944725036621094e-01 -6.642142534255981445e-01
-1.228317022323608398e+00 2.247445821762084961e+00 1.491402506828308105e+00 -1.611670136451721191e+00 1.498478651046752930e+00 -1.615294575691223145e+00 -1.199289679527282715e+00 -1.719728231430053711e+00 1.702340006828308105e+00 -7.663070559501647949e-01 -4.846544563770294189e-01 -2.750521898269653320e-01 -3.347733914852142334e-01 7.831223011016845703e-01 1.690103650093078613e+00 1.077402114868164062e+00 1.449532985687255859e+00 -7.282962203025817871e-01 -8.821227550506591797e-01 -6.891919374465942383e-01
-1.205507516860961914e+00 2.135569810867309570e+00 1.486388206481933594e+00 -1.693614125251770020e+00 1.532635092735290527e+00 -1.576963186264038086e+00 -1.110407590866088867e+00 -1.726306200027465820e+00 1.715250253677368164e+00 -7.490626573562622070e-01 -4.849580526351928711e-01 -3.082960247993469238e-01 -2.721961736679077148e-01 7.812187671661376953e-01 1.720738530158996582e+00 1.107061147689819336e+00 1.503842115402221680e+00 -7.009448409080505371e-01 -8.783057928085327148e-01 -6.769721508026123047e-01
-1.151942729949951172e+00 1.946996569633483887e+00 1.462760210037231445e+00 -1.734886527061462402e+00 1.525068521499633789e+00 -1.484295129776000977e+00 -1.032822012901306152e+00 -1.675636053085327148e+00 1.672287464141845703e+00 -6.743583083152770996e-01 -4.610530734062194824e-01 -3.560563623905181885e-01 -2.398298084735870361e-01 7.289000749588012695e-01 1.739760398864746094e+00 1.153151750564575195e+00 1.533122777938842773e+00 -6.464599967002868652e-01 -8.947206735610961914e-01 -6.403810977935791016e-01
-1.073433995246887207e+00 1.722791790962219238e+00 1.444957852363586426e+00 -1.781177163124084473e+00 1.512876391410827637e+00 -1.350419998168945312e+00 -9.960671663284301758e-01 -1.596665620803833008e+00 1.595259308815002441e+00 -5.510257482528686523e-01 -4.163779318332672119e-01 -4.245694875717163086e-01 -2.735486924648284912e-01 6.422098278999328613e-01 1.798493385314941406e+00 1.236004590988159180e+00 1.577340245246887207e+00 -5.710920691490173340e-01 -9.554003477096557617e-01 -5.861693620681762695e-01
-1.001991748809814453e+00 1.452121138572692871e+00 1.457833409309387207e+00 -1.782803416252136230e+00 1.469784140586853027e+00 -1.175789952278137207e+00 -1.005376338958740234e+00 -1.471470236778259277e+00 1.470933675765991211e+00 -4.070934355258941650e-01 -4.151617288589477539e-01 -5.252745747566223145e-01 -3.956604003906250000e-01 5.498785972595214844e-01 1.855301022529602051e+00 1.323537230491638184e+00 1.637352108955383301e+00 -4.263209998607635498e-01 -1.072738766670227051e+00 -4.998824894428253174e-01
-9.354387521743774414e-01 1.264172911643981934e+00 1.554732441902160645e+00 -1.718570232391357422e+00 1.487185716629028320e+00 -1.087972402572631836e+00 -1.072731733322143555e+00 -1.379370808601379395e+00 1.427893400192260742e+00 -2.909172177314758301e-01 -4.636818170547485352e-01 -6.683987975120544434e-01 -5.126829147338867188e-01 4.234854280948638916e-01 1.984769940376281738e+00 1.416000127792358398e+00 1.716555356979370117e+00 -3.030602633953094482e-01 -1.227762341499328613e+00 -4.110729098320007324e-01
-9.483917951583862305e-01 1.157329678535461426e+00 1.668484926223754883e+00 -1.582456946372985840e+00 1.485405683517456055e+00 -1.009764909744262695e+00 -1.208992958068847656e+00 -1.320462942123413086e+00 1.418537497520446777e+00 -2.218088209629058838e-01 -5.378088951110839844e-01 -8.591058254241943359e-01 -6.632583737373352051e-01 2.574981749057769775e-01 2.094885349273681641e+00 1.495181202888488770e+00 1.795042634010314941e+00 -1.864916682243347168e-01 -1.423321962356567383e+00 -2.918353080749511719e-01
-9.605335593223571777e-01 1.074373006820678711e+00 1.707854270935058594e+00 -1.396808385848999023e+00 1.442770361900329590e+00 -9.190047979354858398e-01 -1.308885455131530762e+00 -1.226546645164489746e+00 1.378630757331848145e+00 -1.956700980663299561e-01 -5.924081802368164062e-01 -9.755520224571228027e-01 -7.949541807174682617e-01 1.348064541816711426e-01 2.071250677108764648e+00 1.489882826805114746e+00 1.799043774604797363e+00 -8.184564113616943359e-02 -1.541565418243408203e+00 -1.790575981140136719e-01
-9.714437127113342285e-01 1.065455079078674316e+00 1.733455777168273926e+00 -1.266791582107543945e+00 1.430526375770568848e+00 -8.568967580795288086e-01 -1.378473639488220215e+00 -1.157671570777893066e+00 1.377054214477539062e+00 -2.123906016349792480e-01 -6.415374279022216797e-01 -1.034133911132812500e+00 -8.902608156204223633e-01 8.417932689189910889e-02 2.001970529556274414e+00 1.448183298110961914e+00 1.801552772521972656e+00 -2.649899572134017944e-03 -1.608319878578186035e+00 -1.184062659740447998e-01
-9.700440168380737305e-01 1.092720508575439453e+00 1.752588987350463867e+00 -1.178831934928894043e+00 1.441506743431091309e+00 -8.235287666320800781e-01 -1.401944041252136230e+00 -1.111607670783996582e+00 1.401718378067016602e+00 -2.506904006004333496e-01 -6.823490262031555176e-01 -1.065561056137084961e+00 -9.384557008743286133e-01 5.792430043220520020e-02 1.945217609405517578e+00 1.413169622421264648e+00 1.808069586753845215e+00 5.020887777209281921e-02 -1.634306550025939941e+00 -1.107216775417327881e-01
-9.516145586967468262e-01 1.097891807556152344e+00 1.750249743461608887e+00 -1.107256531715393066e+00 1.453375339508056641e+00 -7.912414669990539551e-01 -1.395609855651855469e+00 -1.062194108963012695e+00 1.424131989479064941e+00 -2.898462414741516113e-01 -7.077840566635131836e-01 -1.064268827438354492e+00 -9.445856809616088867e-01 2.714957669377326965e-02 1.890998959541320801e+00 1.383565187454223633e+00 1.785145640373229980e+00 8.237497508525848389e-02 -1.623850822448730469e+00 -1.176570653915405273e-01
-9.288390874862670898e-01 1.115129351615905762e+00 1.750264286994934082e+00 -1.057268619537353516e+00 1.476820945739746094e+00 -7.688812613487243652e-01 -1.376229643821716309e+00 -1.021267890930175781e+00 1.467890620231628418e+00 -3.400867581367492676e-01 -7.371881604194641113e-01 -1.059751749038696289e+00 -9.321307539939880371e-01 -1.899258047342300415e-02 1.859563946723937988e+00 1.363793134689331055e+00 1.763527035713195801e+00 1.054555922746658325e-01 -1.608744382858276367e+00 -1.350478976964950562e-01
