-8.615843057632446289e-01 7.749145030975341797e-01 1.589552640914916992e+00 -1.284390211105346680e+00 1.747830867767333984e+00 -8.831794857978820801e-01 -5.460446476936340332e-01 -1.990751504898071289e+00 1.587090611457824707e+00 -2.348854020237922668e-02 -1.345045685768127441e+00 -1.605898499488830566e+00 -5.361043214797973633e-01 -8.041293174028396606e-02 1.774770498275756836e+00 9.727022647857666016e-01 2.125898599624633789e+00 -9.729143232107162476e-03 -1.589894533157348633e+00 -3.276621103286743164e-01
-7.924886941909790039e-01 8.271902799606323242e-01 1.549628138542175293e+00 -1.245534658432006836e+00 1.695165634155273438e+00 -1.068373680114746094e+00 -5.037130713462829590e-01 -2.079788684844970703e+00 1.592106819152832031e+00 7.705602794885635376e-02 -1.296890139579772949e+00 -1.599690318107604980e+00 -4.126020371913909912e-01 -6.551510840654373169e-02 1.742898583412170410e+00 8.780597448348999023e-01 2.074235677719116211e+00 -1.125257089734077454e-01 -1.502027750015258789e+00 -3.270587325096130371e-01
-7.709723711013793945e-01 8.943086266517639160e-01 1.479080796241760254e+00 -1.229507088661193848e+00 1.657268762588500977e+00 -1.230203151702880859e+00 -4.596131742000579834e-01 -2.157893896102905273e+00 1.572067975997924805e+00 1.311080455780029297e-01 -1.244841575622558594e+00 -1.540616393089294434e+00 -2.989382445812225342e-01 1.328963786363601685e-02 1.703862905502319336e+00 8.031558394432067871e-01 2.019246101379394531e+00 -2.326949238777160645e-01 -1.394339799880981445e+00 -3.361968398094177246e-01
-8.123794794082641602e-01 1.022153019905090332e+00 1.444736242294311523e+00 -1.261944890022277832e+00 1.697340488433837891e+00 -1.394024133682250977e+00 -4.668373763561248779e-01 -2.252691507339477539e+00 1.586620688438415527e+00 1.208717599511146545e-01 -1.228919863700866699e+00 -1.452543258666992188e+00 -2.196375876665115356e-01 1.461716592311859131e-01 1.703779458999633789e+00 7.382912039756774902e-01 1.993992686271667480e+00 -3.612628281116485596e-01 -1.302214145660400391e+00 -3.477413058280944824e-01
-8.900816440582275391e-01 1.147433042526245117e+00 1.422958612442016602e+00 -1.308974146842956543e+00 1.758610367774963379e+00 -1.547409534454345703e+00 -4.599597454071044922e-01 -2.330397605895996094e+00 1.633846402168273926e+00 3.783211857080459595e-02 -1.222112298011779785e+00 -1.331486463546752930e+00 -1.507934480905532837e-01 3.299501538276672363e-01 1.749085426330566406e+00 6.921058297157287598e-01 1.984868884086608887e+00 -4.983515143394470215e-01 -1.181153297424316406e+00 -3.595093488693237305e-01
-9.745029211044311523e-01 1.265406727790832520e+00 1.401877522468566895e+00 -1.359127759933471680e+00 1.798381805419921875e+00 -1.636572599411010742e+00 -4.624398350715637207e-01 -2.392879486083984375e+00 1.660175919532775879e+00 -6.894163042306900024e-02 -1.181350231170654297e+00 -1.194818973541259766e+00 -1.119401901960372925e-01 5.023567676544189453e-01 1.790962338447570801e+00 6.765916347503662109e-01 1.963426470756530762e+00 -6.151468753814697266e-01 -1.086802244186401367e+00 -3.725789785385131836e-01
-1.046056389808654785e+00 1.375001072883605957e+00 1.413294792175292969e+00 -1.397427320480346680e+00 1.859599709510803223e+00 -1.704261064529418945e+00 -5.024701356887817383e-01 -2.433382749557495117e+00 1.696987509727478027e+00 -1.695747971534729004e-01 -1.140884041786193848e+00 -1.082681298255920410e+00 -8.927084505558013916e-02 6.385804414749145508e-01 1.820627927780151367e+00 7.016983032226562500e-01 1.952942609786987305e+00 -7.011464834213256836e-01 -1.031133532524108887e+00 -4.050924777984619141e-01
-1.096190810203552246e+00 1.463686227798461914e+00 1.397942543029785156e+00 -1.420973181724548340e+00 1.899829745292663574e+00 -1.735738039016723633e+00 -5.433240532875061035e-01 -2.428639888763427734e+00 1.716794252395629883e+00 -2.699091732501983643e-01 -1.085613608360290527e+00 -9.548856616020202637e-01 -8.077019453048706055e-02 7.585709095001220703e-01 1.813076019287109375e+00 7.200734615325927734e-01 1.920544743537902832e+00 -7.624186277389526367e-01 -9.610847830772399902e-01 -4.389187097549438477e-01
-1.140808343887329102e+00 1.527185440063476562e+00 1.356133341789245605e+00 -1.432958602905273438e+00 1.924847364425659180e+00 -1.723693847656250000e+00 -5.910419225692749023e-01 -2.383079528808593750e+00 1.710068941116333008e+00 -3.764519989490509033e-01 -1.025412082672119141e+00 -8.164848685264587402e-01 -8.759021759033203125e-02 8.732344508171081543e-01 1.777689337730407715e+00 7.428646683692932129e-01 1.877764821052551270e+00 -7.945252656936645508e-01 -8.862781524658203125e-01 -4.595345854759216309e-01
-1.205400824546813965e+00 1.583775758743286133e+00 1.331079006195068359e+00 -1.462968587875366211e+00 1.944677472114562988e+00 -1.684421062469482422e+00 -6.899509429931640625e-01 -2.296720504760742188e+00 1.687282085418701172e+00 -4.977637529373168945e-01 -9.694627523422241211e-01 -6.548669338226318359e-01 -9.766288101673126221e-02 9.965105652809143066e-01 1.760814070701599121e+00 8.098254799842834473e-01 1.825082182884216309e+00 -8.035695552825927734e-01 -8.272841572761535645e-01 -4.680995941162109375e-01
-1.249363064765930176e+00 1.661163568496704102e+00 1.336872458457946777e+00 -1.496923804283142090e+00 1.980077624320983887e+00 -1.628663063049316406e+00 -8.175177574157714844e-01 -2.167044639587402344e+00 1.676186800003051758e+00 -6.326410770416259766e-01 -9.161126017570495605e-01 -4.855388104915618896e-01 -1.241807490587234497e-01 1.093342065811157227e+00 1.750530362129211426e+00 9.054844379425048828e-01 1.779707789421081543e+00 -7.803622484207153320e-01 -7.792146205902099609e-01 -5.118206143379211426e-01
-1.259752511978149414e+00 1.741484045982360840e+00 1.332771182060241699e+00 -1.529056072235107422e+00 2.018734693527221680e+00 -1.547219753265380859e+00 -9.843750596046447754e-01 -1.992163181304931641e+00 1.684633135795593262e+00 -7.676574587821960449e-01 -8.602340817451477051e-01 -3.380364179611206055e-01 -1.900429874658584595e-01 1.153681039810180664e+00 1.729388952255249023e+00 1.003005146980285645e+00 1.754702806472778320e+00 -7.339144945144653320e-01 -7.564525008201599121e-01 -5.252853035926818848e-01
-1.249369740486145020e+00 1.801181077957153320e+00 1.327423810958862305e+00 -1.565527796745300293e+00 2.015664100646972656e+00 -1.435039281845092773e+00 -1.153250694274902344e+00 -1.816207408905029297e+00 1.687295913696289062e+00 -8.448847532272338867e-01 -8.304499387741088867e-01 -2.630513012409210205e-01 -3.041918277740478516e-01 1.137434124946594238e+00 1.690807819366455078e+00 1.063693761825561523e+00 1.741323828697204590e+00 -6.445919275283813477e-01 -7.839739322662353516e-01 -5.091561079025268555e-01
-1.195262789726257324e+00 1.798313021659851074e+00 1.332763314247131348e+00 -1.576595783233642578e+00 1.932836413383483887e+00 -1.230983018875122070e+00 -1.284652948379516602e+00 -1.582138895988464355e+00 1.639868378639221191e+00 -8.608174920082092285e-01 -8.126127719879150391e-01 -2.437705993652343750e-01 -5.004928708076477051e-01 1.000712752342224121e+00 1.597670793533325195e+00 1.086415886878967285e+00 1.686413049697875977e+00 -4.898038208484649658e-01 -8.927959203720092773e-01 -5.083755254745483398e-01
-1.062433719635009766e+00 1.650344848632812500e+00 1.368419528007507324e+00 -1.496763229370117188e+00 1.739322423934936523e+00 -8.835410475730895996e-01 -1.344316601753234863e+00 -1.251973032951354980e+00 1.478895664215087891e+00 -7.663885354995727539e-01 -8.137930631637573242e-01 -3.232382535934448242e-01 -7.899249196052551270e-01 6.526773571968078613e-01 1.459675312042236328e+00 1.054496765136718750e+00 1.551690578460693359e+00 -2.533515989780426025e-01 -1.111872792243957520e+00 -4.951876997947692871e-01
-8.228249549865722656e-01 1.314662218093872070e+00 1.559742927551269531e+00 -1.295003652572631836e+00 1.608047723770141602e+00 -6.093227267265319824e-01 -1.205542206764221191e+00 -1.020351052284240723e+00 1.435361623764038086e+00 -5.853258371353149414e-01 -9.158169031143188477e-01 -7.145004272460937500e-01 -9.677377939224243164e-01 1.518043503165245056e-02 1.569869279861450195e+00 9.735577106475830078e-01 1.506272315979003906e+00 -3.116793930530548096e-03 -1.430636644363403320e+00 -3.661474585533142090e-01
-6.686252355575561523e-01 1.056710124015808105e+00 1.996360301971435547e+00 -1.125837206840515137e+00 1.715757846832275391e+00 -7.127542495727539062e-01 -9.753777980804443359e-01 -1.156628727912902832e+00 1.685772776603698730e+00 -3.280961811542510986e-01 -1.164393544197082520e+00 -1.376693487167358398e+00 -8.733596801757812500e-01 -5.304757952690124512e-01 1.893890500068664551e+00 9.332216978073120117e-01 1.709833621978759766e+00 1.307332962751388550e-01 -1.762313485145568848e+00 -2.203699499368667603e-01
-6.752057075500488281e-01 1.014795899391174316e+00 2.240796566009521484e+00 -1.121851801872253418e+00 1.820710420608520508e+00 -9.551335573196411133e-01 -8.102179169654846191e-01 -1.480639338493347168e+00 1.840377211570739746e+00 -1.549201905727386475e-01 -1.346224069595336914e+00 -1.726240158081054688e+00 -6.922718882560729980e-01 -6.904679536819458008e-01 2.139833927154541016e+00 9.263349175453186035e-01 1.856615304946899414e+00 9.554098546504974365e-02 -1.884185552597045898e+00 -2.114373445510864258e-01
-7.042939662933349609e-01 9.963227510452270508e-01 2.297685146331787109e+00 -1.151453614234924316e+00 1.875671148300170898e+00 -1.099915504455566406e+00 -7.005127072334289551e-01 -1.665088772773742676e+00 1.947709202766418457e+00 -1.059301048517227173e-01 -1.403048396110534668e+00 -1.864334821701049805e+00 -5.502359271049499512e-01 -6.910385489463806152e-01 2.257010936737060547e+00 9.553753733634948730e-01 1.948058128356933594e+00 5.041417479515075684e-02 -1.891394734382629395e+00 -1.922389119863510132e-01
-7.257100343704223633e-01 9.845821261405944824e-01 2.316293954849243164e+00 -1.160506844520568848e+00 1.884755492210388184e+00 -1.193188190460205078e+00 -6.293794512748718262e-01 -1.755266308784484863e+00 1.984523653984069824e+00 -9.097050875425338745e-02 -1.417623400688171387e+00 -1.894421815872192383e+00 -4.744634330272674561e-01 -6.508762836456298828e-01 2.289576292037963867e+00 9.733985662460327148e-01 1.974272251129150391e+00 2.432531118392944336e-02 -1.868426442146301270e+00 -1.969524919986724854e-01
-7.400846481323242188e-01 9.665997028350830078e-01 2.314985990524291992e+00 -1.160029649734497070e+00 1.874545931816101074e+00 -1.237872362136840820e+00 -5.800958275794982910e-01 -1.791036367416381836e+00 1.990011930465698242e+00 -8.755978941917419434e-02 -1.417105436325073242e+00 -1.888411879539489746e+00 -4.324139952659606934e-01 -6.122002005577087402e-01 2.293541193008422852e+00 9.847990274429321289e-01 1.974613189697265625e+00 1.180016621947288513e-02 -1.840971469879150391e+00 -2.043256610631942749e-01
-7.553663253784179688e-01 9.466051459312438965e-01 2.316219568252563477e+00 -1.154230833053588867e+00 1.859359502792358398e+00 -1.248840332031250000e+00 -5.539739727973937988e-01 -1.790925025939941406e+00 1.983274579048156738e+00 -9.292124211788177490e-02 -1.411371946334838867e+00 -1.870670914649963379e+00 -4.225628077983856201e-01 -5.842101573944091797e-01 2.293536186218261719e+00 1.000712275505065918e+00 1.967538595199584961e+00 1.176334545016288757e-02 -1.827082753181457520e+00 -2.091727107763290405e-01
-7.769017219543457031e-01 9.288709163665771484e-01 2.332419872283935547e+00 -1.143420696258544922e+00 1.842328429222106934e+00 -1.229328632354736328e+00 -5.554551482200622559e-01 -1.755964994430541992e+00 1.970704793930053711e+00 -1.097244396805763245e-01 -1.401789307594299316e+00 -1.847001314163208008e+00 -4.496678113937377930e-01 -5.724502801895141602e-01 2.300462484359741211e+00 1.028591036796569824e+00 1.957031846046447754e+00 2.529696375131607056e-02 -1.836202740669250488e+00 -2.099840044975280762e-01
-8.136953115463256836e-01 9.294487833976745605e-01 2.369068145751953125e+00 -1.126883506774902344e+00 1.812584280967712402e+00 -1.169936418533325195e+00 -5.981656312942504883e-01 -1.673464298248291016e+00 1.950463175773620605e+00 -1.510034948587417603e-01 -1.378913760185241699e+00 -1.810281157493591309e+00 -5.274088978767395020e-01 -5.873682498931884766e-01 2.319433212280273438e+00 1.075926303863525391e+00 1.934097409248352051e+00 5.435115098953247070e-02 -1.874763011932373047e+00 -2.085661143064498901e-01
-8.481091260910034180e-01 9.436212778091430664e-01 2.409935474395751953e+00 -1.084070801734924316e+00 1.742396354675292969e+00 -1.035963535308837891e+00 -6.968369483947753906e-01 -1.466549634933471680e+00 1.884158492088317871e+00 -2.344193160533905029e-01 -1.313583135604858398e+00 -1.691836953163146973e+00 -6.825388073921203613e-01 -6.225619912147521973e-01 2.308928966522216797e+00 1.136342525482177734e+00 1.845175504684448242e+00 1.086994558572769165e-01 -1.919256567955017090e+00 -2.165969014167785645e-01
-8.340177536010742188e-01 1.058201551437377930e+00 2.410525560379028320e+00 -1.021443247795104980e+00 1.787290930747985840e+00 -9.159101843833923340e-01 -9.423044919967651367e-01 -1.155937314033508301e+00 1.831122517585754395e+00 -4.013334512710571289e-01 -1.136361718177795410e+00 -1.374497890472412109e+00 -8.221070170402526855e-01 -6.234868764877319336e-01 2.282799005508422852e+00 1.273580431938171387e+00 1.664923548698425293e+00 1.346164345741271973e-01 -1.877454519271850586e+00 -2.940204143524169922e-01
-8.796561956405639648e-01 1.360792279243469238e+00 2.327559947967529297e+00 -1.090580105781555176e+00 1.971859574317932129e+00 -8.596863746643066406e-01 -1.381998777389526367e+00 -8.668942451477050781e-01 1.869635939598083496e+00 -6.883037090301513672e-01 -8.302029967308044434e-01 -8.991408348083496094e-01 -8.425710797309875488e-01 -4.392862915992736816e-01 2.301292181015014648e+00 1.572882533073425293e+00 1.511743307113647461e+00 8.679440617561340332e-02 -1.722774028778076172e+00 -4.028241038322448730e-01
-9.353600740432739258e-01 1.610423088073730469e+00 2.168055057525634766e+00 -1.146870970726013184e+00 2.016278266906738281e+00 -9.039970636367797852e-01 -1.712715506553649902e+00 -7.915847897529602051e-01 1.899240612983703613e+00 -8.020896315574645996e-01 -5.940742492675781250e-01 -6.336578726768493652e-01 -7.795546650886535645e-01 -2.643285691738128662e-01 2.263426065444946289e+00 1.710098385810852051e+00 1.436543226242065430e+00 5.181070417165756226e-03 -1.563149094581604004e+00 -4.050792455673217773e-01
-9.386540651321411133e-01 1.771734952926635742e+00 2.073978424072265625e+00 -1.169788837432861328e+00 1.997666358947753906e+00 -9.918660521507263184e-01 -1.836112260818481445e+00 -7.854597568511962891e-01 1.940747380256652832e+00 -8.429826498031616211e-01 -4.729198217391967773e-01 -5.401860475540161133e-01 -7.186205387115478516e-01 -1.742776036262512207e-01 2.223873853683471680e+00 1.742434144020080566e+00 1.429330945014953613e+00 -5.509718507528305054e-02 -1.458825588226318359e+00 -4.149837493896484375e-01
-9.411081075668334961e-01 1.873980402946472168e+00 2.036465883255004883e+00 -1.177213191986083984e+00 2.016915559768676758e+00 -1.086386680603027344e+00 -1.889982223510742188e+00 -8.175503015518188477e-01 1.980939865112304688e+00 -8.714842200279235840e-01 -4.186351895332336426e-01 -4.858401417732238770e-01 -6.623448729515075684e-01 -1.061580851674079895e-01 2.195359706878662109e+00 1.724594831466674805e+00 1.411463260650634766e+00 -1.125603020191192627e-01 -1.378867745399475098e+00 -4.131454825401306152e-01
-9.236452579498291016e-01 1.937045335769653320e+00 2.022130012512207031e+00 -1.163053512573242188e+00 2.035348892211914062e+00 -1.188587665557861328e+00 -1.894556403160095215e+00 -8.536194562911987305e-01 2.019437789916992188e+00 -8.839505314826965332e-01 -3.962558507919311523e-01 -4.515454769134521484e-01 -6.048439145088195801e-01 -5.752285569906234741e-02 2.181498765945434570e+00 1.679316043853759766e+00 1.384399414062500000e+00 -1.684751808643341064e-01 -1.304767608642578125e+00 -4.120678901672363281e-01
-8.847864866256713867e-01 1.965303301811218262e+00 2.014851808547973633e+00 -1.127629637718200684e+00 2.041155338287353516e+00 -1.288047790527343750e+00 -1.860404849052429199e+00 -8.828871846199035645e-01 2.044554233551025391e+00 -8.767334222793579102e-01 -3.871624171733856201e-01 -4.276840984821319580e-01 -5.436277389526367188e-01 -3.254093229770660400e-02 2.160072088241577148e+00 1.609283804893493652e+00 1.336119890213012695e+00 -2.196902334690093994e-01 -1.230082511901855469e+00 -4.135203957557678223e-01
-8.321027755737304688e-01 1.951606035232543945e+00 2.025207281112670898e+00 -1.065349102020263672e+00 2.029123544692993164e+00 -1.380993127822875977e+00 -1.787227511405944824e+00 -9.091337919235229492e-01 2.051742076873779297e+00 -8.441675901412963867e-01 -4.004814326763153076e-01 -4.181217551231384277e-01 -4.830027520656585693e-01 -2.140414714813232422e-02 2.115054130554199219e+00 1.513007521629333496e+00 1.265068411827087402e+00 -2.639168500900268555e-01 -1.166055083274841309e+00 -4.242137074470520020e-01
-7.401565313339233398e-01 1.879665017127990723e+00 2.014250516891479492e+00 -9.697532653808593750e-01 1.998078227043151855e+00 -1.469139575958251953e+00 -1.632016897201538086e+00 -9.406232237815856934e-01 2.021012783050537109e+00 -7.759729027748107910e-01 -4.468061923980712891e-01 -4.126487076282501221e-01 -3.935671448707580566e-01 -3.295242786407470703e-02 2.037791252136230469e+00 1.359804511070251465e+00 1.154944777488708496e+00 -3.201539814472198486e-01 -1.079991340637207031e+00 -4.481123089790344238e-01
-6.118121147155761719e-01 1.722835898399353027e+00 2.037597179412841797e+00 -8.310963511466979980e-01 2.020111083984375000e+00 -1.591549158096313477e+00 -1.308897495269775391e+00 -1.032536149024963379e+00 2.030098676681518555e+00 -6.759057641029357910e-01 -5.912058353424072266e-01 -4.858247339725494385e-01 -2.382979243993759155e-01 -7.787018269300460815e-02 1.986108541488647461e+00 1.193436622619628906e+00 1.083285450935363770e+00 -3.708451688289642334e-01 -9.919443130493164062e-01 -5.052183866500854492e-01
-4.948767125606536865e-01 1.457264900207519531e+00 1.995827436447143555e+00 -6.621611714363098145e-01 1.955548286437988281e+00 -1.629154682159423828e+00 -8.672643303871154785e-01 -1.114161729812622070e+00 1.943860650062561035e+00 -5.234906077384948730e-01 -7.925159931182861328e-01 -6.026431322097778320e-01 -7.753719389438629150e-02 -1.178778037428855896e-01 1.909501910209655762e+00 9.851112961769104004e-01 1.016514539718627930e+00 -4.103824496269226074e-01 -8.993762135505676270e-01 -5.454634428024291992e-01
-5.140217542648315430e-01 1.225848913192749023e+00 2.007330656051635742e+00 -6.823113560676574707e-01 1.986629247665405273e+00 -1.638334989547729492e+00 -5.027208924293518066e-01 -1.336982488632202148e+00 1.940384745597839355e+00 -4.158382713794708252e-01 -1.034629940986633301e+00 -8.150750398635864258e-01 7.703207433223724365e-02 -1.111063137650489807e-01 1.982161164283752441e+00 8.986924290657043457e-01 1.129437565803527832e+00 -3.988753259181976318e-01 -8.903509378433227539e-01 -5.706383585929870605e-01
-5.823743343353271484e-01 1.062737703323364258e+00 2.004529714584350586e+00 -7.802905440330505371e-01 2.047389745712280273e+00 -1.628134250640869141e+00 -3.390222787857055664e-01 -1.572225213050842285e+00 1.962138652801513672e+00 -3.560589253902435303e-01 -1.213775277137756348e+00 -9.873527288436889648e-01 7.667566835880279541e-02 -4.766431450843811035e-02 2.030149459838867188e+00 9.162663221359252930e-01 1.346105933189392090e+00 -3.599703609943389893e-01 -9.601671695709228516e-01 -5.917873382568359375e-01
-6.751415729522705078e-01 8.959892392158508301e-01 1.941561341285705566e+00 -8.774940371513366699e-01 2.020065784454345703e+00 -1.526615858078002930e+00 -2.255544066429138184e-01 -1.715888857841491699e+00 1.906147003173828125e+00 -3.197034299373626709e-01 -1.300334334373474121e+00 -1.087062239646911621e+00 6.570767611265182495e-03 8.235253393650054932e-03 2.019023418426513672e+00 9.729813337326049805e-01 1.515819430351257324e+00 -3.170114755630493164e-01 -1.033281922340393066e+00 -6.052287817001342773e-01
-7.967640161514282227e-01 7.630083560943603516e-01 1.851651787757873535e+00 -9.592400789260864258e-01 1.955137848854064941e+00 -1.344840049743652344e+00 -1.931807249784469604e-01 -1.728597283363342285e+00 1.782352447509765625e+00 -3.498912751674652100e-01 -1.311799645423889160e+00 -1.105067968368530273e+00 -1.026861369609832764e-01 7.392814755439758301e-02 1.995782136917114258e+00 1.072793006896972656e+00 1.623014211654663086e+00 -2.411719113588333130e-01 -1.092819452285766602e+00 -5.953605175018310547e-01
-9.031058549880981445e-01 6.582790017127990723e-01 1.731486439704895020e+00 -1.011067748069763184e+00 1.840216517448425293e+00 -1.141401767730712891e+00 -1.952216476202011108e-01 -1.637548804283142090e+00 1.618872761726379395e+00 -4.152521789073944092e-01 -1.252340793609619141e+00 -1.042097330093383789e+00 -2.094486504793167114e-01 1.489449143409729004e-01 1.944865345954895020e+00 1.179613590240478516e+00 1.653060674667358398e+00 -1.690900027751922607e-01 -1.111555695533752441e+00 -5.733328461647033691e-01
-1.020716428756713867e+00 7.344625592231750488e-01 1.661171674728393555e+00 -1.124305367469787598e+00 1.737602949142456055e+00 -1.036652207374572754e+00 -2.934063673019409180e-01 -1.568189382553100586e+00 1.508039951324462891e+00 -4.999280273914337158e-01 -1.148862123489379883e+00 -9.325568675994873047e-01 -2.770878374576568604e-01 2.312990725040435791e-01 1.948595285415649414e+00 1.325313806533813477e+00 1.662273526191711426e+00 -1.791506409645080566e-01 -1.143295526504516602e+00 -5.930193066596984863e-01
-1.109778285026550293e+00 8.833069801330566406e-01 1.600871205329895020e+00 -1.228280305862426758e+00 1.591816663742065430e+00 -9.828359484672546387e-01 -4.019722938537597656e-01 -1.464946150779724121e+00 1.426799416542053223e+00 -6.007556319236755371e-01 -9.885191917419433594e-01 -7.900756001472473145e-01 -3.102207183837890625e-01 2.941749989986419678e-01 1.944073796272277832e+00 1.444007635116577148e+00 1.617261409759521484e+00 -2.185997217893600464e-01 -1.142742514610290527e+00 -6.125465631484985352e-01
-1.176599979400634766e+00 1.093597173690795898e+00 1.565794944763183594e+00 -1.316752314567565918e+00 1.444892048835754395e+00 -9.924643635749816895e-01 -5.170683860778808594e-01 -1.348127603530883789e+00 1.422456383705139160e+00 -7.337878346443176270e-01 -7.920995950698852539e-01 -6.273143887519836426e-01 -3.038029372692108154e-01 3.476853668689727783e-01 1.937608718872070312e+00 1.521864056587219238e+00 1.522810459136962891e+00 -2.801137566566467285e-01 -1.094948887825012207e+00 -6.059489846229553223e-01
-1.199443817138671875e+00 1.359501004219055176e+00 1.554306983947753906e+00 -1.364681720733642578e+00 1.353478431701660156e+00 -1.052686214447021484e+00 -6.654718518257141113e-01 -1.228522062301635742e+00 1.517780065536499023e+00 -8.804167509078979492e-01 -5.811560153961181641e-01 -4.874608814716339111e-01 -2.783460915088653564e-01 3.538726568222045898e-01 1.948116660118103027e+00 1.564658403396606445e+00 1.417862772941589355e+00 -3.552086651325225830e-01 -1.029664635658264160e+00 -5.845031142234802246e-01
-1.157422423362731934e+00 1.561199426651000977e+00 1.562543034553527832e+00 -1.362831711769104004e+00 1.290539741516113281e+00 -1.109270572662353516e+00 -7.809252142906188965e-01 -1.115225195884704590e+00 1.593206048011779785e+00 -9.715840220451354980e-01 -4.782340824604034424e-01 -3.849883079528808594e-01 -3.005242347717285156e-01 3.363693058490753174e-01 1.948930621147155762e+00 1.514266252517700195e+00 1.319620132446289062e+00 -3.800108134746551514e-01 -9.816491603851318359e-01 -5.651463866233825684e-01
-1.097842454910278320e+00 1.685491442680358887e+00 1.607544422149658203e+00 -1.289736866950988770e+00 1.244580864906311035e+00 -1.132748603820800781e+00 -8.979997038841247559e-01 -1.003365039825439453e+00 1.649312973022460938e+00 -1.006866812705993652e+00 -4.271331727504730225e-01 -3.464384675025939941e-01 -3.391746282577514648e-01 2.624090909957885742e-01 1.928808569908142090e+00 1.444566369056701660e+00 1.224314570426940918e+00 -3.581519126892089844e-01 -9.826813936233520508e-01 -5.367373824119567871e-01
-1.062936067581176758e+00 1.758667707443237305e+00 1.670053482055664062e+00 -1.221524715423583984e+00 1.250905752182006836e+00 -1.133112907409667969e+00 -9.840216636657714844e-01 -9.397575855255126953e-01 1.695823431015014648e+00 -1.025177597999572754e+00 -4.338785111904144287e-01 -3.590135574340820312e-01 -3.828983604907989502e-01 1.665259450674057007e-01 1.936417937278747559e+00 1.397502422332763672e+00 1.173121094703674316e+00 -3.193413913249969482e-01 -1.020166754722595215e+00 -5.165785551071166992e-01
-1.041762590408325195e+00 1.802076578140258789e+00 1.743854284286499023e+00 -1.163604259490966797e+00 1.312774419784545898e+00 -1.113273382186889648e+00 -1.059401869773864746e+00 -9.030160903930664062e-01 1.738485336303710938e+00 -1.039827108383178711e+00 -4.748125374317169189e-01 -3.934083282947540283e-01 -4.357057511806488037e-01 5.978793650865554810e-02 1.970883607864379883e+00 1.382047414779663086e+00 1.156507849693298340e+00 -2.633939385414123535e-01 -1.080168008804321289e+00 -5.122885107994079590e-01
-1.033792138099670410e+00 1.807653188705444336e+00 1.803860664367675781e+00 -1.108860254287719727e+00 1.388698577880859375e+00 -1.066303253173828125e+00 -1.131963372230529785e+00 -8.669350147247314453e-01 1.754013538360595703e+00 -1.051036357879638672e+00 -5.322256088256835938e-01 -4.244001209735870361e-01 -4.883205592632293701e-01 -4.388023912906646729e-02 2.008096456527709961e+00 1.388095021247863770e+00 1.143797397613525391e+00 -2.011559903621673584e-01 -1.143541336059570312e+00 -5.043361783027648926e-01
-1.050731778144836426e+00 1.781862854957580566e+00 1.862014412879943848e+00 -1.066444873809814453e+00 1.466135382652282715e+00 -1.000818490982055664e+00 -1.211320996284484863e+00 -8.375158905982971191e-01 1.750947952270507812e+00 -1.058278560638427734e+00 -5.969834327697753906e-01 -4.529621601104736328e-01 -5.441164970397949219e-01 -1.242631748318672180e-01 2.038560628890991211e+00 1.422181487083435059e+00 1.140843749046325684e+00 -1.320936083793640137e-01 -1.218540191650390625e+00 -4.938171505928039551e-01
-1.078492403030395508e+00 1.761615395545959473e+00 1.906051158905029297e+00 -1.040864944458007812e+00 1.534472703933715820e+00 -9.416336417198181152e-01 -1.284222602844238281e+00 -8.161416649818420410e-01 1.743741393089294434e+00 -1.069695353507995605e+00 -6.538659334182739258e-01 -4.725181162357330322e-01 -5.980741977691650391e-01 -1.699186265468597412e-01 2.059843540191650391e+00 1.466406464576721191e+00 1.152907729148864746e+00 -6.975232064723968506e-02 -1.284163594245910645e+00 -4.880911707878112793e-01
-1.114369988441467285e+00 1.757209539413452148e+00 1.929155588150024414e+00 -1.035466313362121582e+00 1.587435126304626465e+00 -9.018423557281494141e-01 -1.348233699798583984e+00 -8.079946041107177734e-01 1.732587099075317383e+00 -1.084902644157409668e+00 -6.944211721420288086e-01 -4.720081388950347900e-01 -6.416314840316772461e-01 -1.711992919445037842e-01 2.066600084304809570e+00 1.507898807525634766e+00 1.168841838836669922e+00 -2.781420014798641205e-02 -1.328374147415161133e+00 -4.853168129920959473e-01
-1.153373837471008301e+00 1.767442703247070312e+00 1.927092909812927246e+00 -1.050414443016052246e+00 1.615524649620056152e+00 -8.861685395240783691e-01 -1.393880605697631836e+00 -8.102951049804687500e-01 1.719241619110107422e+00 -1.105139255523681641e+00 -7.136528491973876953e-01 -4.461916983127593994e-01 -6.697024106979370117e-01 -1.247245147824287415e-01 2.053940773010253906e+00 1.539879441261291504e+00 1.183677673339843750e+00 -7.515851408243179321e-03 -1.341611266136169434e+00 -4.861255884170532227e-01
-1.197551250457763672e+00 1.796933531761169434e+00 1.894667387008666992e+00 -1.087318658828735352e+00 1.618159413337707520e+00 -9.020668864250183105e-01 -1.416822791099548340e+00 -8.307874798774719238e-01 1.700705409049987793e+00 -1.131283164024353027e+00 -7.143226861953735352e-01 -3.864195644855499268e-01 -6.825047731399536133e-01 -1.725117862224578857e-02 2.017550468444824219e+00 1.553787827491760254e+00 1.195275306701660156e+00 -1.451208442449569702e-02 -1.316036343574523926e+00 -4.955506324768066406e-01
-1.251773834228515625e+00 1.860495686531066895e+00 1.820781707763671875e+00 -1.149491310119628906e+00 1.602159142494201660e+00 -9.649323821067810059e-01 -1.413336396217346191e+00 -8.942525982856750488e-01 1.668757915496826172e+00 -1.158106923103332520e+00 -7.033627033233642578e-01 -2.821736037731170654e-01 -6.804177165031433105e-01 1.749545335769653320e-01 1.951097249984741211e+00 1.529924869537353516e+00 1.202041864395141602e+00 -6.702420115470886230e-02 -1.241307616233825684e+00 -5.232569575309753418e-01
-1.250033497810363770e+00 1.964739441871643066e+00 1.720285296440124512e+00 -1.245451927185058594e+00 1.595482468605041504e+00 -1.117222785949707031e+00 -1.350992083549499512e+00 -1.011648297309875488e+00 1.684037208557128906e+00 -1.160336852073669434e+00 -6.632199287414550781e-01 -1.699785888195037842e-01 -6.158753633499145508e-01 4.070143997669219971e-01 1.860051751136779785e+00 1.456937074661254883e+00 1.217276334762573242e+00 -1.880640387535095215e-01 -1.112558484077453613e+00 -5.785846710205078125e-01
-1.208820462226867676e+00 2.011338472366333008e+00 1.599064826965332031e+00 -1.412797927856445312e+00 1.605156540870666504e+00 -1.366100311279296875e+00 -1.180719375610351562e+00 -1.241432905197143555e+00 1.755716919898986816e+00 -1.103829383850097656e+00 -6.138631701469421387e-01 -6.444342434406280518e-02 -4.631529748439788818e-01 7.017840147018432617e-01 1.768368482589721680e+00 1.348617076873779297e+00 1.273193478584289551e+00 -4.158194959163665771e-01 -9.403266310691833496e-01 -6.463994383811950684e-01
-1.173104763031005859e+00 2.007602214813232422e+00 1.574970841407775879e+00 -1.648783564567565918e+00 1.714154243469238281e+00 -1.627492666244506836e+00 -1.009952187538146973e+00 -1.611952662467956543e+00 1.876086473464965820e+00 -9.759480953216552734e-01 -6.159238815307617188e-01 -1.346195489168167114e-01 -3.206064701080322266e-01 9.559787511825561523e-01 1.788285732269287109e+00 1.243963003158569336e+00 1.493709206581115723e+00 -6.246184110641479492e-01 -8.712131381034851074e-01 -6.753651499748229980e-01
-1.097482204437255859e+00 1.921272039413452148e+00 1.508555531501770020e+00 -1.791997551918029785e+00 1.762438416481018066e+00 -1.732312440872192383e+00 -8.307982683181762695e-01 -1.867403745651245117e+00 1.895059823989868164e+00 -8.063973188400268555e-01 -5.955696702003479004e-01 -2.502671778202056885e-01 -2.067780196666717529e-01 1.048416137695312500e+00 1.772372007369995117e+00 1.089537858963012695e+00 1.637423038482666016e+00 -7.573055028915405273e-01 -8.127000331878662109e-01 -6.857311725616455078e-01
-1.027970910072326660e+00 1.826463222503662109e+00 1.438852190971374512e+00 -1.833419322967529297e+00 1.763359904289245605e+00 -1.747256994247436523e+00 -6.850212812423706055e-01 -1.996695041656494141e+00 1.884934544563293457e+00 -6.706613898277282715e-01 -6.255079507827758789e-01 -3.526396155357360840e-01 -1.477852761745452881e-01 1.034057736396789551e+00 1.747912526130676270e+00 9.562550187110900879e-01 1.713308095932006836e+00 -8.145326375961303711e-01 -7.917899489402770996e-01 -6.908010840415954590e-01
-9.708869457244873047e-01 1.773355245590209961e+00 1.401123762130737305e+00 -1.842708110809326172e+00 1.779649257659912109e+00 -1.749235153198242188e+00 -6.228300929069519043e-01 -2.107291698455810547e+00 1.906500816345214844e+00 -5.375044941902160645e-01 -7.002564072608947754e-01 -5.156042575836181641e-01 -1.252361238002777100e-01 9.538572430610656738e-01 1.740261435508728027e+00 8.495299816131591797e-01 1.823173999786376953e+00 -8.189144134521484375e-01 -8.366804122924804688e-01 -6.651492118835449219e-01
-9.292885065078735352e-01 1.721114635467529297e+00 1.376060605049133301e+00 -1.803084135055541992e+00 1.818249821662902832e+00 -1.725913286209106445e+00 -6.185714006423950195e-01 -2.165115118026733398e+00 1.912353754043579102e+00 -4.412913322448730469e-01 -7.632802724838256836e-01 -6.573223471641540527e-01 -1.243835538625717163e-01 8.772203922271728516e-01 1.721908569335937500e+00 8.016624450683593750e-01 1.923300385475158691e+00 -7.793294191360473633e-01 -8.852908611297607422e-01 -6.376263499259948730e-01
-9.029319286346435547e-01 1.640569448471069336e+00 1.320327162742614746e+00 -1.729023933410644531e+00 1.836238265037536621e+00 -1.635792016983032227e+00 -6.872687935829162598e-01 -2.150060176849365234e+00 1.864735364913940430e+00 -3.567506074905395508e-01 -7.857450842857360840e-01 -7.612517476081848145e-01 -1.696803122758865356e-01 8.236768841743469238e-01 1.656470656394958496e+00 7.917165756225585938e-01 2.001431226730346680e+00 -7.036741971969604492e-01 -9.437024593353271484e-01 -5.721789598464965820e-01
-9.066492319107055664e-01 1.516589164733886719e+00 1.224588871002197266e+00 -1.612429141998291016e+00 1.823790431022644043e+00 -1.382745265960693359e+00 -8.848117589950561523e-01 -1.991800427436828613e+00 1.722686290740966797e+00 -3.076443672180175781e-01 -7.544075846672058105e-01 -8.168714642524719238e-01 -2.877999246120452881e-01 7.467383146286010742e-01 1.557438492774963379e+00 8.373189568519592285e-01 2.023289918899536133e+00 -5.500175952911376953e-01 -1.016785383224487305e+00 -4.385099411010742188e-01
-1.023840427398681641e+00 1.416264295578002930e+00 1.238421201705932617e+00 -1.471770524978637695e+00 1.768788933753967285e+00 -9.969381093978881836e-01 -1.207256078720092773e+00 -1.707636713981628418e+00 1.562002301216125488e+00 -3.547410964965820312e-01 -6.837434172630310059e-01 -8.651428222656250000e-01 -5.440137386322021484e-01 5.665860176086425781e-01 1.562579512596130371e+00 1.053900599479675293e+00 2.008301973342895508e+00 -2.975749373435974121e-01 -1.214367270469665527e+00 -3.078280091285705566e-01
-1.137990236282348633e+00 1.352146744728088379e+00 1.336042523384094238e+00 -1.298908233642578125e+00 1.733084321022033691e+00 -7.282574772834777832e-01 -1.447344064712524414e+00 -1.395756363868713379e+00 1.464225172996520996e+00 -4.977937042713165283e-01 -6.285290122032165527e-01 -8.177769184112548828e-01 -7.015874981880187988e-01 3.909074366092681885e-01 1.694730281829833984e+00 1.305740833282470703e+00 1.893697857856750488e+00 -1.089396402239799500e-01 -1.327489256858825684e+00 -2.329993695020675659e-01
-1.159823179244995117e+00 1.323765635490417480e+00 1.406152009963989258e+00 -1.184344410896301270e+00 1.710423707962036133e+00 -5.766859650611877441e-01 -1.561369299888610840e+00 -1.130912423133850098e+00 1.393573760986328125e+00 -6.090226173400878906e-01 -5.938823223114013672e-01 -7.172139286994934082e-01 -7.218235135078430176e-01 2.595213949680328369e-01 1.784930109977722168e+00 1.426430106163024902e+00 1.717723846435546875e+00 -4.155576974153518677e-02 -1.321007490158081055e+00 -2.076337337493896484e-01
-1.224537968635559082e+00 1.359457135200500488e+00 1.472369551658630371e+00 -1.156539201736450195e+00 1.704262018203735352e+00 -5.503748655319213867e-01 -1.638910055160522461e+00 -1.016950011253356934e+00 1.382016062736511230e+00 -7.170836925506591797e-01 -5.976322889328002930e-01 -6.354105472564697266e-01 -7.088637948036193848e-01 2.343329191207885742e-01 1.881510496139526367e+00 1.521917104721069336e+00 1.619303345680236816e+00 -1.914301514625549316e-02 -1.313262581825256348e+00 -1.857436150312423706e-01
-1.314973115921020508e+00 1.459106564521789551e+00 1.559075832366943359e+00 -1.141009330749511719e+00 1.713648796081542969e+00 -6.280234456062316895e-01 -1.721594333648681641e+00 -1.014773607254028320e+00 1.401330471038818359e+00 -7.868827581405639648e-01 -6.129453182220458984e-01 -5.911201238632202148e-01 -7.134584188461303711e-01 2.678903937339782715e-01 1.948824048042297363e+00 1.607190608978271484e+00 1.585848212242126465e+00 -2.609284035861492157e-02 -1.339366912841796875e+00 -1.878195852041244507e-01
-1.380824685096740723e+00 1.559682488441467285e+00 1.615938305854797363e+00 -1.141738176345825195e+00 1.718367218971252441e+00 -7.284678816795349121e-01 -1.790110826492309570e+00 -1.030870795249938965e+00 1.417347073554992676e+00 -8.337680101394653320e-01 -6.087622046470642090e-01 -5.312099456787109375e-01 -7.096828222274780273e-01 3.437786400318145752e-01 1.973787426948547363e+00 1.666491627693176270e+00 1.565242886543273926e+00 -4.853080213069915771e-02 -1.338734626770019531e+00 -2.073747068643569946e-01
-1.438179254531860352e+00 1.647081613540649414e+00 1.664626717567443848e+00 -1.128839969635009766e+00 1.729972243309020996e+00 -8.673511147499084473e-01 -1.831824660301208496e+00 -1.059103727340698242e+00 1.447567701339721680e+00 -8.877903819084167480e-01 -5.989720225334167480e-01 -4.485585689544677734e-01 -6.881423592567443848e-01 4.653181731700897217e-01 1.992790699005126953e+00 1.706232428550720215e+00 1.541639328002929688e+00 -8.988757431507110596e-02 -1.299411773681640625e+00 -2.262643128633499146e-01
-1.466929554939270020e+00 1.706230282783508301e+00 1.702141523361206055e+00 -1.099509477615356445e+00 1.723845601081848145e+00 -1.035188674926757812e+00 -1.827855467796325684e+00 -1.082020998001098633e+00 1.478857874870300293e+00 -9.338446259498596191e-01 -5.749588012695312500e-01 -3.460696935653686523e-01 -6.409115195274353027e-01 6.017044186592102051e-01 2.000679969787597656e+00 1.718799471855163574e+00 1.494782686233520508e+00 -1.519655734300613403e-01 -1.221268057823181152e+00 -2.461666315793991089e-01
-1.420776128768920898e+00 1.762192487716674805e+00 1.748403906822204590e+00 -1.128427028656005859e+00 1.681552410125732422e+00 -1.246416568756103516e+00 -1.715599656105041504e+00 -1.119997024536132812e+00 1.536140799522399902e+00 -9.347187280654907227e-01 -5.394805669784545898e-01 -2.555493414402008057e-01 -5.609772801399230957e-01 6.975141167640686035e-01 2.001056909561157227e+00 1.666107296943664551e+00 1.425918936729431152e+00 -2.622959017753601074e-01 -1.127723932266235352e+00 -3.001024723052978516e-01
-1.315091848373413086e+00 1.776516556739807129e+00 1.791094422340393066e+00 -1.166507720947265625e+00 1.639041543006896973e+00 -1.426424741744995117e+00 -1.574593067169189453e+00 -1.144662976264953613e+00 1.587213516235351562e+00 -8.937529325485229492e-01 -5.081840157508850098e-01 -1.863355934619903564e-01 -4.850006997585296631e-01 7.365335822105407715e-01 1.992261052131652832e+00 1.586378693580627441e+00 1.346333265304565430e+00 -3.733399212360382080e-01 -1.042817831039428711e+00 -3.646707534790039062e-01
-1.134566903114318848e+00 1.747677564620971680e+00 1.868259787559509277e+00 -1.193004608154296875e+00 1.632719635963439941e+00 -1.561474323272705078e+00 -1.433665156364440918e+00 -1.135459542274475098e+00 1.663740992546081543e+00 -8.186244964599609375e-01 -5.109696984291076660e-01 -1.837410479784011841e-01 -4.262740910053253174e-01 6.583334207534790039e-01 1.986393928527832031e+00 1.506111025810241699e+00 1.283627986907958984e+00 -4.520532786846160889e-01 -1.008876681327819824e+00 -4.370765686035156250e-01
-8.814513683319091797e-01 1.702537775039672852e+00 1.987995743751525879e+00 -1.168115496635437012e+00 1.679059743881225586e+00 -1.689356327056884766e+00 -1.304455637931823730e+00 -1.098653554916381836e+00 1.767432928085327148e+00 -6.957845687866210938e-01 -5.193403959274291992e-01 -2.508095800876617432e-01 -3.769195973873138428e-01 4.183634519577026367e-01 2.014004230499267578e+00 1.379827618598937988e+00 1.187447190284729004e+00 -5.022156238555908203e-01 -1.014961361885070801e+00 -4.849488139152526855e-01
-6.778603792190551758e-01 1.609068393707275391e+00 2.117162704467773438e+00 -1.067946791648864746e+00 1.767361283302307129e+00 -1.682252407073974609e+00 -1.239792227745056152e+00 -9.891825318336486816e-01 1.837213873863220215e+00 -6.113705635070800781e-01 -5.707442760467529297e-01 -3.865454792976379395e-01 -4.092179536819458008e-01 9.266681224107742310e-02 2.059983968734741211e+00 1.287247896194458008e+00 1.107547521591186523e+00 -4.227911233901977539e-01 -1.095275878906250000e+00 -4.506726264953613281e-01
-5.325676202774047852e-01 1.577978134155273438e+00 2.266007900238037109e+00 -1.011375308036804199e+00 1.876902341842651367e+00 -1.523910522460937500e+00 -1.261769771575927734e+00 -9.476460814476013184e-01 1.937064766883850098e+00 -4.969264566898345947e-01 -6.813489794731140137e-01 -7.084754705429077148e-01 -5.723856687545776367e-01 -3.136755228042602539e-01 2.098963975906372070e+00 1.219925522804260254e+00 1.222088456153869629e+00 -2.880086302757263184e-01 -1.354425430297851562e+00 -4.214376211166381836e-01
-5.722612142562866211e-01 1.617679119110107422e+00 2.345123052597045898e+00 -1.035222053527832031e+00 1.930110216140747070e+00 -1.339011669158935547e+00 -1.367146730422973633e+00 -1.002567052841186523e+00 2.015996456146240234e+00 -4.387122094631195068e-01 -7.939298152923583984e-01 -1.037104725837707520e+00 -7.306455969810485840e-01 -5.512686967849731445e-01 2.154547452926635742e+00 1.188007712364196777e+00 1.439355015754699707e+00 -1.771006435155868530e-01 -1.614995360374450684e+00 -3.352373838424682617e-01
-6.675370931625366211e-01 1.633888244628906250e+00 2.337121009826660156e+00 -1.021639585494995117e+00 1.919476032257080078e+00 -1.176089763641357422e+00 -1.446334481239318848e+00 -1.048522114753723145e+00 2.025822639465332031e+00 -4.380573928356170654e-01 -8.561437726020812988e-01 -1.226061224937438965e+00 -8.076449632644653320e-01 -6.592518687248229980e-01 2.193381309509277344e+00 1.183960437774658203e+00 1.566151261329650879e+00 -1.133123710751533508e-01 -1.750082731246948242e+00 -2.578834891319274902e-01
-7.703779935836791992e-01 1.597217559814453125e+00 2.295239686965942383e+00 -9.994650483131408691e-01 1.880473852157592773e+00 -1.041171550750732422e+00 -1.458995699882507324e+00 -1.094072937965393066e+00 1.988902688026428223e+00 -4.573455452919006348e-01 -8.954923152923583984e-01 -1.332592010498046875e+00 -8.468356728553771973e-01 -7.264720797538757324e-01 2.218206167221069336e+00 1.193939566612243652e+00 1.615992307662963867e+00 -6.849074363708496094e-02 -1.818791389465332031e+00 -2.042767554521560669e-01
-8.974237442016601562e-01 1.547645568847656250e+00 2.229393959045410156e+00 -9.750749468803405762e-01 1.813812136650085449e+00 -9.116067886352539062e-01 -1.448584318161010742e+00 -1.114970803260803223e+00 1.916376352310180664e+00 -5.095430016517639160e-01 -9.243116974830627441e-01 -1.377467274665832520e+00 -8.798516988754272461e-01 -7.400386929512023926e-01 2.220723152160644531e+00 1.220952987670898438e+00 1.624468445777893066e+00 -2.189513854682445526e-02 -1.853416562080383301e+00 -1.484780311584472656e-01
-1.043419837951660156e+00 1.485550522804260254e+00 2.136478900909423828e+00 -9.325063228607177734e-01 1.721899271011352539e+00 -7.816420197486877441e-01 -1.425349593162536621e+00 -1.124103426933288574e+00 1.800478219985961914e+00 -5.830554962158203125e-01 -9.458548426628112793e-01 -1.382514953613281250e+00 -8.989452123641967773e-01 -7.079958319664001465e-01 2.192587375640869141e+00 1.254388689994812012e+00 1.604815602302551270e+00 2.727013081312179565e-02 -1.858908295631408691e+00 -8.412507176399230957e-02
-1.192765831947326660e+00 1.411712050437927246e+00 2.004422664642333984e+00 -8.738771677017211914e-01 1.596881508827209473e+00 -6.660550832748413086e-01 -1.362244486808776855e+00 -1.134983658790588379e+00 1.634586691856384277e+00 -6.613581776618957520e-01 -9.734652638435363770e-01 -1.344326257705688477e+00 -8.971165418624877930e-01 -6.307815909385681152e-01 2.124880790710449219e+00 1.265196561813354492e+00 1.541710734367370605e+00 6.247708201408386230e-02 -1.818849205970764160e+00 -2.660672739148139954e-02
-1.350566506385803223e+00 1.296590566635131836e+00 1.815994620323181152e+00 -7.770693898200988770e-01 1.444383859634399414e+00 -5.576041936874389648e-01 -1.262905478477478027e+00 -1.139557838439941406e+00 1.410831689834594727e+00 -7.436497807502746582e-01 -1.022234678268432617e+00 -1.235722780227661133e+00 -8.614508509635925293e-01 -4.644208550453186035e-01 1.983452081680297852e+00 1.245360016822814941e+00 1.430051922798156738e+00 1.132107079029083252e-01 -1.703079938888549805e+00 1.180464029312133789e-02
-1.468406915664672852e+00 1.106431722640991211e+00 1.559561014175415039e+00 -6.836564540863037109e-01 1.232527732849121094e+00 -4.813763797283172607e-01 -1.048551082611083984e+00 -1.162342429161071777e+00 1.134592294692993164e+00 -8.010782003402709961e-01 -1.036635994911193848e+00 -1.052935957908630371e+00 -7.556380629539489746e-01 -2.242669463157653809e-01 1.753706336021423340e+00 1.178234457969665527e+00 1.289014101028442383e+00 1.448203772306442261e-01 -1.468503236770629883e+00 -1.496221870183944702e-03
-1.533165097236633301e+00 9.770545959472656250e-01 1.370176434516906738e+00 -6.296002864837646484e-01 1.128224730491638184e+00 -5.731531381607055664e-01 -7.391838431358337402e-01 -1.266553640365600586e+00 1.010416030883789062e+00 -8.685215711593627930e-01 -1.069374203681945801e+00 -8.939911723136901855e-01 -5.884321928024291992e-01 2.867257967591285706e-02 1.612329006195068359e+00 1.124872565269470215e+00 1.205535888671875000e+00 9.755995869636535645e-02 -1.218335747718811035e+00 -5.693110078573226929e-02
-1.516030192375183105e+00 1.001618504524230957e+00 1.396567106246948242e+00 -8.018046617507934570e-01 1.338375926017761230e+00 -9.113591909408569336e-01 -4.934285879135131836e-01 -1.583842754364013672e+00 1.224466085433959961e+00 -9.046065807342529297e-01 -1.117999911308288574e+00 -8.545154333114624023e-01 -3.481588661670684814e-01 2.592958509922027588e-01 1.737172961235046387e+00 1.129124641418457031e+00 1.340307593345642090e+00 -9.556967020034790039e-02 -1.048198223114013672e+00 -1.417359709739685059e-01
-1.431682825088500977e+00 1.002458453178405762e+00 1.430249452590942383e+00 -9.413411021232604980e-01 1.528016805648803711e+00 -1.184054613113403320e+00 -2.797572016716003418e-01 -1.821093082427978516e+00 1.402963638305664062e+00 -8.825266361236572266e-01 -1.159075498580932617e+00 -8.458684682846069336e-01 -1.539475917816162109e-01 4.016516506671905518e-01 1.839398145675659180e+00 1.095927238464355469e+00 1.451278328895568848e+00 -2.639431953430175781e-01 -9.241432547569274902e-01 -2.184130698442459106e-01
-1.312730431556701660e+00 9.949477314949035645e-01 1.462498068809509277e+00 -1.036696314811706543e+00 1.678992152214050293e+00 -1.366886138916015625e+00 -1.230521351099014282e-01 -1.969636440277099609e+00 1.549363136291503906e+00 -8.281919956207275391e-01 -1.199387311935424805e+00 -8.617694973945617676e-01 -2.453662082552909851e-02 4.458668828010559082e-01 1.900255680084228516e+00 1.049428939819335938e+00 1.541907548904418945e+00 -3.693159222602844238e-01 -8.565957546234130859e-01 -3.070481419563293457e-01
-1.173341512680053711e+00 9.846625328063964844e-01 1.479240536689758301e+00 -1.086809992790222168e+00 1.781634688377380371e+00 -1.468581199645996094e+00 -3.430446237325668335e-02 -2.065110445022583008e+00 1.662912726402282715e+00 -7.213844060897827148e-01 -1.235788226127624512e+00 -9.352008104324340820e-01 4.922398179769515991e-02 3.951408565044403076e-01 1.920666813850402832e+00 9.830567836761474609e-01 1.628924489021301270e+00 -4.269692599773406982e-01 -8.475323319435119629e-01 -3.768531084060668945e-01
-1.010173559188842773e+00 9.658710956573486328e-01 1.440507411956787109e+00 -1.075959682464599609e+00 1.798005938529968262e+00 -1.456679105758666992e+00 -3.249704465270042419e-02 -2.062902212142944336e+00 1.681803226470947266e+00 -5.593205094337463379e-01 -1.226816892623901367e+00 -1.036621451377868652e+00 6.340269744396209717e-02 2.624756991863250732e-01 1.863985538482666016e+00 8.871899247169494629e-01 1.677184939384460449e+00 -4.475827515125274658e-01 -8.762500286102294922e-01 -4.053992629051208496e-01
-8.157857656478881836e-01 9.631569981575012207e-01 1.303782224655151367e+00 -9.996580481529235840e-01 1.673749566078186035e+00 -1.274092435836791992e+00 -1.566611528396606445e-01 -1.884496092796325684e+00 1.546800255775451660e+00 -3.605266511440277100e-01 -1.114206314086914062e+00 -1.100613355636596680e+00 5.097381770610809326e-03 6.438098847866058350e-02 1.677582740783691406e+00 7.608209252357482910e-01 1.621745705604553223e+00 -4.227026700973510742e-01 -9.128205180168151855e-01 -3.924388289451599121e-01
-7.339526414871215820e-01 1.114822983741760254e+00 1.282187342643737793e+00 -9.579712748527526855e-01 1.601149678230285645e+00 -1.089334249496459961e+00 -5.416241884231567383e-01 -1.651868224143981934e+00 1.452126502990722656e+00 -2.694799005985260010e-01 -8.790134787559509277e-01 -1.079364776611328125e+00 -1.405986100435256958e-01 -6.600707024335861206e-02 1.544718861579895020e+00 8.001998066902160645e-01 1.568238258361816406e+00 -3.455911278724670410e-01 -1.020274877548217773e+00 -3.740089535713195801e-01
-7.561529874801635742e-01 1.295183777809143066e+00 1.291275262832641602e+00 -9.289106130599975586e-01 1.514260530471801758e+00 -9.107665419578552246e-01 -9.306907057762145996e-01 -1.452919244766235352e+00 1.376852631568908691e+00 -2.855766713619232178e-01 -6.422811150550842285e-01 -9.866987466812133789e-01 -3.056339323520660400e-01 -1.210289075970649719e-01 1.473959207534790039e+00 8.811154961585998535e-01 1.484987735748291016e+00 -2.691472172737121582e-01 -1.129534482955932617e+00 -3.346604108810424805e-01
-8.378169536590576172e-01 1.433432459831237793e+00 1.263417959213256836e+00 -9.299941658973693848e-01 1.429262042045593262e+00 -8.048341274261474609e-01 -1.239283084869384766e+00 -1.316630363464355469e+00 1.338627338409423828e+00 -3.482504189014434814e-01 -4.881185591220855713e-01 -8.630299568176269531e-01 -4.407987296581268311e-01 -7.832000404596328735e-02 1.438835620880126953e+00 9.625271558761596680e-01 1.411728978157043457e+00 -2.381306290626525879e-01 -1.171685814857482910e+00 -2.746649980545043945e-01
-9.182448387145996094e-01 1.560139179229736328e+00 1.245710372924804688e+00 -9.805238246917724609e-01 1.426962137222290039e+00 -7.997553348541259766e-01 -1.413006901741027832e+00 -1.299195051193237305e+00 1.360397219657897949e+00 -3.903541564941406250e-01 -4.377829730510711670e-01 -7.816752791404724121e-01 -4.903866350650787354e-01 -1.600132137537002563e-02 1.479587554931640625e+00 1.046809434890747070e+00 1.405259728431701660e+00 -2.691118717193603516e-01 -1.173934578895568848e+00 -2.909038662910461426e-01
-1.040261030197143555e+00 1.682277917861938477e+00 1.231776118278503418e+00 -1.065873503684997559e+00 1.455906629562377930e+00 -8.247724771499633789e-01 -1.524667263031005859e+00 -1.329964756965637207e+00 1.394723653793334961e+00 -4.733116626739501953e-01 -4.372466504573822021e-01 -7.077794075012207031e-01 -5.215068459510803223e-01 1.136047542095184326e-01 1.526214361190795898e+00 1.111709117889404297e+00 1.441487789154052734e+00 -3.015941381454467773e-01 -1.147708654403686523e+00 -3.081418871879577637e-01
-1.171353459358215332e+00 1.784191370010375977e+00 1.214265942573547363e+00 -1.125205636024475098e+00 1.473628282546997070e+00 -8.880659937858581543e-01 -1.569724678993225098e+00 -1.384405016899108887e+00 1.447032451629638672e+00 -5.896013379096984863e-01 -4.624363780021667480e-01 -6.391874551773071289e-01 -5.053498744964599609e-01 2.822602391242980957e-01 1.568821907043457031e+00 1.148755908012390137e+00 1.490745306015014648e+00 -3.407932221889495850e-01 -1.091491103172302246e+00 -2.995895743370056152e-01
-1.277990698814392090e+00 1.849570631980895996e+00 1.184462547302246094e+00 -1.150549411773681641e+00 1.482017278671264648e+00 -9.630288481712341309e-01 -1.549690723419189453e+00 -1.433218121528625488e+00 1.491257309913635254e+00 -7.107743024826049805e-01 -4.854097366333007812e-01 -5.668761134147644043e-01 -4.509372413158416748e-01 4.543426036834716797e-01 1.583763599395751953e+00 1.163631677627563477e+00 1.517982959747314453e+00 -3.832447528839111328e-01 -1.003423333168029785e+00 -2.865625023841857910e-01
-1.368760704994201660e+00 1.884190797805786133e+00 1.187914371490478516e+00 -1.164150714874267578e+00 1.489843130111694336e+00 -1.058682918548583984e+00 -1.464576125144958496e+00 -1.499995350837707520e+00 1.549239873886108398e+00 -8.254573941230773926e-01 -5.038188099861145020e-01 -5.083400011062622070e-01 -3.973122537136077881e-01 6.105838418006896973e-01 1.598470687866210938e+00 1.184670448303222656e+00 1.537104964256286621e+00 -4.309111535549163818e-01 -9.306619763374328613e-01 -2.977364659309387207e-01
-1.399482488632202148e+00 1.883195281028747559e+00 1.198941588401794434e+00 -1.155966639518737793e+00 1.487446188926696777e+00 -1.167845487594604492e+00 -1.290957212448120117e+00 -1.560337781906127930e+00 1.610357284545898438e+00 -9.225126504898071289e-01 -5.138137340545654297e-01 -4.572132229804992676e-01 -3.235950171947479248e-01 7.033991217613220215e-01 1.616164207458496094e+00 1.171616554260253906e+00 1.516538500785827637e+00 -4.910163581371307373e-01 -8.489665985107421875e-01 -3.227108716964721680e-01
-1.320059061050415039e+00 1.836974620819091797e+00 1.208540081977844238e+00 -1.128844380378723145e+00 1.511349678039550781e+00 -1.281409263610839844e+00 -1.047238945960998535e+00 -1.613081336021423340e+00 1.685680270195007324e+00 -9.586006999015808105e-01 -5.416972637176513672e-01 -4.139748513698577881e-01 -1.839093118906021118e-01 7.118397355079650879e-01 1.609622120857238770e+00 1.089295983314514160e+00 1.427251458168029785e+00 -5.563893318176269531e-01 -7.444600462913513184e-01 -3.579427003860473633e-01
-1.219579100608825684e+00 1.744148015975952148e+00 1.235877752304077148e+00 -1.077630400657653809e+00 1.539993882179260254e+00 -1.372168064117431641e+00 -7.718656659126281738e-01 -1.649840950965881348e+00 1.746789813041687012e+00 -9.712991714477539062e-01 -6.010531187057495117e-01 -4.079782366752624512e-01 -3.851452842354774475e-02 6.578965783119201660e-01 1.620232582092285156e+00 1.004041314125061035e+00 1.328627943992614746e+00 -5.848417282104492188e-01 -6.577033400535583496e-01 -3.970155715942382812e-01
-1.080157279968261719e+00 1.585654616355895996e+00 1.310358405113220215e+00 -1.016246318817138672e+00 1.557831525802612305e+00 -1.428233385086059570e+00 -5.318065881729125977e-01 -1.628587007522583008e+00 1.779963254928588867e+00 -9.326196908950805664e-01 -6.838496327400207520e-01 -4.368700981140136719e-01 9.115576744079589844e-02 5.203638076782226562e-01 1.664354443550109863e+00 9.245849251747131348e-01 1.212058663368225098e+00 -5.680727958679199219e-01 -6.186099052429199219e-01 -4.198787808418273926e-01
-9.176598787307739258e-01 1.443369150161743164e+00 1.498370409011840820e+00 -9.295789003372192383e-01 1.627853035926818848e+00 -1.523683071136474609e+00 -3.463033735752105713e-01 -1.582949638366699219e+00 1.892257928848266602e+00 -8.766913414001464844e-01 -8.098544478416442871e-01 -5.792435407638549805e-01 1.698905676603317261e-01 2.831608653068542480e-01 1.806157708168029785e+00 9.025627374649047852e-01 1.175854086875915527e+00 -5.335476398468017578e-01 -6.780723333358764648e-01 -4.193026423454284668e-01
-7.995165586471557617e-01 1.333278894424438477e+00 1.651187300682067871e+00 -8.388026356697082520e-01 1.688300251960754395e+00 -1.560154914855957031e+00 -2.395590990781784058e-01 -1.540870428085327148e+00 1.942098379135131836e+00 -8.093925714492797852e-01 -9.397601485252380371e-01 -7.257776856422424316e-01 1.817489713430404663e-01 5.218560993671417236e-02 1.939272403717041016e+00 8.960804343223571777e-01 1.163781881332397461e+00 -4.887817800045013428e-01 -7.736614942550659180e-01 -4.354389905929565430e-01
-7.232276201248168945e-01 1.261620283126831055e+00 1.756122708320617676e+00 -7.742528915405273438e-01 1.696452498435974121e+00 -1.547100782394409180e+00 -2.213121950626373291e-01 -1.491931915283203125e+00 1.958308100700378418e+00 -7.410901188850402832e-01 -9.973566532135009766e-01 -8.641889691352844238e-01 1.727808266878128052e-01 -1.625187397003173828e-01 2.044293880462646484e+00 9.314329624176025391e-01 1.168270945549011230e+00 -4.362582266330718994e-01 -8.755295276641845703e-01 -4.412552714347839355e-01
-7.229555845260620117e-01 1.229049921035766602e+00 1.858010649681091309e+00 -8.008714318275451660e-01 1.680418729782104492e+00 -1.450644016265869141e+00 -2.944587767124176025e-01 -1.423403263092041016e+00 1.940437674522399902e+00 -7.081149220466613770e-01 -9.836553931236267090e-01 -9.581929445266723633e-01 8.552011102437973022e-02 -2.962783575057983398e-01 2.129689931869506836e+00 1.018571734428405762e+00 1.212806701660156250e+00 -3.529094457626342773e-01 -1.013627171516418457e+00 -4.325224757194519043e-01
-7.765425443649291992e-01 1.213785767555236816e+00 1.923505306243896484e+00 -8.623526096343994141e-01 1.607232213020324707e+00 -1.295550823211669922e+00 -3.975083231925964355e-01 -1.347767710685729980e+00 1.870374560356140137e+00 -6.913399696350097656e-01 -9.148327112197875977e-01 -9.990804195404052734e-01 -5.255797877907752991e-02 -4.018770456314086914e-01 2.190216541290283203e+00 1.132309913635253906e+00 1.247303605079650879e+00 -2.695255875587463379e-01 -1.149793148040771484e+00 -4.307760000228881836e-01
-8.543545007705688477e-01 1.190589427947998047e+00 1.890397667884826660e+00 -9.085628390312194824e-01 1.448476195335388184e+00 -1.088875532150268555e+00 -5.084797739982604980e-01 -1.240842223167419434e+00 1.715433597564697266e+00 -6.616285443305969238e-01 -8.080231547355651855e-01 -9.860266447067260742e-01 -2.106537967920303345e-01 -4.379653334617614746e-01 2.174377202987670898e+00 1.221862673759460449e+00 1.253004312515258789e+00 -1.997820138931274414e-01 -1.247621297836303711e+00 -4.150578379631042480e-01
-9.455298185348510742e-01 1.183467149734497070e+00 1.860418200492858887e+00 -9.524192214012145996e-01 1.275947570800781250e+00 -8.770437836647033691e-01 -6.522250771522521973e-01 -1.118740200996398926e+00 1.525548219680786133e+00 -6.314499974250793457e-01 -7.082220911979675293e-01 -9.130434989929199219e-01 -3.868289887905120850e-01 -4.042872190475463867e-01 2.091130971908569336e+00 1.304766774177551270e+00 1.226067662239074707e+00 -1.285454928874969482e-01 -1.339416861534118652e+00 -4.366287589073181152e-01
-1.017418742179870605e+00 1.236926674842834473e+00 1.822721838951110840e+00 -1.037765622138977051e+00 1.211078405380249023e+00 -7.749131917953491211e-01 -8.051162958145141602e-01 -1.080854892730712891e+00 1.430545568466186523e+00 -5.992302298545837402e-01 -6.446046233177185059e-01 -8.554930090904235840e-01 -5.085336565971374512e-01 -3.365705013275146484e-01 2.046570539474487305e+00 1.385355114936828613e+00 1.254264712333679199e+00 -1.134947612881660461e-01 -1.412115931510925293e+00 -4.641680121421813965e-01
-1.084608078002929688e+00 1.294925928115844727e+00 1.769684553146362305e+00 -1.145472884178161621e+00 1.151384115219116211e+00 -7.073502540588378906e-01 -9.394198656082153320e-01 -1.063253045082092285e+00 1.345187425613403320e+00 -5.457450151443481445e-01 -5.884220600128173828e-01 -8.123675584793090820e-01 -6.127916574478149414e-01 -2.387921512126922607e-01 2.004359245300292969e+00 1.449957728385925293e+00 1.304706692695617676e+00 -1.261223554611206055e-01 -1.466718673706054688e+00 -4.957140088081359863e-01
-1.128650665283203125e+00 1.347115635871887207e+00 1.728718996047973633e+00 -1.250406146049499512e+00 1.125814080238342285e+00 -6.675747632980346680e-01 -1.059061408042907715e+00 -1.059022188186645508e+00 1.285577774047851562e+00 -4.876601397991180420e-01 -5.403143167495727539e-01 -7.633122801780700684e-01 -7.086265683174133301e-01 -1.320611536502838135e-01 1.954605460166931152e+00 1.499687433242797852e+00 1.357626438140869141e+00 -1.424635350704193115e-01 -1.509512305259704590e+00 -5.426200628280639648e-01
-1.135825872421264648e+00 1.382352232933044434e+00 1.734386682510375977e+00 -1.394562602043151855e+00 1.179449319839477539e+00 -6.680963635444641113e-01 -1.168110847473144531e+00 -1.109358906745910645e+00 1.255991339683532715e+00 -3.973793685436248779e-01 -5.514218211174011230e-01 -7.460519075393676758e-01 -8.343225121498107910e-01 -7.356055080890655518e-03 1.938423156738281250e+00 1.528698921203613281e+00 1.476185798645019531e+00 -1.508205235004425049e-01 -1.583944201469421387e+00 -6.068838238716125488e-01
-1.112760543823242188e+00 1.363854050636291504e+00 1.778669476509094238e+00 -1.557774901390075684e+00 1.297964572906494141e+00 -6.997606158256530762e-01 -1.227616429328918457e+00 -1.188383817672729492e+00 1.266159415245056152e+00 -2.927383184432983398e-01 -6.352996230125427246e-01 -7.506144642829895020e-01 -9.680063724517822266e-01 1.710519194602966309e-01 1.938374519348144531e+00 1.516061902046203613e+00 1.649111866950988770e+00 -1.481368243694305420e-01 -1.655596971511840820e+00 -6.661725640296936035e-01
-1.035575866699218750e+00 1.300139904022216797e+00 1.821308374404907227e+00 -1.697880029678344727e+00 1.452939271926879883e+00 -7.833685874938964844e-01 -1.191074132919311523e+00 -1.327184796333312988e+00 1.357019901275634766e+00 -1.795310229063034058e-01 -8.667324781417846680e-01 -8.549300432205200195e-01 -1.069838285446166992e+00 3.431794643402099609e-01 1.927295088768005371e+00 1.384789705276489258e+00 1.891329169273376465e+00 -1.084939092397689819e-01 -1.709750413894653320e+00 -6.829348802566528320e-01
-8.183716535568237305e-01 1.119278788566589355e+00 1.768351316452026367e+00 -1.649101018905639648e+00 1.592549800872802734e+00 -9.377406239509582520e-01 -9.657810330390930176e-01 -1.446995496749877930e+00 1.486704230308532715e+00 -9.510607272386550903e-02 -1.115695238113403320e+00 -9.921954274177551270e-01 -9.270568490028381348e-01 3.922698795795440674e-01 1.794348835945129395e+00 1.061053752899169922e+00 1.977787017822265625e+00 -5.170909315347671509e-02 -1.557737708091735840e+00 -5.822050571441650391e-01
-5.983661413192749023e-01 1.023970603942871094e+00 1.731385707855224609e+00 -1.480244278907775879e+00 1.802492976188659668e+00 -1.158375263214111328e+00 -7.697074413299560547e-01 -1.575174808502197266e+00 1.643031597137451172e+00 -6.610159575939178467e-02 -1.220561861991882324e+00 -1.092737078666687012e+00 -6.040248870849609375e-01 2.568759024143218994e-01 1.745239019393920898e+00 8.108930587768554688e-01 1.900110721588134766e+00 -1.149483472108840942e-01 -1.366997241973876953e+00 -4.731977581977844238e-01
-5.053632259368896484e-01 1.013014554977416992e+00 1.701765656471252441e+00 -1.360828757286071777e+00 1.925156354904174805e+00 -1.279976367950439453e+00 -6.587540507316589355e-01 -1.664525508880615234e+00 1.693148374557495117e+00 -6.254222244024276733e-02 -1.245872139930725098e+00 -1.137740731239318848e+00 -3.992615938186645508e-01 1.654050648212432861e-01 1.714722037315368652e+00 6.570215821266174316e-01 1.802199602127075195e+00 -1.949148327112197876e-01 -1.246974587440490723e+00 -4.132199883460998535e-01
-4.927942752838134766e-01 1.008277654647827148e+00 1.699001550674438477e+00 -1.299334287643432617e+00 1.974766850471496582e+00 -1.352724552154541016e+00 -5.740044116973876953e-01 -1.715986251831054688e+00 1.712615966796875000e+00 -7.233095169067382812e-02 -1.271345734596252441e+00 -1.147960305213928223e+00 -3.004933297634124756e-01 1.419506520032882690e-01 1.719825863838195801e+00 5.993250012397766113e-01 1.755450487136840820e+00 -2.496523857116699219e-01 -1.191209673881530762e+00 -3.918933272361755371e-01
-4.990698099136352539e-01 1.011343836784362793e+00 1.695112943649291992e+00 -1.269917964935302734e+00 2.002974033355712891e+00 -1.402979850769042969e+00 -5.139751434326171875e-01 -1.761772155761718750e+00 1.732565522193908691e+00 -8.486047387123107910e-02 -1.288579463958740234e+00 -1.154804229736328125e+00 -2.414225488901138306e-01 1.445779204368591309e-01 1.730905413627624512e+00 5.711593627929687500e-01 1.741638302803039551e+00 -2.931253910064697266e-01 -1.157992362976074219e+00 -3.835020065307617188e-01
-5.140029191970825195e-01 1.021084904670715332e+00 1.686340689659118652e+00 -1.263047933578491211e+00 2.016809225082397461e+00 -1.439661979675292969e+00 -4.738013744354248047e-01 -1.808593273162841797e+00 1.747122049331665039e+00 -9.233380109071731567e-02 -1.299937009811401367e+00 -1.161080837249755859e+00 -2.095041424036026001e-01 1.587776839733123779e-01 1.739270806312561035e+00 5.594272613525390625e-01 1.746144771575927734e+00 -3.291742503643035889e-01 -1.140565395355224609e+00 -3.837968111038208008e-01
-5.356013178825378418e-01 1.032013058662414551e+00 1.673311352729797363e+00 -1.272890567779541016e+00 2.018288135528564453e+00 -1.463891029357910156e+00 -4.424632489681243896e-01 -1.858920931816101074e+00 1.752854347229003906e+00 -9.278081357479095459e-02 -1.309119701385498047e+00 -1.167693018913269043e+00 -1.947117745876312256e-01 1.802779436111450195e-01 1.744764566421508789e+00 5.577183365821838379e-01 1.762282848358154297e+00 -3.596852421760559082e-01 -1.134362578392028809e+00 -3.932704925537109375e-01
-5.635854005813598633e-01 1.045967698097229004e+00 1.656762242317199707e+00 -1.294595599174499512e+00 2.009783983230590820e+00 -1.478947877883911133e+00 -4.198016822338104248e-01 -1.912765502929687500e+00 1.749687552452087402e+00 -8.822140097618103027e-02 -1.316507339477539062e+00 -1.175081610679626465e+00 -1.935391724109649658e-01 2.063494026660919189e-01 1.748186230659484863e+00 5.633847713470458984e-01 1.787451028823852539e+00 -3.855665028095245361e-01 -1.136104106903076172e+00 -4.086726903915405273e-01
-5.960460901260375977e-01 1.060706377029418945e+00 1.632066369056701660e+00 -1.324393033981323242e+00 1.986420035362243652e+00 -1.482959032058715820e+00 -4.047452807426452637e-01 -1.966297626495361328e+00 1.734323620796203613e+00 -7.697936147451400757e-02 -1.321247220039367676e+00 -1.182188153266906738e+00 -2.045540064573287964e-01 2.373523116111755371e-01 1.741623401641845703e+00 5.737260580062866211e-01 1.818566441535949707e+00 -4.054292440414428711e-01 -1.143778085708618164e+00 -4.300405979156494141e-01
-6.309109926223754883e-01 1.075976848602294922e+00 1.598080039024353027e+00 -1.363772511482238770e+00 1.946416497230529785e+00 -1.471503257751464844e+00 -4.004961252212524414e-01 -2.018475294113159180e+00 1.706366419792175293e+00 -5.534673482179641724e-02 -1.322929263114929199e+00 -1.190702080726623535e+00 -2.317432910203933716e-01 2.692394256591796875e-01 1.723288893699645996e+00 5.897766351699829102e-01 1.856858968734741211e+00 -4.171336889266967773e-01 -1.161779880523681641e+00 -4.594704508781433105e-01
-6.650383472442626953e-01 1.089407324790954590e+00 1.550014376640319824e+00 -1.413278460502624512e+00 1.882999420166015625e+00 -1.435972213745117188e+00 -4.127461612224578857e-01 -2.063326120376586914e+00 1.658831000328063965e+00 -1.739284023642539978e-02 -1.315107226371765137e+00 -1.201473593711853027e+00 -2.801406979560852051e-01 2.983645796775817871e-01 1.687620878219604492e+00 6.145510673522949219e-01 1.902111411094665527e+00 -4.175981879234313965e-01 -1.193292617797851562e+00 -4.967741966247558594e-01
