-1.220856547355651855e+00 1.489224433898925781e+00 1.729354500770568848e+00 -1.015130400657653809e+00 1.701464056968688965e+00 -9.147332310676574707e-01 -1.763378858566284180e+00 -9.239557385444641113e-01 1.460911154747009277e+00 -8.199689388275146484e-01 -4.962500035762786865e-01 -4.579595327377319336e-01 -6.354972720146179199e-01 2.720921933650970459e-01 1.894592404365539551e+00 1.584190130233764648e+00 1.379559040069580078e+00 4.932470992207527161e-02 -1.260630846023559570e+00 -1.432686150074005127e-01
-1.205983161926269531e+00 1.477105855941772461e+00 1.773913502693176270e+00 -9.878095388412475586e-01 1.714971899986267090e+00 -9.328224658966064453e-01 -1.764356732368469238e+00 -9.159082770347595215e-01 1.472242832183837891e+00 -8.017795085906982422e-01 -4.996599256992340088e-01 -4.844830036163330078e-01 -6.306354403495788574e-01 2.125899493694305420e-01 1.929840683937072754e+00 1.607138156890869141e+00 1.366488099098205566e+00 5.542621389031410217e-02 -1.281602978706359863e+00 -1.484589278697967529e-01
-1.207103252410888672e+00 1.478063225746154785e+00 1.796691298484802246e+00 -9.780502915382385254e-01 1.713677883148193359e+00 -9.443295598030090332e-01 -1.765645384788513184e+00 -9.182575941085815430e-01 1.471436500549316406e+00 -7.903885841369628906e-01 -4.987292289733886719e-01 -4.959948360919952393e-01 -6.257432103157043457e-01 1.869957745075225830e-01 1.950275778770446777e+00 1.623995900154113770e+00 1.358482599258422852e+00 5.364022776484489441e-02 -1.292501211166381836e+00 -1.570387482643127441e-01
-1.220258116722106934e+00 1.489069819450378418e+00 1.798534989356994629e+00 -9.801993966102600098e-01 1.698662400245666504e+00 -9.489378333091735840e-01 -1.769977211952209473e+00 -9.259254336357116699e-01 1.459274053573608398e+00 -7.841646075248718262e-01 -4.933956265449523926e-01 -4.918757379055023193e-01 -6.218048930168151855e-01 1.901677548885345459e-01 1.954488158226013184e+00 1.634982943534851074e+00 1.352037906646728516e+00 4.601318016648292542e-02 -1.293386697769165039e+00 -1.671421825885772705e-01
-1.245823502540588379e+00 1.510961771011352539e+00 1.779844403266906738e+00 -9.944481849670410156e-01 1.671013712882995605e+00 -9.478402137756347656e-01 -1.778892159461975098e+00 -9.391826987266540527e-01 1.436638832092285156e+00 -7.832899093627929688e-01 -4.834005534648895264e-01 -4.715319871902465820e-01 -6.188916563987731934e-01 2.233906686305999756e-01 1.943078398704528809e+00 1.640782833099365234e+00 1.347680091857910156e+00 3.203762695193290710e-02 -1.284208536148071289e+00 -1.782194972038269043e-01
-1.280068635940551758e+00 1.548887610435485840e+00 1.745056152343750000e+00 -1.026829123497009277e+00 1.634524106979370117e+00 -9.490311145782470703e-01 -1.787755489349365234e+00 -9.627652764320373535e-01 1.412770509719848633e+00 -7.885944247245788574e-01 -4.678595960140228271e-01 -4.388022124767303467e-01 -6.162427663803100586e-01 2.842571437358856201e-01 1.920078873634338379e+00 1.644027948379516602e+00 1.350855469703674316e+00 8.927427232265472412e-03 -1.268097281455993652e+00 -1.937257051467895508e-01
-1.314068317413330078e+00 1.613144516944885254e+00 1.711670756340026855e+00 -1.084215879440307617e+00 1.614665150642395020e+00 -9.676797389984130859e-01 -1.800137996673583984e+00 -1.005825400352478027e+00 1.413412570953369141e+00 -8.009318709373474121e-01 -4.529134631156921387e-01 -4.106445610523223877e-01 -6.077585816383361816e-01 3.611086606979370117e-01 1.899515509605407715e+00 1.653260350227355957e+00 1.378246545791625977e+00 -2.418828383088111877e-02 -1.254315257072448730e+00 -2.167578339576721191e-01
-1.352356076240539551e+00 1.693204402923583984e+00 1.666028976440429688e+00 -1.162106633186340332e+00 1.595499277114868164e+00 -9.924343824386596680e-01 -1.808737516403198242e+00 -1.062622189521789551e+00 1.418417096138000488e+00 -8.178237676620483398e-01 -4.365177750587463379e-01 -3.790074288845062256e-01 -5.925329327583312988e-01 4.639308750629425049e-01 1.872042417526245117e+00 1.654129624366760254e+00 1.419781327247619629e+00 -7.070361077785491943e-02 -1.232458949089050293e+00 -2.417510747909545898e-01
-1.401014685630798340e+00 1.779918074607849121e+00 1.602010488510131836e+00 -1.269182085990905762e+00 1.575535178184509277e+00 -1.023472785949707031e+00 -1.793754816055297852e+00 -1.155249714851379395e+00 1.436400175094604492e+00 -8.333293199539184570e-01 -4.258302748203277588e-01 -3.616998791694641113e-01 -5.773516297340393066e-01 5.768484473228454590e-01 1.834545850753784180e+00 1.642722129821777344e+00 1.488939523696899414e+00 -1.413277536630630493e-01 -1.209939837455749512e+00 -2.651454508304595947e-01
-1.460519552230834961e+00 1.845657825469970703e+00 1.551656603813171387e+00 -1.370374202728271484e+00 1.597112178802490234e+00 -1.079097151756286621e+00 -1.760261774063110352e+00 -1.276421785354614258e+00 1.489817738533020020e+00 -8.713877201080322266e-01 -4.319271743297576904e-01 -3.507928550243377686e-01 -5.604676008224487305e-01 7.073097825050354004e-01 1.822564005851745605e+00 1.637586593627929688e+00 1.584220647811889648e+00 -2.214927077293395996e-01 -1.185096144676208496e+00 -2.848218083381652832e-01
-1.508944034576416016e+00 1.867540955543518066e+00 1.513010144233703613e+00 -1.448397755622863770e+00 1.623518228530883789e+00 -1.120835423469543457e+00 -1.721728801727294922e+00 -1.380661129951477051e+00 1.539595007896423340e+00 -9.025303721427917480e-01 -4.494065046310424805e-01 -3.503319025039672852e-01 -5.403829813003540039e-01 8.174479007720947266e-01 1.816649913787841797e+00 1.625403404235839844e+00 1.662641286849975586e+00 -2.807693183422088623e-01 -1.161033987998962402e+00 -2.828569412231445312e-01
-1.525695204734802246e+00 1.862063884735107422e+00 1.475037217140197754e+00 -1.504519581794738770e+00 1.646601796150207520e+00 -1.141221880912780762e+00 -1.676052927970886230e+00 -1.453078746795654297e+00 1.579326748847961426e+00 -9.207274317741394043e-01 -4.667300879955291748e-01 -3.596927225589752197e-01 -5.174072384834289551e-01 8.860779404640197754e-01 1.803325176239013672e+00 1.598680496215820312e+00 1.718132495880126953e+00 -3.213972151279449463e-01 -1.134135484695434570e+00 -2.700187265872955322e-01
-1.508877396583557129e+00 1.837486743927001953e+00 1.435473799705505371e+00 -1.537293791770935059e+00 1.653862595558166504e+00 -1.138327717781066895e+00 -1.632940769195556641e+00 -1.485749959945678711e+00 1.604571104049682617e+00 -9.233862757682800293e-01 -4.694026112556457520e-01 -3.771251738071441650e-01 -4.959079623222351074e-01 9.074366688728332520e-01 1.780760645866394043e+00 1.561387062072753906e+00 1.748157382011413574e+00 -3.447505831718444824e-01 -1.109112620353698730e+00 -2.444331943988800049e-01
-1.450037717819213867e+00 1.790898323059082031e+00 1.389065265655517578e+00 -1.543891549110412598e+00 1.634982705116271973e+00 -1.103235840797424316e+00 -1.590946435928344727e+00 -1.471722722053527832e+00 1.611504316329956055e+00 -9.067177772521972656e-01 -4.511425793170928955e-01 -4.053733646869659424e-01 -4.803168773651123047e-01 8.686071634292602539e-01 1.743037223815917969e+00 1.509249806404113770e+00 1.745939731597900391e+00 -3.452506065368652344e-01 -1.088034033775329590e+00 -2.022407948970794678e-01
-1.303431510925292969e+00 1.701378226280212402e+00 1.322013497352600098e+00 -1.507063865661621094e+00 1.568213224411010742e+00 -1.019617676734924316e+00 -1.521701097488403320e+00 -1.388890385627746582e+00 1.587029337882995605e+00 -8.459547758102416992e-01 -4.022388160228729248e-01 -4.552006721496582031e-01 -4.662885069847106934e-01 7.204458117485046387e-01 1.669852137565612793e+00 1.406770706176757812e+00 1.681681632995605469e+00 -3.206635415554046631e-01 -1.066272020339965820e+00 -1.405878365039825439e-01
-9.765951037406921387e-01 1.498366594314575195e+00 1.247792005538940430e+00 -1.343732357025146484e+00 1.435004234313964844e+00 -8.979059457778930664e-01 -1.325812220573425293e+00 -1.197510361671447754e+00 1.498971462249755859e+00 -6.908273100852966309e-01 -3.219600617885589600e-01 -5.463017821311950684e-01 -4.453074038028717041e-01 3.771063089370727539e-01 1.527265429496765137e+00 1.156565070152282715e+00 1.474510312080383301e+00 -2.807699739933013916e-01 -1.029899954795837402e+00 -6.598614901304244995e-02
-4.506132006645202637e-01 1.327411055564880371e+00 1.487020611763000488e+00 -1.079988479614257812e+00 1.595856189727783203e+00 -9.700202345848083496e-01 -9.397985935211181641e-01 -1.117764711380004883e+00 1.685321211814880371e+00 -4.434953033924102783e-01 -5.183138847351074219e-01 -9.736025333404541016e-01 -4.186338484287261963e-01 -3.003676831722259521e-01 1.632991671562194824e+00 8.853760957717895508e-01 1.435665726661682129e+00 -2.249664366245269775e-01 -1.154688000679016113e+00 -1.758406162261962891e-01
-3.215602338314056396e-01 1.297751665115356445e+00 1.803187727928161621e+00 -1.044798493385314941e+00 1.829633355140686035e+00 -1.132479071617126465e+00 -7.439641952514648438e-01 -1.277173161506652832e+00 1.925577521324157715e+00 -3.157840371131896973e-01 -8.682489991188049316e-01 -1.354724049568176270e+00 -4.345765411853790283e-01 -6.322218775749206543e-01 1.848527431488037109e+00 7.937110662460327148e-01 1.605669021606445312e+00 -1.742829978466033936e-01 -1.388928174972534180e+00 -2.497519850730895996e-01
-3.272888660430908203e-01 1.302149415016174316e+00 1.955769896507263184e+00 -1.069510340690612793e+00 1.928672432899475098e+00 -1.224759221076965332e+00 -7.020642757415771484e-01 -1.379440188407897949e+00 2.036576032638549805e+00 -2.643944621086120605e-01 -1.043128013610839844e+00 -1.494088411331176758e+00 -4.252010881900787354e-01 -7.090265750885009766e-01 1.964108943939208984e+00 7.850347757339477539e-01 1.693491578102111816e+00 -1.497827619314193726e-01 -1.500426530838012695e+00 -2.746261656284332275e-01
-3.351226747035980225e-01 1.290505528450012207e+00 2.011301994323730469e+00 -1.078127145767211914e+00 1.952139139175415039e+00 -1.269015789031982422e+00 -6.683621406555175781e-01 -1.431206464767456055e+00 2.061625003814697266e+00 -2.263267934322357178e-01 -1.130435228347778320e+00 -1.542075634002685547e+00 -4.172905981540679932e-01 -7.135932445526123047e-01 1.986873269081115723e+00 7.601668834686279297e-01 1.721102952957153320e+00 -1.399970650672912598e-01 -1.546813607215881348e+00 -2.907500863075256348e-01
-3.370372354984283447e-01 1.274194121360778809e+00 2.017707109451293945e+00 -1.088440060615539551e+00 1.947677254676818848e+00 -1.287049412727355957e+00 -6.416220664978027344e-01 -1.461992144584655762e+00 2.052671194076538086e+00 -1.903388202190399170e-01 -1.177017211914062500e+00 -1.556893706321716309e+00 -4.051667451858520508e-01 -6.938667297363281250e-01 1.973685622215270996e+00 7.240073680877685547e-01 1.727825999259948730e+00 -1.387140750885009766e-01 -1.561140179634094238e+00 -3.017486035823822021e-01
-3.339918255805969238e-01 1.246658682823181152e+00 1.991593360900878906e+00 -1.093302607536315918e+00 1.929868340492248535e+00 -1.293694972991943359e+00 -6.131227016448974609e-01 -1.487358450889587402e+00 2.029493331909179688e+00 -1.527658700942993164e-01 -1.207668304443359375e+00 -1.555995583534240723e+00 -3.841367661952972412e-01 -6.542365550994873047e-01 1.936508417129516602e+00 6.798629760742187500e-01 1.726892352104187012e+00 -1.445172131061553955e-01 -1.554271817207336426e+00 -3.058654963970184326e-01
-3.218114376068115234e-01 1.204391002655029297e+00 1.931357860565185547e+00 -1.098051786422729492e+00 1.894518017768859863e+00 -1.290150880813598633e+00 -5.716167092323303223e-01 -1.509349107742309570e+00 1.984489679336547852e+00 -1.073905825614929199e-01 -1.224738597869873047e+00 -1.537134408950805664e+00 -3.485606312751770020e-01 -5.929787158966064453e-01 1.871946215629577637e+00 6.216572523117065430e-01 1.713794946670532227e+00 -1.574898511171340942e-01 -1.522059321403503418e+00 -3.095444738864898682e-01
-3.253793120384216309e-01 1.150452971458435059e+00 1.842258453369140625e+00 -1.097648382186889648e+00 1.855825781822204590e+00 -1.291625857353210449e+00 -5.057849287986755371e-01 -1.545946717262268066e+00 1.921447157859802246e+00 -7.637678086757659912e-02 -1.251716136932373047e+00 -1.486518621444702148e+00 -2.983069419860839844e-01 -4.691161513328552246e-01 1.799222350120544434e+00 5.502440333366394043e-01 1.700842618942260742e+00 -1.855216771364212036e-01 -1.451025128364562988e+00 -3.220773935317993164e-01
-4.192598462104797363e-01 1.111461520195007324e+00 1.701541304588317871e+00 -1.133924961090087891e+00 1.820052146911621094e+00 -1.328423857688903809e+00 -4.275134205818176270e-01 -1.678310751914978027e+00 1.851420998573303223e+00 -7.094279676675796509e-02 -1.294162988662719727e+00 -1.398195385932922363e+00 -2.706220149993896484e-01 -2.385609447956085205e-01 1.744245767593383789e+00 5.179857015609741211e-01 1.740290164947509766e+00 -2.760432660579681396e-01 -1.360304236412048340e+00 -3.563005030155181885e-01
-6.141066551208496094e-01 1.094947338104248047e+00 1.553610563278198242e+00 -1.214209198951721191e+00 1.765764474868774414e+00 -1.378000259399414062e+00 -3.569687008857727051e-01 -1.868414044380187988e+00 1.766181230545043945e+00 -1.251088231801986694e-01 -1.303316116333007812e+00 -1.258706688880920410e+00 -2.521369159221649170e-01 9.910249710083007812e-02 1.696449041366577148e+00 5.266658067703247070e-01 1.805817961692810059e+00 -3.930448889732360840e-01 -1.250953078269958496e+00 -3.779860734939575195e-01
-8.275417089462280273e-01 1.113046646118164062e+00 1.445235729217529297e+00 -1.320201635360717773e+00 1.729073524475097656e+00 -1.420591831207275391e+00 -3.067417442798614502e-01 -2.041915655136108398e+00 1.701503634452819824e+00 -2.333714365959167480e-01 -1.266839981079101562e+00 -1.104447245597839355e+00 -2.365527451038360596e-01 4.156880080699920654e-01 1.683820605278015137e+00 5.974781513214111328e-01 1.876350879669189453e+00 -5.004872679710388184e-01 -1.137585878372192383e+00 -4.102040529251098633e-01
-1.008586287498474121e+00 1.159484744071960449e+00 1.371427297592163086e+00 -1.408819675445556641e+00 1.712195515632629395e+00 -1.435406684875488281e+00 -2.848871052265167236e-01 -2.163922786712646484e+00 1.697177648544311523e+00 -3.553621172904968262e-01 -1.216507673263549805e+00 -1.007508158683776855e+00 -2.127335369586944580e-01 6.096432805061340332e-01 1.709338068962097168e+00 7.168235778808593750e-01 1.939687490463256836e+00 -5.754568576812744141e-01 -1.054010629653930664e+00 -4.500800967216491699e-01
-1.169529795646667480e+00 1.167374372482299805e+00 1.362890481948852539e+00 -1.445872426033020020e+00 1.734724998474121094e+00 -1.420649170875549316e+00 -2.928464710712432861e-01 -2.211268663406372070e+00 1.705278992652893066e+00 -4.802911877632141113e-01 -1.187683582305908203e+00 -9.592254757881164551e-01 -1.970115303993225098e-01 7.158060669898986816e-01 1.768455147743225098e+00 8.399072885513305664e-01 1.967207312583923340e+00 -5.963392853736877441e-01 -1.015379428863525391e+00 -4.321891963481903076e-01
-1.243605494499206543e+00 1.153282046318054199e+00 1.354054570198059082e+00 -1.451167702674865723e+00 1.732185244560241699e+00 -1.397442221641540527e+00 -2.707789242267608643e-01 -2.220031023025512695e+00 1.710970759391784668e+00 -5.493177175521850586e-01 -1.163247346878051758e+00 -9.438118338584899902e-01 -1.704104393720626831e-01 7.378312945365905762e-01 1.802278518676757812e+00 9.123282432556152344e-01 1.962340712547302246e+00 -5.975091457366943359e-01 -9.821311235427856445e-01 -4.218747913837432861e-01
-1.258821129798889160e+00 1.145033001899719238e+00 1.354821443557739258e+00 -1.449679136276245117e+00 1.717143893241882324e+00 -1.389561653137207031e+00 -2.336404025554656982e-01 -2.226398944854736328e+00 1.728759884834289551e+00 -5.730721354484558105e-01 -1.150239229202270508e+00 -9.587233066558837891e-01 -1.434649378061294556e-01 7.036553621292114258e-01 1.826304197311401367e+00 9.443870782852172852e-01 1.950297951698303223e+00 -5.969306230545043945e-01 -9.652482867240905762e-01 -4.251228868961334229e-01
-1.231604099273681641e+00 1.148735165596008301e+00 1.364859342575073242e+00 -1.449353933334350586e+00 1.701176881790161133e+00 -1.398015022277832031e+00 -1.930812299251556396e-01 -2.238061428070068359e+00 1.765158176422119141e+00 -5.624932050704956055e-01 -1.146068572998046875e+00 -9.994328618049621582e-01 -1.154423356056213379e-01 6.343644261360168457e-01 1.847356796264648438e+00 9.462397098541259766e-01 1.944830060005187988e+00 -5.996938347816467285e-01 -9.655646681785583496e-01 -4.371196925640106201e-01
-1.168968915939331055e+00 1.151383996009826660e+00 1.378546714782714844e+00 -1.442494034767150879e+00 1.674051403999328613e+00 -1.415415048599243164e+00 -1.448868066072463989e-01 -2.247316837310791016e+00 1.796896815299987793e+00 -5.196414589881896973e-01 -1.151035785675048828e+00 -1.055151343345642090e+00 -8.841247856616973877e-02 5.350174307823181152e-01 1.859717130661010742e+00 9.178869724273681641e-01 1.930148363113403320e+00 -6.031799316406250000e-01 -9.750360846519470215e-01 -4.533818066120147705e-01
-1.071004509925842285e+00 1.150113940238952637e+00 1.393226146697998047e+00 -1.424388051033020020e+00 1.638213872909545898e+00 -1.437817692756652832e+00 -9.418051689863204956e-02 -2.243053913116455078e+00 1.823847174644470215e+00 -4.499613344669342041e-01 -1.160646915435791016e+00 -1.116032004356384277e+00 -6.300845742225646973e-02 4.123828411102294922e-01 1.857323169708251953e+00 8.607782125473022461e-01 1.900395035743713379e+00 -6.034086346626281738e-01 -9.872148633003234863e-01 -4.714557230472564697e-01
-9.654953479766845703e-01 1.135093569755554199e+00 1.412585854530334473e+00 -1.396129965782165527e+00 1.621945858001708984e+00 -1.449411869049072266e+00 -6.044061481952667236e-02 -2.212294578552246094e+00 1.847322940826416016e+00 -3.832824826240539551e-01 -1.181088447570800781e+00 -1.172288298606872559e+00 -4.113393276929855347e-02 2.965241968631744385e-01 1.850186347961425781e+00 8.046442270278930664e-01 1.869557261466979980e+00 -5.781800746917724609e-01 -1.003055214881896973e+00 -4.709603488445281982e-01
-8.457768559455871582e-01 1.137416243553161621e+00 1.503352046012878418e+00 -1.373474359512329102e+00 1.678191542625427246e+00 -1.485649943351745605e+00 -6.855411827564239502e-02 -2.169703245162963867e+00 1.923240780830383301e+00 -3.225369155406951904e-01 -1.224214315414428711e+00 -1.271720767021179199e+00 -2.645101398229598999e-02 1.415733546018600464e-01 1.887088060379028320e+00 7.712967395782470703e-01 1.868889331817626953e+00 -5.348618626594543457e-01 -1.066040635108947754e+00 -4.557856917381286621e-01
-7.302527427673339844e-01 1.139164686203002930e+00 1.609448432922363281e+00 -1.339587926864624023e+00 1.751473665237426758e+00 -1.521021485328674316e+00 -1.051973775029182434e-01 -2.106383562088012695e+00 1.995148539543151855e+00 -2.636430859565734863e-01 -1.264192581176757812e+00 -1.361548662185668945e+00 -2.311939001083374023e-02 -4.182308912277221680e-03 1.923843622207641602e+00 7.251279354095458984e-01 1.855275630950927734e+00 -4.958587288856506348e-01 -1.136795401573181152e+00 -4.240094721317291260e-01
-6.264654397964477539e-01 1.129399538040161133e+00 1.696534514427185059e+00 -1.292301654815673828e+00 1.806520342826843262e+00 -1.542552351951599121e+00 -1.474736779928207397e-01 -2.027427673339843750e+00 2.039485454559326172e+00 -2.094112634658813477e-01 -1.293894290924072266e+00 -1.424952268600463867e+00 -2.396858856081962585e-02 -1.238686367869377136e-01 1.941724896430969238e+00 6.747366189956665039e-01 1.823531150817871094e+00 -4.597146511077880859e-01 -1.191481947898864746e+00 -3.860543966293334961e-01
-5.492377877235412598e-01 1.111376404762268066e+00 1.760542392730712891e+00 -1.239904761314392090e+00 1.840118288993835449e+00 -1.554331541061401367e+00 -1.860952973365783691e-01 -1.951483249664306641e+00 2.058060884475708008e+00 -1.663089096546173096e-01 -1.314226627349853516e+00 -1.462931036949157715e+00 -2.566228806972503662e-02 -2.086154222488403320e-01 1.947682499885559082e+00 6.302297115325927734e-01 1.782992362976074219e+00 -4.319396615028381348e-01 -1.226649522781372070e+00 -3.479567468166351318e-01
-5.158605575561523438e-01 1.094840645790100098e+00 1.806206345558166504e+00 -1.192459225654602051e+00 1.854809641838073730e+00 -1.568187713623046875e+00 -2.145336866378784180e-01 -1.903843283653259277e+00 2.058255910873413086e+00 -1.394125968217849731e-01 -1.328228712081909180e+00 -1.484475135803222656e+00 -2.751784771680831909e-02 -2.510557770729064941e-01 1.953892827033996582e+00 6.053444147109985352e-01 1.750167727470397949e+00 -4.186387062072753906e-01 -1.247166395187377930e+00 -3.174193799495697021e-01
-5.345301628112792969e-01 1.079547166824340820e+00 1.836450815200805664e+00 -1.149701356887817383e+00 1.846704721450805664e+00 -1.588892340660095215e+00 -2.229099571704864502e-01 -1.895397543907165527e+00 2.041636228561401367e+00 -1.355364918708801270e-01 -1.336504697799682617e+00 -1.491008877754211426e+00 -2.967858314514160156e-02 -2.497619688510894775e-01 1.961044192314147949e+00 6.076933145523071289e-01 1.728774547576904297e+00 -4.177452921867370605e-01 -1.254821419715881348e+00 -2.982181012630462646e-01
-6.018263101577758789e-01 1.074150204658508301e+00 1.837015867233276367e+00 -1.122241377830505371e+00 1.814379334449768066e+00 -1.608441352844238281e+00 -2.116785049438476562e-01 -1.927082538604736328e+00 2.010391712188720703e+00 -1.584694832563400269e-01 -1.331961393356323242e+00 -1.476012587547302246e+00 -1.969527453184127808e-02 -2.124243974685668945e-01 1.975663900375366211e+00 6.462427377700805664e-01 1.716153264045715332e+00 -4.329275190830230713e-01 -1.235476016998291016e+00 -3.033791184425354004e-01
-7.073118090629577637e-01 1.093908667564392090e+00 1.788845300674438477e+00 -1.121180295944213867e+00 1.766037821769714355e+00 -1.607093572616577148e+00 -1.894373893737792969e-01 -1.985716342926025391e+00 1.985414147377014160e+00 -2.166036665439605713e-01 -1.297368049621582031e+00 -1.438605904579162598e+00 5.278714001178741455e-03 -1.350426077842712402e-01 1.988358139991760254e+00 7.224754095077514648e-01 1.728761315345764160e+00 -4.658216238021850586e-01 -1.188100457191467285e+00 -3.362075090408325195e-01
-8.291579484939575195e-01 1.118027806282043457e+00 1.699946999549865723e+00 -1.130995869636535645e+00 1.687457799911499023e+00 -1.570519924163818359e+00 -1.638075709342956543e-01 -2.026777982711791992e+00 1.935119509696960449e+00 -2.939219772815704346e-01 -1.231472969055175781e+00 -1.363636970520019531e+00 2.669907920062541962e-02 -3.575168550014495850e-02 1.984477281570434570e+00 8.257709741592407227e-01 1.733797550201416016e+00 -4.955683946609497070e-01 -1.116707563400268555e+00 -3.891044259071350098e-01
-9.286026954650878906e-01 1.146529912948608398e+00 1.605554938316345215e+00 -1.145885109901428223e+00 1.605463385581970215e+00 -1.504362821578979492e+00 -1.528893113136291504e-01 -2.027514219284057617e+00 1.869256496429443359e+00 -3.681319653987884521e-01 -1.149277210235595703e+00 -1.277681827545166016e+00 2.929933927953243256e-02 3.940355777740478516e-02 1.966456055641174316e+00 9.205154180526733398e-01 1.721027851104736328e+00 -5.099926590919494629e-01 -1.050034165382385254e+00 -4.454243183135986328e-01
-9.883162379264831543e-01 1.187031507492065430e+00 1.546624541282653809e+00 -1.166897296905517578e+00 1.548900008201599121e+00 -1.432693481445312500e+00 -1.625321805477142334e-01 -1.997983574867248535e+00 1.810727953910827637e+00 -4.231118857860565186e-01 -1.076209545135498047e+00 -1.218650102615356445e+00 4.130236804485321045e-03 5.552008748054504395e-02 1.953477501869201660e+00 9.808251857757568359e-01 1.698028087615966797e+00 -5.109521150588989258e-01 -1.019321203231811523e+00 -4.925765693187713623e-01
-9.866617321968078613e-01 1.220439195632934570e+00 1.519194364547729492e+00 -1.178349494934082031e+00 1.503970026969909668e+00 -1.377095103263854980e+00 -1.753522753715515137e-01 -1.939195632934570312e+00 1.778076767921447754e+00 -4.456978738307952881e-01 -1.027631282806396484e+00 -1.180782675743103027e+00 -2.329942584037780762e-02 2.545342966914176941e-02 1.934762835502624512e+00 1.012019276618957520e+00 1.664786696434020996e+00 -4.935783743858337402e-01 -1.009129047393798828e+00 -5.340097546577453613e-01
-9.351897835731506348e-01 1.239774465560913086e+00 1.523619294166564941e+00 -1.172272562980651855e+00 1.465559720993041992e+00 -1.331243991851806641e+00 -1.975190937519073486e-01 -1.850873351097106934e+00 1.753865361213684082e+00 -4.335717260837554932e-01 -1.000412344932556152e+00 -1.167921304702758789e+00 -5.047462135553359985e-02 -4.926078766584396362e-02 1.917340517044067383e+00 1.021078705787658691e+00 1.620280027389526367e+00 -4.585459828376770020e-01 -1.022667288780212402e+00 -5.623391270637512207e-01
-8.512845039367675781e-01 1.252279758453369141e+00 1.561574220657348633e+00 -1.140320420265197754e+00 1.443819403648376465e+00 -1.287626624107360840e+00 -2.553961575031280518e-01 -1.735409259796142578e+00 1.717132329940795898e+00 -3.874446451663970947e-01 -1.006828665733337402e+00 -1.166752934455871582e+00 -9.867829084396362305e-02 -1.555406451225280762e-01 1.902919411659240723e+00 1.010409593582153320e+00 1.561368823051452637e+00 -4.022993743419647217e-01 -1.069444775581359863e+00 -5.873259902000427246e-01
-7.440482974052429199e-01 1.276248931884765625e+00 1.687251925468444824e+00 -1.096494674682617188e+00 1.450033307075500488e+00 -1.238876461982727051e+00 -3.925802707672119141e-01 -1.557981014251708984e+00 1.686938524246215820e+00 -3.313494026660919189e-01 -1.031855940818786621e+00 -1.178065657615661621e+00 -2.012339383363723755e-01 -2.945653796195983887e-01 1.889412283897399902e+00 9.703233242034912109e-01 1.492425441741943359e+00 -2.976543307304382324e-01 -1.183269023895263672e+00 -5.726625919342041016e-01
-6.222495436668395996e-01 1.311943411827087402e+00 1.908942818641662598e+00 -1.039990901947021484e+00 1.532539129257202148e+00 -1.207003831863403320e+00 -6.091599464416503906e-01 -1.342891573905944824e+00 1.678523659706115723e+00 -2.765592038631439209e-01 -1.068441867828369141e+00 -1.185667157173156738e+00 -3.571659624576568604e-01 -4.634938836097717285e-01 1.913526296615600586e+00 9.190241098403930664e-01 1.407027482986450195e+00 -1.715512275695800781e-01 -1.349022507667541504e+00 -5.203649997711181641e-01
-5.964183211326599121e-01 1.393135190010070801e+00 2.139432191848754883e+00 -1.043037772178649902e+00 1.700415015220642090e+00 -1.227127075195312500e+00 -8.926135897636413574e-01 -1.212893486022949219e+00 1.766470074653625488e+00 -2.860435247421264648e-01 -1.070480823516845703e+00 -1.204580664634704590e+00 -5.545826554298400879e-01 -5.548112988471984863e-01 2.001420736312866211e+00 9.518696069717407227e-01 1.435817360877990723e+00 -9.939866513013839722e-02 -1.542940258979797363e+00 -4.280621707439422607e-01
-5.972885489463806152e-01 1.461596846580505371e+00 2.300056934356689453e+00 -1.022929430007934570e+00 1.885372877120971680e+00 -1.282052040100097656e+00 -1.182233929634094238e+00 -1.132773995399475098e+00 1.875005602836608887e+00 -3.352037072181701660e-01 -1.010566234588623047e+00 -1.177602410316467285e+00 -6.766802072525024414e-01 -5.320313572883605957e-01 2.083556890487670898e+00 1.032988548278808594e+00 1.509989857673645020e+00 -6.743142008781433105e-02 -1.659616470336914062e+00 -3.444473147392272949e-01
-6.102926135063171387e-01 1.467314839363098145e+00 2.357472181320190430e+00 -9.666354656219482422e-01 1.987546563148498535e+00 -1.290867328643798828e+00 -1.375586390495300293e+00 -1.061417579650878906e+00 1.901841759681701660e+00 -3.723801672458648682e-01 -9.448887705802917480e-01 -1.123305439949035645e+00 -7.376322746276855469e-01 -4.845932722091674805e-01 2.098077774047851562e+00 1.083110928535461426e+00 1.517470955848693848e+00 -4.090844094753265381e-02 -1.686425328254699707e+00 -2.706247270107269287e-01
-6.409206986427307129e-01 1.473745107650756836e+00 2.365264892578125000e+00 -9.346350431442260742e-01 2.030129432678222656e+00 -1.285577893257141113e+00 -1.477623224258422852e+00 -1.021452188491821289e+00 1.899427056312561035e+00 -4.081931114196777344e-01 -8.906903266906738281e-01 -1.065307021141052246e+00 -7.652612328529357910e-01 -4.369586706161499023e-01 2.101666450500488281e+00 1.123669981956481934e+00 1.494099497795104980e+00 -3.001001849770545959e-02 -1.669346690177917480e+00 -2.420049905776977539e-01
-6.848170757293701172e-01 1.485483169555664062e+00 2.350421667098999023e+00 -9.070184230804443359e-01 2.040331363677978516e+00 -1.259268522262573242e+00 -1.546063184738159180e+00 -9.747945666313171387e-01 1.874086618423461914e+00 -4.625826478004455566e-01 -8.422592878341674805e-01 -9.839133024215698242e-01 -7.714971899986267090e-01 -3.954300582408905029e-01 2.098591804504394531e+00 1.177096486091613770e+00 1.440957903861999512e+00 -2.053401060402393341e-02 -1.628276586532592773e+00 -2.485424876213073730e-01
-7.622196078300476074e-01 1.473498344421386719e+00 2.316072702407836914e+00 -8.705411553382873535e-01 2.043346881866455078e+00 -1.206233620643615723e+00 -1.585712194442749023e+00 -9.185506105422973633e-01 1.835480451583862305e+00 -5.477870702743530273e-01 -8.255079388618469238e-01 -8.967608809471130371e-01 -7.691050171852111816e-01 -3.420812487602233887e-01 2.088932037353515625e+00 1.248894333839416504e+00 1.387189507484436035e+00 9.284462779760360718e-03 -1.581223249435424805e+00 -2.502636611461639404e-01
-8.649258613586425781e-01 1.445907473564147949e+00 2.251953363418579102e+00 -8.201659917831420898e-01 2.034023523330688477e+00 -1.124025106430053711e+00 -1.589483380317687988e+00 -8.552509546279907227e-01 1.775489211082458496e+00 -6.595121026039123535e-01 -8.418503999710083008e-01 -8.035215139389038086e-01 -7.528032660484313965e-01 -2.846711575984954834e-01 2.061761140823364258e+00 1.326994180679321289e+00 1.325273275375366211e+00 5.753308162093162537e-02 -1.519111156463623047e+00 -2.614211738109588623e-01
-9.837866425514221191e-01 1.418730974197387695e+00 2.102523326873779297e+00 -7.656334042549133301e-01 1.999792814254760742e+00 -9.901893138885498047e-01 -1.523246884346008301e+00 -8.085688352584838867e-01 1.667115211486816406e+00 -7.963297963142395020e-01 -8.635307550430297852e-01 -6.876889467239379883e-01 -6.883334517478942871e-01 -2.145311236381530762e-01 2.003886222839355469e+00 1.418843626976013184e+00 1.243455529212951660e+00 8.826196193695068359e-02 -1.401920557022094727e+00 -3.251467049121856689e-01
-1.113603472709655762e+00 1.387695908546447754e+00 1.822976231575012207e+00 -7.052949666976928711e-01 1.890898346900939941e+00 -8.580889701843261719e-01 -1.318932771682739258e+00 -8.555954694747924805e-01 1.532616376876831055e+00 -9.340710639953613281e-01 -9.446924924850463867e-01 -5.745860338211059570e-01 -5.594813227653503418e-01 -8.124121278524398804e-02 1.913829565048217773e+00 1.443719863891601562e+00 1.178725123405456543e+00 7.536228001117706299e-02 -1.180762648582458496e+00 -4.448507130146026611e-01
-1.181532144546508789e+00 1.369887232780456543e+00 1.529589414596557617e+00 -7.332320213317871094e-01 1.778678536415100098e+00 -8.266343474388122559e-01 -1.006715297698974609e+00 -1.080272674560546875e+00 1.488097071647644043e+00 -9.760004878044128418e-01 -1.060920953750610352e+00 -5.603860020637512207e-01 -4.229241013526916504e-01 7.413639128208160400e-02 1.816347479820251465e+00 1.340674400329589844e+00 1.236542105674743652e+00 -1.979153417050838470e-02 -9.625683426856994629e-01 -5.597141385078430176e-01
-1.175929069519042969e+00 1.356911182403564453e+00 1.424698948860168457e+00 -8.156163692474365234e-01 1.692197203636169434e+00 -8.829228878021240234e-01 -7.266048789024353027e-01 -1.319454312324523926e+00 1.523799300193786621e+00 -9.158801436424255371e-01 -1.129333972930908203e+00 -6.651672124862670898e-01 -3.519163131713867188e-01 7.884811609983444214e-02 1.800919651985168457e+00 1.199514031410217285e+00 1.312160134315490723e+00 -1.459370106458663940e-01 -9.056455492973327637e-01 -6.015262603759765625e-01
-1.067258119583129883e+00 1.330259442329406738e+00 1.395146846771240234e+00 -8.368994593620300293e-01 1.661306023597717285e+00 -9.455249309539794922e-01 -5.377894639968872070e-01 -1.446386456489562988e+00 1.591165423393249512e+00 -8.123070597648620605e-01 -1.160236120223999023e+00 -7.873052954673767090e-01 -2.882109284400939941e-01 -1.874666661024093628e-02 1.783689260482788086e+00 1.070767879486083984e+00 1.349996089935302734e+00 -2.283135205507278442e-01 -8.980483412742614746e-01 -6.232870221138000488e-01
-9.341681003570556641e-01 1.337332606315612793e+00 1.436501264572143555e+00 -8.433592915534973145e-01 1.670909881591796875e+00 -1.031180500984191895e+00 -4.511665701866149902e-01 -1.521952629089355469e+00 1.676319718360900879e+00 -6.963583827018737793e-01 -1.196105718612670898e+00 -9.263758063316345215e-01 -2.324651479721069336e-01 -1.665855944156646729e-01 1.802935361862182617e+00 9.862293004989624023e-01 1.387556433677673340e+00 -2.809390127658843994e-01 -9.497385621070861816e-01 -6.330000758171081543e-01
-7.631258368492126465e-01 1.330088973045349121e+00 1.522370457649230957e+00 -7.920291423797607422e-01 1.717610239982604980e+00 -1.122666597366333008e+00 -4.101534187793731689e-01 -1.536396384239196777e+00 1.754019021987915039e+00 -5.623676180839538574e-01 -1.223738193511962891e+00 -1.073432087898254395e+00 -1.958329677581787109e-01 -3.646463453769683838e-01 1.824034214019775391e+00 8.985338211059570312e-01 1.386706113815307617e+00 -3.182269632816314697e-01 -1.025636076927185059e+00 -6.199527382850646973e-01
-6.623769402503967285e-01 1.305249691009521484e+00 1.752799868583679199e+00 -7.569173574447631836e-01 1.816707849502563477e+00 -1.233472228050231934e+00 -4.933892488479614258e-01 -1.493554353713989258e+00 1.862653017044067383e+00 -4.631542563438415527e-01 -1.267202138900756836e+00 -1.232025623321533203e+00 -2.065136134624481201e-01 -5.051769018173217773e-01 1.903111815452575684e+00 8.598687648773193359e-01 1.415169358253479004e+00 -2.996410131454467773e-01 -1.189955234527587891e+00 -4.949238598346710205e-01
-5.896804332733154297e-01 1.253937482833862305e+00 1.992449164390563965e+00 -7.231680154800415039e-01 1.930174469947814941e+00 -1.321360826492309570e+00 -6.332175135612487793e-01 -1.423027157783508301e+00 1.923841595649719238e+00 -3.677044808864593506e-01 -1.313276052474975586e+00 -1.367984771728515625e+00 -2.631205618381500244e-01 -5.880485177040100098e-01 1.985195159912109375e+00 8.355308771133422852e-01 1.452153563499450684e+00 -2.475094497203826904e-01 -1.366932630538940430e+00 -3.378489613533020020e-01
-5.866945385932922363e-01 1.218008637428283691e+00 2.169902324676513672e+00 -7.264230251312255859e-01 2.023509025573730469e+00 -1.386086583137512207e+00 -7.746420502662658691e-01 -1.403557419776916504e+00 1.949411392211914062e+00 -2.854148149490356445e-01 -1.323494672775268555e+00 -1.489352226257324219e+00 -3.340407013893127441e-01 -6.209162473678588867e-01 2.062563419342041016e+00 8.458884954452514648e-01 1.519637823104858398e+00 -2.243700623512268066e-01 -1.517481565475463867e+00 -1.990877687931060791e-01
-5.980748534202575684e-01 1.213720798492431641e+00 2.301926612854003906e+00 -7.465674877166748047e-01 2.090456485748291016e+00 -1.431693434715270996e+00 -8.938583135604858398e-01 -1.402976036071777344e+00 1.977266192436218262e+00 -2.513873279094696045e-01 -1.313269138336181641e+00 -1.558111190795898438e+00 -3.942650854587554932e-01 -6.399980187416076660e-01 2.141436815261840820e+00 8.726463317871093750e-01 1.571214199066162109e+00 -2.058946043252944946e-01 -1.622576236724853516e+00 -1.097660884261131287e-01
-6.095281839370727539e-01 1.190419912338256836e+00 2.366012573242187500e+00 -7.571428418159484863e-01 2.138263463973999023e+00 -1.455173850059509277e+00 -9.660339951515197754e-01 -1.396472334861755371e+00 2.006063938140869141e+00 -2.456739246845245361e-01 -1.289197683334350586e+00 -1.579995274543762207e+00 -4.181039929389953613e-01 -6.246513128280639648e-01 2.190535068511962891e+00 9.068742990493774414e-01 1.607396483421325684e+00 -1.981431394815444946e-01 -1.671272993087768555e+00 -5.319271981716156006e-02
-6.241163015365600586e-01 1.148750185966491699e+00 2.386646270751953125e+00 -7.385144233703613281e-01 2.173523902893066406e+00 -1.457062125205993652e+00 -1.004064798355102539e+00 -1.378585934638977051e+00 2.022498607635498047e+00 -2.664093673229217529e-01 -1.267088174819946289e+00 -1.569432973861694336e+00 -4.107804596424102783e-01 -5.971345901489257812e-01 2.222507476806640625e+00 9.367297887802124023e-01 1.610826730728149414e+00 -1.927730441093444824e-01 -1.671199083328247070e+00 -6.861310452222824097e-03
-6.424372196197509766e-01 1.097779989242553711e+00 2.372187137603759766e+00 -6.943108439445495605e-01 2.207767009735107422e+00 -1.436047554016113281e+00 -1.013994574546813965e+00 -1.345131874084472656e+00 2.039533376693725586e+00 -3.199630081653594971e-01 -1.251139640808105469e+00 -1.529659390449523926e+00 -3.786515593528747559e-01 -5.700159668922424316e-01 2.249537944793701172e+00 9.626603126525878906e-01 1.581301808357238770e+00 -1.883151233196258545e-01 -1.626621603965759277e+00 2.680391073226928711e-02
-6.521583795547485352e-01 1.038095712661743164e+00 2.302939176559448242e+00 -6.182924509048461914e-01 2.232388973236083984e+00 -1.384649038314819336e+00 -9.885675311088562012e-01 -1.279034495353698730e+00 2.056898355484008789e+00 -4.152303040027618408e-01 -1.235532283782958984e+00 -1.434274911880493164e+00 -3.197174668312072754e-01 -5.378170013427734375e-01 2.256235837936401367e+00 9.808501005172729492e-01 1.501557826995849609e+00 -1.856962740421295166e-01 -1.517970204353332520e+00 3.921913728117942810e-02
-6.399572491645812988e-01 9.785667657852172852e-01 2.140150070190429688e+00 -5.141183137893676758e-01 2.210618972778320312e+00 -1.276771545410156250e+00 -9.228352904319763184e-01 -1.152316212654113770e+00 2.045189619064331055e+00 -5.527433753013610840e-01 -1.193835973739624023e+00 -1.243844747543334961e+00 -2.444510161876678467e-01 -4.925127625465393066e-01 2.202452421188354492e+00 9.824236631393432617e-01 1.346149325370788574e+00 -1.805013567209243774e-01 -1.321445941925048828e+00 8.639106526970863342e-03
-6.240471601486206055e-01 9.557295441627502441e-01 1.910018920898437500e+00 -4.377619922161102295e-01 2.113582611083984375e+00 -1.131663084030151367e+00 -8.467516303062438965e-01 -9.925591945648193359e-01 1.992226839065551758e+00 -6.992782950401306152e-01 -1.137071132659912109e+00 -1.003221273422241211e+00 -1.999259144067764282e-01 -4.279439747333526611e-01 2.074085235595703125e+00 9.638406038284301758e-01 1.177016139030456543e+00 -1.502907127141952515e-01 -1.105213642120361328e+00 -5.357978492975234985e-02
-6.644335985183715820e-01 1.113428592681884766e+00 1.787752389907836914e+00 -5.282449126243591309e-01 2.034196853637695312e+00 -1.039751529693603516e+00 -8.475608229637145996e-01 -9.384855031967163086e-01 2.016164779663085938e+00 -8.474637269973754883e-01 -1.100503921508789062e+00 -8.369919061660766602e-01 -2.728824019432067871e-01 -3.566700220108032227e-01 1.967748880386352539e+00 9.801241159439086914e-01 1.156095027923583984e+00 -9.694463014602661133e-02 -1.031509041786193848e+00 -1.843959093093872070e-01
-6.831681132316589355e-01 1.280578970909118652e+00 1.752844333648681641e+00 -6.148169636726379395e-01 1.965571880340576172e+00 -9.957415461540222168e-01 -9.044872522354125977e-01 -9.129620194435119629e-01 2.024625062942504883e+00 -9.079964160919189453e-01 -1.049807786941528320e+00 -7.594925165176391602e-01 -3.745831549167633057e-01 -3.584870696067810059e-01 1.913442730903625488e+00 1.018650889396667480e+00 1.167583346366882324e+00 -5.737363174557685852e-02 -1.046089291572570801e+00 -2.992480397224426270e-01
-6.878498792648315430e-01 1.406531333923339844e+00 1.787218213081359863e+00 -6.620453000068664551e-01 1.925165176391601562e+00 -9.840278625488281250e-01 -9.942805171012878418e-01 -8.868820667266845703e-01 2.018333911895751953e+00 -9.125105738639831543e-01 -9.981952905654907227e-01 -7.456035614013671875e-01 -4.756088852882385254e-01 -4.188932478427886963e-01 1.915648341178894043e+00 1.075024485588073730e+00 1.181518077850341797e+00 -2.243086881935596466e-02 -1.108509898185729980e+00 -3.702228665351867676e-01
-6.838612556457519531e-01 1.490862607955932617e+00 1.865232944488525391e+00 -6.819319725036621094e-01 1.918001413345336914e+00 -1.012419939041137695e+00 -1.093157410621643066e+00 -8.822992444038391113e-01 2.004270553588867188e+00 -8.694542050361633301e-01 -9.538012146949768066e-01 -7.746092677116394043e-01 -5.502115488052368164e-01 -5.061841011047363281e-01 1.964831113815307617e+00 1.141046047210693359e+00 1.198221445083618164e+00 -5.414567887783050537e-03 -1.194523096084594727e+00 -4.075585901737213135e-01
-7.153512239456176758e-01 1.529697537422180176e+00 1.970907807350158691e+00 -6.944245100021362305e-01 1.917898654937744141e+00 -1.050463676452636719e+00 -1.196848988533020020e+00 -8.835878372192382812e-01 1.975857257843017578e+00 -8.291791677474975586e-01 -9.117693305015563965e-01 -8.079609274864196777e-01 -6.166005134582519531e-01 -5.397886037826538086e-01 2.016694068908691406e+00 1.209144592285156250e+00 1.225417613983154297e+00 1.905911043286323547e-02 -1.282280564308166504e+00 -3.919502198696136475e-01
-7.879946231842041016e-01 1.508803725242614746e+00 2.076270341873168945e+00 -6.814770698547363281e-01 1.908273100852966309e+00 -1.090891003608703613e+00 -1.282634019851684570e+00 -8.919076919555664062e-01 1.927427053451538086e+00 -8.030626773834228516e-01 -8.801075220108032227e-01 -8.315329551696777344e-01 -6.501595377922058105e-01 -5.108007192611694336e-01 2.082043647766113281e+00 1.297182798385620117e+00 1.255131244659423828e+00 4.428491368889808655e-02 -1.347578167915344238e+00 -3.478030264377593994e-01
-8.827334642410278320e-01 1.441985607147216797e+00 2.133120059967041016e+00 -6.751395463943481445e-01 1.864333271980285645e+00 -1.096202135086059570e+00 -1.357383847236633301e+00 -8.972291946411132812e-01 1.829840183258056641e+00 -7.731124162673950195e-01 -8.380514383316040039e-01 -8.228368163108825684e-01 -6.556994318962097168e-01 -4.324429333209991455e-01 2.115066289901733398e+00 1.397682428359985352e+00 1.267031669616699219e+00 7.777622342109680176e-02 -1.384016752243041992e+00 -2.938391268253326416e-01
-9.949678778648376465e-01 1.350113630294799805e+00 2.112713575363159180e+00 -6.899450421333312988e-01 1.800413846969604492e+00 -1.051048278808593750e+00 -1.428371906280517578e+00 -9.023162126541137695e-01 1.702941060066223145e+00 -7.505244016647338867e-01 -7.697204947471618652e-01 -7.752808928489685059e-01 -6.274835467338562012e-01 -2.914921343326568604e-01 2.101123809814453125e+00 1.510528206825256348e+00 1.283370733261108398e+00 1.193541139364242554e-01 -1.383300900459289551e+00 -2.475880980491638184e-01
-1.136708617210388184e+00 1.222268700599670410e+00 1.961523413658142090e+00 -7.166842222213745117e-01 1.646573543548583984e+00 -9.463132619857788086e-01 -1.465663909912109375e+00 -9.038084149360656738e-01 1.484249353408813477e+00 -7.213195562362670898e-01 -6.671969294548034668e-01 -6.681034564971923828e-01 -5.601626634597778320e-01 -7.648133486509323120e-02 2.020161867141723633e+00 1.608950734138488770e+00 1.261351585388183594e+00 1.405313462018966675e-01 -1.310884237289428711e+00 -1.956251561641693115e-01
-1.364126563072204590e+00 1.185750484466552734e+00 1.762336850166320801e+00 -8.355425596237182617e-01 1.540754318237304688e+00 -8.898107409477233887e-01 -1.483912348747253418e+00 -1.008765816688537598e+00 1.291097998619079590e+00 -7.561449408531188965e-01 -5.978891849517822266e-01 -5.178201794624328613e-01 -4.852912425994873047e-01 2.910860180854797363e-01 1.959513902664184570e+00 1.669520616531372070e+00 1.292970180511474609e+00 6.999309360980987549e-02 -1.190875530242919922e+00 -1.624072194099426270e-01
-1.567724227905273438e+00 1.269901871681213379e+00 1.659510970115661621e+00 -1.088168740272521973e+00 1.595370888710021973e+00 -9.659371972084045410e-01 -1.405004978179931641e+00 -1.266681551933288574e+00 1.334352374076843262e+00 -8.468279838562011719e-01 -6.237030029296875000e-01 -4.762786924839019775e-01 -4.198707938194274902e-01 6.175560951232910156e-01 1.976002693176269531e+00 1.713119029998779297e+00 1.486035823822021484e+00 -7.144127041101455688e-02 -1.122750759124755859e+00 -1.910121738910675049e-01
-1.642171025276184082e+00 1.344253182411193848e+00 1.556205987930297852e+00 -1.277451753616333008e+00 1.631932854652404785e+00 -1.020286917686462402e+00 -1.280668497085571289e+00 -1.441528677940368652e+00 1.402210116386413574e+00 -9.154805541038513184e-01 -6.650352478027343750e-01 -4.417683482170104980e-01 -3.820069134235382080e-01 8.338545560836791992e-01 1.942940235137939453e+00 1.683625698089599609e+00 1.627125144004821777e+00 -1.750164031982421875e-01 -1.047460317611694336e+00 -2.547028660774230957e-01
-1.674042344093322754e+00 1.406309008598327637e+00 1.500480055809020996e+00 -1.395893573760986328e+00 1.658983826637268066e+00 -1.059503912925720215e+00 -1.222564458847045898e+00 -1.540687918663024902e+00 1.472861170768737793e+00 -9.592964649200439453e-01 -6.952697038650512695e-01 -4.120863378047943115e-01 -3.642562627792358398e-01 9.711717963218688965e-01 1.916622757911682129e+00 1.639911890029907227e+00 1.704229235649108887e+00 -2.370369881391525269e-01 -1.004045963287353516e+00 -2.902595996856689453e-01
-1.669049501419067383e+00 1.488896369934082031e+00 1.482402801513671875e+00 -1.477383494377136230e+00 1.687511682510375977e+00 -1.091797471046447754e+00 -1.214660644531250000e+00 -1.585146427154541016e+00 1.542308330535888672e+00 -9.908897280693054199e-01 -7.087792754173278809e-01 -3.961968123912811279e-01 -3.608699142932891846e-01 1.032754540443420410e+00 1.905643224716186523e+00 1.592945933341979980e+00 1.754260778427124023e+00 -2.820917069911956787e-01 -9.896812438964843750e-01 -3.115959465503692627e-01
-1.644166350364685059e+00 1.568777084350585938e+00 1.475360035896301270e+00 -1.522971510887145996e+00 1.711062669754028320e+00 -1.118936896324157715e+00 -1.229810357093811035e+00 -1.591445922851562500e+00 1.602097868919372559e+00 -1.015793681144714355e+00 -7.167477607727050781e-01 -3.708154559135437012e-01 -3.650429248809814453e-01 1.059650659561157227e+00 1.892681241035461426e+00 1.546959519386291504e+00 1.769659280776977539e+00 -3.140554130077362061e-01 -9.784269928932189941e-01 -3.281536996364593506e-01
-1.608342409133911133e+00 1.649975657463073730e+00 1.478898048400878906e+00 -1.544376492500305176e+00 1.735282897949218750e+00 -1.144830107688903809e+00 -1.269126534461975098e+00 -1.573092341423034668e+00 1.656551241874694824e+00 -1.035785198211669922e+00 -7.166179418563842773e-01 -3.373928666114807129e-01 -3.754504919052124023e-01 1.063796639442443848e+00 1.883522629737854004e+00 1.509285807609558105e+00 1.761192083358764648e+00 -3.385879397392272949e-01 -9.720895290374755859e-01 -3.406275808811187744e-01
-1.558127880096435547e+00 1.732301235198974609e+00 1.491086483001708984e+00 -1.534366726875305176e+00 1.756866455078125000e+00 -1.171190261840820312e+00 -1.330726265907287598e+00 -1.525441765785217285e+00 1.703305959701538086e+00 -1.050746083259582520e+00 -7.097296118736267090e-01 -2.926609516143798828e-01 -3.892468214035034180e-01 1.043772816658020020e+00 1.873041868209838867e+00 1.472985148429870605e+00 1.720290780067443848e+00 -3.575669825077056885e-01 -9.666236639022827148e-01 -3.466735184192657471e-01
-1.489786624908447266e+00 1.791428327560424805e+00 1.517732858657836914e+00 -1.459064960479736328e+00 1.788299441337585449e+00 -1.191286563873291016e+00 -1.404487967491149902e+00 -1.438556432723999023e+00 1.732470273971557617e+00 -1.065273761749267578e+00 -7.196761965751647949e-01 -2.443925440311431885e-01 -4.061052203178405762e-01 9.743919968605041504e-01 1.864562988281250000e+00 1.430720925331115723e+00 1.626549839973449707e+00 -3.534035384654998779e-01 -9.559229612350463867e-01 -3.410376310348510742e-01
-1.351149082183837891e+00 1.810376524925231934e+00 1.572218775749206543e+00 -1.266064167022705078e+00 1.805773258209228516e+00 -1.206614017486572266e+00 -1.475923061370849609e+00 -1.270459890365600586e+00 1.709666490554809570e+00 -1.041918635368347168e+00 -7.228151559829711914e-01 -2.096068263053894043e-01 -4.313716292381286621e-01 7.767333984375000000e-01 1.838928103446960449e+00 1.327310442924499512e+00 1.417537927627563477e+00 -3.428484797477722168e-01 -9.564686417579650879e-01 -2.947187721729278564e-01
-1.099809765815734863e+00 1.676314473152160645e+00 1.687074184417724609e+00 -9.648186564445495605e-01 1.758748888969421387e+00 -1.218931317329406738e+00 -1.434356570243835449e+00 -1.050405621528625488e+00 1.603360772132873535e+00 -8.924609422683715820e-01 -7.226150631904602051e-01 -2.680292725563049316e-01 -4.570854008197784424e-01 3.872491717338562012e-01 1.790813803672790527e+00 1.131841182708740234e+00 1.103231668472290039e+00 -3.249947428703308105e-01 -1.018843650817871094e+00 -2.273297607898712158e-01
-8.204532861709594727e-01 1.469705343246459961e+00 1.835969567298889160e+00 -7.023083567619323730e-01 1.750856995582580566e+00 -1.284098148345947266e+00 -1.212854862213134766e+00 -9.985395669937133789e-01 1.588828802108764648e+00 -6.290550231933593750e-01 -7.751324772834777832e-01 -5.872105956077575684e-01 -3.941595852375030518e-01 -1.121007725596427917e-01 1.831829071044921875e+00 1.002510786056518555e+00 9.884963035583496094e-01 -3.466782271862030029e-01 -1.135484337806701660e+00 -2.204276025295257568e-01
-7.097924947738647461e-01 1.311616063117980957e+00 2.022318124771118164e+00 -5.740487575531005859e-01 1.852348089218139648e+00 -1.364307999610900879e+00 -9.965845346450805664e-01 -1.087869644165039062e+00 1.676869988441467285e+00 -4.962957799434661865e-01 -9.092746376991271973e-01 -8.973214626312255859e-01 -3.300774991512298584e-01 -3.500532209873199463e-01 1.909732818603515625e+00 9.598667621612548828e-01 1.077636241912841797e+00 -3.074120879173278809e-01 -1.228343248367309570e+00 -2.310179173946380615e-01
-7.075995802879333496e-01 1.200197339057922363e+00 2.092026233673095703e+00 -4.981467425823211670e-01 1.911112904548645020e+00 -1.400933980941772461e+00 -8.934772610664367676e-01 -1.165276765823364258e+00 1.712956190109252930e+00 -4.505152404308319092e-01 -9.805954098701477051e-01 -1.039962887763977051e+00 -2.397244572639465332e-01 -4.021815955638885498e-01 1.969900488853454590e+00 9.891153573989868164e-01 1.147884726524353027e+00 -2.784217298030853271e-01 -1.239478945732116699e+00 -2.327853739261627197e-01
-7.319595217704772949e-01 1.062747716903686523e+00 2.068742036819458008e+00 -4.155851900577545166e-01 1.922007560729980469e+00 -1.391820788383483887e+00 -7.819176316261291504e-01 -1.196641683578491211e+00 1.695349574089050293e+00 -4.500723481178283691e-01 -1.021979451179504395e+00 -1.078219413757324219e+00 -1.195537745952606201e-01 -3.680455386638641357e-01 1.980635643005371094e+00 1.014979600906372070e+00 1.159685969352722168e+00 -2.515297830104827881e-01 -1.167653083801269531e+00 -2.247976958751678467e-01
-7.834661006927490234e-01 9.237391352653503418e-01 1.994264006614685059e+00 -3.548038899898529053e-01 1.915388226509094238e+00 -1.371966719627380371e+00 -6.628571152687072754e-01 -1.220878005027770996e+00 1.657319068908691406e+00 -4.934724867343902588e-01 -1.045262813568115234e+00 -1.035747528076171875e+00 1.464089378714561462e-02 -2.653547525405883789e-01 1.994353890419006348e+00 1.049767851829528809e+00 1.139107704162597656e+00 -2.375768274068832397e-01 -1.037174224853515625e+00 -2.099243402481079102e-01
-9.244166016578674316e-01 8.391648530960083008e-01 1.831069946289062500e+00 -3.747165799140930176e-01 1.900322914123535156e+00 -1.347181558609008789e+00 -5.772528052330017090e-01 -1.295528054237365723e+00 1.600885987281799316e+00 -5.993157625198364258e-01 -1.058904170989990234e+00 -9.010943174362182617e-01 1.109486669301986694e-01 -4.441842436790466309e-02 2.012405633926391602e+00 1.129188299179077148e+00 1.142682552337646484e+00 -2.691791355609893799e-01 -8.685497641563415527e-01 -2.056982815265655518e-01
-1.130342602729797363e+00 8.815588355064392090e-01 1.606648564338684082e+00 -5.576422214508056641e-01 1.877078771591186523e+00 -1.296854615211486816e+00 -5.643443465232849121e-01 -1.420363545417785645e+00 1.546503782272338867e+00 -7.379229664802551270e-01 -1.050928592681884766e+00 -6.836861371994018555e-01 1.489910632371902466e-01 3.067333400249481201e-01 1.993104219436645508e+00 1.246395111083984375e+00 1.216783285140991211e+00 -3.417023122310638428e-01 -7.115427255630493164e-01 -2.948730885982513428e-01
-1.320344090461730957e+00 1.075331330299377441e+00 1.453799366950988770e+00 -8.588836193084716797e-01 1.896628856658935547e+00 -1.276741147041320801e+00 -6.435518860816955566e-01 -1.546652793884277344e+00 1.550282716751098633e+00 -8.866057395935058594e-01 -1.010871171951293945e+00 -4.660730063915252686e-01 7.551650702953338623e-02 6.700814366340637207e-01 1.933573842048645020e+00 1.307000160217285156e+00 1.343301415443420410e+00 -4.293420910835266113e-01 -6.431596875190734863e-01 -3.854079246520996094e-01
-1.386149406433105469e+00 1.323548555374145508e+00 1.354689240455627441e+00 -1.148758769035339355e+00 1.914243221282958984e+00 -1.256145834922790527e+00 -7.704510092735290527e-01 -1.592285275459289551e+00 1.600257873535156250e+00 -9.903756976127624512e-01 -9.152922630310058594e-01 -3.094000220298767090e-01 -6.896849721670150757e-03 8.892027735710144043e-01 1.859324812889099121e+00 1.346391201019287109e+00 1.466205000877380371e+00 -4.919688701629638672e-01 -6.391803622245788574e-01 -4.800813496112823486e-01
-1.379921317100524902e+00 1.573822736740112305e+00 1.338894963264465332e+00 -1.364378452301025391e+00 1.902814507484436035e+00 -1.280702948570251465e+00 -8.979272842407226562e-01 -1.605975508689880371e+00 1.688991546630859375e+00 -1.033030152320861816e+00 -8.105296492576599121e-01 -2.347970008850097656e-01 -8.259070664644241333e-02 1.006292104721069336e+00 1.812192082405090332e+00 1.368856549263000488e+00 1.589030027389526367e+00 -5.411254167556762695e-01 -6.810716390609741211e-01 -5.747136473655700684e-01
-1.355464935302734375e+00 1.780377864837646484e+00 1.331334114074707031e+00 -1.523507356643676758e+00 1.872153401374816895e+00 -1.311989665031433105e+00 -1.031056046485900879e+00 -1.614101052284240723e+00 1.762847065925598145e+00 -1.042763710021972656e+00 -7.198089957237243652e-01 -2.045070528984069824e-01 -1.766366660594940186e-01 1.042844295501708984e+00 1.778351187705993652e+00 1.372066020965576172e+00 1.666636943817138672e+00 -5.751029253005981445e-01 -7.347052693367004395e-01 -6.238476634025573730e-01
-1.300310730934143066e+00 1.926896810531616211e+00 1.302708148956298828e+00 -1.622025012969970703e+00 1.793823599815368652e+00 -1.329446792602539062e+00 -1.105178475379943848e+00 -1.615109324455261230e+00 1.788316369056701660e+00 -1.010788679122924805e+00 -6.390703320503234863e-01 -2.002722769975662231e-01 -2.566138505935668945e-01 1.009093284606933594e+00 1.717449188232421875e+00 1.333629369735717773e+00 1.677413105964660645e+00 -6.034679412841796875e-01 -7.763305902481079102e-01 -6.566946506500244141e-01
-1.191792130470275879e+00 2.014979124069213867e+00 1.238219261169433594e+00 -1.668274998664855957e+00 1.641269445419311523e+00 -1.316777348518371582e+00 -1.116464376449584961e+00 -1.578894257545471191e+00 1.752149462699890137e+00 -9.321401715278625488e-01 -5.405759811401367188e-01 -2.087929248809814453e-01 -3.226223587989807129e-01 9.029818177223205566e-01 1.614627718925476074e+00 1.243963718414306641e+00 1.618564248085021973e+00 -6.341884136199951172e-01 -8.056848049163818359e-01 -6.739156246185302734e-01
-1.073494911193847656e+00 2.046038389205932617e+00 1.199218630790710449e+00 -1.685161113739013672e+00 1.438538074493408203e+00 -1.297469615936279297e+00 -1.124186873435974121e+00 -1.545412540435791016e+00 1.685833454132080078e+00 -7.957973480224609375e-01 -4.523056149482727051e-01 -3.152625560760498047e-01 -3.759594857692718506e-01 7.225034832954406738e-01 1.520970225334167480e+00 1.126087307929992676e+00 1.583192110061645508e+00 -6.228345632553100586e-01 -8.971667885780334473e-01 -6.124823093414306641e-01
-9.693218469619750977e-01 2.016668319702148438e+00 1.224025607109069824e+00 -1.673358321189880371e+00 1.286309957504272461e+00 -1.271934986114501953e+00 -1.140193700790405273e+00 -1.541741132736206055e+00 1.623258948326110840e+00 -6.081595420837402344e-01 -3.854494094848632812e-01 -5.001398324966430664e-01 -4.376408457756042480e-01 5.003138780593872070e-01 1.465918660163879395e+00 1.024435997009277344e+00 1.574987173080444336e+00 -5.942647457122802734e-01 -1.054754257202148438e+00 -5.276562571525573730e-01
-8.812468647956848145e-01 1.940243124961853027e+00 1.281403183937072754e+00 -1.602139830589294434e+00 1.151158809661865234e+00 -1.231897234916687012e+00 -1.139484047889709473e+00 -1.548011541366577148e+00 1.530423164367675781e+00 -4.367591738700866699e-01 -3.220971524715423584e-01 -6.623761653900146484e-01 -4.821666479110717773e-01 2.764487862586975098e-01 1.441324472427368164e+00 9.643989801406860352e-01 1.530519247055053711e+00 -5.481714010238647461e-01 -1.220459222793579102e+00 -4.433733224868774414e-01
-7.968087196350097656e-01 1.830733060836791992e+00 1.363762736320495605e+00 -1.514100432395935059e+00 1.092873096466064453e+00 -1.216753721237182617e+00 -1.114730834960937500e+00 -1.534700512886047363e+00 1.498451709747314453e+00 -3.167715072631835938e-01 -3.099438846111297607e-01 -8.185651302337646484e-01 -4.916610717773437500e-01 8.533465862274169922e-02 1.467123508453369141e+00 9.324706792831420898e-01 1.514969348907470703e+00 -4.996622502803802490e-01 -1.344311118125915527e+00 -3.626450598239898682e-01
-7.416068315505981445e-01 1.715115427970886230e+00 1.443330287933349609e+00 -1.434865474700927734e+00 1.078264594078063965e+00 -1.184430718421936035e+00 -1.109427809715270996e+00 -1.490516662597656250e+00 1.480236768722534180e+00 -2.445227503776550293e-01 -3.248187601566314697e-01 -9.414373040199279785e-01 -5.114124417304992676e-01 -5.121923238039016724e-02 1.507648468017578125e+00 9.338474273681640625e-01 1.519527792930603027e+00 -4.327686429023742676e-01 -1.443661212921142578e+00 -2.823305130004882812e-01
-7.237981557846069336e-01 1.592351317405700684e+00 1.539943456649780273e+00 -1.363297820091247559e+00 1.114020466804504395e+00 -1.136518955230712891e+00 -1.137913823127746582e+00 -1.423327565193176270e+00 1.458488702774047852e+00 -2.062751054763793945e-01 -3.781178295612335205e-01 -1.033709287643432617e+00 -5.622040033340454102e-01 -1.446277201175689697e-01 1.579509735107421875e+00 9.570776224136352539e-01 1.532299518585205078e+00 -3.446347415447235107e-01 -1.526100158691406250e+00 -2.093296051025390625e-01
-6.905941367149353027e-01 1.499700307846069336e+00 1.629401326179504395e+00 -1.308691143989562988e+00 1.187828779220581055e+00 -1.090884685516357422e+00 -1.210204482078552246e+00 -1.309762120246887207e+00 1.451385855674743652e+00 -1.802539825439453125e-01 -4.324202835559844971e-01 -1.070265650749206543e+00 -6.457442641258239746e-01 -1.936136782169342041e-01 1.639122486114501953e+00 9.774119853973388672e-01 1.546849250793457031e+00 -2.619825899600982666e-01 -1.575815796852111816e+00 -1.704170703887939453e-01
-7.091808319091796875e-01 1.419622182846069336e+00 1.709468007087707520e+00 -1.251635551452636719e+00 1.285112023353576660e+00 -1.016027688980102539e+00 -1.325202345848083496e+00 -1.187020659446716309e+00 1.441750645637512207e+00 -2.060824334621429443e-01 -4.843620061874389648e-01 -1.056969046592712402e+00 -7.723582983016967773e-01 -2.052320539951324463e-01 1.720199108123779297e+00 1.055618166923522949e+00 1.575533032417297363e+00 -1.705357283353805542e-01 -1.618787765502929688e+00 -1.372722387313842773e-01
-7.662354707717895508e-01 1.315650463104248047e+00 1.778899073600769043e+00 -1.151063919067382812e+00 1.438102483749389648e+00 -9.255086183547973633e-01 -1.487082481384277344e+00 -1.039344787597656250e+00 1.424294948577880859e+00 -2.852720320224761963e-01 -5.093916654586791992e-01 -9.595212936401367188e-01 -8.638406395912170410e-01 -1.485427916049957275e-01 1.813349127769470215e+00 1.200137495994567871e+00 1.572254180908203125e+00 -4.746241122484207153e-02 -1.597562074661254883e+00 -1.007523015141487122e-01
-8.394098877906799316e-01 1.234638333320617676e+00 1.829775810241699219e+00 -1.072584152221679688e+00 1.585984826087951660e+00 -8.809094429016113281e-01 -1.617487192153930664e+00 -9.294792413711547852e-01 1.445914983749389648e+00 -3.856855928897857666e-01 -5.148276090621948242e-01 -8.476866483688354492e-01 -8.749858736991882324e-01 -5.757863819599151611e-02 1.900882840156555176e+00 1.339321970939636230e+00 1.559376597404479980e+00 7.741551101207733154e-02 -1.520488739013671875e+00 -7.526212930679321289e-02
-8.691551685333251953e-01 1.199054837226867676e+00 1.838395714759826660e+00 -1.041670560836791992e+00 1.693631649017333984e+00 -9.092934131622314453e-01 -1.639271497726440430e+00 -9.192256927490234375e-01 1.489665269851684570e+00 -4.384481906890869141e-01 -5.294024944305419922e-01 -7.652567625045776367e-01 -8.121986389160156250e-01 1.532341912388801575e-02 1.951164603233337402e+00 1.390759229660034180e+00 1.539790630340576172e+00 1.197734624147415161e-01 -1.430744171142578125e+00 -8.237545192241668701e-02
-8.801522850990295410e-01 1.187626004219055176e+00 1.813117265701293945e+00 -1.014192461967468262e+00 1.757410407066345215e+00 -9.403166174888610840e-01 -1.621763467788696289e+00 -9.413262605667114258e-01 1.500952005386352539e+00 -4.560276269912719727e-01 -5.327559709548950195e-01 -7.040473818778991699e-01 -7.349183559417724609e-01 7.497654110193252563e-02 1.954968452453613281e+00 1.386042237281799316e+00 1.500545382499694824e+00 1.071942299604415894e-01 -1.341828465461730957e+00 -9.733042865991592407e-02
-8.821993470191955566e-01 1.169229030609130859e+00 1.762435078620910645e+00 -9.929439425468444824e-01 1.770914554595947266e+00 -9.495563507080078125e-01 -1.576582312583923340e+00 -9.701411724090576172e-01 1.483695983886718750e+00 -4.514498710632324219e-01 -5.239009857177734375e-01 -6.678584218025207520e-01 -6.619485616683959961e-01 1.169280856847763062e-01 1.928807735443115234e+00 1.357040524482727051e+00 1.460897922515869141e+00 8.325701951980590820e-02 -1.263578414916992188e+00 -1.101398542523384094e-01
-8.780110478401184082e-01 1.146264553070068359e+00 1.698553442955017090e+00 -9.800753593444824219e-01 1.756540060043334961e+00 -9.413264989852905273e-01 -1.501147627830505371e+00 -1.010204076766967773e+00 1.453854084014892578e+00 -4.356615543365478516e-01 -5.153341889381408691e-01 -6.593121886253356934e-01 -5.926176309585571289e-01 1.463616788387298584e-01 1.888679385185241699e+00 1.313662528991699219e+00 1.435091614723205566e+00 5.458934977650642395e-02 -1.196342229843139648e+00 -1.278491914272308350e-01
-8.550515770912170410e-01 1.122666239738464355e+00 1.624505400657653809e+00 -9.861829876899719238e-01 1.740180134773254395e+00 -9.055248498916625977e-01 -1.388838171958923340e+00 -1.056934833526611328e+00 1.423125505447387695e+00 -4.198313653469085693e-01 -5.239283442497253418e-01 -6.740416288375854492e-01 -5.321189761161804199e-01 1.630235314369201660e-01 1.838332295417785645e+00 1.249802589416503906e+00 1.430365800857543945e+00 2.234048768877983093e-02 -1.141967296600341797e+00 -1.641166508197784424e-01
-8.302277326583862305e-01 1.099428772926330566e+00 1.528507471084594727e+00 -1.036142587661743164e+00 1.679207444190979004e+00 -8.662760853767395020e-01 -1.209830403327941895e+00 -1.138641953468322754e+00 1.389470934867858887e+00 -3.985413014888763428e-01 -5.423774123191833496e-01 -7.191459536552429199e-01 -4.678227901458740234e-01 1.840039640665054321e-01 1.761929154396057129e+00 1.158945679664611816e+00 1.449972987174987793e+00 -1.746849343180656433e-02 -1.103459358215332031e+00 -2.093571126461029053e-01
-8.657104372978210449e-01 1.133717536926269531e+00 1.436136722564697266e+00 -1.189012885093688965e+00 1.587093234062194824e+00 -8.702058196067810059e-01 -9.720976352691650391e-01 -1.349089741706848145e+00 1.419940233230590820e+00 -3.925835192203521729e-01 -5.972419381141662598e-01 -8.566117286682128906e-01 -4.260962903499603271e-01 1.869564652442932129e-01 1.695181608200073242e+00 1.076849699020385742e+00 1.579091787338256836e+00 -8.736103773117065430e-02 -1.138619065284729004e+00 -2.610336840152740479e-01
-9.239215850830078125e-01 1.243302345275878906e+00 1.386922001838684082e+00 -1.381384253501892090e+00 1.537757873535156250e+00 -9.426035881042480469e-01 -7.745174169540405273e-01 -1.593742966651916504e+00 1.485050201416015625e+00 -3.966941833496093750e-01 -6.684226989746093750e-01 -9.466233253479003906e-01 -3.996492624282836914e-01 1.965293884277343750e-01 1.678335785865783691e+00 1.044051170349121094e+00 1.710320234298706055e+00 -2.004381865262985229e-01 -1.192685604095458984e+00 -3.734881877899169922e-01
-9.703280329704284668e-01 1.353224873542785645e+00 1.360453128814697266e+00 -1.511981606483459473e+00 1.518806815147399902e+00 -1.022821664810180664e+00 -6.707834005355834961e-01 -1.774140715599060059e+00 1.525667548179626465e+00 -4.120721220970153809e-01 -7.153158783912658691e-01 -9.680722355842590332e-01 -3.720495402812957764e-01 2.125798463821411133e-01 1.663354277610778809e+00 1.042818903923034668e+00 1.771655917167663574e+00 -2.950700521469116211e-01 -1.220965862274169922e+00 -4.793268144130706787e-01
-1.012430787086486816e+00 1.387540340423583984e+00 1.345261931419372559e+00 -1.567534208297729492e+00 1.533610939979553223e+00 -1.060063362121582031e+00 -6.242000460624694824e-01 -1.862661957740783691e+00 1.558536291122436523e+00 -4.473739564418792725e-01 -7.408159375190734863e-01 -9.584121108055114746e-01 -3.318740129470825195e-01 2.615453898906707764e-01 1.657435655593872070e+00 1.052360653877258301e+00 1.805744171142578125e+00 -3.324984908103942871e-01 -1.218287467956542969e+00 -5.132378339767456055e-01
-1.038122653961181641e+00 1.386266112327575684e+00 1.327740073204040527e+00 -1.581512570381164551e+00 1.547237515449523926e+00 -1.063793063163757324e+00 -6.118513941764831543e-01 -1.880186915397644043e+00 1.572094440460205078e+00 -4.828766882419586182e-01 -7.569946050643920898e-01 -9.310133457183837891e-01 -3.045089542865753174e-01 3.065305352210998535e-01 1.644097924232482910e+00 1.052932024002075195e+00 1.809998512268066406e+00 -3.412071168422698975e-01 -1.199626803398132324e+00 -5.143768787384033203e-01
-1.046818375587463379e+00 1.364031791687011719e+00 1.309008240699768066e+00 -1.568087577819824219e+00 1.556794047355651855e+00 -1.036452412605285645e+00 -6.297788023948669434e-01 -1.846176385879516602e+00 1.565763592720031738e+00 -5.119064450263977051e-01 -7.624015212059020996e-01 -8.937799334526062012e-01 -2.937337160110473633e-01 3.354805111885070801e-01 1.620568394660949707e+00 1.046586036682128906e+00 1.788877367973327637e+00 -3.264425992965698242e-01 -1.178795218467712402e+00 -4.940547049045562744e-01
