-8.986493945121765137e-01 1.121302247047424316e+00 1.855165958404541016e+00 -9.325010180473327637e-01 1.091810107231140137e+00 -1.320890307426452637e+00 -1.370768070220947266e+00 -1.297352671623229980e+00 1.302777290344238281e+00 9.945286065340042114e-02 -5.064387321472167969e-01 -1.241575479507446289e+00 -4.675455987453460693e-01 3.065478056669235229e-03 1.751117467880249023e+00 1.015803217887878418e+00 1.551766633987426758e+00 -2.306356877088546753e-01 -1.603597164154052734e+00 2.113122940063476562e-01
-8.591800332069396973e-01 1.092827558517456055e+00 1.909329175949096680e+00 -9.989085793495178223e-01 1.130636692047119141e+00 -1.360897302627563477e+00 -1.367116451263427734e+00 -1.319450139999389648e+00 1.307425498962402344e+00 1.491388380527496338e-01 -5.453566312789916992e-01 -1.271160125732421875e+00 -4.253281354904174805e-01 -3.680424392223358154e-02 1.818155288696289062e+00 9.708597064018249512e-01 1.553659439086914062e+00 -2.739642560482025146e-01 -1.640599608421325684e+00 2.459846436977386475e-01
-8.207762241363525391e-01 1.034919142723083496e+00 1.902170777320861816e+00 -1.013157963752746582e+00 1.158511877059936523e+00 -1.358155488967895508e+00 -1.318861246109008789e+00 -1.314051628112792969e+00 1.291922569274902344e+00 1.635497808456420898e-01 -5.697035789489746094e-01 -1.252211809158325195e+00 -3.672004342079162598e-01 -4.802063107490539551e-02 1.840971946716308594e+00 9.400591254234313965e-01 1.521511316299438477e+00 -2.964926362037658691e-01 -1.603531241416931152e+00 2.469864487648010254e-01
-7.793870568275451660e-01 9.599413871765136719e-01 1.858258843421936035e+00 -9.992758631706237793e-01 1.180908918380737305e+00 -1.328798651695251465e+00 -1.252926111221313477e+00 -1.289126873016357422e+00 1.264775395393371582e+00 1.633460819721221924e-01 -5.780304670333862305e-01 -1.206497907638549805e+00 -2.924779951572418213e-01 -4.543120414018630981e-02 1.837264657020568848e+00 9.197825789451599121e-01 1.470506787300109863e+00 -3.067452311515808105e-01 -1.524213910102844238e+00 2.300829887390136719e-01
-7.233815193176269531e-01 8.632100224494934082e-01 1.765040993690490723e+00 -9.571371078491210938e-01 1.206823587417602539e+00 -1.256428599357604980e+00 -1.159299373626708984e+00 -1.239397644996643066e+00 1.230149745941162109e+00 1.455953717231750488e-01 -5.754216313362121582e-01 -1.130818247795104980e+00 -1.890003830194473267e-01 -3.900193423032760620e-02 1.806944966316223145e+00 9.070656895637512207e-01 1.395460009574890137e+00 -3.083545863628387451e-01 -1.393814802169799805e+00 1.850536763668060303e-01
-6.635795831680297852e-01 7.481223344802856445e-01 1.589722752571105957e+00 -8.826462626457214355e-01 1.259546041488647461e+00 -1.125191807746887207e+00 -1.041795372962951660e+00 -1.151575922966003418e+00 1.186417222023010254e+00 6.857026368379592896e-02 -5.652986168861389160e-01 -9.894329309463500977e-01 -7.364614307880401611e-02 -2.631336450576782227e-03 1.743388414382934570e+00 9.239249229431152344e-01 1.290931940078735352e+00 -2.937405705451965332e-01 -1.178991794586181641e+00 1.055718436837196350e-01
-7.108889818191528320e-01 7.449749708175659180e-01 1.379523515701293945e+00 -8.498307466506958008e-01 1.493499159812927246e+00 -1.021033763885498047e+00 -8.519669771194458008e-01 -1.170593142509460449e+00 1.325037717819213867e+00 -2.309914529323577881e-01 -6.792444586753845215e-01 -7.657601237297058105e-01 2.593994140625000000e-03 1.615094542503356934e-01 1.689584612846374512e+00 1.033169627189636230e+00 1.310221672058105469e+00 -2.563127577304840088e-01 -8.937565088272094727e-01 -1.288413703441619873e-01
-8.335179090499877930e-01 9.010620117187500000e-01 1.246588468551635742e+00 -8.777364492416381836e-01 1.808315396308898926e+00 -9.645087122917175293e-01 -6.818610429763793945e-01 -1.285880684852600098e+00 1.576492071151733398e+00 -6.188026666641235352e-01 -9.017770290374755859e-01 -5.980595350265502930e-01 -4.112305864691734314e-02 3.527825176715850830e-01 1.619600653648376465e+00 1.125989556312561035e+00 1.460290074348449707e+00 -1.782077997922897339e-01 -7.143934369087219238e-01 -4.397896528244018555e-01
-9.637287259101867676e-01 1.089860796928405762e+00 1.264581918716430664e+00 -8.815322518348693848e-01 1.995915412902832031e+00 -9.914405941963195801e-01 -6.786133646965026855e-01 -1.381644368171691895e+00 1.754406690597534180e+00 -8.530897498130798340e-01 -1.019199728965759277e+00 -5.401936769485473633e-01 -1.358959525823593140e-01 4.551004171371459961e-01 1.615408778190612793e+00 1.191874980926513672e+00 1.570019125938415527e+00 -1.243280619382858276e-01 -6.875880360603332520e-01 -6.086238622665405273e-01
-1.038712143898010254e+00 1.180661797523498535e+00 1.300777196884155273e+00 -8.605960607528686523e-01 2.003439426422119141e+00 -9.876514673233032227e-01 -7.214068770408630371e-01 -1.394204974174499512e+00 1.776159524917602539e+00 -9.145106673240661621e-01 -1.049316883087158203e+00 -5.497554540634155273e-01 -2.188769429922103882e-01 4.767965376377105713e-01 1.612107515335083008e+00 1.195792317390441895e+00 1.604308843612670898e+00 -7.954474538564682007e-02 -7.166787385940551758e-01 -6.413057446479797363e-01
-1.054014682769775391e+00 1.203064203262329102e+00 1.296359062194824219e+00 -8.092330098152160645e-01 1.929867625236511230e+00 -9.747431874275207520e-01 -7.633553147315979004e-01 -1.366190433502197266e+00 1.719166874885559082e+00 -8.750804066658020020e-01 -1.026238083839416504e+00 -5.781518816947937012e-01 -2.875843048095703125e-01 4.659973382949829102e-01 1.580485939979553223e+00 1.161820054054260254e+00 1.588214397430419922e+00 -5.813076347112655640e-02 -7.345719337463378906e-01 -6.129431724548339844e-01
-1.006465673446655273e+00 1.112990975379943848e+00 1.267749190330505371e+00 -7.142067551612854004e-01 1.770691633224487305e+00 -9.617336988449096680e-01 -7.835132479667663574e-01 -1.304409027099609375e+00 1.572790622711181641e+00 -7.070325613021850586e-01 -9.558939933776855469e-01 -6.382303833961486816e-01 -3.176830112934112549e-01 4.105484783649444580e-01 1.524950981140136719e+00 1.093503475189208984e+00 1.514172792434692383e+00 -6.374216824769973755e-02 -7.466115951538085938e-01 -5.253874063491821289e-01
-9.168298840522766113e-01 9.918884038925170898e-01 1.382722616195678711e+00 -6.436628103256225586e-01 1.569623589515686035e+00 -9.785542488098144531e-01 -9.218873381614685059e-01 -1.218419909477233887e+00 1.392819404602050781e+00 -3.790621161460876465e-01 -8.188415765762329102e-01 -8.217430710792541504e-01 -3.274052441120147705e-01 2.581099271774291992e-01 1.554657816886901855e+00 1.064104914665222168e+00 1.446662187576293945e+00 -8.974438905715942383e-02 -9.008530974388122559e-01 -3.563420176506042480e-01
-9.514157772064208984e-01 1.002665877342224121e+00 1.740517973899841309e+00 -7.780957221984863281e-01 1.427151083946228027e+00 -1.157183408737182617e+00 -1.220721244812011719e+00 -1.284116864204406738e+00 1.386796593666076660e+00 -4.336985200643539429e-02 -7.530420422554016113e-01 -1.224669456481933594e+00 -4.206703007221221924e-01 8.702532947063446045e-02 1.737130522727966309e+00 1.049839973449707031e+00 1.592572808265686035e+00 -1.175150126218795776e-01 -1.347151875495910645e+00 3.697659820318222046e-02
-9.756669402122497559e-01 1.147091984748840332e+00 2.006330251693725586e+00 -1.011883974075317383e+00 1.385729670524597168e+00 -1.350602388381958008e+00 -1.399141550064086914e+00 -1.441735267639160156e+00 1.464867830276489258e+00 1.266924142837524414e-01 -7.491915822029113770e-01 -1.485303163528442383e+00 -5.494216680526733398e-01 -2.070374041795730591e-02 1.878320097923278809e+00 1.024960041046142578e+00 1.776275515556335449e+00 -1.627393662929534912e-01 -1.710711240768432617e+00 2.154574096202850342e-01
-9.698614478111267090e-01 1.166913270950317383e+00 2.119102001190185547e+00 -1.124911785125732422e+00 1.368725061416625977e+00 -1.442692160606384277e+00 -1.406763553619384766e+00 -1.522603034973144531e+00 1.493772506713867188e+00 1.804980039596557617e-01 -7.732644677162170410e-01 -1.561977148056030273e+00 -5.767703652381896973e-01 -6.566988676786422729e-02 1.957468271255493164e+00 9.827734827995300293e-01 1.821422338485717773e+00 -2.015694528818130493e-01 -1.841659426689147949e+00 2.776018977165222168e-01
-9.459507465362548828e-01 1.133670091629028320e+00 2.153899669647216797e+00 -1.175028562545776367e+00 1.353065371513366699e+00 -1.477451920509338379e+00 -1.360281705856323242e+00 -1.556434512138366699e+00 1.486546754837036133e+00 2.020929157733917236e-01 -7.871869802474975586e-01 -1.567407727241516113e+00 -5.593837499618530273e-01 -9.539701789617538452e-02 1.985560655593872070e+00 9.474231004714965820e-01 1.800949454307556152e+00 -2.239531725645065308e-01 -1.869886636734008789e+00 2.924886941909790039e-01
-9.061630964279174805e-01 1.091369271278381348e+00 2.149627923965454102e+00 -1.197408556938171387e+00 1.353995084762573242e+00 -1.479371547698974609e+00 -1.295962095260620117e+00 -1.574975490570068359e+00 1.478344559669494629e+00 2.084878385066986084e-01 -7.934367060661315918e-01 -1.555064201354980469e+00 -5.144744515419006348e-01 -1.298618912696838379e-01 1.994588613510131836e+00 9.286155700683593750e-01 1.763021945953369141e+00 -2.431024909019470215e-01 -1.857446193695068359e+00 2.784448862075805664e-01
-8.680335879325866699e-01 1.032379865646362305e+00 2.120136022567749023e+00 -1.200893759727478027e+00 1.353704094886779785e+00 -1.453258156776428223e+00 -1.210367441177368164e+00 -1.582771539688110352e+00 1.464907169342041016e+00 1.981204152107238770e-01 -8.015543818473815918e-01 -1.531948685646057129e+00 -4.652344882488250732e-01 -1.614288091659545898e-01 1.985638618469238281e+00 9.120947122573852539e-01 1.714894056320190430e+00 -2.548641562461853027e-01 -1.822410583496093750e+00 2.550068497657775879e-01
-8.168183565139770508e-01 9.532410502433776855e-01 2.047540903091430664e+00 -1.186156034469604492e+00 1.353393197059631348e+00 -1.381132602691650391e+00 -1.083310365676879883e+00 -1.567627429962158203e+00 1.445915579795837402e+00 1.583510339260101318e-01 -8.043047785758972168e-01 -1.481133341789245605e+00 -4.039066433906555176e-01 -1.920317709445953369e-01 1.943489789962768555e+00 8.908897638320922852e-01 1.643837451934814453e+00 -2.609321177005767822e-01 -1.748613953590393066e+00 2.076958119869232178e-01
-7.493830323219299316e-01 8.675161600112915039e-01 1.892321109771728516e+00 -1.148433685302734375e+00 1.374995470046997070e+00 -1.220587491989135742e+00 -8.828683495521545410e-01 -1.487393856048583984e+00 1.427162766456604004e+00 9.686619043350219727e-03 -7.836733460426330566e-01 -1.317680239677429199e+00 -3.122731447219848633e-01 -1.740749180316925049e-01 1.820399641990661621e+00 8.570219874382019043e-01 1.507528901100158691e+00 -2.453381717205047607e-01 -1.560102462768554688e+00 1.042688637971878052e-01
-7.899606823921203613e-01 9.174483418464660645e-01 1.592318654060363770e+00 -1.099938988685607910e+00 1.524585962295532227e+00 -1.005236148834228516e+00 -5.098249912261962891e-01 -1.363669276237487793e+00 1.571106791496276855e+00 -5.250017642974853516e-01 -8.383353352546691895e-01 -8.772316575050354004e-01 -2.708221971988677979e-01 3.146267682313919067e-02 1.620901226997375488e+00 9.141799211502075195e-01 1.353785157203674316e+00 -2.179294079542160034e-01 -1.144069790840148926e+00 -1.893492341041564941e-01
-9.038283228874206543e-01 1.215253114700317383e+00 1.425969719886779785e+00 -1.135504245758056641e+00 1.716198921203613281e+00 -9.128702282905578613e-01 -4.417129456996917725e-01 -1.264794588088989258e+00 1.740231513977050781e+00 -9.920737743377685547e-01 -9.560462832450866699e-01 -4.354173839092254639e-01 -4.046597182750701904e-01 2.979459762573242188e-01 1.501882195472717285e+00 1.048893332481384277e+00 1.314987182617187500e+00 -1.784834414720535278e-01 -8.848255872726440430e-01 -6.152858734130859375e-01
-1.019910335540771484e+00 1.459172606468200684e+00 1.434016942977905273e+00 -1.124491930007934570e+00 1.792611718177795410e+00 -9.551838636398315430e-01 -5.705795288085937500e-01 -1.253873944282531738e+00 1.854672551155090332e+00 -1.182138681411743164e+00 -1.053249597549438477e+00 -3.610265552997589111e-01 -5.303008556365966797e-01 3.735599517822265625e-01 1.500902533531188965e+00 1.099414348602294922e+00 1.384727835655212402e+00 -1.332877576351165771e-01 -8.880478143692016602e-01 -7.035723924636840820e-01
-1.055313110351562500e+00 1.583679914474487305e+00 1.419910550117492676e+00 -1.069228649139404297e+00 1.753314733505249023e+00 -9.706596732139587402e-01 -6.779050827026367188e-01 -1.205429673194885254e+00 1.840762138366699219e+00 -1.214615941047668457e+00 -1.049718141555786133e+00 -3.264531195163726807e-01 -6.131660938262939453e-01 3.839078545570373535e-01 1.477230310440063477e+00 1.097122430801391602e+00 1.366284489631652832e+00 -1.169990599155426025e-01 -8.944352865219116211e-01 -7.116643786430358887e-01
-1.041429758071899414e+00 1.612857580184936523e+00 1.405318856239318848e+00 -9.908179640769958496e-01 1.673040270805358887e+00 -9.676795005798339844e-01 -7.611216902732849121e-01 -1.125087022781372070e+00 1.764530897140502930e+00 -1.169708728790283203e+00 -1.000325560569763184e+00 -3.056045472621917725e-01 -6.642064452171325684e-01 3.636492490768432617e-01 1.443739771842956543e+00 1.083345174789428711e+00 1.298097491264343262e+00 -1.097019314765930176e-01 -8.985718488693237305e-01 -6.772426366806030273e-01
-1.010496258735656738e+00 1.587040901184082031e+00 1.456833600997924805e+00 -9.195004701614379883e-01 1.569348931312561035e+00 -9.830543994903564453e-01 -8.769305348396301270e-01 -1.039195775985717773e+00 1.658247947692871094e+00 -1.055140972137451172e+00 -9.131307601928710938e-01 -3.352945148944854736e-01 -7.071906328201293945e-01 3.094496130943298340e-01 1.448690414428710938e+00 1.086489081382751465e+00 1.236844897270202637e+00 -1.073328852653503418e-01 -9.570677280426025391e-01 -5.715001821517944336e-01
-9.373863935470581055e-01 1.548475861549377441e+00 1.559810996055603027e+00 -8.544941544532775879e-01 1.419615268707275391e+00 -1.050510168075561523e+00 -1.038025975227355957e+00 -9.579431414604187012e-01 1.525044322013854980e+00 -8.197928667068481445e-01 -7.705709338188171387e-01 -4.641875028610229492e-01 -7.508863806724548340e-01 1.880763769149780273e-01 1.493758440017700195e+00 1.053930401802062988e+00 1.188188910484313965e+00 -1.355106830596923828e-01 -1.085855126380920410e+00 -3.871017098426818848e-01
-8.439658284187316895e-01 1.467177629470825195e+00 1.702272176742553711e+00 -8.534266948699951172e-01 1.299562454223632812e+00 -1.132013916969299316e+00 -1.215810537338256836e+00 -9.318667650222778320e-01 1.422042489051818848e+00 -5.074394345283508301e-01 -6.195265650749206543e-01 -6.895042061805725098e-01 -7.737928628921508789e-01 5.194627866148948669e-02 1.582119464874267578e+00 1.039816975593566895e+00 1.245370864868164062e+00 -1.747351586818695068e-01 -1.284304380416870117e+00 -1.929195523262023926e-01
-8.201590180397033691e-01 1.387507438659667969e+00 1.810851812362670898e+00 -9.127926826477050781e-01 1.238265037536621094e+00 -1.241126537322998047e+00 -1.342171192169189453e+00 -1.057741522789001465e+00 1.381569623947143555e+00 -2.193104326725006104e-01 -5.651466846466064453e-01 -9.731712937355041504e-01 -7.544223666191101074e-01 -3.418378531932830811e-02 1.688481926918029785e+00 9.981350302696228027e-01 1.403824210166931152e+00 -2.255746722221374512e-01 -1.487978458404541016e+00 2.855885401368141174e-02
-7.979828119277954102e-01 1.273514032363891602e+00 1.848587393760681152e+00 -9.657065868377685547e-01 1.217780351638793945e+00 -1.298134803771972656e+00 -1.390918016433715820e+00 -1.159582734107971191e+00 1.344709157943725586e+00 -2.341559156775474548e-02 -5.255916118621826172e-01 -1.145443558692932129e+00 -6.888066530227661133e-01 -6.400511413812637329e-02 1.767788171768188477e+00 9.620137810707092285e-01 1.505177617073059082e+00 -2.512161731719970703e-01 -1.577152013778686523e+00 1.877508759498596191e-01
-7.957669496536254883e-01 1.148163914680480957e+00 1.871366262435913086e+00 -1.038398981094360352e+00 1.280467271804809570e+00 -1.340180158615112305e+00 -1.347356319427490234e+00 -1.255000591278076172e+00 1.386299252510070801e+00 3.023999929428100586e-02 -5.254650115966796875e-01 -1.199195981025695801e+00 -5.729628205299377441e-01 -5.325058102607727051e-02 1.875807046890258789e+00 9.804516434669494629e-01 1.559366106986999512e+00 -2.383099794387817383e-01 -1.554973721504211426e+00 2.437979280948638916e-01
-7.625901699066162109e-01 9.753789901733398438e-01 1.774090766906738281e+00 -1.061898231506347656e+00 1.394491076469421387e+00 -1.281703114509582520e+00 -1.184162855148315430e+00 -1.299292445182800293e+00 1.440449595451354980e+00 -3.520907461643218994e-02 -5.247747302055358887e-01 -1.140679478645324707e+00 -3.409369885921478271e-01 -4.951439797878265381e-02 1.978360295295715332e+00 1.042294979095458984e+00 1.525386095046997070e+00 -2.419488131999969482e-01 -1.380001425743103027e+00 2.150155305862426758e-01
-7.353485226631164551e-01 7.759677171707153320e-01 1.569455504417419434e+00 -1.049369931221008301e+00 1.546281695365905762e+00 -1.100348830223083496e+00 -9.456033110618591309e-01 -1.251620769500732422e+00 1.473296523094177246e+00 -2.454051375389099121e-01 -5.228362083435058594e-01 -9.383046030998229980e-01 -6.677600741386413574e-02 4.058801010251045227e-02 1.990888595581054688e+00 1.124833226203918457e+00 1.420151352882385254e+00 -2.225993275642395020e-01 -1.072746396064758301e+00 1.354593187570571899e-01
-7.557681798934936523e-01 7.166970968246459961e-01 1.383806586265563965e+00 -1.087415933609008789e+00 1.770245313644409180e+00 -9.725944399833679199e-01 -7.333527803421020508e-01 -1.287059783935546875e+00 1.569361925125122070e+00 -4.923320114612579346e-01 -5.494738817214965820e-01 -7.353214025497436523e-01 7.812540233135223389e-02 1.639867424964904785e-01 1.944128632545471191e+00 1.213468194007873535e+00 1.403541088104248047e+00 -2.476134002208709717e-01 -8.273577690124511719e-01 -4.130043834447860718e-02
-8.175477385520935059e-01 7.621067166328430176e-01 1.329836606979370117e+00 -1.107724905014038086e+00 1.983716845512390137e+00 -9.410051107406616211e-01 -6.664877533912658691e-01 -1.349688053131103516e+00 1.657153010368347168e+00 -6.729897856712341309e-01 -6.071835756301879883e-01 -5.951273441314697266e-01 9.352192282676696777e-02 2.823654413223266602e-01 1.916355848312377930e+00 1.299429893493652344e+00 1.429350852966308594e+00 -2.665143311023712158e-01 -7.275758385658264160e-01 -2.150741815567016602e-01
-8.704575300216674805e-01 8.049755692481994629e-01 1.339871168136596680e+00 -1.116737604141235352e+00 2.090252876281738281e+00 -9.378901720046997070e-01 -6.801577210426330566e-01 -1.374935984611511230e+00 1.710518598556518555e+00 -7.671800255775451660e-01 -6.588863730430603027e-01 -5.428342223167419434e-01 7.761401683092117310e-02 3.381605148315429688e-01 1.913395404815673828e+00 1.351490616798400879e+00 1.462103366851806641e+00 -2.589961588382720947e-01 -7.184410095214843750e-01 -2.852121591567993164e-01
-8.802542090415954590e-01 8.248433470726013184e-01 1.367689371109008789e+00 -1.107596993446350098e+00 2.115614175796508789e+00 -9.298932552337646484e-01 -7.415124773979187012e-01 -1.349347233772277832e+00 1.712479352951049805e+00 -7.810119390487670898e-01 -6.563538908958435059e-01 -5.307648777961730957e-01 5.048181116580963135e-02 3.314940035343170166e-01 1.915195941925048828e+00 1.389173150062561035e+00 1.467998862266540527e+00 -2.452579438686370850e-01 -7.450489401817321777e-01 -2.946076393127441406e-01
-8.309284448623657227e-01 8.081896901130676270e-01 1.411851048469543457e+00 -1.070207357406616211e+00 2.031113386154174805e+00 -9.144518971443176270e-01 -8.645625710487365723e-01 -1.254734396934509277e+00 1.633616447448730469e+00 -6.847186088562011719e-01 -5.759512782096862793e-01 -5.662009716033935547e-01 1.698799617588520050e-02 2.433028519153594971e-01 1.918393969535827637e+00 1.409555912017822266e+00 1.428709387779235840e+00 -2.301479130983352661e-01 -8.118748664855957031e-01 -2.211896181106567383e-01
-7.487604618072509766e-01 7.697518467903137207e-01 1.595366597175598145e+00 -9.935382604598999023e-01 1.741818904876708984e+00 -9.439421892166137695e-01 -1.127209663391113281e+00 -1.084224462509155273e+00 1.454521656036376953e+00 -3.880756199359893799e-01 -4.813879132270812988e-01 -7.595704793930053711e-01 -5.963983759284019470e-02 6.648946553468704224e-03 1.980434060096740723e+00 1.345010280609130859e+00 1.339295625686645508e+00 -2.015078812837600708e-01 -1.047337293624877930e+00 2.799811400473117828e-02
-8.029644489288330078e-01 9.947898983955383301e-01 1.925799369812011719e+00 -1.081934571266174316e+00 1.507148742675781250e+00 -1.206371068954467773e+00 -1.398229122161865234e+00 -1.229384660720825195e+00 1.404106020927429199e+00 -1.834750920534133911e-02 -5.491171479225158691e-01 -1.150314331054687500e+00 -3.479184508323669434e-01 -1.953425109386444092e-01 2.073492288589477539e+00 1.150287866592407227e+00 1.513802766799926758e+00 -2.719373106956481934e-01 -1.509977698326110840e+00 2.038376033306121826e-01
-8.635200858116149902e-01 1.171186208724975586e+00 2.118017673492431641e+00 -1.126973867416381836e+00 1.440522074699401855e+00 -1.374681353569030762e+00 -1.480981826782226562e+00 -1.348109602928161621e+00 1.462576389312744141e+00 1.070911064743995667e-01 -6.627130508422851562e-01 -1.387614011764526367e+00 -5.465201139450073242e-01 -1.860564947128295898e-01 2.055370569229125977e+00 1.034257650375366211e+00 1.696651220321655273e+00 -2.902931571006774902e-01 -1.782446026802062988e+00 2.649575173854827881e-01
-8.660529851913452148e-01 1.221195101737976074e+00 2.162945747375488281e+00 -1.125418543815612793e+00 1.400291442871093750e+00 -1.418060302734375000e+00 -1.460019111633300781e+00 -1.385982871055603027e+00 1.475983738899230957e+00 1.540392935276031494e-01 -7.205916047096252441e-01 -1.487056136131286621e+00 -6.159325242042541504e-01 -1.698078513145446777e-01 1.999429106712341309e+00 9.674445390701293945e-01 1.756818056106567383e+00 -2.915355861186981201e-01 -1.871088624000549316e+00 2.701035439968109131e-01
-8.666726946830749512e-01 1.250295281410217285e+00 2.170236825942993164e+00 -1.120457053184509277e+00 1.360139369964599609e+00 -1.437800049781799316e+00 -1.424781560897827148e+00 -1.410329699516296387e+00 1.469410538673400879e+00 1.731736063957214355e-01 -7.542760372161865234e-01 -1.523785591125488281e+00 -6.405535340309143066e-01 -1.584062278270721436e-01 1.950436830520629883e+00 9.216791391372680664e-01 1.763574719429016113e+00 -2.890998423099517822e-01 -1.896199107170104980e+00 2.475362420082092285e-01
-8.842369318008422852e-01 1.290755629539489746e+00 2.157524824142456055e+00 -1.117638707160949707e+00 1.314228296279907227e+00 -1.449127316474914551e+00 -1.365818262100219727e+00 -1.445785880088806152e+00 1.450758457183837891e+00 1.688175201416015625e-01 -8.031411767005920410e-01 -1.530471920967102051e+00 -6.528952121734619141e-01 -1.595635712146759033e-01 1.912124276161193848e+00 8.720580935478210449e-01 1.742389440536499023e+00 -2.859447896480560303e-01 -1.891070723533630371e+00 1.964138150215148926e-01
-9.026771783828735352e-01 1.328036427497863770e+00 2.108885288238525391e+00 -1.095429301261901855e+00 1.245990872383117676e+00 -1.436566710472106934e+00 -1.260788679122924805e+00 -1.469335317611694336e+00 1.411795139312744141e+00 1.401659548282623291e-01 -8.651566505432128906e-01 -1.506087899208068848e+00 -6.565737128257751465e-01 -1.629116833209991455e-01 1.846656680107116699e+00 8.009769916534423828e-01 1.681139111518859863e+00 -2.789305448532104492e-01 -1.847962975502014160e+00 1.175782009959220886e-01
-9.061380624771118164e-01 1.343817710876464844e+00 1.940859675407409668e+00 -1.034005045890808105e+00 1.128761291503906250e+00 -1.329717278480529785e+00 -1.027694702148437500e+00 -1.452256321907043457e+00 1.319291472434997559e+00 5.057667195796966553e-02 -9.346426725387573242e-01 -1.392023086547851562e+00 -6.311001777648925781e-01 -1.652281582355499268e-01 1.698449969291687012e+00 6.834045052528381348e-01 1.518707036972045898e+00 -2.623847424983978271e-01 -1.691416382789611816e+00 -4.540128260850906372e-02
-8.663292527198791504e-01 1.451778888702392578e+00 1.490314722061157227e+00 -9.793021082878112793e-01 1.211144447326660156e+00 -1.064812541007995605e+00 -6.267666816711425781e-01 -1.452461004257202148e+00 1.404229640960693359e+00 -3.317999541759490967e-01 -9.969747066497802734e-01 -1.017068743705749512e+00 -5.550636053085327148e-01 -7.060175389051437378e-02 1.443764090538024902e+00 6.086688637733459473e-01 1.341519474983215332e+00 -2.633123993873596191e-01 -1.249083161354064941e+00 -4.999799728393554688e-01
-9.841158986091613770e-01 1.647862315177917480e+00 1.258191347122192383e+00 -1.119625568389892578e+00 1.564590334892272949e+00 -9.708997607231140137e-01 -5.097577571868896484e-01 -1.530571699142456055e+00 1.742201447486877441e+00 -8.885509967803955078e-01 -1.035780906677246094e+00 -6.435060501098632812e-01 -5.050282478332519531e-01 1.830369830131530762e-01 1.465538859367370605e+00 8.595481514930725098e-01 1.483297586441040039e+00 -2.495210319757461548e-01 -9.368460774421691895e-01 -8.548666238784790039e-01
-1.090875267982482910e+00 1.681307792663574219e+00 1.287306547164916992e+00 -1.203245639801025391e+00 1.808963537216186523e+00 -9.735671877861022949e-01 -5.668439865112304688e-01 -1.530022263526916504e+00 1.911462903022766113e+00 -1.147030711174011230e+00 -1.091771602630615234e+00 -5.148718357086181641e-01 -4.580215215682983398e-01 3.205273151397705078e-01 1.571935892105102539e+00 1.033872246742248535e+00 1.582062244415283203e+00 -2.054197788238525391e-01 -8.809658288955688477e-01 -8.840355873107910156e-01
-1.138956785202026367e+00 1.679606318473815918e+00 1.314195513725280762e+00 -1.233413219451904297e+00 1.930154681205749512e+00 -9.771638512611389160e-01 -6.117132306098937988e-01 -1.530969858169555664e+00 1.981078624725341797e+00 -1.233922958374023438e+00 -1.117640495300292969e+00 -4.701783657073974609e-01 -4.306037127971649170e-01 3.753243386745452881e-01 1.627270340919494629e+00 1.115438461303710938e+00 1.619388818740844727e+00 -1.834341734647750854e-01 -8.640722632408142090e-01 -8.775239586830139160e-01
-1.158414721488952637e+00 1.678802847862243652e+00 1.332796335220336914e+00 -1.250138998031616211e+00 1.998935699462890625e+00 -9.766018390655517578e-01 -6.509264707565307617e-01 -1.521941065788269043e+00 2.014864683151245117e+00 -1.276657223701477051e+00 -1.126920223236083984e+00 -4.401234984397888184e-01 -4.181115329265594482e-01 3.984522521495819092e-01 1.660399436950683594e+00 1.162562131881713867e+00 1.630065083503723145e+00 -1.707242727279663086e-01 -8.567449450492858887e-01 -8.678007125854492188e-01
-1.167952299118041992e+00 1.686150193214416504e+00 1.349129676818847656e+00 -1.268293023109436035e+00 2.045613050460815430e+00 -9.764755964279174805e-01 -6.939418315887451172e-01 -1.506896376609802246e+00 2.035862684249877930e+00 -1.303246140480041504e+00 -1.126268506050109863e+00 -4.124923050403594971e-01 -4.188651144504547119e-01 4.113199710845947266e-01 1.685807108879089355e+00 1.201141357421875000e+00 1.631725311279296875e+00 -1.640045046806335449e-01 -8.568476438522338867e-01 -8.600038886070251465e-01
-1.168195247650146484e+00 1.696015834808349609e+00 1.363409399986267090e+00 -1.285753607749938965e+00 2.075145721435546875e+00 -9.735223650932312012e-01 -7.379713058471679688e-01 -1.482073664665222168e+00 2.043806791305541992e+00 -1.319224596023559570e+00 -1.120432257652282715e+00 -3.804302513599395752e-01 -4.231743514537811279e-01 4.171701967716217041e-01 1.701201438903808594e+00 1.230065584182739258e+00 1.619301676750183105e+00 -1.583534777164459229e-01 -8.579484820365905762e-01 -8.543774485588073730e-01
-1.155977964401245117e+00 1.706684589385986328e+00 1.377655625343322754e+00 -1.306101918220520020e+00 2.089233636856079102e+00 -9.665108919143676758e-01 -7.886642813682556152e-01 -1.441459178924560547e+00 2.036525964736938477e+00 -1.323272347450256348e+00 -1.105706810951232910e+00 -3.379545807838439941e-01 -4.302386045455932617e-01 4.161246716976165771e-01 1.707929134368896484e+00 1.252454638481140137e+00 1.587955117225646973e+00 -1.532710492610931396e-01 -8.595414757728576660e-01 -8.491836786270141602e-01
-1.115726113319396973e+00 1.715412855148315430e+00 1.390181899070739746e+00 -1.330979466438293457e+00 2.076271772384643555e+00 -9.521129727363586426e-01 -8.517646193504333496e-01 -1.374314188957214355e+00 1.997974157333374023e+00 -1.295890092849731445e+00 -1.067557573318481445e+00 -2.808563709259033203e-01 -4.367200732231140137e-01 3.956767022609710693e-01 1.704552769660949707e+00 1.259853720664978027e+00 1.518626332283020020e+00 -1.526871472597122192e-01 -8.613883852958679199e-01 -8.400247693061828613e-01
-9.967596530914306641e-01 1.669522762298583984e+00 1.401718378067016602e+00 -1.339305877685546875e+00 1.981471776962280273e+00 -9.162513017654418945e-01 -9.181155562400817871e-01 -1.223865866661071777e+00 1.866588473320007324e+00 -1.179996132850646973e+00 -9.696103334426879883e-01 -1.977647840976715088e-01 -4.333273768424987793e-01 3.386495411396026611e-01 1.662238478660583496e+00 1.234466314315795898e+00 1.359704971313476562e+00 -1.549404263496398926e-01 -8.555743694305419922e-01 -8.060302734375000000e-01
-8.493694067001342773e-01 1.474583864212036133e+00 1.667881488800048828e+00 -1.273640036582946777e+00 1.692921161651611328e+00 -9.388316869735717773e-01 -1.213444948196411133e+00 -9.674578905105590820e-01 1.561836004257202148e+00 -7.808200120925903320e-01 -6.984027624130249023e-01 -3.053597211837768555e-01 -4.722026884555816650e-01 1.617755293846130371e-01 1.744030237197875977e+00 1.181580185890197754e+00 1.155446290969848633e+00 -1.594780385494232178e-01 -1.064308404922485352e+00 -4.638557434082031250e-01
-8.246352076530456543e-01 1.303953886032104492e+00 1.974469304084777832e+00 -1.251473069190979004e+00 1.350803256034851074e+00 -1.214480638504028320e+00 -1.428309202194213867e+00 -1.103365182876586914e+00 1.345699071884155273e+00 -1.786541342735290527e-01 -5.543532371520996094e-01 -8.074995875358581543e-01 -5.637032985687255859e-01 7.661029696464538574e-03 1.931541323661804199e+00 1.053756356239318848e+00 1.343229293823242188e+00 -2.727601826190948486e-01 -1.489488840103149414e+00 -4.308331012725830078e-02
-8.203427195549011230e-01 1.229622960090637207e+00 2.070146322250366211e+00 -1.250435590744018555e+00 1.269517779350280762e+00 -1.355633258819580078e+00 -1.436816930770874023e+00 -1.255989432334899902e+00 1.322638511657714844e+00 6.785651296377182007e-02 -5.686645507812500000e-01 -1.117501616477966309e+00 -5.991414189338684082e-01 -4.112691432237625122e-02 1.976300597190856934e+00 9.972373843193054199e-01 1.547524809837341309e+00 -2.939927279949188232e-01 -1.701958060264587402e+00 1.322119385004043579e-01
-8.255012035369873047e-01 1.175213217735290527e+00 2.061152935028076172e+00 -1.240321159362792969e+00 1.226898908615112305e+00 -1.405957221984863281e+00 -1.362300157546997070e+00 -1.369544982910156250e+00 1.341813921928405762e+00 1.630819439888000488e-01 -6.122554540634155273e-01 -1.263604640960693359e+00 -5.847838521003723145e-01 -6.548572331666946411e-02 1.951657772064208984e+00 9.441915154457092285e-01 1.617138504981994629e+00 -2.716241776943206787e-01 -1.740271091461181641e+00 1.918093562126159668e-01
-8.303847312927246094e-01 1.120866417884826660e+00 2.008496046066284180e+00 -1.205595493316650391e+00 1.209215521812438965e+00 -1.414080739021301270e+00 -1.262677431106567383e+00 -1.448371529579162598e+00 1.362233877182006836e+00 1.931306421756744385e-01 -6.424298882484436035e-01 -1.343223690986633301e+00 -5.355337858200073242e-01 -7.745517045259475708e-02 1.917318940162658691e+00 9.306468963623046875e-01 1.650978207588195801e+00 -2.448749244213104248e-01 -1.707526564598083496e+00 1.953231394290924072e-01
-8.133060932159423828e-01 1.049236655235290527e+00 1.883342504501342773e+00 -1.148846507072448730e+00 1.210458755493164062e+00 -1.348443627357482910e+00 -1.112340211868286133e+00 -1.489070773124694824e+00 1.393064618110656738e+00 1.723088920116424561e-01 -6.599420905113220215e-01 -1.388056397438049316e+00 -4.514671862125396729e-01 -9.401696175336837769e-02 1.850239038467407227e+00 9.265507459640502930e-01 1.662616610527038574e+00 -2.184254527091979980e-01 -1.612534642219543457e+00 1.662769615650177002e-01
-7.977280616760253906e-01 9.324415326118469238e-01 1.705345988273620605e+00 -1.036503076553344727e+00 1.236518740653991699e+00 -1.247288703918457031e+00 -8.727549314498901367e-01 -1.486518621444702148e+00 1.440126895904541016e+00 5.618984252214431763e-02 -6.934973597526550293e-01 -1.364962935447692871e+00 -3.262428045272827148e-01 -5.333340167999267578e-02 1.759853839874267578e+00 9.018248319625854492e-01 1.636219024658203125e+00 -1.946304291486740112e-01 -1.411183118820190430e+00 1.289399564266204834e-01
-7.892138361930847168e-01 8.071765899658203125e-01 1.486285209655761719e+00 -8.977121710777282715e-01 1.282693982124328613e+00 -1.123570680618286133e+00 -6.000314950942993164e-01 -1.469389438629150391e+00 1.475067973136901855e+00 -1.092583239078521729e-01 -7.259593009948730469e-01 -1.293531537055969238e+00 -1.912030130624771118e-01 -1.170765608549118042e-02 1.651730060577392578e+00 8.797408938407897949e-01 1.570520639419555664e+00 -1.910688579082489014e-01 -1.161043167114257812e+00 7.229209691286087036e-02
-8.013748526573181152e-01 7.649182081222534180e-01 1.336214780807495117e+00 -7.997707724571228027e-01 1.406416296958923340e+00 -1.046633124351501465e+00 -4.052975773811340332e-01 -1.481463551521301270e+00 1.528311967849731445e+00 -2.949276864528656006e-01 -7.983910441398620605e-01 -1.198725461959838867e+00 -1.079745888710021973e-01 1.825140044093132019e-02 1.599618792533874512e+00 8.924211263656616211e-01 1.527588486671447754e+00 -2.045891433954238892e-01 -9.703160524368286133e-01 -4.916162788867950439e-02
-8.220888972282409668e-01 7.812579870223999023e-01 1.278424859046936035e+00 -7.500632405281066895e-01 1.559165954589843750e+00 -1.009826302528381348e+00 -3.025755882263183594e-01 -1.477629780769348145e+00 1.596435427665710449e+00 -4.677134454250335693e-01 -8.859941959381103516e-01 -1.103938102722167969e+00 -8.550108969211578369e-02 3.893136233091354370e-02 1.591751337051391602e+00 9.144661426544189453e-01 1.495360612869262695e+00 -2.062545716762542725e-01 -8.614907860755920410e-01 -1.613790690898895264e-01
-8.435068130493164062e-01 9.151222109794616699e-01 1.282830953598022461e+00 -7.838171720504760742e-01 1.681904911994934082e+00 -1.043910145759582520e+00 -3.166793882846832275e-01 -1.498867988586425781e+00 1.689211487770080566e+00 -5.910905599594116211e-01 -9.348042011260986328e-01 -1.045563697814941406e+00 -1.202405095100402832e-01 3.070713207125663757e-02 1.628251671791076660e+00 9.349872469902038574e-01 1.509809970855712891e+00 -2.274262309074401855e-01 -8.516848683357238770e-01 -2.539711892604827881e-01
-8.530390858650207520e-01 1.110840201377868652e+00 1.311879754066467285e+00 -8.728876709938049316e-01 1.750337362289428711e+00 -1.062074542045593262e+00 -3.695326745510101318e-01 -1.516117215156555176e+00 1.741008162498474121e+00 -6.799022555351257324e-01 -9.732033610343933105e-01 -9.733710289001464844e-01 -2.112304419279098511e-01 8.026350289583206177e-03 1.617973685264587402e+00 9.085100293159484863e-01 1.494082808494567871e+00 -2.550256848335266113e-01 -9.031145572662353516e-01 -3.912503719329833984e-01
-8.344148397445678711e-01 1.328883290290832520e+00 1.294922113418579102e+00 -1.003892660140991211e+00 1.731724023818969727e+00 -1.037036061286926270e+00 -4.431199133396148682e-01 -1.486053943634033203e+00 1.707400679588317871e+00 -7.403007149696350098e-01 -9.600487947463989258e-01 -8.214451670646667480e-01 -3.255397975444793701e-01 1.451829448342323303e-02 1.541841506958007812e+00 8.326159119606018066e-01 1.415889859199523926e+00 -2.877782285213470459e-01 -9.395965337753295898e-01 -5.568004250526428223e-01
-8.485987782478332520e-01 1.513998150825500488e+00 1.268684148788452148e+00 -1.162975072860717773e+00 1.682031273841857910e+00 -1.004761099815368652e+00 -5.421121120452880859e-01 -1.464980602264404297e+00 1.647922039031982422e+00 -7.838470339775085449e-01 -9.304766654968261719e-01 -6.264182329177856445e-01 -3.791500329971313477e-01 8.186954259872436523e-02 1.501633763313293457e+00 8.074396848678588867e-01 1.320978760719299316e+00 -3.271902799606323242e-01 -9.390329718589782715e-01 -7.085351943969726562e-01
-8.893536925315856934e-01 1.637512445449829102e+00 1.245666027069091797e+00 -1.277479648590087891e+00 1.642768025398254395e+00 -9.756524562835693359e-01 -6.068782210350036621e-01 -1.463388919830322266e+00 1.603998899459838867e+00 -8.246091604232788086e-01 -9.190016388893127441e-01 -4.571237862110137939e-01 -4.172768592834472656e-01 1.695701926946640015e-01 1.480859279632568359e+00 8.274920582771301270e-01 1.263794064521789551e+00 -3.376691937446594238e-01 -9.095496535301208496e-01 -8.439185619354248047e-01
-9.272956848144531250e-01 1.731201887130737305e+00 1.250875592231750488e+00 -1.353666782379150391e+00 1.670839428901672363e+00 -9.776802062988281250e-01 -6.477728486061096191e-01 -1.491351842880249023e+00 1.626564025878906250e+00 -8.787803649902343750e-01 -9.334744215011596680e-01 -3.756641149520874023e-01 -4.310596883296966553e-01 2.245622873306274414e-01 1.497436761856079102e+00 8.834357857704162598e-01 1.282899856567382812e+00 -3.252398967742919922e-01 -8.915003538131713867e-01 -9.412582516670227051e-01
-9.737912416458129883e-01 1.792317271232604980e+00 1.272859811782836914e+00 -1.402702808380126953e+00 1.705839276313781738e+00 -9.931186437606811523e-01 -6.832374334335327148e-01 -1.526248812675476074e+00 1.677677154541015625e+00 -9.309524297714233398e-01 -9.637246131896972656e-01 -3.478440046310424805e-01 -4.358814358711242676e-01 2.727427184581756592e-01 1.528293490409851074e+00 9.413115382194519043e-01 1.340261101722717285e+00 -3.035315573215484619e-01 -8.954815864562988281e-01 -9.932090640068054199e-01
-1.017465353012084961e+00 1.833392024040222168e+00 1.293353796005249023e+00 -1.429699897766113281e+00 1.745614290237426758e+00 -1.005709886550903320e+00 -7.078346610069274902e-01 -1.554297804832458496e+00 1.727537035942077637e+00 -9.809142351150512695e-01 -9.887017607688903809e-01 -3.365705311298370361e-01 -4.463159441947937012e-01 3.112701475620269775e-01 1.557495117187500000e+00 9.879279136657714844e-01 1.396138668060302734e+00 -2.906787991523742676e-01 -9.041018486022949219e-01 -1.023244857788085938e+00
-1.055122375488281250e+00 1.860396146774291992e+00 1.311440825462341309e+00 -1.440512537956237793e+00 1.783196330070495605e+00 -1.015256643295288086e+00 -7.255355715751647949e-01 -1.574152588844299316e+00 1.768488526344299316e+00 -1.023337483406066895e+00 -1.007917404174804688e+00 -3.349401950836181641e-01 -4.602932631969451904e-01 3.391669690608978271e-01 1.582471251487731934e+00 1.022015333175659180e+00 1.442860603332519531e+00 -2.852380871772766113e-01 -9.153127670288085938e-01 -1.037728309631347656e+00
-1.084668040275573730e+00 1.872800350189208984e+00 1.318920016288757324e+00 -1.436101794242858887e+00 1.805256724357604980e+00 -1.017501950263977051e+00 -7.361288666725158691e-01 -1.583726286888122559e+00 1.791624307632446289e+00 -1.053882598876953125e+00 -1.021448373794555664e+00 -3.361767232418060303e-01 -4.702660143375396729e-01 3.595278263092041016e-01 1.597139000892639160e+00 1.045815706253051758e+00 1.475351452827453613e+00 -2.807581722736358643e-01 -9.210587739944458008e-01 -1.042003273963928223e+00
-1.114050030708312988e+00 1.868137001991271973e+00 1.328015446662902832e+00 -1.420942664146423340e+00 1.819337487220764160e+00 -1.012442827224731445e+00 -7.455633878707885742e-01 -1.592107415199279785e+00 1.796376943588256836e+00 -1.068930506706237793e+00 -1.036839962005615234e+00 -3.458449542522430420e-01 -4.780839979648590088e-01 3.719772398471832275e-01 1.606156349182128906e+00 1.066340088844299316e+00 1.496558666229248047e+00 -2.752537131309509277e-01 -9.312024116516113281e-01 -1.038760662078857422e+00
-1.136812806129455566e+00 1.850084543228149414e+00 1.334948301315307617e+00 -1.397119522094726562e+00 1.817853212356567383e+00 -1.000925421714782715e+00 -7.528994083404541016e-01 -1.594262003898620605e+00 1.781813740730285645e+00 -1.066548585891723633e+00 -1.049643754959106445e+00 -3.572722673416137695e-01 -4.839055836200714111e-01 3.744812011718750000e-01 1.607106447219848633e+00 1.080589413642883301e+00 1.502193212509155273e+00 -2.736577987670898438e-01 -9.444535970687866211e-01 -1.033344864845275879e+00
-1.151295781135559082e+00 1.832637310028076172e+00 1.340878129005432129e+00 -1.367816925048828125e+00 1.796899914741516113e+00 -9.860709905624389648e-01 -7.641149163246154785e-01 -1.599538326263427734e+00 1.747314691543579102e+00 -1.032359838485717773e+00 -1.060105085372924805e+00 -3.834677636623382568e-01 -4.953532516956329346e-01 3.590156435966491699e-01 1.603768706321716309e+00 1.083358049392700195e+00 1.500090360641479492e+00 -2.788634002208709717e-01 -9.696169495582580566e-01 -1.027218461036682129e+00
-1.146836400032043457e+00 1.800392985343933105e+00 1.334327459335327148e+00 -1.319506406784057617e+00 1.734170556068420410e+00 -9.591711759567260742e-01 -7.777664065361022949e-01 -1.588924884796142578e+00 1.666118502616882324e+00 -9.525278806686401367e-01 -1.056901335716247559e+00 -4.187902510166168213e-01 -5.104452371597290039e-01 3.211926817893981934e-01 1.582019805908203125e+00 1.065169215202331543e+00 1.468708395957946777e+00 -2.929888665676116943e-01 -9.998117089271545410e-01 -1.010650396347045898e+00
-1.093631625175476074e+00 1.719221949577331543e+00 1.296094179153442383e+00 -1.226141095161437988e+00 1.581656336784362793e+00 -9.086303710937500000e-01 -7.902692556381225586e-01 -1.529200077056884766e+00 1.490489244461059570e+00 -7.804071307182312012e-01 -1.015349864959716797e+00 -4.696598351001739502e-01 -5.264456272125244141e-01 2.452170252799987793e-01 1.516676306724548340e+00 1.001820206642150879e+00 1.375337839126586914e+00 -3.199290633201599121e-01 -1.028179645538330078e+00 -9.553645849227905273e-01
-9.604576230049133301e-01 1.539499282836914062e+00 1.229098796844482422e+00 -1.080742716789245605e+00 1.294360160827636719e+00 -8.547790646553039551e-01 -7.986490130424499512e-01 -1.392797470092773438e+00 1.200216412544250488e+00 -4.565048217773437500e-01 -9.143167734146118164e-01 -5.896873474121093750e-01 -5.381953716278076172e-01 1.182179301977157593e-01 1.399423718452453613e+00 8.601003289222717285e-01 1.233211874961853027e+00 -3.551520705223083496e-01 -1.076241374015808105e+00 -7.836517691612243652e-01
-8.080763816833496094e-01 1.434820532798767090e+00 1.445688724517822266e+00 -1.011900782585144043e+00 1.223987698554992676e+00 -9.669263362884521484e-01 -9.561437964439392090e-01 -1.281134366989135742e+00 1.167599678039550781e+00 -1.676769852638244629e-01 -8.194968700408935547e-01 -9.079931378364562988e-01 -5.515760779380798340e-01 -1.159956529736518860e-01 1.493821859359741211e+00 7.764824032783508301e-01 1.265619277954101562e+00 -3.442245721817016602e-01 -1.299570918083190918e+00 -4.581788480281829834e-01
-7.683564424514770508e-01 1.365288615226745605e+00 1.615770459175109863e+00 -1.035607933998107910e+00 1.325588107109069824e+00 -1.088917255401611328e+00 -1.015269160270690918e+00 -1.302004337310791016e+00 1.289694786071777344e+00 -9.607531130313873291e-02 -8.063938021659851074e-01 -1.094573378562927246e+00 -5.151518583297729492e-01 -2.074750661849975586e-01 1.641013026237487793e+00 7.791225910186767578e-01 1.359770178794860840e+00 -3.432489931583404541e-01 -1.399464249610900879e+00 -2.462967038154602051e-01
-7.237581610679626465e-01 1.307674288749694824e+00 1.614858269691467285e+00 -1.036778092384338379e+00 1.407731175422668457e+00 -1.093138098716735840e+00 -9.676371216773986816e-01 -1.291318178176879883e+00 1.338706374168395996e+00 -1.296370327472686768e-01 -8.005995750427246094e-01 -1.104945778846740723e+00 -4.372735917568206787e-01 -2.745604813098907471e-01 1.702545881271362305e+00 7.682395577430725098e-01 1.329492807388305664e+00 -3.523353934288024902e-01 -1.345246553421020508e+00 -1.901387870311737061e-01
-6.771482825279235840e-01 1.303387999534606934e+00 1.473335385322570801e+00 -1.032030105590820312e+00 1.516350865364074707e+00 -1.000947356224060059e+00 -8.400725722312927246e-01 -1.262240409851074219e+00 1.349349617958068848e+00 -2.895523309707641602e-01 -8.035520911216735840e-01 -9.443663358688354492e-01 -3.480100333690643311e-01 -2.734786570072174072e-01 1.656337499618530273e+00 7.360146045684814453e-01 1.223532319068908691e+00 -3.522702455520629883e-01 -1.156370043754577637e+00 -2.976246178150177002e-01
-7.462097406387329102e-01 1.441518664360046387e+00 1.309511065483093262e+00 -1.107164621353149414e+00 1.712244749069213867e+00 -9.580363631248474121e-01 -7.478046417236328125e-01 -1.321641325950622559e+00 1.481873989105224609e+00 -6.059124469757080078e-01 -8.296765685081481934e-01 -6.551495194435119629e-01 -3.152281045913696289e-01 -8.171724528074264526e-02 1.578296542167663574e+00 8.154988288879394531e-01 1.218166232109069824e+00 -3.392731249332427979e-01 -9.394815564155578613e-01 -5.498011708259582520e-01
-9.153625369071960449e-01 1.563514232635498047e+00 1.270677328109741211e+00 -1.203219532966613770e+00 1.872289896011352539e+00 -9.468922019004821777e-01 -7.302606701850891113e-01 -1.416463732719421387e+00 1.672397375106811523e+00 -9.024212360382080078e-01 -8.935869336128234863e-01 -4.622721672058105469e-01 -3.354624509811401367e-01 1.622627377510070801e-01 1.582290291786193848e+00 9.541947245597839355e-01 1.334936022758483887e+00 -2.987228631973266602e-01 -8.425881266593933105e-01 -7.309859991073608398e-01
-1.043640255928039551e+00 1.601817131042480469e+00 1.274135112762451172e+00 -1.244216084480285645e+00 1.941636323928833008e+00 -9.478136897087097168e-01 -7.308444380760192871e-01 -1.489988923072814941e+00 1.796437740325927734e+00 -1.064031958580017090e+00 -9.652742147445678711e-01 -4.159655272960662842e-01 -3.560184538364410400e-01 3.119047880172729492e-01 1.591909050941467285e+00 1.036950707435607910e+00 1.456836581230163574e+00 -2.420315891504287720e-01 -8.303959965705871582e-01 -7.688314318656921387e-01
-1.087613344192504883e+00 1.601522684097290039e+00 1.290517807006835938e+00 -1.246306300163269043e+00 1.990511655807495117e+00 -9.589424133300781250e-01 -7.236279249191284180e-01 -1.517276644706726074e+00 1.874889731407165527e+00 -1.136819839477539062e+00 -1.004027366638183594e+00 -4.184257388114929199e-01 -3.592696785926818848e-01 3.700084686279296875e-01 1.604276537895202637e+00 1.085241317749023438e+00 1.531033992767333984e+00 -2.080890536308288574e-01 -8.306829929351806641e-01 -7.683521509170532227e-01
-1.103089809417724609e+00 1.574013710021972656e+00 1.292944192886352539e+00 -1.222809791564941406e+00 2.004353523254394531e+00 -9.587845802307128906e-01 -7.078762054443359375e-01 -1.515437006950378418e+00 1.897954583168029785e+00 -1.162881016731262207e+00 -1.016294598579406738e+00 -4.257687330245971680e-01 -3.596848249435424805e-01 3.973918557167053223e-01 1.600812315940856934e+00 1.100359320640563965e+00 1.559113144874572754e+00 -1.927853971719741821e-01 -8.266185522079467773e-01 -7.432017326354980469e-01
-1.099277973175048828e+00 1.517537593841552734e+00 1.297730445861816406e+00 -1.176984071731567383e+00 1.997267484664916992e+00 -9.457936286926269531e-01 -6.905662417411804199e-01 -1.497727513313293457e+00 1.885224580764770508e+00 -1.149143695831298828e+00 -1.014860630035400391e+00 -4.512080550193786621e-01 -3.634473085403442383e-01 4.039036929607391357e-01 1.575523257255554199e+00 1.090000510215759277e+00 1.560050487518310547e+00 -1.877655386924743652e-01 -8.357271552085876465e-01 -6.954386830329895020e-01
-1.064051866531372070e+00 1.423172712326049805e+00 1.286724209785461426e+00 -1.104807496070861816e+00 1.960645794868469238e+00 -9.217667579650878906e-01 -6.611041426658630371e-01 -1.461199879646301270e+00 1.824060559272766113e+00 -1.074118256568908691e+00 -9.838235378265380859e-01 -5.073130130767822266e-01 -3.543509542942047119e-01 3.826340734958648682e-01 1.535266757011413574e+00 1.043565273284912109e+00 1.528618693351745605e+00 -2.127550840377807617e-01 -8.433132171630859375e-01 -6.096705198287963867e-01
-9.613139033317565918e-01 1.263710021972656250e+00 1.308322429656982422e+00 -9.870989918708801270e-01 1.826564908027648926e+00 -8.995507359504699707e-01 -6.451739668846130371e-01 -1.386544942855834961e+00 1.676797509193420410e+00 -8.568780422210693359e-01 -9.154441356658935547e-01 -6.752795577049255371e-01 -3.494442701339721680e-01 2.644023001194000244e-01 1.471019744873046875e+00 9.119533896446228027e-01 1.469760656356811523e+00 -2.418339848518371582e-01 -9.210584759712219238e-01 -4.045918583869934082e-01
-7.758340835571289062e-01 1.094301581382751465e+00 1.595172286033630371e+00 -9.528895020484924316e-01 1.568389534950256348e+00 -1.044401764869689941e+00 -8.581405282020568848e-01 -1.305933356285095215e+00 1.542461514472961426e+00 -3.383015096187591553e-01 -8.212258815765380859e-01 -1.121959686279296875e+00 -3.902150094509124756e-01 -1.432990282773971558e-02 1.584540963172912598e+00 7.705382108688354492e-01 1.529292464256286621e+00 -2.627782821655273438e-01 -1.281501770019531250e+00 -9.155116975307464600e-03
-7.005737423896789551e-01 1.068324923515319824e+00 1.885760545730590820e+00 -1.028717875480651855e+00 1.423753142356872559e+00 -1.230574965476989746e+00 -1.074620723724365234e+00 -1.346926093101501465e+00 1.504419922828674316e+00 3.839533776044845581e-02 -7.708381414413452148e-01 -1.464088559150695801e+00 -4.599745571613311768e-01 -2.178443670272827148e-01 1.778250932693481445e+00 8.058908581733703613e-01 1.672222375869750977e+00 -2.780063748359680176e-01 -1.635401129722595215e+00 1.616023778915405273e-01
-7.550900578498840332e-01 1.103482842445373535e+00 2.040925502777099609e+00 -1.094662427902221680e+00 1.403783679008483887e+00 -1.362406492233276367e+00 -1.173315286636352539e+00 -1.430680274963378906e+00 1.509912133216857910e+00 1.443185210227966309e-01 -7.851386070251464844e-01 -1.568913698196411133e+00 -5.368584990501403809e-01 -2.211530506610870361e-01 1.896352171897888184e+00 8.698342442512512207e-01 1.767831563949584961e+00 -2.934587597846984863e-01 -1.798478841781616211e+00 2.103270590305328369e-01
-7.698200941085815430e-01 1.124867677688598633e+00 2.098699092864990234e+00 -1.126546144485473633e+00 1.400446772575378418e+00 -1.413827538490295410e+00 -1.204531669616699219e+00 -1.441884875297546387e+00 1.518410563468933105e+00 1.682498157024383545e-01 -7.781464457511901855e-01 -1.575068116188049316e+00 -5.743050575256347656e-01 -2.044233977794647217e-01 1.939299106597900391e+00 9.092611670494079590e-01 1.790103197097778320e+00 -3.017131984233856201e-01 -1.843012452125549316e+00 2.112002372741699219e-01
-7.722387313842773438e-01 1.134667515754699707e+00 2.101288795471191406e+00 -1.136990189552307129e+00 1.396743535995483398e+00 -1.420905709266662598e+00 -1.201552867889404297e+00 -1.421633124351501465e+00 1.513858795166015625e+00 1.583653092384338379e-01 -7.618753314018249512e-01 -1.542139530181884766e+00 -5.939800143241882324e-01 -1.876354813575744629e-01 1.954713344573974609e+00 9.374126195907592773e-01 1.778369188308715820e+00 -3.086402714252471924e-01 -1.832420229911804199e+00 1.934636831283569336e-01
-7.628038525581359863e-01 1.132928252220153809e+00 2.063545465469360352e+00 -1.120617270469665527e+00 1.398907065391540527e+00 -1.394071578979492188e+00 -1.177631616592407227e+00 -1.375879168510437012e+00 1.501173853874206543e+00 1.202429607510566711e-01 -7.353134751319885254e-01 -1.476613163948059082e+00 -5.955305099487304688e-01 -1.800464987754821777e-01 1.952167391777038574e+00 9.666343331336975098e-01 1.734515190124511719e+00 -3.114142119884490967e-01 -1.779001355171203613e+00 1.609317064285278320e-01
-7.333015799522399902e-01 1.122943997383117676e+00 1.994582891464233398e+00 -1.074276685714721680e+00 1.415324211120605469e+00 -1.345342040061950684e+00 -1.138125896453857422e+00 -1.296296596527099609e+00 1.501563072204589844e+00 4.722964763641357422e-02 -6.954371929168701172e-01 -1.366004943847656250e+00 -5.820806622505187988e-01 -1.786880493164062500e-01 1.924886345863342285e+00 1.000662922859191895e+00 1.651436209678649902e+00 -3.027866482734680176e-01 -1.675241708755493164e+00 1.065145507454872131e-01
-7.029739618301391602e-01 1.091105580329895020e+00 1.903432369232177734e+00 -9.884909987449645996e-01 1.447261810302734375e+00 -1.280340790748596191e+00 -1.075327396392822266e+00 -1.189073562622070312e+00 1.519872546195983887e+00 -7.689365744590759277e-02 -6.542207002639770508e-01 -1.213734745979309082e+00 -5.444144606590270996e-01 -1.626898050308227539e-01 1.895140290260314941e+00 1.039312601089477539e+00 1.540464639663696289e+00 -2.846319079399108887e-01 -1.514369726181030273e+00 4.735092446208000183e-02
-6.844929456710815430e-01 1.055177092552185059e+00 1.812062025070190430e+00 -8.995105028152465820e-01 1.519773721694946289e+00 -1.215462327003479004e+00 -1.017626047134399414e+00 -1.094976902008056641e+00 1.559546351432800293e+00 -2.306958734989166260e-01 -6.280840635299682617e-01 -1.046051740646362305e+00 -4.766581952571868896e-01 -1.371521949768066406e-01 1.885796427726745605e+00 1.094868183135986328e+00 1.429575085639953613e+00 -2.628211379051208496e-01 -1.336461305618286133e+00 -6.241716444492340088e-03
-7.037007808685302734e-01 1.017074823379516602e+00 1.756052732467651367e+00 -8.390874266624450684e-01 1.602428913116455078e+00 -1.158613920211791992e+00 -9.977623820304870605e-01 -1.036985278129577637e+00 1.602133274078369141e+00 -3.752630054950714111e-01 -6.296109557151794434e-01 -9.225580096244812012e-01 -4.136975407600402832e-01 -1.026437953114509583e-01 1.901116847991943359e+00 1.161700725555419922e+00 1.364872217178344727e+00 -2.236823141574859619e-01 -1.209792971611022949e+00 -1.666146889328956604e-02
-7.305318713188171387e-01 9.643953442573547363e-01 1.740598320960998535e+00 -8.009351491928100586e-01 1.649484634399414062e+00 -1.118617653846740723e+00 -1.004116773605346680e+00 -1.021249890327453613e+00 1.618631958961486816e+00 -4.429523050785064697e-01 -6.370298266410827637e-01 -8.788785934448242188e-01 -3.747095167636871338e-01 -8.739314228296279907e-02 1.918274641036987305e+00 1.194701313972473145e+00 1.339602112770080566e+00 -1.853408813476562500e-01 -1.154349803924560547e+00 1.550621725618839264e-02
-7.565855979919433594e-01 9.080786705017089844e-01 1.760734558105468750e+00 -7.907570600509643555e-01 1.653555631637573242e+00 -1.101083397865295410e+00 -1.026523947715759277e+00 -1.046052455902099609e+00 1.605535984039306641e+00 -4.278362095355987549e-01 -6.468706727027893066e-01 -9.105008840560913086e-01 -3.624519109725952148e-01 -9.051924198865890503e-02 1.931721687316894531e+00 1.190557241439819336e+00 1.350252985954284668e+00 -1.571642011404037476e-01 -1.168146371841430664e+00 7.388889044523239136e-02
-7.811580896377563477e-01 8.628629446029663086e-01 1.800642371177673340e+00 -8.070654869079589844e-01 1.621756196022033691e+00 -1.108515024185180664e+00 -1.051888346672058105e+00 -1.103214621543884277e+00 1.576063513755798340e+00 -3.566316068172454834e-01 -6.653600335121154785e-01 -9.961755275726318359e-01 -3.692095279693603516e-01 -1.022413596510887146e-01 1.937740087509155273e+00 1.155500054359436035e+00 1.392801880836486816e+00 -1.388120800256729126e-01 -1.231625318527221680e+00 1.425004303455352783e-01
-8.033481836318969727e-01 8.431723117828369141e-01 1.843310475349426270e+00 -8.470541834831237793e-01 1.577274799346923828e+00 -1.127893924713134766e+00 -1.078432559967041016e+00 -1.165456414222717285e+00 1.541896700859069824e+00 -2.757068276405334473e-01 -6.803746819496154785e-01 -1.077970862388610840e+00 -3.772968947887420654e-01 -1.095217391848564148e-01 1.945526719093322754e+00 1.126452088356018066e+00 1.437827825546264648e+00 -1.353418827056884766e-01 -1.303574919700622559e+00 1.877606511116027832e-01
-8.179495334625244141e-01 8.313006758689880371e-01 1.873557209968566895e+00 -8.859290480613708496e-01 1.530439972877502441e+00 -1.146648526191711426e+00 -1.090534210205078125e+00 -1.219531655311584473e+00 1.507726788520812988e+00 -2.020782232284545898e-01 -6.918579339981079102e-01 -1.144292593002319336e+00 -3.836992979049682617e-01 -1.122473999857902527e-01 1.945966005325317383e+00 1.098925113677978516e+00 1.473682045936584473e+00 -1.375504732131958008e-01 -1.361591458320617676e+00 2.144402265548706055e-01
-8.306426405906677246e-01 8.292979598045349121e-01 1.890927910804748535e+00 -9.157296419143676758e-01 1.490688562393188477e+00 -1.162932395935058594e+00 -1.088704109191894531e+00 -1.264188766479492188e+00 1.481727361679077148e+00 -1.510393917560577393e-01 -7.051522135734558105e-01 -1.189089298248291016e+00 -3.854023814201354980e-01 -1.130469813942909241e-01 1.947543740272521973e+00 1.080628037452697754e+00 1.496455907821655273e+00 -1.426466405391693115e-01 -1.400113940238952637e+00 2.230542898178100586e-01
-8.399934768676757812e-01 8.246811628341674805e-01 1.892148613929748535e+00 -9.368831515312194824e-01 1.454975843429565430e+00 -1.171253561973571777e+00 -1.073267936706542969e+00 -1.296732425689697266e+00 1.458243012428283691e+00 -1.184117719531059265e-01 -7.141884565353393555e-01 -1.210094928741455078e+00 -3.799552619457244873e-01 -1.046965643763542175e-01 1.943051099777221680e+00 1.070838809013366699e+00 1.506128191947937012e+00 -1.462423354387283325e-01 -1.414403676986694336e+00 2.184590697288513184e-01
-8.464393019676208496e-01 8.141230344772338867e-01 1.872707009315490723e+00 -9.472187161445617676e-01 1.421168804168701172e+00 -1.169183373451232910e+00 -1.040910959243774414e+00 -1.315052151679992676e+00 1.437145352363586426e+00 -1.079218909144401550e-01 -7.182314991950988770e-01 -1.200442194938659668e+00 -3.646549284458160400e-01 -8.213732391595840454e-02 1.927973031997680664e+00 1.071231245994567871e+00 1.498748540878295898e+00 -1.452846080064773560e-01 -1.397153139114379883e+00 1.981229782104492188e-01
-8.539943099021911621e-01 7.866529822349548340e-01 1.810700535774230957e+00 -9.370791316032409668e-01 1.376330018043518066e+00 -1.140173673629760742e+00 -9.798045754432678223e-01 -1.310036301612854004e+00 1.400544881820678711e+00 -1.284967809915542603e-01 -7.123957276344299316e-01 -1.142055511474609375e+00 -3.314271271228790283e-01 -3.255890309810638428e-02 1.890418291091918945e+00 1.084854722023010254e+00 1.460981369018554688e+00 -1.361083239316940308e-01 -1.328184723854064941e+00 1.571658253669738770e-01
-9.195126891136169434e-01 7.849516272544860840e-01 1.655709981918334961e+00 -9.367331862449645996e-01 1.292931556701660156e+00 -1.063977241516113281e+00 -8.546308279037475586e-01 -1.315975069999694824e+00 1.361347436904907227e+00 -2.482136487960815430e-01 -6.873530745506286621e-01 -9.934661984443664551e-01 -2.903043329715728760e-01 8.130357414484024048e-02 1.804193377494812012e+00 1.132486224174499512e+00 1.397907018661499023e+00 -1.293245851993560791e-01 -1.168592453002929688e+00 5.702189356088638306e-02
-1.027363181114196777e+00 9.542744755744934082e-01 1.389754414558410645e+00 -9.702024459838867188e-01 1.328099727630615234e+00 -9.280180335044860840e-01 -6.579691767692565918e-01 -1.316998839378356934e+00 1.395329952239990234e+00 -5.926981568336486816e-01 -6.838040351867675781e-01 -6.653242111206054688e-01 -3.275182545185089111e-01 2.713740766048431396e-01 1.609020709991455078e+00 1.141437649726867676e+00 1.305357575416564941e+00 -1.437714844942092896e-01 -9.062221646308898926e-01 -2.571308314800262451e-01
-1.169145703315734863e+00 1.417090535163879395e+00 1.358148217201232910e+00 -1.129764556884765625e+00 1.611306071281433105e+00 -9.709439277648925781e-01 -7.471056580543518066e-01 -1.482984185218811035e+00 1.612545609474182129e+00 -8.907654285430908203e-01 -8.907567858695983887e-01 -4.971953332424163818e-01 -4.470388293266296387e-01 3.815955817699432373e-01 1.615413308143615723e+00 1.145652294158935547e+00 1.438333988189697266e+00 -1.831765025854110718e-01 -9.323135614395141602e-01 -6.438969373703002930e-01
-1.167887926101684570e+00 1.603684544563293457e+00 1.348544955253601074e+00 -1.177355527877807617e+00 1.748320460319519043e+00 -9.827056527137756348e-01 -8.258972167968750000e-01 -1.500858426094055176e+00 1.679478287696838379e+00 -9.902505874633789062e-01 -9.623994827270507812e-01 -4.058691263198852539e-01 -4.638846218585968018e-01 3.692534565925598145e-01 1.632730603218078613e+00 1.138962388038635254e+00 1.449723601341247559e+00 -2.175378948450088501e-01 -9.443073272705078125e-01 -7.962437272071838379e-01
-1.154209136962890625e+00 1.645814538002014160e+00 1.330371737480163574e+00 -1.170846581459045410e+00 1.786016821861267090e+00 -9.903808832168579102e-01 -8.664031028747558594e-01 -1.507759571075439453e+00 1.677213430404663086e+00 -9.838970899581909180e-01 -9.953222870826721191e-01 -3.797143101692199707e-01 -4.501347243785858154e-01 3.509197235107421875e-01 1.633771419525146484e+00 1.113653182983398438e+00 1.421451687812805176e+00 -2.382336407899856567e-01 -9.364250898361206055e-01 -8.234029412269592285e-01
-1.128883600234985352e+00 1.644683718681335449e+00 1.310197710990905762e+00 -1.150049686431884766e+00 1.780663490295410156e+00 -9.927120208740234375e-01 -9.043606519699096680e-01 -1.495716214179992676e+00 1.639692544937133789e+00 -9.391422271728515625e-01 -9.924744963645935059e-01 -3.675723075866699219e-01 -4.360638856887817383e-01 3.356457650661468506e-01 1.622470140457153320e+00 1.089017868041992188e+00 1.385978817939758301e+00 -2.563219070434570312e-01 -9.316338896751403809e-01 -8.170276880264282227e-01
-1.090829491615295410e+00 1.613390326499938965e+00 1.285619616508483887e+00 -1.116591215133666992e+00 1.743394255638122559e+00 -9.938399791717529297e-01 -9.434885978698730469e-01 -1.472987413406372070e+00 1.569626808166503906e+00 -8.568940758705139160e-01 -9.661297202110290527e-01 -3.647589683532714844e-01 -4.183549582958221436e-01 3.205017447471618652e-01 1.599567770957946777e+00 1.057256340980529785e+00 1.340183615684509277e+00 -2.766725122928619385e-01 -9.281715154647827148e-01 -7.887764573097229004e-01
-1.047393560409545898e+00 1.540617346763610840e+00 1.292730093002319336e+00 -1.068449616432189941e+00 1.666479110717773438e+00 -1.009330391883850098e+00 -1.006643414497375488e+00 -1.448334336280822754e+00 1.466732621192932129e+00 -6.997080445289611816e-01 -9.301444292068481445e-01 -4.021463394165039062e-01 -3.958207666873931885e-01 3.014200925827026367e-01 1.584357023239135742e+00 1.009385466575622559e+00 1.290026187896728516e+00 -2.988872826099395752e-01 -9.531462192535400391e-01 -7.174434065818786621e-01
-9.877731800079345703e-01 1.402212142944335938e+00 1.350630164146423340e+00 -9.949656128883361816e-01 1.513218045234680176e+00 -1.025617361068725586e+00 -1.100394010543823242e+00 -1.393612265586853027e+00 1.296873688697814941e+00 -4.528138339519500732e-01 -8.553678989410400391e-01 -4.967729449272155762e-01 -3.703597187995910645e-01 2.636133730411529541e-01 1.579891562461853027e+00 9.399399757385253906e-01 1.227877855300903320e+00 -3.076451420783996582e-01 -1.024453163146972656e+00 -5.596284270286560059e-01
-9.641577005386352539e-01 1.248877286911010742e+00 1.509869098663330078e+00 -9.373430013656616211e-01 1.337029099464416504e+00 -1.088755488395690918e+00 -1.210209608078002930e+00 -1.375602483749389648e+00 1.124665617942810059e+00 -1.747426688671112061e-01 -8.026098012924194336e-01 -7.254956960678100586e-01 -3.862861990928649902e-01 2.191563546657562256e-01 1.605878472328186035e+00 8.290178179740905762e-01 1.250852584838867188e+00 -2.824299335479736328e-01 -1.224600315093994141e+00 -2.513211369514465332e-01
-8.763155937194824219e-01 1.108273983001708984e+00 1.698305368423461914e+00 -9.369964599609375000e-01 1.327478885650634766e+00 -1.206454753875732422e+00 -1.245470762252807617e+00 -1.364857912063598633e+00 1.141943097114562988e+00 3.247285634279251099e-02 -7.792170643806457520e-01 -9.899154901504516602e-01 -3.624939024448394775e-01 1.545852720737457275e-01 1.673078298568725586e+00 7.873749732971191406e-01 1.383884549140930176e+00 -2.616219818592071533e-01 -1.391077637672424316e+00 -3.198654949665069580e-02
-8.071483969688415527e-01 1.035822987556457520e+00 1.802563786506652832e+00 -9.729543328285217285e-01 1.354160189628601074e+00 -1.289607644081115723e+00 -1.193689346313476562e+00 -1.388566613197326660e+00 1.216361045837402344e+00 1.341310143470764160e-01 -7.788088321685791016e-01 -1.190268635749816895e+00 -3.425595462322235107e-01 6.886966526508331299e-02 1.731614351272583008e+00 7.821616530418395996e-01 1.510849475860595703e+00 -2.676796019077301025e-01 -1.483835816383361816e+00 6.119810417294502258e-02
-7.775312662124633789e-01 9.905179738998413086e-01 1.842732310295104980e+00 -1.003568649291992188e+00 1.367311358451843262e+00 -1.331963777542114258e+00 -1.116321563720703125e+00 -1.431158304214477539e+00 1.262801647186279297e+00 1.758436262607574463e-01 -7.927083969116210938e-01 -1.299502372741699219e+00 -3.253315389156341553e-01 2.121122553944587708e-02 1.761681318283081055e+00 7.688692808151245117e-01 1.569077372550964355e+00 -2.673777043819427490e-01 -1.500946640968322754e+00 1.024016812443733215e-01
-7.650633454322814941e-01 9.831089377403259277e-01 1.840227007865905762e+00 -1.036577701568603516e+00 1.370517849922180176e+00 -1.346645474433898926e+00 -1.050662755966186523e+00 -1.460236549377441406e+00 1.277312874794006348e+00 1.709997653961181641e-01 -7.932162880897521973e-01 -1.314853429794311523e+00 -3.073802888393402100e-01 1.906885951757431030e-02 1.767613291740417480e+00 7.753722071647644043e-01 1.581711053848266602e+00 -2.711646258831024170e-01 -1.478215456008911133e+00 8.729735016822814941e-02
-7.643830776214599609e-01 9.896359443664550781e-01 1.791944742202758789e+00 -1.061691284179687500e+00 1.370214462280273438e+00 -1.337996006011962891e+00 -9.745553135871887207e-01 -1.489093780517578125e+00 1.272849678993225098e+00 1.430943608283996582e-01 -7.953873276710510254e-01 -1.286588072776794434e+00 -2.953702211380004883e-01 4.668874293565750122e-02 1.738942503929138184e+00 7.714158296585083008e-01 1.577526330947875977e+00 -2.793304324150085449e-01 -1.424306750297546387e+00 3.882758319377899170e-02
-7.921783328056335449e-01 1.023729085922241211e+00 1.699317216873168945e+00 -1.087586045265197754e+00 1.382510304450988770e+00 -1.314790725708007812e+00 -8.707889914512634277e-01 -1.543413639068603516e+00 1.278145909309387207e+00 6.813684850931167603e-02 -8.125650286674499512e-01 -1.222290515899658203e+00 -2.881710231304168701e-01 1.092973500490188599e-01 1.696886181831359863e+00 7.652985453605651855e-01 1.578751325607299805e+00 -3.079359531402587891e-01 -1.337966322898864746e+00 -4.973185807466506958e-02
