-8.210134506225585938e-01 1.573004841804504395e+00 1.789965152740478516e+00 -1.159982681274414062e+00 1.496735572814941406e+00 -9.524747133255004883e-01 -1.324999928474426270e+00 -1.138942003250122070e+00 1.680367231369018555e+00 -4.546701610088348389e-01 -6.581206321716308594e-01 -8.734652400016784668e-01 -9.498636722564697266e-01 -2.456510365009307861e-01 1.816681146621704102e+00 1.085808157920837402e+00 1.453667879104614258e+00 -1.427522897720336914e-01 -1.571300983428955078e+00 -3.484140336513519287e-01
-7.005853652954101562e-01 1.456486582756042480e+00 1.442919254302978516e+00 -1.180557727813720703e+00 1.458890557289123535e+00 -9.718871712684631348e-01 -9.590280055999755859e-01 -1.413242578506469727e+00 1.577878713607788086e+00 -3.157752752304077148e-01 -6.550214886665344238e-01 -8.567095994949340820e-01 -7.471234798431396484e-01 -1.156201735138893127e-01 1.534391403198242188e+00 8.442407846450805664e-01 1.436214447021484375e+00 -2.884970605373382568e-01 -1.333408832550048828e+00 -4.692738354206085205e-01
-6.602523326873779297e-01 1.434698700904846191e+00 1.336830735206604004e+00 -1.249530553817749023e+00 1.524154186248779297e+00 -1.099333763122558594e+00 -7.465546131134033203e-01 -1.668203473091125488e+00 1.595844745635986328e+00 -2.412952184677124023e-01 -6.947543621063232422e-01 -8.819805383682250977e-01 -5.350048542022705078e-01 -2.594751864671707153e-02 1.461838006973266602e+00 7.725614309310913086e-01 1.499653220176696777e+00 -4.056252539157867432e-01 -1.204018354415893555e+00 -5.817220211029052734e-01
-6.382701396942138672e-01 1.441173195838928223e+00 1.305330872535705566e+00 -1.283505320549011230e+00 1.559276461601257324e+00 -1.167487621307373047e+00 -6.564266681671142578e-01 -1.764605045318603516e+00 1.612590312957763672e+00 -2.041450738906860352e-01 -6.934460997581481934e-01 -9.139180183410644531e-01 -4.137640297412872314e-01 4.093438386917114258e-03 1.454238891601562500e+00 7.646831274032592773e-01 1.555418252944946289e+00 -4.594516158103942871e-01 -1.150375366210937500e+00 -6.197130084037780762e-01
-5.978943705558776855e-01 1.455669403076171875e+00 1.278275251388549805e+00 -1.289171814918518066e+00 1.591520071029663086e+00 -1.212301492691040039e+00 -6.237542033195495605e-01 -1.797501921653747559e+00 1.646805763244628906e+00 -1.679103523492813110e-01 -6.666584014892578125e-01 -9.605240821838378906e-01 -3.120090067386627197e-01 -1.687154173851013184e-03 1.461048841476440430e+00 7.590165138244628906e-01 1.595625162124633789e+00 -4.964666068553924561e-01 -1.103882431983947754e+00 -6.144146919250488281e-01
-5.449151396751403809e-01 1.473044633865356445e+00 1.267057061195373535e+00 -1.253853917121887207e+00 1.640293836593627930e+00 -1.270388484001159668e+00 -6.381390094757080078e-01 -1.791464686393737793e+00 1.697308540344238281e+00 -1.377299726009368896e-01 -6.114709377288818359e-01 -1.002963185310363770e+00 -2.036486715078353882e-01 -1.674987375736236572e-02 1.478002190589904785e+00 7.757462263107299805e-01 1.618589878082275391e+00 -5.220648646354675293e-01 -1.052330493927001953e+00 -5.894563794136047363e-01
-4.657552838325500488e-01 1.477517008781433105e+00 1.260222077369689941e+00 -1.188803195953369141e+00 1.690794944763183594e+00 -1.317127823829650879e+00 -6.967269778251647949e-01 -1.720696806907653809e+00 1.752815723419189453e+00 -1.146309226751327515e-01 -5.148789882659912109e-01 -1.038161516189575195e+00 -8.156061917543411255e-02 -4.919683188199996948e-02 1.504619717597961426e+00 8.127925395965576172e-01 1.627542614936828613e+00 -5.283710956573486328e-01 -9.913135766983032227e-01 -5.346525311470031738e-01
-3.531089127063751221e-01 1.437990665435791016e+00 1.254621386528015137e+00 -1.103597998619079590e+00 1.727638840675354004e+00 -1.323835372924804688e+00 -7.709383368492126465e-01 -1.565088033676147461e+00 1.795227766036987305e+00 -9.938643127679824829e-02 -3.962225019931793213e-01 -1.055031299591064453e+00 3.681616485118865967e-02 -9.820955246686935425e-02 1.526257872581481934e+00 8.531379699707031250e-01 1.608307003974914551e+00 -5.045480132102966309e-01 -9.251916408538818359e-01 -4.504844248294830322e-01
-2.688283324241638184e-01 1.369997024536132812e+00 1.274222135543823242e+00 -1.018872022628784180e+00 1.779812455177307129e+00 -1.288592338562011719e+00 -8.722810745239257812e-01 -1.388990521430969238e+00 1.806022882461547852e+00 -1.042686626315116882e-01 -3.321036994457244873e-01 -1.040478587150573730e+00 8.305954933166503906e-02 -1.269702911376953125e-01 1.554659366607666016e+00 9.047690629959106445e-01 1.583016037940979004e+00 -4.509030580520629883e-01 -8.986878395080566406e-01 -3.851153254508972168e-01
-2.648050189018249512e-01 1.290787816047668457e+00 1.339449405670166016e+00 -1.018903613090515137e+00 1.815124630928039551e+00 -1.244296193122863770e+00 -9.433828592300415039e-01 -1.267275691032409668e+00 1.822260379791259766e+00 -1.324727386236190796e-01 -3.373056054115295410e-01 -1.024838805198669434e+00 7.435117661952972412e-02 -1.701397895812988281e-01 1.646093368530273438e+00 9.944915771484375000e-01 1.578774213790893555e+00 -3.955506980419158936e-01 -9.253901243209838867e-01 -3.389795124530792236e-01
-3.056823313236236572e-01 1.212854385375976562e+00 1.476827383041381836e+00 -1.057661414146423340e+00 1.827017903327941895e+00 -1.187831997871398926e+00 -1.001577734947204590e+00 -1.162029147148132324e+00 1.848207473754882812e+00 -1.678855717182159424e-01 -3.959260582923889160e-01 -1.037096738815307617e+00 5.012750625610351562e-05 -2.408559620380401611e-01 1.780456066131591797e+00 1.088532328605651855e+00 1.581923723220825195e+00 -3.154079616069793701e-01 -1.023746728897094727e+00 -2.954243719577789307e-01
-3.400171995162963867e-01 1.144583582878112793e+00 1.633138895034790039e+00 -1.089798331260681152e+00 1.829907417297363281e+00 -1.127599239349365234e+00 -1.038393974304199219e+00 -1.079038500785827637e+00 1.874796152114868164e+00 -1.956668049097061157e-01 -4.778344631195068359e-01 -1.082206010818481445e+00 -1.174335032701492310e-01 -3.452486097812652588e-01 1.897448062896728516e+00 1.150263786315917969e+00 1.583197355270385742e+00 -2.285632193088531494e-01 -1.161391019821166992e+00 -2.518351972103118896e-01
-3.959448933601379395e-01 1.113309502601623535e+00 1.827420234680175781e+00 -1.083269834518432617e+00 1.861462950706481934e+00 -1.117743134498596191e+00 -1.067674756050109863e+00 -1.043964147567749023e+00 1.922845840454101562e+00 -2.414645254611968994e-01 -5.883743166923522949e-01 -1.144596576690673828e+00 -2.562418580055236816e-01 -4.270496964454650879e-01 2.015760898590087891e+00 1.191737771034240723e+00 1.595231652259826660e+00 -1.614966988563537598e-01 -1.318611741065979004e+00 -2.109720408916473389e-01
-4.626026749610900879e-01 1.117846369743347168e+00 2.009139299392700195e+00 -1.080405354499816895e+00 1.886903047561645508e+00 -1.105834722518920898e+00 -1.103121876716613770e+00 -1.037666320800781250e+00 1.963667631149291992e+00 -2.869255840778350830e-01 -6.965122818946838379e-01 -1.213335871696472168e+00 -4.138080477714538574e-01 -4.941258430480957031e-01 2.101649284362792969e+00 1.221744060516357422e+00 1.628071546554565430e+00 -9.258496761322021484e-02 -1.484738707542419434e+00 -1.924194097518920898e-01
-5.395903587341308594e-01 1.177680373191833496e+00 2.136674880981445312e+00 -1.095682740211486816e+00 1.905992865562438965e+00 -1.100909709930419922e+00 -1.151884675025939941e+00 -1.065201520919799805e+00 1.990713834762573242e+00 -3.275992870330810547e-01 -7.771831154823303223e-01 -1.273643732070922852e+00 -5.537019968032836914e-01 -5.338350534439086914e-01 2.169712066650390625e+00 1.246062397956848145e+00 1.681226253509521484e+00 -5.021791532635688782e-02 -1.619096159934997559e+00 -1.964897215366363525e-01
-6.102984547615051270e-01 1.249334335327148438e+00 2.211891412734985352e+00 -1.100849390029907227e+00 1.904123067855834961e+00 -1.088926672935485840e+00 -1.210871219635009766e+00 -1.078735232353210449e+00 1.999441146850585938e+00 -3.624469637870788574e-01 -8.206304311752319336e-01 -1.310621023178100586e+00 -6.670055389404296875e-01 -5.571247339248657227e-01 2.207551956176757812e+00 1.258964896202087402e+00 1.715424895286560059e+00 -2.131121791899204254e-02 -1.709581613540649414e+00 -1.965391039848327637e-01
-6.771290898323059082e-01 1.339160919189453125e+00 2.252144098281860352e+00 -1.104735851287841797e+00 1.882733106613159180e+00 -1.072560787200927734e+00 -1.283542037010192871e+00 -1.080996870994567871e+00 2.000547170639038086e+00 -4.020034670829772949e-01 -8.298003077507019043e-01 -1.325316667556762695e+00 -7.569025754928588867e-01 -5.735036134719848633e-01 2.226657867431640625e+00 1.268171191215515137e+00 1.731415987014770508e+00 -2.873428165912628174e-04 -1.767060518264770508e+00 -1.957437992095947266e-01
-7.280341386795043945e-01 1.443374633789062500e+00 2.267613887786865234e+00 -1.112199068069458008e+00 1.869316816329956055e+00 -1.069295406341552734e+00 -1.362901091575622559e+00 -1.087654352188110352e+00 2.009102344512939453e+00 -4.371044635772705078e-01 -8.152294754981994629e-01 -1.320393562316894531e+00 -8.111058473587036133e-01 -5.853993892669677734e-01 2.241221666336059570e+00 1.275562882423400879e+00 1.735433340072631836e+00 1.345511525869369507e-03 -1.795556664466857910e+00 -2.016863822937011719e-01
-7.632424235343933105e-01 1.516832828521728516e+00 2.263658523559570312e+00 -1.116773605346679688e+00 1.861064553260803223e+00 -1.068051934242248535e+00 -1.436406135559082031e+00 -1.085314393043518066e+00 2.016609907150268555e+00 -4.644999504089355469e-01 -7.821640372276306152e-01 -1.293687224388122559e+00 -8.275423049926757812e-01 -5.948609113693237305e-01 2.251886367797851562e+00 1.290930867195129395e+00 1.720945715904235840e+00 -1.044398546218872070e-02 -1.795667529106140137e+00 -2.046554088592529297e-01
-7.880685925483703613e-01 1.577532649040222168e+00 2.238893985748291016e+00 -1.121779918670654297e+00 1.846858978271484375e+00 -1.061702847480773926e+00 -1.510308623313903809e+00 -1.069970607757568359e+00 2.016826868057250977e+00 -4.876844882965087891e-01 -7.296648621559143066e-01 -1.249154090881347656e+00 -8.264158964157104492e-01 -5.930958390235900879e-01 2.249324560165405273e+00 1.308238387107849121e+00 1.695900678634643555e+00 -2.675683796405792236e-02 -1.775252580642700195e+00 -2.056401968002319336e-01
-8.021750450134277344e-01 1.633396744728088379e+00 2.194224596023559570e+00 -1.131200194358825684e+00 1.826515436172485352e+00 -1.052327394485473633e+00 -1.585984110832214355e+00 -1.048820614814758301e+00 2.007482767105102539e+00 -5.072059631347656250e-01 -6.560490131378173828e-01 -1.188869118690490723e+00 -8.111478090286254883e-01 -5.729561448097229004e-01 2.230243206024169922e+00 1.327921867370605469e+00 1.668232202529907227e+00 -4.729042947292327881e-02 -1.739287137985229492e+00 -2.066925466060638428e-01
-8.131020069122314453e-01 1.694078087806701660e+00 2.128124713897705078e+00 -1.158820629119873047e+00 1.803677082061767578e+00 -1.042942881584167480e+00 -1.661540508270263672e+00 -1.033391237258911133e+00 1.994082450866699219e+00 -5.154084563255310059e-01 -5.699599385261535645e-01 -1.124535202980041504e+00 -7.842624187469482422e-01 -5.345045328140258789e-01 2.207694292068481445e+00 1.348913550376892090e+00 1.647621393203735352e+00 -8.252191543579101562e-02 -1.690041184425354004e+00 -2.144230008125305176e-01
-8.224133849143981934e-01 1.762127280235290527e+00 2.044435024261474609e+00 -1.207938551902770996e+00 1.783414721488952637e+00 -1.037487506866455078e+00 -1.732476472854614258e+00 -1.031575441360473633e+00 1.977489233016967773e+00 -5.107730031013488770e-01 -4.796484112739562988e-01 -1.060372948646545410e+00 -7.481514215469360352e-01 -4.751443862915039062e-01 2.183577537536621094e+00 1.367869496345520020e+00 1.637387633323669434e+00 -1.356170177459716797e-01 -1.631843447685241699e+00 -2.299410700798034668e-01
-8.160271644592285156e-01 1.815803408622741699e+00 1.955573678016662598e+00 -1.265013813972473145e+00 1.758832573890686035e+00 -1.033147096633911133e+00 -1.772680521011352539e+00 -1.032432913780212402e+00 1.962844371795654297e+00 -4.946057200431823730e-01 -3.958548605442047119e-01 -1.006811499595642090e+00 -7.093470096588134766e-01 -4.085567891597747803e-01 2.152205228805541992e+00 1.381135582923889160e+00 1.641780853271484375e+00 -1.870491206645965576e-01 -1.569435119628906250e+00 -2.563581168651580811e-01
-7.871935963630676270e-01 1.852411627769470215e+00 1.866422772407531738e+00 -1.338783144950866699e+00 1.748307943344116211e+00 -1.031187057495117188e+00 -1.777964234352111816e+00 -1.050067424774169922e+00 1.955571889877319336e+00 -4.639228284358978271e-01 -3.320023119449615479e-01 -9.735014438629150391e-01 -6.796638965606689453e-01 -3.404165208339691162e-01 2.112285614013671875e+00 1.387105464935302734e+00 1.678623199462890625e+00 -2.281753122806549072e-01 -1.513711094856262207e+00 -3.115521371364593506e-01
-7.445461750030517578e-01 1.859861850738525391e+00 1.782584428787231445e+00 -1.415661692619323730e+00 1.729068398475646973e+00 -1.030263304710388184e+00 -1.746266841888427734e+00 -1.077004790306091309e+00 1.938554525375366211e+00 -4.148631989955902100e-01 -2.892115712165832520e-01 -9.575248360633850098e-01 -6.648234128952026367e-01 -2.747109830379486084e-01 2.058819770812988281e+00 1.374230980873107910e+00 1.722777366638183594e+00 -2.586408555507659912e-01 -1.470890998840332031e+00 -3.723158538341522217e-01
-7.035819888114929199e-01 1.858232736587524414e+00 1.719231963157653809e+00 -1.487311840057373047e+00 1.702382445335388184e+00 -1.039257526397705078e+00 -1.675938487052917480e+00 -1.116088390350341797e+00 1.923119306564331055e+00 -3.691712021827697754e-01 -2.876303493976593018e-01 -9.578946232795715332e-01 -6.735962629318237305e-01 -2.212122082710266113e-01 2.007487058639526367e+00 1.345502138137817383e+00 1.766320466995239258e+00 -2.798276245594024658e-01 -1.455174207687377930e+00 -4.315845966339111328e-01
-6.564393639564514160e-01 1.831261157989501953e+00 1.676578521728515625e+00 -1.562061905860900879e+00 1.654015779495239258e+00 -1.049180150032043457e+00 -1.558494567871093750e+00 -1.157699823379516602e+00 1.902774572372436523e+00 -3.218413293361663818e-01 -3.217994272708892822e-01 -9.664910435676574707e-01 -7.091854810714721680e-01 -1.669362187385559082e-01 1.934677720069885254e+00 1.270823001861572266e+00 1.799793720245361328e+00 -2.882268130779266357e-01 -1.457968235015869141e+00 -4.708725512027740479e-01
-5.825334191322326660e-01 1.725421190261840820e+00 1.629106521606445312e+00 -1.599903464317321777e+00 1.555358290672302246e+00 -1.045578122138977051e+00 -1.365164875984191895e+00 -1.184176683425903320e+00 1.838213443756103516e+00 -2.517689168453216553e-01 -3.845854401588439941e-01 -9.746700525283813477e-01 -7.447755336761474609e-01 -1.438997983932495117e-01 1.829605460166931152e+00 1.140901803970336914e+00 1.776324987411499023e+00 -2.894217073917388916e-01 -1.455902695655822754e+00 -4.828332364559173584e-01
-5.414587259292602539e-01 1.563631057739257812e+00 1.624377846717834473e+00 -1.620144486427307129e+00 1.475241065025329590e+00 -1.068317294120788574e+00 -1.110957622528076172e+00 -1.256116986274719238e+00 1.756724834442138672e+00 -2.024344801902770996e-01 -4.913061857223510742e-01 -9.757315516471862793e-01 -7.344793081283569336e-01 -1.190886273980140686e-01 1.766911149024963379e+00 1.006022453308105469e+00 1.705215930938720703e+00 -2.960537970066070557e-01 -1.440038681030273438e+00 -4.740931093692779541e-01
-5.417585372924804688e-01 1.403727531433105469e+00 1.599686741828918457e+00 -1.529431939125061035e+00 1.444564580917358398e+00 -1.120380401611328125e+00 -8.808566331863403320e-01 -1.359902024269104004e+00 1.628027677536010742e+00 -1.961493194103240967e-01 -6.164850592613220215e-01 -8.985362648963928223e-01 -6.482912302017211914e-01 -8.468312770128250122e-02 1.711858630180358887e+00 8.762577772140502930e-01 1.525606155395507812e+00 -3.263488411903381348e-01 -1.347097754478454590e+00 -4.714989364147186279e-01
-6.587880253791809082e-01 1.314793825149536133e+00 1.525770425796508789e+00 -1.383109092712402344e+00 1.437701582908630371e+00 -1.134436845779418945e+00 -7.186908125877380371e-01 -1.414403080940246582e+00 1.489507198333740234e+00 -3.330257833003997803e-01 -7.427901625633239746e-01 -7.226802706718444824e-01 -5.540615320205688477e-01 3.154728189110755920e-02 1.659052968025207520e+00 8.155972957611083984e-01 1.316644906997680664e+00 -3.424628376960754395e-01 -1.196338176727294922e+00 -4.417762458324432373e-01
-8.573461771011352539e-01 1.290513992309570312e+00 1.431436657905578613e+00 -1.247520208358764648e+00 1.467213034629821777e+00 -1.122424006462097168e+00 -6.316270232200622559e-01 -1.448959231376647949e+00 1.410646200180053711e+00 -5.515980720520019531e-01 -8.299939632415771484e-01 -5.357935428619384766e-01 -4.736684858798980713e-01 2.209496796131134033e-01 1.605872988700866699e+00 8.229267597198486328e-01 1.176377415657043457e+00 -3.493060171604156494e-01 -1.031451702117919922e+00 -3.809301555156707764e-01
-1.070474982261657715e+00 1.374271035194396973e+00 1.449475169181823730e+00 -1.191845417022705078e+00 1.580920815467834473e+00 -1.191308856010437012e+00 -6.085516810417175293e-01 -1.508612632751464844e+00 1.470535039901733398e+00 -8.126991391181945801e-01 -9.070061445236206055e-01 -3.861299753189086914e-01 -4.110950529575347900e-01 4.260414540767669678e-01 1.696336030960083008e+00 9.187083244323730469e-01 1.158422946929931641e+00 -4.064837098121643066e-01 -9.157515168190002441e-01 -3.558016717433929443e-01
-1.259515404701232910e+00 1.485911965370178223e+00 1.513986587524414062e+00 -1.149919390678405762e+00 1.681216597557067871e+00 -1.279772281646728516e+00 -7.131773829460144043e-01 -1.540568470954895020e+00 1.524414062500000000e+00 -1.005764603614807129e+00 -9.360405802726745605e-01 -2.751816213130950928e-01 -3.750198781490325928e-01 5.873112082481384277e-01 1.799016475677490234e+00 1.070885896682739258e+00 1.180327177047729492e+00 -4.302597045898437500e-01 -8.689354062080383301e-01 -3.417022824287414551e-01
-1.392575025558471680e+00 1.572780847549438477e+00 1.583893775939941406e+00 -1.108415484428405762e+00 1.782249212265014648e+00 -1.310448050498962402e+00 -8.798583745956420898e-01 -1.491279840469360352e+00 1.590222835540771484e+00 -1.154533505439758301e+00 -9.278511404991149902e-01 -1.959002017974853516e-01 -3.588265776634216309e-01 7.075080871582031250e-01 1.879880070686340332e+00 1.241009473800659180e+00 1.229850411415100098e+00 -3.977019190788269043e-01 -8.536556959152221680e-01 -3.380008935928344727e-01
-1.472409605979919434e+00 1.628880262374877930e+00 1.657205939292907715e+00 -1.069900035858154297e+00 1.855265140533447266e+00 -1.293948888778686523e+00 -1.053276777267456055e+00 -1.391051888465881348e+00 1.629151344299316406e+00 -1.247803092002868652e+00 -9.074147939682006836e-01 -1.425615996122360229e-01 -3.763645589351654053e-01 7.686595916748046875e-01 1.936120152473449707e+00 1.390436053276062012e+00 1.268384218215942383e+00 -3.408271372318267822e-01 -8.709270358085632324e-01 -3.506179749965667725e-01
-1.491034507751464844e+00 1.654587030410766602e+00 1.747136831283569336e+00 -1.025869607925415039e+00 1.880131363868713379e+00 -1.227123141288757324e+00 -1.231864094734191895e+00 -1.251835107803344727e+00 1.620773792266845703e+00 -1.261432290077209473e+00 -8.725644350051879883e-01 -1.484215557575225830e-01 -4.342602789402008057e-01 7.247766256332397461e-01 1.986318230628967285e+00 1.492443680763244629e+00 1.286045908927917480e+00 -2.506328523159027100e-01 -9.457028508186340332e-01 -3.565922081470489502e-01
-1.452740073204040527e+00 1.614929318428039551e+00 1.840133666992187500e+00 -9.680083394050598145e-01 1.842544198036193848e+00 -1.126036524772644043e+00 -1.385828018188476562e+00 -1.073214173316955566e+00 1.557782888412475586e+00 -1.196249127388000488e+00 -8.444733619689941406e-01 -1.930436342954635620e-01 -5.240062475204467773e-01 6.098672747611999512e-01 2.004372596740722656e+00 1.543640255928039551e+00 1.270713806152343750e+00 -1.368311643600463867e-01 -1.056600689888000488e+00 -3.495636582374572754e-01
-1.366594552993774414e+00 1.509135127067565918e+00 1.924868106842041016e+00 -8.948519229888916016e-01 1.769258499145507812e+00 -1.014379739761352539e+00 -1.486501455307006836e+00 -9.018591642379760742e-01 1.461129188537597656e+00 -1.061594843864440918e+00 -8.416647315025329590e-01 -2.757789194583892822e-01 -6.112756729125976562e-01 4.366426765918731689e-01 1.997749328613281250e+00 1.536836028099060059e+00 1.220442533493041992e+00 -1.957675628364086151e-02 -1.177594065666198730e+00 -3.273663222789764404e-01
-1.306873083114624023e+00 1.385316371917724609e+00 2.011965036392211914e+00 -8.828197121620178223e-01 1.674165010452270508e+00 -9.219857454299926758e-01 -1.508012413978576660e+00 -8.115914463996887207e-01 1.372744321823120117e+00 -9.168534874916076660e-01 -8.535751104354858398e-01 -3.975630402565002441e-01 -7.145547866821289062e-01 2.669841349124908447e-01 1.997197389602661133e+00 1.524466991424560547e+00 1.209929943084716797e+00 7.106243073940277100e-02 -1.326291680335998535e+00 -3.063341677188873291e-01
-1.215242624282836914e+00 1.251440882682800293e+00 2.115052938461303711e+00 -8.572911024093627930e-01 1.615496754646301270e+00 -8.609740138053894043e-01 -1.481510519981384277e+00 -7.400938272476196289e-01 1.326780319213867188e+00 -7.816581130027770996e-01 -8.903777003288269043e-01 -5.486842393875122070e-01 -7.964873313903808594e-01 8.626535534858703613e-02 1.988845586776733398e+00 1.503775358200073242e+00 1.224731206893920898e+00 1.591713428497314453e-01 -1.466266632080078125e+00 -2.893263399600982666e-01
-1.141776204109191895e+00 1.159897804260253906e+00 2.219413757324218750e+00 -8.397876620292663574e-01 1.591070652008056641e+00 -8.422088027000427246e-01 -1.435845375061035156e+00 -7.269560098648071289e-01 1.322926521301269531e+00 -6.760928034782409668e-01 -9.358941912651062012e-01 -6.994161009788513184e-01 -8.574758768081665039e-01 -4.408088326454162598e-02 1.980643272399902344e+00 1.449074745178222656e+00 1.264082908630371094e+00 2.239249944686889648e-01 -1.580797672271728516e+00 -2.636304795742034912e-01
-1.094430923461914062e+00 1.059190392494201660e+00 2.283598184585571289e+00 -7.849155664443969727e-01 1.562595725059509277e+00 -8.470569252967834473e-01 -1.353496074676513672e+00 -7.491251826286315918e-01 1.304432868957519531e+00 -5.917826294898986816e-01 -1.004428148269653320e+00 -8.235631585121154785e-01 -8.840328454971313477e-01 -1.124557033181190491e-01 1.966158390045166016e+00 1.368467092514038086e+00 1.293894290924072266e+00 2.650442421436309814e-01 -1.640573859214782715e+00 -2.349805533885955811e-01
-1.060842752456665039e+00 9.479135274887084961e-01 2.297358989715576172e+00 -7.321348786354064941e-01 1.511134624481201172e+00 -8.564237952232360840e-01 -1.241367101669311523e+00 -8.271157145500183105e-01 1.273133754730224609e+00 -4.776458144187927246e-01 -1.094883918762207031e+00 -9.859372973442077637e-01 -8.819960355758666992e-01 -1.506525576114654541e-01 1.910380482673645020e+00 1.248624086380004883e+00 1.358949184417724609e+00 3.023495972156524658e-01 -1.695881962776184082e+00 -1.844772994518280029e-01
-1.016904115676879883e+00 7.911965250968933105e-01 2.171896934509277344e+00 -6.551854610443115234e-01 1.475803732872009277e+00 -8.730313181877136230e-01 -1.041829228401184082e+00 -1.001742720603942871e+00 1.212339639663696289e+00 -3.273497521877288818e-01 -1.205399990081787109e+00 -1.132626533508300781e+00 -7.692017555236816406e-01 -1.245736256241798401e-01 1.786778569221496582e+00 1.057918429374694824e+00 1.397668719291687012e+00 2.847082912921905518e-01 -1.642691135406494141e+00 -1.320905387401580811e-01
-1.074391841888427734e+00 6.837829947471618652e-01 1.805939555168151855e+00 -6.882259249687194824e-01 1.472526788711547852e+00 -1.015075564384460449e+00 -6.668893098831176758e-01 -1.466802597045898438e+00 1.215482711791992188e+00 -2.445983588695526123e-01 -1.303252458572387695e+00 -1.218351006507873535e+00 -5.235754251480102539e-01 9.724409133195877075e-02 1.661683917045593262e+00 8.677022457122802734e-01 1.514639019966125488e+00 5.258529633283615112e-02 -1.403543710708618164e+00 -1.054229065775871277e-01
-1.167379260063171387e+00 8.548238277435302734e-01 1.498344540596008301e+00 -9.733192324638366699e-01 1.696238756179809570e+00 -1.321234226226806641e+00 -3.320457637310028076e-01 -2.022737503051757812e+00 1.455937385559082031e+00 -3.633562624454498291e-01 -1.314119815826416016e+00 -1.112573504447937012e+00 -2.227923572063446045e-01 4.888587594032287598e-01 1.651145458221435547e+00 8.052945137023925781e-01 1.717615842819213867e+00 -3.203039765357971191e-01 -1.080128669738769531e+00 -2.273959815502166748e-01
-1.241261839866638184e+00 1.109073877334594727e+00 1.396923422813415527e+00 -1.235540628433227539e+00 1.843601107597351074e+00 -1.487600326538085938e+00 -2.899295091629028320e-01 -2.282955884933471680e+00 1.633023262023925781e+00 -4.957140684127807617e-01 -1.211772799491882324e+00 -9.931331276893615723e-01 -1.140908896923065186e-01 6.828511953353881836e-01 1.737881302833557129e+00 8.613028526306152344e-01 1.868406653404235840e+00 -5.285220146179199219e-01 -9.479114413261413574e-01 -3.411346077919006348e-01
-1.277588129043579102e+00 1.218394517898559570e+00 1.362694501876831055e+00 -1.357436299324035645e+00 1.889633417129516602e+00 -1.537569403648376465e+00 -3.107443749904632568e-01 -2.349062442779541016e+00 1.708800554275512695e+00 -5.643593668937683105e-01 -1.141143679618835449e+00 -9.093325138092041016e-01 -6.329614669084548950e-02 7.721403837203979492e-01 1.785496950149536133e+00 8.913950920104980469e-01 1.904405117034912109e+00 -6.115640997886657715e-01 -8.868463635444641113e-01 -3.813400864601135254e-01
-1.283899545669555664e+00 1.267737507820129395e+00 1.336220979690551758e+00 -1.414954066276550293e+00 1.903074622154235840e+00 -1.545534729957580566e+00 -3.249295651912689209e-01 -2.353167057037353516e+00 1.736121654510498047e+00 -6.030201911926269531e-01 -1.093407630920410156e+00 -8.492954373359680176e-01 -3.884901851415634155e-02 8.150386214256286621e-01 1.800423026084899902e+00 9.051022529602050781e-01 1.904487371444702148e+00 -6.484799981117248535e-01 -8.462800383567810059e-01 -4.020126461982727051e-01
-1.281608462333679199e+00 1.289237856864929199e+00 1.318548083305358887e+00 -1.443709135055541992e+00 1.905210971832275391e+00 -1.539562821388244629e+00 -3.333874344825744629e-01 -2.341707229614257812e+00 1.743924140930175781e+00 -6.239848732948303223e-01 -1.065701603889465332e+00 -8.112963438034057617e-01 -2.864926308393478394e-02 8.354963660240173340e-01 1.805060625076293945e+00 9.114753007888793945e-01 1.897200822830200195e+00 -6.641218662261962891e-01 -8.221832513809204102e-01 -4.133458733558654785e-01
-1.281995296478271484e+00 1.294580101966857910e+00 1.307481527328491211e+00 -1.452754378318786621e+00 1.901700377464294434e+00 -1.528875589370727539e+00 -3.395552337169647217e-01 -2.331925868988037109e+00 1.744098424911499023e+00 -6.331142783164978027e-01 -1.055359482765197754e+00 -7.955972552299499512e-01 -2.767027914524078369e-02 8.428032994270324707e-01 1.807171583175659180e+00 9.164295196533203125e-01 1.893761634826660156e+00 -6.675645112991333008e-01 -8.126757740974426270e-01 -4.164016246795654297e-01
-1.284427285194396973e+00 1.288391947746276855e+00 1.301724195480346680e+00 -1.446196556091308594e+00 1.891358733177185059e+00 -1.514764547348022461e+00 -3.417400419712066650e-01 -2.325945377349853516e+00 1.736519813537597656e+00 -6.307911872863769531e-01 -1.061889529228210449e+00 -8.002012968063354492e-01 -3.451376408338546753e-02 8.369827866554260254e-01 1.807906389236450195e+00 9.171954393386840820e-01 1.892660856246948242e+00 -6.613935828208923340e-01 -8.157376646995544434e-01 -4.126231968402862549e-01
-1.288047790527343750e+00 1.272075891494750977e+00 1.303436994552612305e+00 -1.417859435081481934e+00 1.872443675994873047e+00 -1.498044729232788086e+00 -3.394719064235687256e-01 -2.322962045669555664e+00 1.725310802459716797e+00 -6.167131662368774414e-01 -1.090887665748596191e+00 -8.289259672164916992e-01 -5.208480358123779297e-02 8.117228746414184570e-01 1.805850744247436523e+00 9.111750125885009766e-01 1.891181945800781250e+00 -6.421195268630981445e-01 -8.329041004180908203e-01 -4.013456106185913086e-01
-1.290398240089416504e+00 1.239775538444519043e+00 1.314810514450073242e+00 -1.345058798789978027e+00 1.832292199134826660e+00 -1.470055580139160156e+00 -3.333069086074829102e-01 -2.311808109283447266e+00 1.704936265945434570e+00 -5.855049490928649902e-01 -1.152064800262451172e+00 -8.938971757888793945e-01 -8.874164521694183350e-02 7.467243075370788574e-01 1.793493509292602539e+00 8.914157152175903320e-01 1.877479195594787598e+00 -5.963620543479919434e-01 -8.701058626174926758e-01 -3.759078681468963623e-01
-1.292620897293090820e+00 1.177210092544555664e+00 1.343679547309875488e+00 -1.185129165649414062e+00 1.731505751609802246e+00 -1.389490246772766113e+00 -3.534025549888610840e-01 -2.250297546386718750e+00 1.629315376281738281e+00 -5.085987448692321777e-01 -1.245851516723632812e+00 -1.035624146461486816e+00 -1.671084314584732056e-01 5.875779986381530762e-01 1.768869400024414062e+00 8.467354774475097656e-01 1.825282573699951172e+00 -4.937476813793182373e-01 -9.558348059654235840e-01 -3.104639947414398193e-01
-1.309139132499694824e+00 1.043894767761230469e+00 1.492549300193786621e+00 -8.808356523513793945e-01 1.565778255462646484e+00 -1.234647631645202637e+00 -4.806431829929351807e-01 -2.024031639099121094e+00 1.485565423965454102e+00 -3.752361238002777100e-01 -1.385400295257568359e+00 -1.273272871971130371e+00 -2.967071533203125000e-01 2.757174074649810791e-01 1.798344731330871582e+00 7.553180456161499023e-01 1.638086438179016113e+00 -3.389185369014739990e-01 -1.139611244201660156e+00 -1.145580634474754333e-01
-1.259844779968261719e+00 1.060310363769531250e+00 1.841566681861877441e+00 -6.860049962997436523e-01 1.505939126014709473e+00 -1.086719393730163574e+00 -7.884081006050109863e-01 -1.690251827239990234e+00 1.443151473999023438e+00 -3.157305717468261719e-01 -1.441549658775329590e+00 -1.470018506050109863e+00 -5.225830078125000000e-01 -1.341655254364013672e-01 1.924401164054870605e+00 7.630654573440551758e-01 1.517189025878906250e+00 -1.046367734670639038e-01 -1.460953593254089355e+00 2.640612423419952393e-02
-1.243671774864196777e+00 1.077301025390625000e+00 2.032483816146850586e+00 -6.313366889953613281e-01 1.503406286239624023e+00 -1.015421509742736816e+00 -9.263602495193481445e-01 -1.488694667816162109e+00 1.417104959487915039e+00 -3.543720543384552002e-01 -1.444219112396240234e+00 -1.447173357009887695e+00 -6.385253667831420898e-01 -2.793747484683990479e-01 1.983170747756958008e+00 8.100495338439941406e-01 1.431179642677307129e+00 4.216346889734268188e-03 -1.592827439308166504e+00 3.307199850678443909e-02
-1.292368650436401367e+00 1.072517275810241699e+00 2.028645753860473633e+00 -6.014750003814697266e-01 1.501940846443176270e+00 -9.927585721015930176e-01 -9.127888679504394531e-01 -1.436926484107971191e+00 1.365018367767333984e+00 -4.449262022972106934e-01 -1.455228447914123535e+00 -1.323763489723205566e+00 -6.393131017684936523e-01 -2.178068161010742188e-01 1.978633999824523926e+00 8.277844190597534180e-01 1.348030209541320801e+00 7.281143218278884888e-03 -1.542237758636474609e+00 7.546596229076385498e-03
-1.412332057952880859e+00 1.082158446311950684e+00 1.882218360900878906e+00 -6.492675542831420898e-01 1.543475627899169922e+00 -1.050696849822998047e+00 -7.493958473205566406e-01 -1.545500874519348145e+00 1.346510410308837891e+00 -6.270812749862670898e-01 -1.472911834716796875e+00 -1.087334513664245605e+00 -5.392363071441650391e-01 7.160768657922744751e-02 1.923248648643493652e+00 8.394883871078491211e-01 1.299051284790039062e+00 -9.574638307094573975e-02 -1.329959273338317871e+00 -6.264618039131164551e-02
-1.482865214347839355e+00 1.143316745758056641e+00 1.653151512145996094e+00 -8.890981078147888184e-01 1.714706063270568848e+00 -1.199674844741821289e+00 -5.158305764198303223e-01 -1.788143515586853027e+00 1.464199304580688477e+00 -8.424920439720153809e-01 -1.411542057991027832e+00 -7.896465659141540527e-01 -3.111055493354797363e-01 5.116762518882751465e-01 1.869660377502441406e+00 9.072101116180419922e-01 1.380678892135620117e+00 -3.103017807006835938e-01 -1.011023521423339844e+00 -2.045718133449554443e-01
-1.491343975067138672e+00 1.306550502777099609e+00 1.489280581474304199e+00 -1.217455625534057617e+00 1.891463637351989746e+00 -1.373613357543945312e+00 -4.256806075572967529e-01 -2.035800218582153320e+00 1.614709377288818359e+00 -9.566818475723266602e-01 -1.251676440238952637e+00 -5.884487628936767578e-01 -1.609782725572586060e-01 8.370253443717956543e-01 1.871471643447875977e+00 1.029529213905334473e+00 1.584922313690185547e+00 -5.132392644882202148e-01 -8.134756088256835938e-01 -3.857810199260711670e-01
-1.472486257553100586e+00 1.400202631950378418e+00 1.459642648696899414e+00 -1.431798934936523438e+00 1.989425659179687500e+00 -1.435932993888854980e+00 -4.659803211688995361e-01 -2.100162267684936523e+00 1.708976745605468750e+00 -9.886255860328674316e-01 -1.123312234878540039e+00 -4.938175976276397705e-01 -9.917256236076354980e-02 9.574741125106811523e-01 1.905906558036804199e+00 1.119931459426879883e+00 1.686979055404663086e+00 -6.002854704856872559e-01 -7.634397745132446289e-01 -4.929892122745513916e-01
-1.430186152458190918e+00 1.430915832519531250e+00 1.429185509681701660e+00 -1.533919334411621094e+00 2.008915185928344727e+00 -1.441701173782348633e+00 -4.912700057029724121e-01 -2.092206954956054688e+00 1.735330820083618164e+00 -9.824137091636657715e-01 -1.040422320365905762e+00 -4.397125840187072754e-01 -7.723017781972885132e-02 9.985337853431701660e-01 1.897207498550415039e+00 1.158795356750488281e+00 1.723721146583557129e+00 -6.277655363082885742e-01 -7.401982545852661133e-01 -5.558034181594848633e-01
-1.391823887825012207e+00 1.444482088088989258e+00 1.406537652015686035e+00 -1.587398290634155273e+00 2.012700080871582031e+00 -1.432759881019592285e+00 -5.080059170722961426e-01 -2.067823886871337891e+00 1.746212959289550781e+00 -9.737340807914733887e-01 -9.877482056617736816e-01 -4.066491425037384033e-01 -6.822935491800308228e-02 1.013940811157226562e+00 1.881683111190795898e+00 1.179085612297058105e+00 1.740059375762939453e+00 -6.362420916557312012e-01 -7.285075187683105469e-01 -5.959210395812988281e-01
-1.362832665443420410e+00 1.451224684715270996e+00 1.391835093498229980e+00 -1.616489887237548828e+00 2.010626077651977539e+00 -1.419858455657958984e+00 -5.188831090927124023e-01 -2.042173147201538086e+00 1.749722719192504883e+00 -9.666579365730285645e-01 -9.570812582969665527e-01 -3.862315714359283447e-01 -6.769850105047225952e-02 1.018327832221984863e+00 1.867556810379028320e+00 1.190259099006652832e+00 1.747414946556091309e+00 -6.366595029830932617e-01 -7.247081995010375977e-01 -6.230149865150451660e-01
-1.343539714813232422e+00 1.451341986656188965e+00 1.383386373519897461e+00 -1.629531621932983398e+00 2.001384496688842773e+00 -1.406522750854492188e+00 -5.226479172706604004e-01 -2.020941019058227539e+00 1.743763923645019531e+00 -9.592306017875671387e-01 -9.450809955596923828e-01 -3.764302730560302734e-01 -7.438083738088607788e-02 1.014668464660644531e+00 1.855853676795959473e+00 1.192816853523254395e+00 1.747025728225708008e+00 -6.326497793197631836e-01 -7.269347310066223145e-01 -6.385183334350585938e-01
-1.332957148551940918e+00 1.445237517356872559e+00 1.379153370857238770e+00 -1.625407934188842773e+00 1.985884189605712891e+00 -1.393445611000061035e+00 -5.190528631210327148e-01 -2.005466461181640625e+00 1.730080604553222656e+00 -9.514658451080322266e-01 -9.504174590110778809e-01 -3.771780431270599365e-01 -8.546552807092666626e-02 1.003206253051757812e+00 1.845332860946655273e+00 1.184646248817443848e+00 1.738374710083007812e+00 -6.260791420936584473e-01 -7.326522469520568848e-01 -6.419294476509094238e-01
-1.333963036537170410e+00 1.430017590522766113e+00 1.379489541053771973e+00 -1.596137404441833496e+00 1.964281082153320312e+00 -1.381896376609802246e+00 -5.076810121536254883e-01 -1.999917745590209961e+00 1.711288452148437500e+00 -9.421947598457336426e-01 -9.773920774459838867e-01 -3.949475288391113281e-01 -9.998029470443725586e-02 9.811490774154663086e-01 1.837224721908569336e+00 1.163553833961486816e+00 1.722205042839050293e+00 -6.179422736167907715e-01 -7.433138489723205566e-01 -6.272921562194824219e-01
-1.342169523239135742e+00 1.401361942291259766e+00 1.385179400444030762e+00 -1.537131786346435547e+00 1.931955933570861816e+00 -1.374770164489746094e+00 -4.823496043682098389e-01 -2.008774042129516602e+00 1.684326171875000000e+00 -9.225384593009948730e-01 -1.030653834342956543e+00 -4.392592608928680420e-01 -1.156726032495498657e-01 9.404029250144958496e-01 1.831228852272033691e+00 1.118905305862426758e+00 1.695563316345214844e+00 -6.086062192916870117e-01 -7.612390518188476562e-01 -5.872171521186828613e-01
-1.346764087677001953e+00 1.350742340087890625e+00 1.394174933433532715e+00 -1.427801489830017090e+00 1.882708787918090820e+00 -1.368319630622863770e+00 -4.383771121501922607e-01 -2.027965784072875977e+00 1.652069091796875000e+00 -8.817979693412780762e-01 -1.117062926292419434e+00 -5.226495265960693359e-01 -1.284401714801788330e-01 8.634933829307556152e-01 1.819762349128723145e+00 1.033012986183166504e+00 1.649779438972473145e+00 -5.936395525932312012e-01 -7.883557081222534180e-01 -5.125732421875000000e-01
-1.328416347503662109e+00 1.273710012435913086e+00 1.419978737831115723e+00 -1.255776643753051758e+00 1.816219925880432129e+00 -1.360537171363830566e+00 -3.926013112068176270e-01 -2.051455259323120117e+00 1.633678197860717773e+00 -7.903786301612854004e-01 -1.236892938613891602e+00 -6.748514175415039062e-01 -1.340705901384353638e-01 7.244414687156677246e-01 1.804361343383789062e+00 8.945168256759643555e-01 1.592582821846008301e+00 -5.631950497627258301e-01 -8.446218967437744141e-01 -3.949244022369384766e-01
-1.288325190544128418e+00 1.203988075256347656e+00 1.537616252899169922e+00 -1.101526379585266113e+00 1.741000890731811523e+00 -1.367793202400207520e+00 -4.432208240032196045e-01 -2.046783447265625000e+00 1.635678768157958984e+00 -6.276547312736511230e-01 -1.349862694740295410e+00 -8.777051568031311035e-01 -1.265591979026794434e-01 5.304023623466491699e-01 1.850940108299255371e+00 7.799268960952758789e-01 1.537341356277465820e+00 -5.007527470588684082e-01 -9.644828438758850098e-01 -2.665348947048187256e-01
-1.216476082801818848e+00 1.133212089538574219e+00 1.633163213729858398e+00 -9.540670514106750488e-01 1.673352003097534180e+00 -1.362122893333435059e+00 -4.950668811798095703e-01 -1.993873476982116699e+00 1.629299640655517578e+00 -4.801253676414489746e-01 -1.402691483497619629e+00 -1.034327864646911621e+00 -9.363862872123718262e-02 3.310716748237609863e-01 1.880673527717590332e+00 6.897387504577636719e-01 1.451583027839660645e+00 -4.424532651901245117e-01 -1.045226335525512695e+00 -1.631780266761779785e-01
-1.124402880668640137e+00 1.069571733474731445e+00 1.707529067993164062e+00 -8.385892510414123535e-01 1.671157717704772949e+00 -1.373552680015563965e+00 -5.137317776679992676e-01 -1.934165000915527344e+00 1.646904706954956055e+00 -3.831477463245391846e-01 -1.413553357124328613e+00 -1.139247059822082520e+00 -4.413057118654251099e-02 1.662035584449768066e-01 1.901811003684997559e+00 6.349505186080932617e-01 1.381477832794189453e+00 -4.114772379398345947e-01 -1.081647276878356934e+00 -9.926392883062362671e-02
-1.024595141410827637e+00 1.021591782569885254e+00 1.786743044853210449e+00 -7.675114274024963379e-01 1.724170565605163574e+00 -1.407095074653625488e+00 -5.164561867713928223e-01 -1.877773165702819824e+00 1.699131488800048828e+00 -3.333301544189453125e-01 -1.400159120559692383e+00 -1.219883799552917480e+00 1.800626888871192932e-02 2.840071171522140503e-02 1.942968606948852539e+00 6.389238834381103516e-01 1.357107400894165039e+00 -3.919543921947479248e-01 -1.101815819740295410e+00 -6.689496338367462158e-02
-9.292665123939514160e-01 9.443905353546142578e-01 1.845896840095520020e+00 -6.979844570159912109e-01 1.794191122055053711e+00 -1.417651176452636719e+00 -4.933443069458007812e-01 -1.786923646926879883e+00 1.735499858856201172e+00 -3.276107013225555420e-01 -1.376270174980163574e+00 -1.248116135597229004e+00 9.416818618774414062e-02 -7.344727963209152222e-02 1.978924393653869629e+00 6.763277053833007812e-01 1.316768407821655273e+00 -3.653650879859924316e-01 -1.081245303153991699e+00 -4.789997637271881104e-02
-8.270494341850280762e-01 8.492941856384277344e-01 1.929252386093139648e+00 -6.362033486366271973e-01 1.888337135314941406e+00 -1.392537474632263184e+00 -4.849847555160522461e-01 -1.638261079788208008e+00 1.747430562973022461e+00 -3.340136706829071045e-01 -1.323626518249511719e+00 -1.242932319641113281e+00 1.457515507936477661e-01 -1.857134401798248291e-01 2.050844907760620117e+00 7.814260721206665039e-01 1.270842552185058594e+00 -3.249965608119964600e-01 -1.070045709609985352e+00 -7.199205458164215088e-02
-7.348614931106567383e-01 7.665660977363586426e-01 2.047420263290405273e+00 -5.922253131866455078e-01 1.981905698776245117e+00 -1.301537513732910156e+00 -5.638611912727355957e-01 -1.402502894401550293e+00 1.700484037399291992e+00 -3.542776107788085938e-01 -1.226015090942382812e+00 -1.199086427688598633e+00 1.037495955824851990e-01 -3.032254278659820557e-01 2.128647327423095703e+00 9.537259340286254883e-01 1.240741968154907227e+00 -2.329379916191101074e-01 -1.110966444015502930e+00 -1.365747451782226562e-01
-6.807902455329895020e-01 7.482159733772277832e-01 2.150596380233764648e+00 -5.794924497604370117e-01 1.976979851722717285e+00 -1.136223554611206055e+00 -7.452744245529174805e-01 -1.066140532493591309e+00 1.612111091613769531e+00 -4.152827560901641846e-01 -1.030222892761230469e+00 -1.089611887931823730e+00 -8.838289976119995117e-02 -4.112394750118255615e-01 2.126631498336791992e+00 1.169910073280334473e+00 1.217497706413269043e+00 -9.247162193059921265e-02 -1.204625129699707031e+00 -2.147963941097259521e-01
-7.468700408935546875e-01 1.010377407073974609e+00 2.276280403137207031e+00 -7.808594703674316406e-01 1.967176795005798340e+00 -1.053691506385803223e+00 -1.118009567260742188e+00 -8.172563314437866211e-01 1.638117074966430664e+00 -5.688045620918273926e-01 -8.330498933792114258e-01 -9.406295418739318848e-01 -3.962388932704925537e-01 -4.106834232807159424e-01 2.196032047271728516e+00 1.477105736732482910e+00 1.314854502677917480e+00 8.648514747619628906e-03 -1.396038293838500977e+00 -3.095255196094512939e-01
-8.741269707679748535e-01 1.248605608940124512e+00 2.346319913864135742e+00 -9.218232035636901855e-01 1.966425538063049316e+00 -1.049525618553161621e+00 -1.365612030029296875e+00 -7.838041186332702637e-01 1.721599578857421875e+00 -6.843765377998352051e-01 -7.848351597785949707e-01 -8.926975131034851074e-01 -5.898112058639526367e-01 -3.645054101943969727e-01 2.268632650375366211e+00 1.611782789230346680e+00 1.407324314117431641e+00 4.675833135843276978e-02 -1.518869996070861816e+00 -3.183819651603698730e-01
-9.382912516593933105e-01 1.404378652572631836e+00 2.361518383026123047e+00 -9.821116328239440918e-01 1.940948724746704102e+00 -1.053426623344421387e+00 -1.491411209106445312e+00 -7.826384305953979492e-01 1.765687465667724609e+00 -7.429293394088745117e-01 -7.687319517135620117e-01 -8.614076375961303711e-01 -6.976211071014404297e-01 -3.485203683376312256e-01 2.284024715423583984e+00 1.633930802345275879e+00 1.434959173202514648e+00 5.363769084215164185e-02 -1.581570744514465332e+00 -3.207952976226806641e-01
-9.736737012863159180e-01 1.502349138259887695e+00 2.361780881881713867e+00 -9.942743778228759766e-01 1.895120978355407715e+00 -1.048623561859130859e+00 -1.558318853378295898e+00 -7.834463715553283691e-01 1.779707431793212891e+00 -7.676543593406677246e-01 -7.673828601837158203e-01 -8.521706461906433105e-01 -7.744550704956054688e-01 -3.552031517028808594e-01 2.266260623931884766e+00 1.605481386184692383e+00 1.433517217636108398e+00 5.970121175050735474e-02 -1.625365138053894043e+00 -3.120602369308471680e-01
-9.954902529716491699e-01 1.554009199142456055e+00 2.356775760650634766e+00 -9.873918890953063965e-01 1.848641037940979004e+00 -1.044990062713623047e+00 -1.587025523185729980e+00 -7.942526340484619141e-01 1.781815767288208008e+00 -7.684651613235473633e-01 -7.754898667335510254e-01 -8.596576452255249023e-01 -8.173242807388305664e-01 -3.780421614646911621e-01 2.248012542724609375e+00 1.561399221420288086e+00 1.418781161308288574e+00 5.165367573499679565e-02 -1.654030799865722656e+00 -2.992291748523712158e-01
-1.005058169364929199e+00 1.590894699096679688e+00 2.348335504531860352e+00 -9.626272916793823242e-01 1.795938849449157715e+00 -1.050544857978820801e+00 -1.601053953170776367e+00 -8.148827552795410156e-01 1.775311708450317383e+00 -7.508661746978759766e-01 -7.812880873680114746e-01 -8.755639195442199707e-01 -8.429611921310424805e-01 -4.068766832351684570e-01 2.218631982803344727e+00 1.496835231781005859e+00 1.392735600471496582e+00 3.271710127592086792e-02 -1.674529671669006348e+00 -2.799582481384277344e-01
-1.010517835617065430e+00 1.644016265869140625e+00 2.341433286666870117e+00 -9.317292571067810059e-01 1.738192677497863770e+00 -1.086994528770446777e+00 -1.611170053482055664e+00 -8.687239289283752441e-01 1.770858287811279297e+00 -7.094804048538208008e-01 -7.969254851341247559e-01 -9.147328138351440430e-01 -8.582695722579956055e-01 -4.339480996131896973e-01 2.176902055740356445e+00 1.394321799278259277e+00 1.371710658073425293e+00 -5.099456757307052612e-03 -1.701677680015563965e+00 -2.473782002925872803e-01
-9.999012351036071777e-01 1.688525676727294922e+00 2.317774534225463867e+00 -8.934045433998107910e-01 1.655354619026184082e+00 -1.137016296386718750e+00 -1.593769311904907227e+00 -9.418058395385742188e-01 1.754968643188476562e+00 -6.417518854141235352e-01 -8.183710575103759766e-01 -9.732820987701416016e-01 -8.606758117675781250e-01 -4.589952230453491211e-01 2.102744102478027344e+00 1.247144818305969238e+00 1.351151108741760254e+00 -4.921183362603187561e-02 -1.724505901336669922e+00 -2.027258574962615967e-01
-9.553697705268859863e-01 1.717625141143798828e+00 2.268887758255004883e+00 -8.617136478424072266e-01 1.599394559860229492e+00 -1.223158001899719238e+00 -1.530667901039123535e+00 -1.087568163871765137e+00 1.753781080245971680e+00 -5.202969908714294434e-01 -8.515006303787231445e-01 -1.057944536209106445e+00 -8.083819150924682617e-01 -4.905371665954589844e-01 2.025686264038085938e+00 1.059532403945922852e+00 1.329603910446166992e+00 -1.302621066570281982e-01 -1.721566319465637207e+00 -1.636518537998199463e-01
-9.109655618667602539e-01 1.726902246475219727e+00 2.196220159530639648e+00 -8.594716787338256836e-01 1.574669003486633301e+00 -1.332523703575134277e+00 -1.443791270256042480e+00 -1.280485033988952637e+00 1.761216402053833008e+00 -3.861798346042633057e-01 -8.992686867713928223e-01 -1.132747292518615723e+00 -6.885261535644531250e-01 -4.785333871841430664e-01 1.953453898429870605e+00 8.882123231887817383e-01 1.311993479728698730e+00 -2.169343829154968262e-01 -1.678392529487609863e+00 -1.279745697975158691e-01
-8.427753448486328125e-01 1.705973148345947266e+00 2.081071853637695312e+00 -8.886947035789489746e-01 1.539518833160400391e+00 -1.425865292549133301e+00 -1.310496807098388672e+00 -1.467339038848876953e+00 1.743650436401367188e+00 -2.517481148242950439e-01 -9.459461569786071777e-01 -1.176982998847961426e+00 -5.404741764068603516e-01 -4.327154457569122314e-01 1.853746175765991211e+00 7.254867553710937500e-01 1.292702555656433105e+00 -2.957465350627899170e-01 -1.594568729400634766e+00 -1.220706626772880554e-01
-7.356606721878051758e-01 1.643889188766479492e+00 1.928587794303894043e+00 -9.574985504150390625e-01 1.469380855560302734e+00 -1.485208868980407715e+00 -1.123928070068359375e+00 -1.612977027893066406e+00 1.698267698287963867e+00 -1.120914369821548462e-01 -9.578508138656616211e-01 -1.192208170890808105e+00 -3.966009020805358887e-01 -3.483494222164154053e-01 1.715508222579956055e+00 5.694565773010253906e-01 1.287901759147644043e+00 -3.549721837043762207e-01 -1.481394529342651367e+00 -1.463600695133209229e-01
-6.583287119865417480e-01 1.577870845794677734e+00 1.797467112541198730e+00 -1.143213033676147461e+00 1.423130631446838379e+00 -1.491394758224487305e+00 -9.539429545402526855e-01 -1.727128148078918457e+00 1.699013471603393555e+00 -2.683604136109352112e-02 -9.099847078323364258e-01 -1.192764878273010254e+00 -3.285432159900665283e-01 -1.826090812683105469e-01 1.598790407180786133e+00 5.154652595520019531e-01 1.406382799148559570e+00 -3.830505907535552979e-01 -1.405055165290832520e+00 -2.052235901355743408e-01
-5.954465270042419434e-01 1.577811241149902344e+00 1.629004955291748047e+00 -1.471857666969299316e+00 1.482576131820678711e+00 -1.395705699920654297e+00 -8.626859784126281738e-01 -1.770774126052856445e+00 1.776767492294311523e+00 -3.059299290180206299e-02 -7.605545520782470703e-01 -1.165881752967834473e+00 -3.679264783859252930e-01 -1.400216668844223022e-02 1.605900287628173828e+00 7.214964628219604492e-01 1.720522284507751465e+00 -4.008051455020904541e-01 -1.373581528663635254e+00 -4.406425058841705322e-01
-5.597982406616210938e-01 1.393329381942749023e+00 1.453362703323364258e+00 -1.621062874794006348e+00 1.479143381118774414e+00 -1.081459164619445801e+00 -8.500068187713623047e-01 -1.478041768074035645e+00 1.701205492019653320e+00 -1.324928104877471924e-01 -5.442671775817871094e-01 -1.019223451614379883e+00 -4.813622534275054932e-01 1.087884455919265747e-01 1.619368433952331543e+00 1.005308747291564941e+00 1.862081050872802734e+00 -2.612314224243164062e-01 -1.277511715888977051e+00 -5.877348780632019043e-01
-6.496242880821228027e-01 1.356980800628662109e+00 1.398375272750854492e+00 -1.647748470306396484e+00 1.548063755035400391e+00 -8.889941573143005371e-01 -9.862350821495056152e-01 -1.259696722030639648e+00 1.632188320159912109e+00 -2.945134639739990234e-01 -4.378674030303955078e-01 -8.210995197296142578e-01 -5.065829753875732422e-01 1.859011948108673096e-01 1.726197481155395508e+00 1.272356986999511719e+00 1.804108381271362305e+00 -2.128683030605316162e-01 -1.190127849578857422e+00 -6.416766047477722168e-01
-7.515799403190612793e-01 1.368084430694580078e+00 1.379864811897277832e+00 -1.614036917686462402e+00 1.614162206649780273e+00 -7.884440422058105469e-01 -1.109604835510253906e+00 -1.136614680290222168e+00 1.610164165496826172e+00 -4.429993629455566406e-01 -4.069398343563079834e-01 -6.995233893394470215e-01 -5.115417242050170898e-01 2.150997519493103027e-01 1.803964972496032715e+00 1.428979635238647461e+00 1.745130062103271484e+00 -1.807628571987152100e-01 -1.157254576683044434e+00 -6.146983504295349121e-01
-8.292080163955688477e-01 1.393447756767272949e+00 1.358381986618041992e+00 -1.581272363662719727e+00 1.618326663970947266e+00 -7.312555313110351562e-01 -1.195875883102416992e+00 -1.072583556175231934e+00 1.599829435348510742e+00 -5.320288538932800293e-01 -3.906033337116241455e-01 -6.417084932327270508e-01 -5.194975137710571289e-01 2.239604890346527100e-01 1.828405499458312988e+00 1.488156437873840332e+00 1.706656455993652344e+00 -1.588150262832641602e-01 -1.150240063667297363e+00 -5.619791150093078613e-01
-8.980655670166015625e-01 1.440984129905700684e+00 1.348821759223937988e+00 -1.569612264633178711e+00 1.626695513725280762e+00 -7.117219567298889160e-01 -1.246036648750305176e+00 -1.063113689422607422e+00 1.618038415908813477e+00 -6.052605509757995605e-01 -3.809250593185424805e-01 -6.071683168411254883e-01 -5.207445621490478516e-01 2.452677190303802490e-01 1.853641390800476074e+00 1.518569827079772949e+00 1.695693016052246094e+00 -1.590980738401412964e-01 -1.145085334777832031e+00 -5.308147072792053223e-01
-9.652972817420959473e-01 1.502582311630249023e+00 1.338324904441833496e+00 -1.545688509941101074e+00 1.641880989074707031e+00 -7.269389629364013672e-01 -1.256552219390869141e+00 -1.082211136817932129e+00 1.670546531677246094e+00 -6.993155479431152344e-01 -3.868086040019989014e-01 -5.695142149925231934e-01 -5.008625984191894531e-01 2.761228978633880615e-01 1.892077088356018066e+00 1.529233455657958984e+00 1.686136007308959961e+00 -1.826761662960052490e-01 -1.117349028587341309e+00 -5.122248530387878418e-01
-1.010472655296325684e+00 1.564759850502014160e+00 1.335221290588378906e+00 -1.522387742996215820e+00 1.660166263580322266e+00 -7.558552026748657227e-01 -1.247905969619750977e+00 -1.121312022209167480e+00 1.746605873107910156e+00 -7.796919345855712891e-01 -3.941268026828765869e-01 -5.476596355438232422e-01 -4.737039506435394287e-01 2.939666211605072021e-01 1.909780621528625488e+00 1.521588921546936035e+00 1.679992914199829102e+00 -2.153224050998687744e-01 -1.097796797752380371e+00 -5.074666738510131836e-01
-1.015382170677185059e+00 1.603216528892517090e+00 1.311692476272583008e+00 -1.481419682502746582e+00 1.653547883033752441e+00 -7.856110930442810059e-01 -1.198361873626708984e+00 -1.161294102668762207e+00 1.817150831222534180e+00 -8.367742300033569336e-01 -3.926926851272583008e-01 -5.253061056137084961e-01 -4.303567111492156982e-01 2.935576736927032471e-01 1.883170962333679199e+00 1.468219876289367676e+00 1.645445585250854492e+00 -2.563022971153259277e-01 -1.060649275779724121e+00 -5.075141191482543945e-01
-9.449349641799926758e-01 1.580896019935607910e+00 1.244582295417785645e+00 -1.394181132316589355e+00 1.587445735931396484e+00 -8.011452555656433105e-01 -1.079727292060852051e+00 -1.172109842300415039e+00 1.841367721557617188e+00 -8.471950888633728027e-01 -3.771390616893768311e-01 -4.936757087707519531e-01 -3.626102507114410400e-01 2.502948939800262451e-01 1.782963037490844727e+00 1.333505630493164062e+00 1.539388179779052734e+00 -2.976781427860260010e-01 -9.832373261451721191e-01 -5.017474293708801270e-01
-7.955440878868103027e-01 1.509368419647216797e+00 1.213206171989440918e+00 -1.282479166984558105e+00 1.481341958045959473e+00 -8.528729677200317383e-01 -9.264618158340454102e-01 -1.188712716102600098e+00 1.816836118698120117e+00 -7.472313046455383301e-01 -3.967708945274353027e-01 -5.114429593086242676e-01 -2.833218276500701904e-01 1.334163844585418701e-01 1.656437993049621582e+00 1.101439595222473145e+00 1.383052825927734375e+00 -3.358079791069030762e-01 -9.274244904518127441e-01 -4.764691889286041260e-01
-5.541849136352539062e-01 1.474671959877014160e+00 1.296235799789428711e+00 -1.179901838302612305e+00 1.517930269241333008e+00 -1.034182786941528320e+00 -8.011522889137268066e-01 -1.290193200111389160e+00 1.834203958511352539e+00 -5.154821872711181641e-01 -5.025957822799682617e-01 -6.532250046730041504e-01 -1.762061119079589844e-01 -1.113721951842308044e-01 1.621200919151306152e+00 8.283603191375732422e-01 1.256111741065979004e+00 -4.250850081443786621e-01 -9.610875844955444336e-01 -4.471486508846282959e-01
-3.811248838901519775e-01 1.415014028549194336e+00 1.414787888526916504e+00 -1.117379426956176758e+00 1.591936111450195312e+00 -1.141921162605285645e+00 -7.464466094970703125e-01 -1.338347792625427246e+00 1.825133085250854492e+00 -2.998086810111999512e-01 -6.232166886329650879e-01 -8.575974702835083008e-01 -1.416230946779251099e-01 -3.554343283176422119e-01 1.671250343322753906e+00 6.952316761016845703e-01 1.229474067687988281e+00 -4.456037282943725586e-01 -1.060770511627197266e+00 -3.900170624256134033e-01
-3.329511582851409912e-01 1.373995423316955566e+00 1.637383580207824707e+00 -1.071741700172424316e+00 1.703349232673645020e+00 -1.277468442916870117e+00 -7.515375018119812012e-01 -1.367250323295593262e+00 1.885718822479248047e+00 -2.244785726070404053e-01 -7.408717870712280273e-01 -1.028267860412597656e+00 -1.838335096836090088e-01 -4.527547359466552734e-01 1.772068023681640625e+00 6.857560873031616211e-01 1.308272123336791992e+00 -4.090340733528137207e-01 -1.180124163627624512e+00 -3.220543265342712402e-01
-3.523334562778472900e-01 1.328408479690551758e+00 1.849480628967285156e+00 -1.042605519294738770e+00 1.769805073738098145e+00 -1.322738647460937500e+00 -8.458716273307800293e-01 -1.334327220916748047e+00 1.898596525192260742e+00 -1.860356628894805908e-01 -8.193506002426147461e-01 -1.144763708114624023e+00 -3.011156916618347168e-01 -4.976943731307983398e-01 1.853517532348632812e+00 7.598718404769897461e-01 1.392529487609863281e+00 -3.262763917446136475e-01 -1.328817367553710938e+00 -2.732021808624267578e-01
-4.120877981185913086e-01 1.290303230285644531e+00 2.004067659378051758e+00 -1.033201694488525391e+00 1.794959545135498047e+00 -1.304529190063476562e+00 -9.829933643341064453e-01 -1.260090470314025879e+00 1.870107889175415039e+00 -1.788748800754547119e-01 -8.487771749496459961e-01 -1.198046088218688965e+00 -4.502998292446136475e-01 -4.978101849555969238e-01 1.920795917510986328e+00 8.810249567031860352e-01 1.471925616264343262e+00 -2.311835289001464844e-01 -1.460496425628662109e+00 -2.407582402229309082e-01
-4.859624505043029785e-01 1.250369906425476074e+00 2.091814279556274414e+00 -1.039559245109558105e+00 1.775754332542419434e+00 -1.236472606658935547e+00 -1.133271574974060059e+00 -1.155911922454833984e+00 1.811257839202880859e+00 -1.919585466384887695e-01 -8.255813717842102051e-01 -1.201318860054016113e+00 -5.971227884292602539e-01 -4.658855795860290527e-01 1.960042953491210938e+00 1.019971013069152832e+00 1.534638762474060059e+00 -1.344707012176513672e-01 -1.558498859405517578e+00 -2.124412655830383301e-01
-5.790688395500183105e-01 1.215588808059692383e+00 2.124020338058471680e+00 -1.072607398033142090e+00 1.721194267272949219e+00 -1.138385295867919922e+00 -1.284621953964233398e+00 -1.046631574630737305e+00 1.731136322021484375e+00 -2.219041883945465088e-01 -7.578353881835937500e-01 -1.163469314575195312e+00 -7.268297672271728516e-01 -3.957602977752685547e-01 1.985449194908142090e+00 1.168974399566650391e+00 1.582785010337829590e+00 -4.918030649423599243e-02 -1.623459696769714355e+00 -1.837759315967559814e-01
-7.187107801437377930e-01 1.221227407455444336e+00 2.092313528060913086e+00 -1.149583458900451660e+00 1.672688484191894531e+00 -1.026554346084594727e+00 -1.451475501060485840e+00 -9.697643518447875977e-01 1.643937826156616211e+00 -2.786932587623596191e-01 -6.767175197601318359e-01 -1.100568056106567383e+00 -8.341844081878662109e-01 -2.629759013652801514e-01 2.013586044311523438e+00 1.336274981498718262e+00 1.648322820663452148e+00 3.671795129776000977e-03 -1.664046406745910645e+00 -1.452991366386413574e-01
-8.454973697662353516e-01 1.277271986007690430e+00 1.992020130157470703e+00 -1.256700634956359863e+00 1.653533697128295898e+00 -9.586726427078247070e-01 -1.592172861099243164e+00 -9.720401763916015625e-01 1.585792064666748047e+00 -3.254881501197814941e-01 -5.920038223266601562e-01 -1.018000245094299316e+00 -8.619552850723266602e-01 -1.168826445937156677e-01 2.049301862716674805e+00 1.474153518676757812e+00 1.707981705665588379e+00 -1.630938611924648285e-02 -1.661060690879821777e+00 -1.255708038806915283e-01
-9.413396120071411133e-01 1.339668393135070801e+00 1.835049510002136230e+00 -1.337322115898132324e+00 1.610734581947326660e+00 -8.909904956817626953e-01 -1.648250102996826172e+00 -9.840146899223327637e-01 1.542295455932617188e+00 -3.858383893966674805e-01 -5.006985068321228027e-01 -9.277508258819580078e-01 -8.449705839157104492e-01 1.659626513719558716e-02 2.058897495269775391e+00 1.580348491668701172e+00 1.749556303024291992e+00 -5.871808528900146484e-02 -1.601843595504760742e+00 -1.372227966785430908e-01
-1.020743250846862793e+00 1.400324702262878418e+00 1.641689777374267578e+00 -1.413249254226684570e+00 1.552563667297363281e+00 -8.252784013748168945e-01 -1.643365621566772461e+00 -1.008848905563354492e+00 1.502909660339355469e+00 -4.625439047813415527e-01 -4.053621888160705566e-01 -7.984211444854736328e-01 -8.071681261062622070e-01 1.917234063148498535e-01 1.992767572402954102e+00 1.602091789245605469e+00 1.756340861320495605e+00 -1.142975613474845886e-01 -1.487078785896301270e+00 -1.490831673145294189e-01
-1.100221395492553711e+00 1.466576576232910156e+00 1.521376967430114746e+00 -1.494382381439208984e+00 1.530268669128417969e+00 -8.152623176574707031e-01 -1.618213653564453125e+00 -1.088968396186828613e+00 1.519054174423217773e+00 -5.234203934669494629e-01 -3.547601401805877686e-01 -7.033500075340270996e-01 -7.608875036239624023e-01 3.752679824829101562e-01 1.942199110984802246e+00 1.563357472419738770e+00 1.776671409606933594e+00 -1.777502298355102539e-01 -1.389918088912963867e+00 -1.593129932880401611e-01
-1.140595316886901855e+00 1.515092611312866211e+00 1.451952695846557617e+00 -1.542942047119140625e+00 1.537149190902709961e+00 -8.552904725074768066e-01 -1.540312886238098145e+00 -1.189398169517517090e+00 1.584078311920166016e+00 -5.777240395545959473e-01 -3.294021487236022949e-01 -6.511150002479553223e-01 -6.945263147354125977e-01 5.018294453620910645e-01 1.920713901519775391e+00 1.497225403785705566e+00 1.798180460929870605e+00 -2.462518215179443359e-01 -1.295582890510559082e+00 -1.815294325351715088e-01
-1.128194093704223633e+00 1.539502859115600586e+00 1.417168974876403809e+00 -1.540550708770751953e+00 1.551704168319702148e+00 -9.010531902313232422e-01 -1.450441956520080566e+00 -1.274400949478149414e+00 1.642179727554321289e+00 -5.954509377479553223e-01 -3.075093030929565430e-01 -6.533231735229492188e-01 -6.533893346786499023e-01 5.149649977684020996e-01 1.884418249130249023e+00 1.413277268409729004e+00 1.795129537582397461e+00 -2.865781188011169434e-01 -1.238933920860290527e+00 -2.036258876323699951e-01
-1.021835803985595703e+00 1.559522747993469238e+00 1.407692193984985352e+00 -1.492086052894592285e+00 1.549587368965148926e+00 -9.455418586730957031e-01 -1.375957250595092773e+00 -1.304075717926025391e+00 1.695546627044677734e+00 -5.528343915939331055e-01 -2.808230817317962646e-01 -7.124165296554565430e-01 -6.239875555038452148e-01 3.976616263389587402e-01 1.823148488998413086e+00 1.275192022323608398e+00 1.755461692810058594e+00 -2.982446253299713135e-01 -1.221642971038818359e+00 -2.031176090240478516e-01
-8.022446036338806152e-01 1.573974370956420898e+00 1.425863742828369141e+00 -1.382738471031188965e+00 1.545341014862060547e+00 -9.882856011390686035e-01 -1.313936710357666016e+00 -1.276849865913391113e+00 1.741823196411132812e+00 -4.348081350326538086e-01 -2.435280978679656982e-01 -8.218031525611877441e-01 -5.950868129730224609e-01 1.207446381449699402e-01 1.738051056861877441e+00 1.087513685226440430e+00 1.652383804321289062e+00 -3.017641007900238037e-01 -1.236741185188293457e+00 -1.988678574562072754e-01
-5.985633730888366699e-01 1.618746995925903320e+00 1.517315268516540527e+00 -1.250028729438781738e+00 1.603036642074584961e+00 -1.065511941909790039e+00 -1.262841701507568359e+00 -1.256008982658386230e+00 1.857055664062500000e+00 -3.588388264179229736e-01 -2.939308285713195801e-01 -9.740474820137023926e-01 -5.567221641540527344e-01 -2.451069653034210205e-01 1.746758103370666504e+00 9.814684391021728516e-01 1.574794173240661621e+00 -2.979796826839447021e-01 -1.302272677421569824e+00 -2.079380750656127930e-01
-4.923072457313537598e-01 1.674111127853393555e+00 1.741732478141784668e+00 -1.103603959083557129e+00 1.787450432777404785e+00 -1.223117232322692871e+00 -1.222840189933776855e+00 -1.320776939392089844e+00 2.022867202758789062e+00 -3.107738196849822998e-01 -5.267159938812255859e-01 -1.167630553245544434e+00 -4.961236417293548584e-01 -5.377042889595031738e-01 1.876433372497558594e+00 9.015307426452636719e-01 1.554354310035705566e+00 -3.010751008987426758e-01 -1.407499551773071289e+00 -2.277612090110778809e-01
-4.842230379581451416e-01 1.686014890670776367e+00 1.971324801445007324e+00 -9.695926308631896973e-01 1.975710630416870117e+00 -1.373866796493530273e+00 -1.132578134536743164e+00 -1.417646646499633789e+00 2.137954711914062500e+00 -3.147306144237518311e-01 -7.902416586875915527e-01 -1.332995057106018066e+00 -4.439928829669952393e-01 -6.560475230216979980e-01 1.974560022354125977e+00 8.638654947280883789e-01 1.589906096458435059e+00 -2.686911225318908691e-01 -1.477612018585205078e+00 -2.731859683990478516e-01
-4.732666313648223877e-01 1.610423088073730469e+00 2.036887168884277344e+00 -8.339599370956420898e-01 2.036573648452758789e+00 -1.428217291831970215e+00 -1.000128507614135742e+00 -1.456014752388000488e+00 2.123622417449951172e+00 -3.046396970748901367e-01 -9.632507562637329102e-01 -1.400871396064758301e+00 -3.703819215297698975e-01 -6.805514693260192871e-01 1.955790042877197266e+00 8.093096017837524414e-01 1.565709471702575684e+00 -2.336611747741699219e-01 -1.451349496841430664e+00 -3.090907335281372070e-01
-4.623312950134277344e-01 1.484703421592712402e+00 1.960193157196044922e+00 -7.106299400329589844e-01 2.005467653274536133e+00 -1.418356657028198242e+00 -8.406348824501037598e-01 -1.475817322731018066e+00 2.035640001296997070e+00 -2.676547467708587646e-01 -1.068194746971130371e+00 -1.416322588920593262e+00 -2.807208001613616943e-01 -6.374360322952270508e-01 1.865944385528564453e+00 7.422124147415161133e-01 1.522757411003112793e+00 -2.230212390422821045e-01 -1.365529775619506836e+00 -3.304448425769805908e-01
-4.574921429157257080e-01 1.374749779701232910e+00 1.806723237037658691e+00 -6.558554172515869141e-01 1.950409293174743652e+00 -1.392385244369506836e+00 -6.657608747482299805e-01 -1.519533276557922363e+00 1.930799722671508789e+00 -2.292487323284149170e-01 -1.100837826728820801e+00 -1.382332444190979004e+00 -1.990270912647247314e-01 -5.364013910293579102e-01 1.748864650726318359e+00 7.071585655212402344e-01 1.494953870773315430e+00 -2.443084120750427246e-01 -1.247469305992126465e+00 -3.890384733676910400e-01
-5.252736210823059082e-01 1.288719058036804199e+00 1.598020911216735840e+00 -7.051252126693725586e-01 1.947224378585815430e+00 -1.396840095520019531e+00 -4.688376784324645996e-01 -1.717124938964843750e+00 1.856803894042968750e+00 -2.225997149944305420e-01 -1.123757243156433105e+00 -1.314720034599304199e+00 -1.101209372282028198e-01 -3.566801846027374268e-01 1.656850576400756836e+00 7.197290658950805664e-01 1.546008825302124023e+00 -3.361231684684753418e-01 -1.104140520095825195e+00 -4.852753579616546631e-01
-6.670985817909240723e-01 1.195965647697448730e+00 1.425376415252685547e+00 -8.079749941825866699e-01 1.953409790992736816e+00 -1.430932641029357910e+00 -2.900373339653015137e-01 -1.929703593254089355e+00 1.792533159255981445e+00 -3.029100596904754639e-01 -1.137548565864562988e+00 -1.158129811286926270e+00 -1.431207731366157532e-02 -9.056509286165237427e-02 1.671647548675537109e+00 7.811628580093383789e-01 1.601883053779602051e+00 -4.652864038944244385e-01 -9.247696399688720703e-01 -5.703402161598205566e-01
