-5.268062949180603027e-01 1.285718798637390137e+00 1.471623659133911133e+00 -1.778957605361938477e+00 2.082427978515625000e+00 -1.133574128150939941e+00 -1.176253557205200195e+00 -1.586859941482543945e+00 2.092797279357910156e+00 -2.179673314094543457e-01 -4.381832480430603027e-01 -1.083194375038146973e+00 -3.289906978607177734e-01 2.057067900896072388e-01 2.002016544342041016e+00 1.354597449302673340e+00 2.201900959014892578e+00 -3.510786592960357666e-01 -1.308735489845275879e+00 -3.410501182079315186e-01
-4.817404448986053467e-01 1.243435502052307129e+00 1.384366989135742188e+00 -1.757766008377075195e+00 2.105808734893798828e+00 -1.194041013717651367e+00 -9.777981042861938477e-01 -1.676703453063964844e+00 2.134354352951049805e+00 -2.345926761627197266e-01 -4.769125580787658691e-01 -1.032799720764160156e+00 -2.105106264352798462e-01 2.736108303070068359e-01 1.887190461158752441e+00 1.241672754287719727e+00 2.165455341339111328e+00 -3.956759274005889893e-01 -1.168383479118347168e+00 -4.202852249145507812e-01
-4.569069147109985352e-01 1.219230771064758301e+00 1.344706296920776367e+00 -1.729203701019287109e+00 2.097902774810791016e+00 -1.216723322868347168e+00 -8.400287628173828125e-01 -1.683848857879638672e+00 2.145608663558959961e+00 -2.848227024078369141e-01 -4.935349822044372559e-01 -9.675087332725524902e-01 -1.405554413795471191e-01 3.093123137950897217e-01 1.818957328796386719e+00 1.179637312889099121e+00 2.106063604354858398e+00 -4.148858189582824707e-01 -1.070106267929077148e+00 -4.706027507781982422e-01
-4.226120114326477051e-01 1.209082841873168945e+00 1.341596126556396484e+00 -1.688255310058593750e+00 2.097202777862548828e+00 -1.220747947692871094e+00 -7.181672453880310059e-01 -1.637551307678222656e+00 2.162390708923339844e+00 -3.510053753852844238e-01 -5.135714411735534668e-01 -8.988833427429199219e-01 -1.031793355941772461e-01 3.112083375453948975e-01 1.779150009155273438e+00 1.162536263465881348e+00 2.039707422256469727e+00 -4.183334112167358398e-01 -9.961761236190795898e-01 -5.424187779426574707e-01
-3.715855777263641357e-01 1.220784306526184082e+00 1.365450859069824219e+00 -1.640258193016052246e+00 2.077224493026733398e+00 -1.197762846946716309e+00 -6.398696899414062500e-01 -1.521442174911499023e+00 2.160321950912475586e+00 -4.353696107864379883e-01 -5.296249985694885254e-01 -7.970421910285949707e-01 -1.009884625673294067e-01 2.668122947216033936e-01 1.744954943656921387e+00 1.170015096664428711e+00 1.921425342559814453e+00 -3.972301781177520752e-01 -9.331964254379272461e-01 -6.349791884422302246e-01
-3.157119750976562500e-01 1.253281831741333008e+00 1.423610210418701172e+00 -1.558848977088928223e+00 2.029458522796630859e+00 -1.119706511497497559e+00 -6.090842485427856445e-01 -1.317259311676025391e+00 2.126703500747680664e+00 -5.546082854270935059e-01 -5.453438162803649902e-01 -6.685571074485778809e-01 -1.416114866733551025e-01 1.465031355619430542e-01 1.723469734191894531e+00 1.207026720046997070e+00 1.733377337455749512e+00 -3.339299261569976807e-01 -8.882754445075988770e-01 -7.394566535949707031e-01
-3.365139961242675781e-01 1.340213298797607422e+00 1.607789039611816406e+00 -1.410558223724365234e+00 1.942352890968322754e+00 -9.983278512954711914e-01 -7.017024159431457520e-01 -1.023962497711181641e+00 2.056936264038085938e+00 -7.228977084159851074e-01 -6.291176080703735352e-01 -5.956428050994873047e-01 -2.776331603527069092e-01 -1.074256151914596558e-01 1.810399055480957031e+00 1.295959711074829102e+00 1.515296220779418945e+00 -1.917584836483001709e-01 -9.773373603820800781e-01 -7.709315419197082520e-01
-5.001782178878784180e-01 1.455685973167419434e+00 1.935398697853088379e+00 -1.225640416145324707e+00 1.847113490104675293e+00 -8.865761756896972656e-01 -9.586040973663330078e-01 -7.672552466392517090e-01 1.972026944160461426e+00 -8.679583668708801270e-01 -7.711225748062133789e-01 -6.338973641395568848e-01 -5.006446242332458496e-01 -4.112185239791870117e-01 1.989464044570922852e+00 1.390317320823669434e+00 1.324048280715942383e+00 -7.505528628826141357e-03 -1.217678546905517578e+00 -6.615834832191467285e-01
-7.994616627693176270e-01 1.578937292098999023e+00 2.275229692459106445e+00 -1.123143792152404785e+00 1.834079146385192871e+00 -8.895597457885742188e-01 -1.197313427925109863e+00 -7.372513413429260254e-01 1.932075262069702148e+00 -9.965919256210327148e-01 -9.270440936088562012e-01 -7.250928878784179688e-01 -6.776773929595947266e-01 -5.331838130950927734e-01 2.243224143981933594e+00 1.503689765930175781e+00 1.279891490936279297e+00 8.272494375705718994e-02 -1.475764751434326172e+00 -5.152611732482910156e-01
-1.043615818023681641e+00 1.623032450675964355e+00 2.480921268463134766e+00 -1.034029245376586914e+00 1.846083283424377441e+00 -9.135195016860961914e-01 -1.377507567405700684e+00 -7.925053238868713379e-01 1.838711142539978027e+00 -1.029477000236511230e+00 -1.011407613754272461e+00 -8.178566098213195801e-01 -8.178409337997436523e-01 -5.234066843986511230e-01 2.365272045135498047e+00 1.599881291389465332e+00 1.322825074195861816e+00 1.488341987133026123e-01 -1.678077101707458496e+00 -4.273539781570434570e-01
-1.191149473190307617e+00 1.579468846321105957e+00 2.543983459472656250e+00 -9.783758521080017090e-01 1.809011340141296387e+00 -8.951488733291625977e-01 -1.480889081954956055e+00 -8.289180994033813477e-01 1.710087299346923828e+00 -9.888402223587036133e-01 -1.040757536888122559e+00 -8.807724714279174805e-01 -9.099071025848388672e-01 -4.678415060043334961e-01 2.386183023452758789e+00 1.634814739227294922e+00 1.365884900093078613e+00 1.922204494476318359e-01 -1.795064687728881836e+00 -3.476334512233734131e-01
-1.281195402145385742e+00 1.474869251251220703e+00 2.523772716522216797e+00 -9.469507336616516113e-01 1.744510412216186523e+00 -8.394757509231567383e-01 -1.535004019737243652e+00 -8.484967350959777832e-01 1.563404798507690430e+00 -9.110949039459228516e-01 -1.036218881607055664e+00 -9.179581999778747559e-01 -9.648157954216003418e-01 -3.893726468086242676e-01 2.354888677597045898e+00 1.639050960540771484e+00 1.398939371109008789e+00 2.225956022739410400e-01 -1.856191873550415039e+00 -2.692642807960510254e-01
-1.336434125900268555e+00 1.339646577835083008e+00 2.425170898437500000e+00 -9.467671513557434082e-01 1.653300404548645020e+00 -7.776064872741699219e-01 -1.563808441162109375e+00 -8.819228410720825195e-01 1.393214344978332520e+00 -7.900298237800598145e-01 -9.826076030731201172e-01 -9.325593709945678711e-01 -9.962291121482849121e-01 -2.764035463333129883e-01 2.287899971008300781e+00 1.628820300102233887e+00 1.434168219566345215e+00 2.212559580802917480e-01 -1.873191237449645996e+00 -1.939297318458557129e-01
-1.369281291961669922e+00 1.202641606330871582e+00 2.222589969635009766e+00 -1.020581126213073730e+00 1.512185931205749512e+00 -7.216938734054565430e-01 -1.573104739189147949e+00 -9.622873663902282715e-01 1.205207228660583496e+00 -5.979708433151245117e-01 -9.082398414611816406e-01 -9.320811629295349121e-01 -1.025165796279907227e+00 -7.510368525981903076e-02 2.157760381698608398e+00 1.574183344841003418e+00 1.510472297668457031e+00 1.853649020195007324e-01 -1.849137306213378906e+00 -1.406512111425399780e-01
-1.384455442428588867e+00 1.087435722351074219e+00 1.876417040824890137e+00 -1.165022253990173340e+00 1.306874871253967285e+00 -6.869282722473144531e-01 -1.522004842758178711e+00 -1.125781536102294922e+00 1.027459859848022461e+00 -3.505598306655883789e-01 -8.632217645645141602e-01 -9.307849407196044922e-01 -1.026242613792419434e+00 2.461398541927337646e-01 1.927380204200744629e+00 1.413998007774353027e+00 1.652965664863586426e+00 1.147833019495010376e-01 -1.763416290283203125e+00 -9.689113497734069824e-02
-1.435609579086303711e+00 1.186141967773437500e+00 1.638010144233703613e+00 -1.529955625534057617e+00 1.265506148338317871e+00 -8.368479013442993164e-01 -1.354764819145202637e+00 -1.574205756187438965e+00 1.183968186378479004e+00 -1.709816306829452515e-01 -9.274637699127197266e-01 -1.094131231307983398e+00 -9.467836022377014160e-01 5.428543686866760254e-01 1.845442175865173340e+00 1.259290695190429688e+00 2.013401031494140625e+00 -6.958931684494018555e-02 -1.728580474853515625e+00 -1.219937205314636230e-01
-1.328709840774536133e+00 1.302717566490173340e+00 1.422081708908081055e+00 -1.799440741539001465e+00 1.389989376068115234e+00 -1.097636699676513672e+00 -1.108182072639465332e+00 -1.996907353401184082e+00 1.385288357734680176e+00 -4.918354749679565430e-02 -9.378601908683776855e-01 -1.137599587440490723e+00 -7.169923782348632812e-01 7.136276960372924805e-01 1.780830025672912598e+00 1.125040531158447266e+00 2.206733942031860352e+00 -3.185525834560394287e-01 -1.554537653923034668e+00 -2.986654043197631836e-01
-1.225726366043090820e+00 1.340493559837341309e+00 1.359607696533203125e+00 -1.904121756553649902e+00 1.485734939575195312e+00 -1.326822757720947266e+00 -9.011057615280151367e-01 -2.231755018234252930e+00 1.544432401657104492e+00 -7.207319140434265137e-03 -9.438478350639343262e-01 -1.146942734718322754e+00 -5.080308318138122559e-01 8.047191500663757324e-01 1.776398062705993652e+00 1.017287135124206543e+00 2.281732797622680664e+00 -4.841888844966888428e-01 -1.412892103195190430e+00 -3.930960893630981445e-01
-1.154806375503540039e+00 1.347759485244750977e+00 1.341744422912597656e+00 -1.924827575683593750e+00 1.551103949546813965e+00 -1.467041373252868652e+00 -7.738361954689025879e-01 -2.360931634902954102e+00 1.650246977806091309e+00 1.233011484146118164e-03 -9.419423937797546387e-01 -1.163544297218322754e+00 -3.724111914634704590e-01 8.069264888763427734e-01 1.804666876792907715e+00 9.642778635025024414e-01 2.303758621215820312e+00 -5.823556780815124512e-01 -1.327929615974426270e+00 -4.229457676410675049e-01
-1.109612703323364258e+00 1.336828470230102539e+00 1.332336306571960449e+00 -1.916515827178955078e+00 1.604669928550720215e+00 -1.548312664031982422e+00 -6.731352210044860840e-01 -2.432067394256591797e+00 1.706709384918212891e+00 -1.105874031782150269e-02 -9.592412710189819336e-01 -1.168752670288085938e+00 -2.699775397777557373e-01 7.905457615852355957e-01 1.830902814865112305e+00 9.287879467010498047e-01 2.287543535232543945e+00 -6.389041543006896973e-01 -1.261772394180297852e+00 -4.248625040054321289e-01
-1.082263708114624023e+00 1.327853679656982422e+00 1.344337463378906250e+00 -1.884171962738037109e+00 1.641843080520629883e+00 -1.611749649047851562e+00 -5.810270905494689941e-01 -2.481566905975341797e+00 1.735170006752014160e+00 -1.141830533742904663e-02 -9.948776960372924805e-01 -1.179746747016906738e+00 -1.979858428239822388e-01 7.530220746994018555e-01 1.862695097923278809e+00 8.913431167602539062e-01 2.250153064727783203e+00 -6.865382194519042969e-01 -1.221272826194763184e+00 -4.290991723537445068e-01
-1.042002916336059570e+00 1.293445229530334473e+00 1.367298126220703125e+00 -1.798500061035156250e+00 1.668094158172607422e+00 -1.663923144340515137e+00 -4.711707830429077148e-01 -2.510036468505859375e+00 1.754335284233093262e+00 4.976764321327209473e-04 -1.052936077117919922e+00 -1.212127804756164551e+00 -1.265790164470672607e-01 6.808241605758666992e-01 1.886075854301452637e+00 8.406891822814941406e-01 2.194471597671508789e+00 -7.122493982315063477e-01 -1.184398412704467773e+00 -4.331570565700531006e-01
-9.920476675033569336e-01 1.222450137138366699e+00 1.387629628181457520e+00 -1.640159368515014648e+00 1.663256168365478516e+00 -1.695845842361450195e+00 -3.581121563911437988e-01 -2.490416765213012695e+00 1.726284146308898926e+00 1.748032867908477783e-02 -1.108794927597045898e+00 -1.235180854797363281e+00 -6.294043362140655518e-02 5.857566595077514648e-01 1.870775103569030762e+00 7.756800651550292969e-01 2.082271814346313477e+00 -7.088509202003479004e-01 -1.139568448066711426e+00 -4.123228192329406738e-01
-9.356865286827087402e-01 1.161406874656677246e+00 1.511804580688476562e+00 -1.402550816535949707e+00 1.741627216339111328e+00 -1.766464710235595703e+00 -3.336273729801177979e-01 -2.432023525238037109e+00 1.741793394088745117e+00 2.416913956403732300e-02 -1.158477902412414551e+00 -1.295123934745788574e+00 1.297877356410026550e-02 4.326142668724060059e-01 1.890649676322937012e+00 7.567896842956542969e-01 1.952175021171569824e+00 -6.726966500282287598e-01 -1.144099712371826172e+00 -3.651674687862396240e-01
-9.025189876556396484e-01 1.151849389076232910e+00 1.647727727890014648e+00 -1.078794479370117188e+00 1.844450473785400391e+00 -1.822680115699768066e+00 -3.844028413295745850e-01 -2.309129476547241211e+00 1.739110946655273438e+00 -3.159227594733238220e-02 -1.199370980262756348e+00 -1.312709212303161621e+00 7.348345965147018433e-02 2.252881973981857300e-01 1.924779534339904785e+00 7.613193988800048828e-01 1.737637639045715332e+00 -6.231120824813842773e-01 -1.149036049842834473e+00 -3.082155883312225342e-01
-9.142730832099914551e-01 1.192999958992004395e+00 1.729448914527893066e+00 -8.234275579452514648e-01 1.931197643280029297e+00 -1.822259664535522461e+00 -5.173881649971008301e-01 -2.167512178421020508e+00 1.718637585639953613e+00 -1.074576675891876221e-01 -1.183325886726379395e+00 -1.287311673164367676e+00 8.455425500869750977e-02 1.013310402631759644e-01 1.934551835060119629e+00 7.864205837249755859e-01 1.558476924896240234e+00 -5.886078476905822754e-01 -1.144240140914916992e+00 -2.446448802947998047e-01
-9.240031838417053223e-01 1.235892772674560547e+00 1.718071818351745605e+00 -6.207321286201477051e-01 1.936690926551818848e+00 -1.757684946060180664e+00 -6.677835583686828613e-01 -1.993316769599914551e+00 1.643975734710693359e+00 -1.852779537439346313e-01 -1.106211066246032715e+00 -1.189898729324340820e+00 5.376953631639480591e-02 4.222936183214187622e-02 1.864207744598388672e+00 7.913007736206054688e-01 1.378535509109497070e+00 -5.509532690048217773e-01 -1.107560038566589355e+00 -1.883948892354965210e-01
-9.502952694892883301e-01 1.320699691772460938e+00 1.621860861778259277e+00 -5.199915766716003418e-01 1.878508567810058594e+00 -1.657413840293884277e+00 -8.486195802688598633e-01 -1.845574021339416504e+00 1.537760972976684570e+00 -2.550264596939086914e-01 -9.638744592666625977e-01 -1.056638479232788086e+00 -3.571849688887596130e-02 5.352301895618438721e-02 1.738944768905639648e+00 7.953932285308837891e-01 1.253666996955871582e+00 -5.303121209144592285e-01 -1.070075273513793945e+00 -1.603055000305175781e-01
-9.837466478347778320e-01 1.451684832572937012e+00 1.531796336174011230e+00 -5.444142818450927734e-01 1.832436323165893555e+00 -1.596091389656066895e+00 -9.982694983482360840e-01 -1.764191985130310059e+00 1.505323052406311035e+00 -3.539406061172485352e-01 -8.241014480590820312e-01 -9.053482413291931152e-01 -1.597485840320587158e-01 1.625301539897918701e-01 1.627444148063659668e+00 7.935953140258789062e-01 1.237458348274230957e+00 -5.347959995269775391e-01 -1.029554843902587891e+00 -1.489740610122680664e-01
-9.926663041114807129e-01 1.604438781738281250e+00 1.405117034912109375e+00 -6.516438126564025879e-01 1.810828566551208496e+00 -1.537824511528015137e+00 -1.086778283119201660e+00 -1.721475839614868164e+00 1.547250151634216309e+00 -4.709201455116271973e-01 -6.705066561698913574e-01 -7.349989414215087891e-01 -2.448912113904953003e-01 3.222455978393554688e-01 1.504840016365051270e+00 7.957912683486938477e-01 1.289526939392089844e+00 -5.792562961578369141e-01 -9.586316347122192383e-01 -2.047311663627624512e-01
-1.044056177139282227e+00 1.750395536422729492e+00 1.325620532035827637e+00 -8.236994743347167969e-01 1.783599376678466797e+00 -1.500187158584594727e+00 -1.160008788108825684e+00 -1.719322800636291504e+00 1.608328223228454590e+00 -5.669454336166381836e-01 -5.692030787467956543e-01 -5.975993275642395020e-01 -3.043213486671447754e-01 5.098418593406677246e-01 1.454072952270507812e+00 7.947853803634643555e-01 1.364114165306091309e+00 -6.426754593849182129e-01 -9.040953516960144043e-01 -2.582573294639587402e-01
-1.112036705017089844e+00 1.911878705024719238e+00 1.319923281669616699e+00 -1.015648841857910156e+00 1.827967047691345215e+00 -1.520422816276550293e+00 -1.213282227516174316e+00 -1.757436156272888184e+00 1.721498370170593262e+00 -6.826625466346740723e-01 -5.456930994987487793e-01 -4.978943467140197754e-01 -3.158924281597137451e-01 6.619729399681091309e-01 1.489657521247863770e+00 8.562209606170654297e-01 1.453488469123840332e+00 -6.978143453598022461e-01 -8.714160323143005371e-01 -3.360349237918853760e-01
-1.168809413909912109e+00 2.023183822631835938e+00 1.342111349105834961e+00 -1.126333951950073242e+00 1.893383383750915527e+00 -1.550761103630065918e+00 -1.215802788734436035e+00 -1.796808600425720215e+00 1.806809306144714355e+00 -7.931225299835205078e-01 -5.812880396842956543e-01 -4.260986447334289551e-01 -3.006098866462707520e-01 7.464847564697265625e-01 1.547845125198364258e+00 9.070451259613037109e-01 1.492694735527038574e+00 -7.341489195823669434e-01 -8.368760347366333008e-01 -4.207845032215118408e-01
-1.198028087615966797e+00 2.092434406280517578e+00 1.379183292388916016e+00 -1.136750578880310059e+00 1.952910900115966797e+00 -1.593510746955871582e+00 -1.176424145698547363e+00 -1.834100365638732910e+00 1.860783100128173828e+00 -8.730564117431640625e-01 -6.522404551506042480e-01 -3.870164155960083008e-01 -2.671988904476165771e-01 7.581264376640319824e-01 1.605090498924255371e+00 9.129080772399902344e-01 1.474832534790039062e+00 -7.695680260658264160e-01 -8.100554347038269043e-01 -4.841874837875366211e-01
-1.191072463989257812e+00 2.100785017013549805e+00 1.425931930541992188e+00 -1.031837582588195801e+00 2.001427173614501953e+00 -1.629419445991516113e+00 -1.094362497329711914e+00 -1.840393185615539551e+00 1.864415764808654785e+00 -9.236546158790588379e-01 -7.485797405242919922e-01 -3.613262176513671875e-01 -2.219278067350387573e-01 6.954073905944824219e-01 1.650906324386596680e+00 8.718943595886230469e-01 1.373772144317626953e+00 -7.980821728706359863e-01 -7.790180444717407227e-01 -5.258634686470031738e-01
-1.143015146255493164e+00 2.020683288574218750e+00 1.470875859260559082e+00 -8.441697359085083008e-01 2.009254455566406250e+00 -1.633118033409118652e+00 -9.902251362800598145e-01 -1.818764567375183105e+00 1.791463375091552734e+00 -8.940456509590148926e-01 -8.591138124465942383e-01 -3.829524517059326172e-01 -1.692504882812500000e-01 5.585949420928955078e-01 1.680667519569396973e+00 7.884091138839721680e-01 1.216877222061157227e+00 -7.878427505493164062e-01 -7.592960596084594727e-01 -5.343905687332153320e-01
-1.111763238906860352e+00 1.848353266716003418e+00 1.542145729064941406e+00 -6.256873607635498047e-01 1.997656464576721191e+00 -1.628920793533325195e+00 -8.925780057907104492e-01 -1.790657162666320801e+00 1.711300373077392578e+00 -7.950058579444885254e-01 -1.010531544685363770e+00 -5.101879239082336426e-01 -1.087375134229660034e-01 3.898460865020751953e-01 1.757064461708068848e+00 7.250465154647827148e-01 1.091020822525024414e+00 -7.368159294128417969e-01 -7.701471447944641113e-01 -4.824184775352478027e-01
-1.098412036895751953e+00 1.699889302253723145e+00 1.673714041709899902e+00 -4.373961687088012695e-01 2.064671754837036133e+00 -1.660828828811645508e+00 -7.904077768325805664e-01 -1.814435124397277832e+00 1.709626317024230957e+00 -7.267650365829467773e-01 -1.160331487655639648e+00 -6.877385377883911133e-01 -7.940863072872161865e-02 2.108624130487442017e-01 1.891019105911254883e+00 7.055047750473022461e-01 1.045829534530639648e+00 -7.000427246093750000e-01 -8.240173459053039551e-01 -4.356710314750671387e-01
-1.094612836837768555e+00 1.587836861610412598e+00 1.791536927223205566e+00 -3.307926058769226074e-01 2.164927005767822266e+00 -1.688388466835021973e+00 -7.406532764434814453e-01 -1.838271856307983398e+00 1.743618488311767578e+00 -6.921167373657226562e-01 -1.271800756454467773e+00 -8.288485407829284668e-01 -3.852775320410728455e-02 7.568286359310150146e-02 2.018171787261962891e+00 7.594145536422729492e-01 1.053872108459472656e+00 -6.568034291267395020e-01 -8.818725943565368652e-01 -4.126666784286499023e-01
-1.113673925399780273e+00 1.514458417892456055e+00 1.872475028038024902e+00 -2.888484895229339600e-01 2.247869491577148438e+00 -1.711449027061462402e+00 -7.243881225585937500e-01 -1.877205014228820801e+00 1.789651274681091309e+00 -6.764185428619384766e-01 -1.343550920486450195e+00 -9.315193295478820801e-01 -1.510524004697799683e-02 2.810151129961013794e-02 2.090099096298217773e+00 8.044652938842773438e-01 1.103880286216735840e+00 -6.163659095764160156e-01 -9.276431798934936523e-01 -3.793997764587402344e-01
-1.140501737594604492e+00 1.462734699249267578e+00 1.909521341323852539e+00 -2.790890038013458252e-01 2.293766021728515625e+00 -1.728040695190429688e+00 -7.163740992546081543e-01 -1.930276155471801758e+00 1.809816479682922363e+00 -6.518930196762084961e-01 -1.389481186866760254e+00 -1.013496875762939453e+00 -1.454360783100128174e-03 1.636328175663948059e-02 2.129865407943725586e+00 8.330057859420776367e-01 1.165354251861572266e+00 -5.874607563018798828e-01 -9.655491709709167480e-01 -3.480112552642822266e-01
-1.170806646347045898e+00 1.427724242210388184e+00 1.907079815864562988e+00 -2.951218187808990479e-01 2.312900066375732422e+00 -1.740426063537597656e+00 -7.002978920936584473e-01 -1.997530221939086914e+00 1.808522343635559082e+00 -6.233623623847961426e-01 -1.412248253822326660e+00 -1.069551229476928711e+00 7.920136675238609314e-03 3.513258323073387146e-02 2.145934820175170898e+00 8.507593870162963867e-01 1.227560162544250488e+00 -5.767322778701782227e-01 -9.875275492668151855e-01 -3.301406502723693848e-01
-1.203022956848144531e+00 1.407727479934692383e+00 1.868013381958007812e+00 -3.425502479076385498e-01 2.304536104202270508e+00 -1.753110408782958984e+00 -6.663305759429931641e-01 -2.083115577697753906e+00 1.790403962135314941e+00 -5.910316705703735352e-01 -1.412567496299743652e+00 -1.101181149482727051e+00 1.456377282738685608e-02 8.424936980009078979e-02 2.141102790832519531e+00 8.591244220733642578e-01 1.292726755142211914e+00 -5.856789350509643555e-01 -9.943162202835083008e-01 -3.286961019039154053e-01
-1.228122949600219727e+00 1.398453831672668457e+00 1.784960865974426270e+00 -4.262743890285491943e-01 2.268647909164428711e+00 -1.760095834732055664e+00 -6.121198534965515137e-01 -2.181777238845825195e+00 1.754462361335754395e+00 -5.532978773117065430e-01 -1.385865330696105957e+00 -1.104733705520629883e+00 1.851443201303482056e-02 1.651244759559631348e-01 2.105458498001098633e+00 8.589637279510498047e-01 1.366535663604736328e+00 -6.110569238662719727e-01 -9.827125668525695801e-01 -3.516743481159210205e-01
-1.234587669372558594e+00 1.410446763038635254e+00 1.672351598739624023e+00 -5.661901831626892090e-01 2.214256763458251953e+00 -1.761135578155517578e+00 -5.447160005569458008e-01 -2.276740074157714844e+00 1.717571616172790527e+00 -5.263531804084777832e-01 -1.327288866043090820e+00 -1.058586597442626953e+00 8.469579741358757019e-03 2.879488468170166016e-01 2.026535511016845703e+00 8.502755165100097656e-01 1.451936125755310059e+00 -6.448457837104797363e-01 -9.524296522140502930e-01 -4.106849133968353271e-01
-1.202034235000610352e+00 1.416985750198364258e+00 1.551842808723449707e+00 -7.661297917366027832e-01 2.126188755035400391e+00 -1.746601343154907227e+00 -4.562633037567138672e-01 -2.324144601821899414e+00 1.685014128684997559e+00 -5.109751820564270020e-01 -1.260363698005676270e+00 -9.622318744659423828e-01 -3.659669682383537292e-02 4.458382129669189453e-01 1.907065749168395996e+00 8.100054264068603516e-01 1.534396409988403320e+00 -6.719167828559875488e-01 -9.122258424758911133e-01 -4.729018211364746094e-01
-1.130363941192626953e+00 1.376352190971374512e+00 1.477318406105041504e+00 -9.712823629379272461e-01 2.021110296249389648e+00 -1.730383157730102539e+00 -3.696176409721374512e-01 -2.311204910278320312e+00 1.673501014709472656e+00 -4.781750440597534180e-01 -1.197356700897216797e+00 -8.823633790016174316e-01 -7.900163531303405762e-02 5.673447847366333008e-01 1.801467776298522949e+00 7.721008062362670898e-01 1.605454206466674805e+00 -6.758982539176940918e-01 -8.941320776939392090e-01 -5.104910731315612793e-01
-1.039726376533508301e+00 1.313027620315551758e+00 1.405933380126953125e+00 -1.161322951316833496e+00 1.903255224227905273e+00 -1.687871575355529785e+00 -2.987338304519653320e-01 -2.254075527191162109e+00 1.645024299621582031e+00 -4.161400198936462402e-01 -1.120037555694580078e+00 -8.310757279396057129e-01 -1.050648391246795654e-01 6.458539366722106934e-01 1.721865296363830566e+00 7.476911544799804688e-01 1.663970351219177246e+00 -6.743386387825012207e-01 -8.805997967720031738e-01 -5.398674607276916504e-01
-9.549164772033691406e-01 1.218572497367858887e+00 1.370080113410949707e+00 -1.292100191116333008e+00 1.762978315353393555e+00 -1.623136639595031738e+00 -2.256654500961303711e-01 -2.146124839782714844e+00 1.573551416397094727e+00 -3.384611308574676514e-01 -1.052111506462097168e+00 -8.004163503646850586e-01 -1.419224739074707031e-01 6.506549715995788574e-01 1.681201577186584473e+00 7.550455331802368164e-01 1.678846240043640137e+00 -6.482948064804077148e-01 -8.912177681922912598e-01 -5.701401829719543457e-01
-8.693422675132751465e-01 1.044654369354248047e+00 1.381603956222534180e+00 -1.333127260208129883e+00 1.620718836784362793e+00 -1.514871716499328613e+00 -1.487528979778289795e-01 -1.993967056274414062e+00 1.472321748733520508e+00 -2.381760776042938232e-01 -9.987219572067260742e-01 -8.231767416000366211e-01 -1.883443146944046021e-01 5.396669507026672363e-01 1.697068095207214355e+00 8.254256248474121094e-01 1.643395662307739258e+00 -5.913364291191101074e-01 -9.520992636680603027e-01 -5.789291858673095703e-01
-7.798726558685302734e-01 7.898955941200256348e-01 1.611464142799377441e+00 -1.270424723625183105e+00 1.500383138656616211e+00 -1.347172021865844727e+00 -2.159626334905624390e-01 -1.699820041656494141e+00 1.365377902984619141e+00 -1.089032441377639771e-01 -9.403591752052307129e-01 -9.723408222198486328e-01 -2.650213837623596191e-01 2.316403090953826904e-01 1.821860671043395996e+00 9.753469228744506836e-01 1.566246509552001953e+00 -4.112425446510314941e-01 -1.164007663726806641e+00 -4.641762673854827881e-01
-7.292370796203613281e-01 6.498259305953979492e-01 2.078978538513183594e+00 -1.156631350517272949e+00 1.570287704467773438e+00 -1.182339072227478027e+00 -5.169185400009155273e-01 -1.313469052314758301e+00 1.414686918258666992e+00 -1.362776011228561401e-01 -9.344839453697204590e-01 -1.149222731590270996e+00 -4.153277277946472168e-01 -1.454680263996124268e-01 2.087596654891967773e+00 1.183970451354980469e+00 1.532755374908447266e+00 -1.348839998245239258e-01 -1.477265357971191406e+00 -2.530948817729949951e-01
-8.250672817230224609e-01 6.993993520736694336e-01 2.325504541397094727e+00 -1.082394957542419434e+00 1.703377842903137207e+00 -1.082473278045654297e+00 -8.403482437133789062e-01 -1.152607560157775879e+00 1.508491992950439453e+00 -2.611772119998931885e-01 -9.744799733161926270e-01 -1.242621898651123047e+00 -6.066697239875793457e-01 -3.148487806320190430e-01 2.274652719497680664e+00 1.358710646629333496e+00 1.594009041786193848e+00 7.835227996110916138e-03 -1.697550654411315918e+00 -1.102758198976516724e-01
-8.751277327537536621e-01 7.621233463287353516e-01 2.381733179092407227e+00 -1.045668840408325195e+00 1.735162973403930664e+00 -9.928668737411499023e-01 -1.036194443702697754e+00 -1.053250908851623535e+00 1.528371810913085938e+00 -3.297509551048278809e-01 -9.725124239921569824e-01 -1.249420285224914551e+00 -7.253335714340209961e-01 -3.800085186958312988e-01 2.314656734466552734e+00 1.420001626014709473e+00 1.600575804710388184e+00 7.598930597305297852e-02 -1.787668704986572266e+00 -4.517753049731254578e-02
-9.074572324752807617e-01 8.608614802360534668e-01 2.386050701141357422e+00 -1.105472445487976074e+00 1.746645808219909668e+00 -9.475104808807373047e-01 -1.158775329589843750e+00 -1.021181225776672363e+00 1.549722313880920410e+00 -3.748299777507781982e-01 -9.478211402893066406e-01 -1.216002941131591797e+00 -7.875165343284606934e-01 -3.754310607910156250e-01 2.345043659210205078e+00 1.469942569732666016e+00 1.618854165077209473e+00 8.406810462474822998e-02 -1.830463647842407227e+00 -4.963029548525810242e-02
-9.250301718711853027e-01 9.923571944236755371e-01 2.333220958709716797e+00 -1.214590072631835938e+00 1.700196027755737305e+00 -8.900103569030761719e-01 -1.245135784149169922e+00 -9.930894374847412109e-01 1.557849287986755371e+00 -4.170452356338500977e-01 -8.944346308708190918e-01 -1.153491377830505371e+00 -8.427600860595703125e-01 -3.519840836524963379e-01 2.340418815612792969e+00 1.501282930374145508e+00 1.630254626274108887e+00 6.923733651638031006e-02 -1.841100335121154785e+00 -9.890761971473693848e-02
-9.303305149078369141e-01 1.149125814437866211e+00 2.230681180953979492e+00 -1.357749104499816895e+00 1.634654879570007324e+00 -8.202242851257324219e-01 -1.301423192024230957e+00 -9.752089381217956543e-01 1.582117915153503418e+00 -4.631146490573883057e-01 -8.276142477989196777e-01 -1.071610450744628906e+00 -8.743647336959838867e-01 -3.112813830375671387e-01 2.308151245117187500e+00 1.516259551048278809e+00 1.639165163040161133e+00 3.877547755837440491e-02 -1.814409136772155762e+00 -1.834550052881240845e-01
-9.115749001502990723e-01 1.302931070327758789e+00 2.080327272415161133e+00 -1.495645403861999512e+00 1.540153384208679199e+00 -7.420808076858520508e-01 -1.308550000190734863e+00 -9.542360305786132812e-01 1.598385453224182129e+00 -5.023528933525085449e-01 -7.590968608856201172e-01 -9.684245586395263672e-01 -8.828669786453247070e-01 -2.624638676643371582e-01 2.228858470916748047e+00 1.499716639518737793e+00 1.623969912528991699e+00 2.952106297016143799e-04 -1.743395566940307617e+00 -2.973062098026275635e-01
-8.875477313995361328e-01 1.447141408920288086e+00 1.934668183326721191e+00 -1.592680811882019043e+00 1.477796196937561035e+00 -6.953597068786621094e-01 -1.277940034866333008e+00 -9.501531124114990234e-01 1.613757014274597168e+00 -5.583316683769226074e-01 -7.031186819076538086e-01 -8.509443998336791992e-01 -8.741104006767272949e-01 -1.865623742341995239e-01 2.107096195220947266e+00 1.476636648178100586e+00 1.605517864227294922e+00 -2.625705301761627197e-02 -1.647785902023315430e+00 -4.457944035530090332e-01
-8.771953582763671875e-01 1.555931687355041504e+00 1.828019261360168457e+00 -1.653033137321472168e+00 1.487316370010375977e+00 -6.694160699844360352e-01 -1.219629764556884766e+00 -9.630311727523803711e-01 1.643288850784301758e+00 -6.424776911735534668e-01 -6.891604661941528320e-01 -7.473065257072448730e-01 -8.464662432670593262e-01 -1.019134968519210815e-01 1.989163517951965332e+00 1.436329245567321777e+00 1.590620398521423340e+00 -3.014430589973926544e-02 -1.534776926040649414e+00 -5.681501626968383789e-01
-8.691867589950561523e-01 1.608921766281127930e+00 1.759167313575744629e+00 -1.658691883087158203e+00 1.508374214172363281e+00 -6.504991054534912109e-01 -1.143077373504638672e+00 -9.689757227897644043e-01 1.674676060676574707e+00 -7.216373085975646973e-01 -7.051474452018737793e-01 -6.772934198379516602e-01 -8.110085725784301758e-01 -6.806021928787231445e-02 1.906406760215759277e+00 1.404280304908752441e+00 1.566185832023620605e+00 -2.789369225502014160e-02 -1.442615747451782227e+00 -6.586649417877197266e-01
-8.637704849243164062e-01 1.626756787300109863e+00 1.753624320030212402e+00 -1.617865443229675293e+00 1.541001200675964355e+00 -6.465686559677124023e-01 -1.103159189224243164e+00 -9.568099379539489746e-01 1.711107254028320312e+00 -7.863761186599731445e-01 -7.441423535346984863e-01 -6.483416557312011719e-01 -7.722070813179016113e-01 -8.062200248241424561e-02 1.884330868721008301e+00 1.393210530281066895e+00 1.542087674140930176e+00 -3.812853246927261353e-03 -1.393145442008972168e+00 -6.992128491401672363e-01
-8.646540641784667969e-01 1.617699623107910156e+00 1.805328249931335449e+00 -1.546865463256835938e+00 1.589987158775329590e+00 -6.447803974151611328e-01 -1.105151176452636719e+00 -9.213625192642211914e-01 1.744129300117492676e+00 -8.414391875267028809e-01 -7.915757894515991211e-01 -6.440125703811645508e-01 -7.397480010986328125e-01 -1.301382780075073242e-01 1.925175547599792480e+00 1.414702773094177246e+00 1.512302637100219727e+00 3.550206497311592102e-02 -1.381123065948486328e+00 -7.002542018890380859e-01
-8.767629265785217285e-01 1.596653580665588379e+00 1.903318643569946289e+00 -1.468383669853210449e+00 1.651862502098083496e+00 -6.440564393997192383e-01 -1.150257945060729980e+00 -8.681470155715942383e-01 1.770326137542724609e+00 -8.879191279411315918e-01 -8.379483819007873535e-01 -6.563021540641784668e-01 -7.251483201980590820e-01 -2.013523429632186890e-01 2.018846273422241211e+00 1.464138627052307129e+00 1.482054591178894043e+00 7.939726114273071289e-02 -1.407590508460998535e+00 -6.665208935737609863e-01
-9.152345657348632812e-01 1.584144592285156250e+00 2.027932167053222656e+00 -1.410547018051147461e+00 1.707855343818664551e+00 -6.606429815292358398e-01 -1.236771345138549805e+00 -8.244776129722595215e-01 1.785063385963439941e+00 -9.168216586112976074e-01 -8.681153059005737305e-01 -6.828307509422302246e-01 -7.438745498657226562e-01 -2.652068734169006348e-01 2.143522024154663086e+00 1.539038181304931641e+00 1.470836997032165527e+00 1.084879040718078613e-01 -1.476893424987792969e+00 -6.056671142578125000e-01
-9.872944951057434082e-01 1.585727691650390625e+00 2.146940708160400391e+00 -1.382193207740783691e+00 1.753623485565185547e+00 -6.922528743743896484e-01 -1.344619154930114746e+00 -8.159016370773315430e-01 1.783164501190185547e+00 -9.312958121299743652e-01 -8.747254610061645508e-01 -7.176284790039062500e-01 -7.859786748886108398e-01 -3.016589283943176270e-01 2.271345853805541992e+00 1.632198572158813477e+00 1.483968496322631836e+00 1.192993074655532837e-01 -1.566277742385864258e+00 -5.281938910484313965e-01
-1.053956627845764160e+00 1.606606483459472656e+00 2.229310512542724609e+00 -1.390655517578125000e+00 1.794524431228637695e+00 -7.180939912796020508e-01 -1.452991127967834473e+00 -8.234942555427551270e-01 1.776087284088134766e+00 -9.394585490226745605e-01 -8.573436141014099121e-01 -7.384796738624572754e-01 -8.323773741722106934e-01 -3.057731986045837402e-01 2.367855310440063477e+00 1.713631033897399902e+00 1.513133645057678223e+00 1.190068870782852173e-01 -1.641288518905639648e+00 -4.633907973766326904e-01
-1.101016521453857422e+00 1.641560196876525879e+00 2.267535686492919922e+00 -1.419961571693420410e+00 1.814027428627014160e+00 -7.357501983642578125e-01 -1.546895503997802734e+00 -8.350529074668884277e-01 1.765667319297790527e+00 -9.393444657325744629e-01 -8.198373913764953613e-01 -7.420210838317871094e-01 -8.745464682579040527e-01 -2.913427948951721191e-01 2.423090696334838867e+00 1.772887229919433594e+00 1.542955756187438965e+00 1.067048758268356323e-01 -1.694181084632873535e+00 -4.213068485260009766e-01
-1.135179758071899414e+00 1.686470746994018555e+00 2.275753974914550781e+00 -1.452288508415222168e+00 1.806138396263122559e+00 -7.541465759277343750e-01 -1.634151101112365723e+00 -8.485531806945800781e-01 1.754848837852478027e+00 -9.290412068367004395e-01 -7.681676745414733887e-01 -7.374094128608703613e-01 -9.079638123512268066e-01 -2.706216573715209961e-01 2.451595306396484375e+00 1.811964631080627441e+00 1.565416336059570312e+00 8.490696549415588379e-02 -1.729343533515930176e+00 -3.867825567722320557e-01
-1.155470132827758789e+00 1.726106405258178711e+00 2.266824722290039062e+00 -1.480278015136718750e+00 1.780752897262573242e+00 -7.697975635528564453e-01 -1.697381377220153809e+00 -8.547751307487487793e-01 1.741170525550842285e+00 -9.142049551010131836e-01 -7.230641841888427734e-01 -7.283355593681335449e-01 -9.345520138740539551e-01 -2.502071261405944824e-01 2.457104921340942383e+00 1.830217003822326660e+00 1.577093720436096191e+00 6.138841435313224792e-02 -1.750126004219055176e+00 -3.634498417377471924e-01
-1.166072607040405273e+00 1.756610631942749023e+00 2.255711793899536133e+00 -1.492441415786743164e+00 1.758946776390075684e+00 -7.813699245452880859e-01 -1.739473104476928711e+00 -8.544849157333374023e-01 1.731668710708618164e+00 -9.062116146087646484e-01 -6.920145153999328613e-01 -7.180423736572265625e-01 -9.514209032058715820e-01 -2.382824271917343140e-01 2.451493024826049805e+00 1.835355877876281738e+00 1.577111244201660156e+00 4.362699761986732483e-02 -1.759361505508422852e+00 -3.484134078025817871e-01
-1.170592784881591797e+00 1.774750709533691406e+00 2.252160310745239258e+00 -1.482808351516723633e+00 1.749569773674011230e+00 -7.910134792327880859e-01 -1.764686107635498047e+00 -8.481426835060119629e-01 1.728419303894042969e+00 -9.076943397521972656e-01 -6.793856024742126465e-01 -7.105760574340820312e-01 -9.592384099960327148e-01 -2.379524558782577515e-01 2.442088603973388672e+00 1.831907033920288086e+00 1.567146062850952148e+00 3.505450114607810974e-02 -1.761680841445922852e+00 -3.372565805912017822e-01
-1.171148777008056641e+00 1.775078773498535156e+00 2.262285470962524414e+00 -1.443655729293823242e+00 1.757724761962890625e+00 -7.988713979721069336e-01 -1.775374889373779297e+00 -8.346671462059020996e-01 1.731550097465515137e+00 -9.198483824729919434e-01 -6.892506480216979980e-01 -7.094469070434570312e-01 -9.571116566658020020e-01 -2.515672445297241211e-01 2.431848526000976562e+00 1.820918679237365723e+00 1.546979308128356934e+00 3.952134773135185242e-02 -1.759328007698059082e+00 -3.249458074569702148e-01
-1.166982889175415039e+00 1.747130393981933594e+00 2.287889242172241211e+00 -1.360683202743530273e+00 1.787556767463684082e+00 -8.045715093612670898e-01 -1.767373204231262207e+00 -8.117417097091674805e-01 1.738676190376281738e+00 -9.436041712760925293e-01 -7.268921732902526855e-01 -7.170795202255249023e-01 -9.404194951057434082e-01 -2.820985317230224609e-01 2.418073654174804688e+00 1.798321604728698730e+00 1.511527061462402344e+00 6.108727678656578064e-02 -1.749073982238769531e+00 -3.064946830272674561e-01
-1.152002811431884766e+00 1.667271733283996582e+00 2.322654724121093750e+00 -1.205810546875000000e+00 1.838687300682067871e+00 -8.041355609893798828e-01 -1.724088311195373535e+00 -7.733048200607299805e-01 1.741181135177612305e+00 -9.776609539985656738e-01 -8.009079694747924805e-01 -7.355129718780517578e-01 -8.965282440185546875e-01 -3.331617712974548340e-01 2.386056423187255859e+00 1.748887896537780762e+00 1.446913719177246094e+00 1.066022217273712158e-01 -1.717779636383056641e+00 -2.747608125209808350e-01
-1.111264705657958984e+00 1.510324478149414062e+00 2.340346336364746094e+00 -9.776524305343627930e-01 1.891347646713256836e+00 -8.075691461563110352e-01 -1.579712986946105957e+00 -7.407687902450561523e-01 1.733507275581359863e+00 -1.004269480705261230e+00 -9.206719994544982910e-01 -7.778431177139282227e-01 -8.005088567733764648e-01 -3.959352970123291016e-01 2.319061279296875000e+00 1.640670299530029297e+00 1.348162174224853516e+00 1.655762791633605957e-01 -1.640281558036804199e+00 -2.395749092102050781e-01
-1.057308912277221680e+00 1.270208954811096191e+00 2.283965826034545898e+00 -6.467567086219787598e-01 1.951631546020507812e+00 -9.005171060562133789e-01 -1.278631329536437988e+00 -8.339319229125976562e-01 1.717547059059143066e+00 -9.599723815917968750e-01 -1.123645901679992676e+00 -8.763444423675537109e-01 -5.841156244277954102e-01 -4.049968719482421875e-01 2.204764842987060547e+00 1.398527979850769043e+00 1.215625405311584473e+00 1.589154899120330811e-01 -1.448166847229003906e+00 -1.823783814907073975e-01
-1.030969500541687012e+00 1.035370707511901855e+00 2.138071298599243164e+00 -3.272978067398071289e-01 2.068361520767211914e+00 -1.087167143821716309e+00 -8.770791888236999512e-01 -1.159836053848266602e+00 1.745091319084167480e+00 -8.059411048889160156e-01 -1.351201057434082031e+00 -1.040394067764282227e+00 -2.761304676532745361e-01 -3.020645380020141602e-01 2.105741024017333984e+00 1.091306567192077637e+00 1.152997970581054688e+00 1.258790493011474609e-02 -1.183322787284851074e+00 -1.639411449432373047e-01
-1.036225914955139160e+00 1.046221494674682617e+00 1.944641709327697754e+00 -2.439278811216354370e-01 2.193728446960449219e+00 -1.322252392768859863e+00 -6.555002927780151367e-01 -1.510168313980102539e+00 1.795119404792785645e+00 -6.894717812538146973e-01 -1.457759499549865723e+00 -1.050683617591857910e+00 -7.876081764698028564e-02 -1.120067238807678223e-01 2.062003612518310547e+00 9.438773393630981445e-01 1.182299494743347168e+00 -2.306159585714340210e-01 -9.743022918701171875e-01 -2.788915634155273438e-01
-1.083112597465515137e+00 1.153157353401184082e+00 1.806011557579040527e+00 -3.227007091045379639e-01 2.213049888610839844e+00 -1.448376059532165527e+00 -5.602167248725891113e-01 -1.791516661643981934e+00 1.816622614860534668e+00 -6.335130929946899414e-01 -1.472092628479003906e+00 -1.078405499458312988e+00 -3.501230850815773010e-02 -1.198402047157287598e-02 2.058389902114868164e+00 8.826442956924438477e-01 1.298162221908569336e+00 -3.905691504478454590e-01 -9.169177412986755371e-01 -3.547719717025756836e-01
-1.140237092971801758e+00 1.306243181228637695e+00 1.696166276931762695e+00 -4.599050879478454590e-01 2.161959409713745117e+00 -1.488441824913024902e+00 -5.215534567832946777e-01 -1.954757571220397949e+00 1.812318325042724609e+00 -6.472760438919067383e-01 -1.456084251403808594e+00 -1.051387786865234375e+00 -7.248190045356750488e-02 9.083434939384460449e-02 2.021854162216186523e+00 8.388144969940185547e-01 1.394123196601867676e+00 -4.672548472881317139e-01 -8.982583880424499512e-01 -4.366990327835083008e-01
-1.184768915176391602e+00 1.536686897277832031e+00 1.630101442337036133e+00 -6.341281533241271973e-01 2.074593305587768555e+00 -1.485546708106994629e+00 -4.764938056468963623e-01 -2.012128829956054688e+00 1.860112428665161133e+00 -7.783822417259216309e-01 -1.422552704811096191e+00 -9.614645838737487793e-01 -1.888176649808883667e-01 1.610045731067657471e-01 1.941004753112792969e+00 8.193436861038208008e-01 1.450629830360412598e+00 -4.888509213924407959e-01 -9.042693972587585449e-01 -5.611000061035156250e-01
-1.213083505630493164e+00 1.799117922782897949e+00 1.541383504867553711e+00 -8.658467531204223633e-01 1.849179983139038086e+00 -1.361405134201049805e+00 -4.416867792606353760e-01 -1.878801941871643066e+00 1.866442918777465820e+00 -1.023221611976623535e+00 -1.326400279998779297e+00 -7.339680790901184082e-01 -3.671109974384307861e-01 1.825850009918212891e-01 1.796142697334289551e+00 8.537168502807617188e-01 1.395760059356689453e+00 -4.516451954841613770e-01 -9.055459499359130859e-01 -7.387659549713134766e-01
-1.246872425079345703e+00 1.993842124938964844e+00 1.496622562408447266e+00 -1.164798021316528320e+00 1.529967427253723145e+00 -1.103083968162536621e+00 -5.718103647232055664e-01 -1.483304142951965332e+00 1.781832098960876465e+00 -1.289572715759277344e+00 -1.110488772392272949e+00 -3.911452889442443848e-01 -5.215367078781127930e-01 1.929935216903686523e-01 1.680527091026306152e+00 1.059511423110961914e+00 1.249902725219726562e+00 -3.001605570316314697e-01 -9.312352538108825684e-01 -8.964357972145080566e-01
-1.299752950668334961e+00 2.084804296493530273e+00 1.644826650619506836e+00 -1.417744755744934082e+00 1.334998011589050293e+00 -8.888131380081176758e-01 -8.512998819351196289e-01 -1.213465929031372070e+00 1.712955832481384277e+00 -1.286128759384155273e+00 -9.398598670959472656e-01 -3.675937652587890625e-01 -6.892901062965393066e-01 5.246029794216156006e-02 1.775704145431518555e+00 1.305193543434143066e+00 1.257683038711547852e+00 -1.127096861600875854e-01 -1.158955216407775879e+00 -8.710283041000366211e-01
-1.279773235321044922e+00 2.084585189819335938e+00 1.763266682624816895e+00 -1.497173070907592773e+00 1.285087347030639648e+00 -7.939059734344482422e-01 -1.074995040893554688e+00 -1.042231678962707520e+00 1.665114402770996094e+00 -1.220698714256286621e+00 -8.316632509231567383e-01 -4.073911905288696289e-01 -8.042866587638854980e-01 -8.045151829719543457e-02 1.877944350242614746e+00 1.434801220893859863e+00 1.260667204856872559e+00 -2.122256159782409668e-02 -1.316351771354675293e+00 -7.665049433708190918e-01
-1.273733615875244141e+00 2.057429790496826172e+00 1.879290223121643066e+00 -1.491273283958435059e+00 1.324369668960571289e+00 -7.739804983139038086e-01 -1.212999582290649414e+00 -9.668348431587219238e-01 1.651565790176391602e+00 -1.178036451339721680e+00 -8.049081563949584961e-01 -4.483702182769775391e-01 -8.590764999389648438e-01 -1.412061005830764771e-01 1.996072411537170410e+00 1.507833600044250488e+00 1.269768953323364258e+00 2.748996019363403320e-03 -1.417264699935913086e+00 -6.922336220741271973e-01
-1.258113145828247070e+00 2.008485078811645508e+00 1.977529168128967285e+00 -1.449926495552062988e+00 1.383973002433776855e+00 -7.629095315933227539e-01 -1.299829125404357910e+00 -9.166147112846374512e-01 1.650040864944458008e+00 -1.144376873970031738e+00 -8.094574809074401855e-01 -4.991949796676635742e-01 -8.888764977455139160e-01 -2.014781087636947632e-01 2.092472314834594727e+00 1.557629585266113281e+00 1.280464410781860352e+00 2.609761431813240051e-02 -1.492908120155334473e+00 -6.370658874511718750e-01
-1.232783317565917969e+00 1.950348973274230957e+00 2.067887306213378906e+00 -1.395971775054931641e+00 1.453375577926635742e+00 -7.589658498764038086e-01 -1.355453848838806152e+00 -8.825064897537231445e-01 1.666241407394409180e+00 -1.113530039787292480e+00 -8.283476233482360840e-01 -5.665448904037475586e-01 -9.028974175453186035e-01 -2.733931541442871094e-01 2.174359083175659180e+00 1.598767161369323730e+00 1.300868868827819824e+00 4.911363497376441956e-02 -1.560748934745788574e+00 -5.912902951240539551e-01
-1.209699153900146484e+00 1.881122112274169922e+00 2.139302492141723633e+00 -1.345481991767883301e+00 1.526417732238769531e+00 -7.515004873275756836e-01 -1.388645410537719727e+00 -8.713788986206054688e-01 1.685571670532226562e+00 -1.079950809478759766e+00 -8.520305156707763672e-01 -6.442415118217468262e-01 -9.135854244232177734e-01 -3.404947519302368164e-01 2.241759777069091797e+00 1.636742711067199707e+00 1.341052174568176270e+00 6.737974286079406738e-02 -1.624058008193969727e+00 -5.546993017196655273e-01
-1.179504394531250000e+00 1.789145469665527344e+00 2.206774473190307617e+00 -1.299952983856201172e+00 1.614036560058593750e+00 -7.378892898559570312e-01 -1.418846607208251953e+00 -8.614012002944946289e-01 1.709339499473571777e+00 -1.041478395462036133e+00 -8.776358962059020996e-01 -7.243832945823669434e-01 -9.180226325988769531e-01 -3.825600743293762207e-01 2.299391269683837891e+00 1.666857719421386719e+00 1.397758126258850098e+00 9.363134205341339111e-02 -1.679896473884582520e+00 -5.068684220314025879e-01
-1.144220590591430664e+00 1.601345777511596680e+00 2.274915218353271484e+00 -1.245819807052612305e+00 1.764842748641967773e+00 -7.199692726135253906e-01 -1.440921545028686523e+00 -8.688824772834777832e-01 1.732831954956054688e+00 -9.795283675193786621e-01 -9.048367738723754883e-01 -8.226733207702636719e-01 -8.656386137008666992e-01 -4.072452187538146973e-01 2.379512310028076172e+00 1.714730381965637207e+00 1.469271898269653320e+00 1.285058557987213135e-01 -1.706882596015930176e+00 -4.142518639564514160e-01
-1.061479568481445312e+00 1.298534035682678223e+00 2.295809507369995117e+00 -1.185595273971557617e+00 1.929443478584289551e+00 -6.868464946746826172e-01 -1.455600500106811523e+00 -8.807498812675476074e-01 1.731765389442443848e+00 -8.377964496612548828e-01 -8.972166180610656738e-01 -9.521020054817199707e-01 -7.631900906562805176e-01 -4.070845842361450195e-01 2.446232557296752930e+00 1.752966761589050293e+00 1.568760156631469727e+00 1.541453748941421509e-01 -1.703211307525634766e+00 -2.678379714488983154e-01
-8.986792564392089844e-01 8.211724758148193359e-01 2.184295892715454102e+00 -1.106676697731018066e+00 2.078572988510131836e+00 -7.118241786956787109e-01 -1.443956732749938965e+00 -9.771258831024169922e-01 1.687887072563171387e+00 -5.232267379760742188e-01 -8.180065751075744629e-01 -1.171702623367309570e+00 -5.488609671592712402e-01 -3.308033943176269531e-01 2.429430961608886719e+00 1.707562565803527832e+00 1.748735427856445312e+00 1.441851109266281128e-01 -1.639875531196594238e+00 1.656030677258968353e-02
-7.654705047607421875e-01 6.156305670738220215e-01 1.935189008712768555e+00 -1.147296547889709473e+00 2.094400882720947266e+00 -9.228119850158691406e-01 -1.342841625213623047e+00 -1.369455337524414062e+00 1.785793781280517578e+00 -1.602326035499572754e-01 -7.570906877517700195e-01 -1.456131219863891602e+00 -2.490302175283432007e-01 -1.992371827363967896e-01 2.326947212219238281e+00 1.505695581436157227e+00 1.985462427139282227e+00 3.416885808110237122e-02 -1.523273706436157227e+00 1.813288331031799316e-01
-6.691313385963439941e-01 7.423250675201416016e-01 1.575079560279846191e+00 -1.315162420272827148e+00 2.006959915161132812e+00 -1.207978248596191406e+00 -1.137497186660766602e+00 -1.784057378768920898e+00 1.856492519378662109e+00 9.132631868124008179e-02 -7.195793986320495605e-01 -1.440785169601440430e+00 3.501278534531593323e-02 2.337324619293212891e-02 2.102858304977416992e+00 1.230258345603942871e+00 2.040093421936035156e+00 -2.270881235599517822e-01 -1.289734721183776855e+00 6.078969687223434448e-02
-7.230293750762939453e-01 1.011089801788330078e+00 1.437467336654663086e+00 -1.429863929748535156e+00 1.977716565132141113e+00 -1.437760829925537109e+00 -1.011499047279357910e+00 -2.031525135040283203e+00 1.888659238815307617e+00 8.658886700868606567e-02 -7.383467555046081543e-01 -1.318579912185668945e+00 9.952542185783386230e-02 2.819605469703674316e-01 1.991145372390747070e+00 1.065660595893859863e+00 2.072569608688354492e+00 -4.412829577922821045e-01 -1.164923787117004395e+00 -6.633886694908142090e-02
-7.386234998703002930e-01 1.216921210289001465e+00 1.342157721519470215e+00 -1.446349978446960449e+00 1.949563980102539062e+00 -1.566445350646972656e+00 -9.293398857116699219e-01 -2.131601810455322266e+00 1.861783266067504883e+00 5.410967022180557251e-02 -7.473782300949096680e-01 -1.190603017807006836e+00 1.114000976085662842e-01 4.291036128997802734e-01 1.880428671836853027e+00 9.143987894058227539e-01 2.015885353088378906e+00 -5.902851223945617676e-01 -1.065843462944030762e+00 -1.539717018604278564e-01
-7.161170244216918945e-01 1.380555152893066406e+00 1.301951050758361816e+00 -1.373808503150939941e+00 1.962341427803039551e+00 -1.665810704231262207e+00 -8.578218221664428711e-01 -2.146084785461425781e+00 1.856691122055053711e+00 -8.050672709941864014e-03 -7.746782898902893066e-01 -1.051127195358276367e+00 1.044062823057174683e-01 4.924564361572265625e-01 1.767381668090820312e+00 7.533608675003051758e-01 1.878937005996704102e+00 -6.946067810058593750e-01 -9.663863182067871094e-01 -2.278397977352142334e-01
-7.526861429214477539e-01 1.567218899726867676e+00 1.379118084907531738e+00 -1.153749704360961914e+00 1.983109593391418457e+00 -1.766149997711181641e+00 -8.208783864974975586e-01 -2.108713626861572266e+00 1.819620966911315918e+00 -1.496132314205169678e-01 -8.479808568954467773e-01 -8.904319405555725098e-01 4.019640013575553894e-02 4.938173294067382812e-01 1.636332392692565918e+00 6.165914535522460938e-01 1.625697016716003418e+00 -7.453148961067199707e-01 -9.155384898185729980e-01 -3.273609280586242676e-01
-8.662289977073669434e-01 1.820641517639160156e+00 1.560173034667968750e+00 -8.805682063102722168e-01 2.063955783843994141e+00 -1.778457045555114746e+00 -8.305987119674682617e-01 -2.022924184799194336e+00 1.810431361198425293e+00 -4.039489328861236572e-01 -9.923714995384216309e-01 -7.370968461036682129e-01 -9.431670606136322021e-02 2.990534007549285889e-01 1.679942965507507324e+00 5.998733043670654297e-01 1.283087253570556641e+00 -7.672729492187500000e-01 -9.485733509063720703e-01 -5.205012559890747070e-01
-9.535599350929260254e-01 1.852249979972839355e+00 1.735187768936157227e+00 -5.796919465065002441e-01 2.104578971862792969e+00 -1.683971524238586426e+00 -7.903040051460266113e-01 -1.828561544418334961e+00 1.799621701240539551e+00 -6.396367549896240234e-01 -1.186832666397094727e+00 -7.039656043052673340e-01 -2.232881337404251099e-01 4.834262281656265259e-02 1.772448539733886719e+00 6.694296598434448242e-01 1.043259501457214355e+00 -6.505898237228393555e-01 -9.833604693412780762e-01 -6.492128968238830566e-01
-1.047161221504211426e+00 1.801729559898376465e+00 1.851636409759521484e+00 -4.367039501667022705e-01 2.084759473800659180e+00 -1.597462534904479980e+00 -8.038896918296813965e-01 -1.722453474998474121e+00 1.782472133636474609e+00 -7.671896815299987793e-01 -1.294173955917358398e+00 -7.388639450073242188e-01 -3.374160230159759521e-01 -7.855951786041259766e-02 1.868187069892883301e+00 7.337760925292968750e-01 9.925391674041748047e-01 -5.302212238311767578e-01 -1.060541033744812012e+00 -6.410305500030517578e-01
-1.127876996994018555e+00 1.722597599029541016e+00 1.895213007926940918e+00 -3.816182017326354980e-01 2.066283226013183594e+00 -1.525755763053894043e+00 -7.930539250373840332e-01 -1.675668835639953613e+00 1.739248991012573242e+00 -8.340918421745300293e-01 -1.344134569168090820e+00 -7.510656714439392090e-01 -4.066486656665802002e-01 -9.210497140884399414e-02 1.917510151863098145e+00 7.901862859725952148e-01 1.002627015113830566e+00 -4.533866643905639648e-01 -1.096070766448974609e+00 -6.213566064834594727e-01
-1.187934637069702148e+00 1.628854036331176758e+00 1.863817572593688965e+00 -3.507626056671142578e-01 2.038743972778320312e+00 -1.458796024322509766e+00 -7.716240286827087402e-01 -1.655161023139953613e+00 1.673622488975524902e+00 -8.618404865264892578e-01 -1.364612460136413574e+00 -7.509530186653137207e-01 -4.339475333690643311e-01 -3.564569354057312012e-02 1.907261490821838379e+00 8.219263553619384766e-01 1.032662868499755859e+00 -3.932685554027557373e-01 -1.081526279449462891e+00 -5.863559842109680176e-01
-1.233487367630004883e+00 1.553570985794067383e+00 1.801201105117797852e+00 -3.608182668685913086e-01 2.022557735443115234e+00 -1.427008748054504395e+00 -7.382621169090270996e-01 -1.688538670539855957e+00 1.615341067314147949e+00 -8.644368052482604980e-01 -1.358585834503173828e+00 -7.432863116264343262e-01 -4.294053614139556885e-01 7.211445271968841553e-02 1.865753173828125000e+00 8.308154344558715820e-01 1.086391091346740723e+00 -3.692761957645416260e-01 -1.040844917297363281e+00 -5.561829805374145508e-01
-1.285425901412963867e+00 1.508921146392822266e+00 1.708060741424560547e+00 -4.584738314151763916e-01 2.020125389099121094e+00 -1.436832666397094727e+00 -6.878268718719482422e-01 -1.794002294540405273e+00 1.581817150115966797e+00 -8.502866029739379883e-01 -1.315061926841735840e+00 -7.225438952445983887e-01 -3.996500372886657715e-01 2.584800422191619873e-01 1.808129906654357910e+00 8.495858907699584961e-01 1.201668739318847656e+00 -3.931901752948760986e-01 -9.873750805854797363e-01 -5.508766770362854004e-01
-1.306389808654785156e+00 1.474296569824218750e+00 1.535882949829101562e+00 -6.843708157539367676e-01 1.958274006843566895e+00 -1.479537606239318848e+00 -6.404999494552612305e-01 -1.957035541534423828e+00 1.550376415252685547e+00 -7.680677771568298340e-01 -1.188639283180236816e+00 -6.750501990318298340e-01 -3.565298914909362793e-01 5.450764894485473633e-01 1.700307607650756836e+00 8.609166145324707031e-01 1.394036293029785156e+00 -4.720945954322814941e-01 -9.166414737701416016e-01 -5.426650643348693848e-01
-1.278429746627807617e+00 1.445573806762695312e+00 1.388384699821472168e+00 -1.110864758491516113e+00 1.838256597518920898e+00 -1.535405755043029785e+00 -6.749798655509948730e-01 -2.105625391006469727e+00 1.549625992774963379e+00 -5.941137671470642090e-01 -1.017563104629516602e+00 -6.405985355377197266e-01 -3.085024356842041016e-01 8.709064126014709473e-01 1.648854732513427734e+00 8.551977872848510742e-01 1.660517811775207520e+00 -5.829362273216247559e-01 -8.989132642745971680e-01 -4.751625657081604004e-01
-1.212555408477783203e+00 1.572817444801330566e+00 1.311224341392517090e+00 -1.577386975288391113e+00 1.731942653656005859e+00 -1.618903875350952148e+00 -7.578075528144836426e-01 -2.214001178741455078e+00 1.639158248901367188e+00 -4.244655370712280273e-01 -8.549451231956481934e-01 -7.030425667762756348e-01 -2.664734125137329102e-01 1.044984936714172363e+00 1.704627871513366699e+00 8.775460720062255859e-01 1.972774744033813477e+00 -6.960966587066650391e-01 -9.533753991127014160e-01 -4.646605849266052246e-01
-1.138192892074584961e+00 1.701521992683410645e+00 1.282478094100952148e+00 -1.868288993835449219e+00 1.671997427940368652e+00 -1.622712969779968262e+00 -8.933116793632507324e-01 -2.238988161087036133e+00 1.740122437477111816e+00 -3.090874254703521729e-01 -7.150625586509704590e-01 -7.757490873336791992e-01 -2.478050738573074341e-01 1.015913248062133789e+00 1.780285835266113281e+00 9.678556919097900391e-01 2.142726659774780273e+00 -7.509832382202148438e-01 -1.047452569007873535e+00 -4.982883930206298828e-01
-1.108993768692016602e+00 1.772924423217773438e+00 1.300862431526184082e+00 -2.028856515884399414e+00 1.651360869407653809e+00 -1.619019627571105957e+00 -1.007843971252441406e+00 -2.234633684158325195e+00 1.811063647270202637e+00 -2.530628442764282227e-01 -6.298043131828308105e-01 -8.472644090652465820e-01 -3.059243857860565186e-01 9.620071053504943848e-01 1.845222115516662598e+00 1.074444532394409180e+00 2.251353502273559570e+00 -7.485861182212829590e-01 -1.147549152374267578e+00 -5.016711354255676270e-01
-1.066898107528686523e+00 1.810142159461975098e+00 1.303072452545166016e+00 -2.100075244903564453e+00 1.598133921623229980e+00 -1.588147878646850586e+00 -1.083444714546203613e+00 -2.177937030792236328e+00 1.828136444091796875e+00 -2.068277001380920410e-01 -5.543220043182373047e-01 -8.872516155242919922e-01 -3.582938015460968018e-01 8.851066231727600098e-01 1.857012510299682617e+00 1.131006240844726562e+00 2.276693820953369141e+00 -7.285425066947937012e-01 -1.210436344146728516e+00 -4.987436532974243164e-01
-1.002430319786071777e+00 1.822249650955200195e+00 1.293594479560852051e+00 -2.111003637313842773e+00 1.516418099403381348e+00 -1.539204835891723633e+00 -1.142106890678405762e+00 -2.084865331649780273e+00 1.809183359146118164e+00 -1.534170806407928467e-01 -4.770929217338562012e-01 -9.206698536872863770e-01 -4.016980528831481934e-01 7.766953110694885254e-01 1.834638833999633789e+00 1.148430705070495605e+00 2.250331640243530273e+00 -6.952780485153198242e-01 -1.254800558090209961e+00 -4.766603112220764160e-01
-9.062097668647766113e-01 1.804572105407714844e+00 1.283254623413085938e+00 -2.058362722396850586e+00 1.394861698150634766e+00 -1.462762117385864258e+00 -1.201356768608093262e+00 -1.942454814910888672e+00 1.747115373611450195e+00 -7.887134701013565063e-02 -3.830939531326293945e-01 -9.707436561584472656e-01 -4.426898956298828125e-01 6.072108149528503418e-01 1.785264372825622559e+00 1.131151199340820312e+00 2.177813053131103516e+00 -6.365090012550354004e-01 -1.301699399948120117e+00 -4.155755341053009033e-01
-7.405147552490234375e-01 1.737640380859375000e+00 1.343977093696594238e+00 -1.891941785812377930e+00 1.341863036155700684e+00 -1.415922880172729492e+00 -1.210693478584289551e+00 -1.737639546394348145e+00 1.765628218650817871e+00 -3.442385420203208923e-02 -3.337678313255310059e-01 -1.089136481285095215e+00 -4.411197602748870850e-01 3.383108973503112793e-01 1.769458770751953125e+00 1.094606399536132812e+00 2.096426963806152344e+00 -5.453996062278747559e-01 -1.348788022994995117e+00 -3.038494288921356201e-01
-5.646471381187438965e-01 1.556421518325805664e+00 1.532212376594543457e+00 -1.533771038055419922e+00 1.393717169761657715e+00 -1.349664092063903809e+00 -1.239727973937988281e+00 -1.464440941810607910e+00 1.741922974586486816e+00 1.575405150651931763e-02 -3.898969888687133789e-01 -1.244481205940246582e+00 -4.497358500957489014e-01 -6.468826532363891602e-02 1.802145242691040039e+00 9.893362522125244141e-01 1.888699889183044434e+00 -4.182267487049102783e-01 -1.441326975822448730e+00 -1.082354485988616943e-01
-5.995150804519653320e-01 1.420263528823852539e+00 1.952651262283325195e+00 -1.125473499298095703e+00 1.700498580932617188e+00 -1.356323719024658203e+00 -1.240473389625549316e+00 -1.355782508850097656e+00 1.851747393608093262e+00 -1.208090335130691528e-01 -6.689373254776000977e-01 -1.392460346221923828e+00 -4.426547288894653320e-01 -4.417876601219177246e-01 1.987272977828979492e+00 9.916446208953857422e-01 1.696331143379211426e+00 -2.824818789958953857e-01 -1.595199108123779297e+00 6.291519850492477417e-03
-7.393143773078918457e-01 1.289467930793762207e+00 2.296361684799194336e+00 -7.568843364715576172e-01 2.117536783218383789e+00 -1.382461071014404297e+00 -1.139794945716857910e+00 -1.410153269767761230e+00 2.007210493087768555e+00 -3.318010270595550537e-01 -1.056097745895385742e+00 -1.550186872482299805e+00 -3.766544461250305176e-01 -6.541965007781982422e-01 2.217371702194213867e+00 1.069979786872863770e+00 1.607049465179443359e+00 -1.558657288551330566e-01 -1.653115868568420410e+00 3.351628780364990234e-03
-8.259545564651489258e-01 1.165129423141479492e+00 2.383827924728393555e+00 -5.682688951492309570e-01 2.302260398864746094e+00 -1.383106827735900879e+00 -1.021522521972656250e+00 -1.482008218765258789e+00 2.044072389602661133e+00 -3.996985852718353271e-01 -1.276734590530395508e+00 -1.618105411529541016e+00 -2.915658354759216309e-01 -7.057225108146667480e-01 2.310376644134521484e+00 1.083477258682250977e+00 1.556799769401550293e+00 -1.148242801427841187e-01 -1.616455793380737305e+00 -1.781560480594635010e-02
-8.691358566284179688e-01 1.022918939590454102e+00 2.365391492843627930e+00 -4.476041793823242188e-01 2.382385492324829102e+00 -1.378192543983459473e+00 -8.983393907546997070e-01 -1.551576375961303711e+00 2.041711568832397461e+00 -4.140920042991638184e-01 -1.401300549507141113e+00 -1.642021536827087402e+00 -1.808588355779647827e-01 -6.853191256523132324e-01 2.339498281478881836e+00 1.069159269332885742e+00 1.518235206604003906e+00 -1.059903353452682495e-01 -1.529424905776977539e+00 -1.757496967911720276e-02
-8.998234868049621582e-01 8.793014883995056152e-01 2.286642074584960938e+00 -3.691726624965667725e-01 2.426907539367675781e+00 -1.388324022293090820e+00 -7.780098915100097656e-01 -1.634666442871093750e+00 2.047002315521240234e+00 -4.217787981033325195e-01 -1.474686145782470703e+00 -1.647495627403259277e+00 -4.960187897086143494e-02 -6.182101964950561523e-01 2.357053041458129883e+00 1.056241869926452637e+00 1.500655531883239746e+00 -1.325973868370056152e-01 -1.402699112892150879e+00 6.599692627787590027e-03
-9.048189520835876465e-01 7.008603811264038086e-01 2.150593996047973633e+00 -3.639533519744873047e-01 2.433881044387817383e+00 -1.392341852188110352e+00 -6.323173046112060547e-01 -1.733988761901855469e+00 2.019499778747558594e+00 -3.895415961742401123e-01 -1.511065363883972168e+00 -1.615491509437561035e+00 1.196579933166503906e-01 -4.846225380897521973e-01 2.347987413406372070e+00 1.036888241767883301e+00 1.491347908973693848e+00 -1.786235570907592773e-01 -1.230935454368591309e+00 2.323413640260696411e-02
-9.257228374481201172e-01 5.930011868476867676e-01 1.974917054176330566e+00 -6.030701994895935059e-01 2.404793500900268555e+00 -1.416567564010620117e+00 -4.729222953319549561e-01 -1.940481305122375488e+00 1.986868262290954590e+00 -3.236050605773925781e-01 -1.494660139083862305e+00 -1.529777765274047852e+00 2.194257974624633789e-01 -2.146736234426498413e-01 2.336977481842041016e+00 1.061718940734863281e+00 1.627020239830017090e+00 -2.573425769805908203e-01 -1.099269866943359375e+00 -7.037550210952758789e-02
-8.957203626632690430e-01 5.610470771789550781e-01 1.622477173805236816e+00 -1.014486789703369141e+00 2.158831119537353516e+00 -1.365706682205200195e+00 -3.383103907108306885e-01 -2.091275930404663086e+00 1.846099257469177246e+00 -1.960553824901580811e-01 -1.291476845741271973e+00 -1.320631623268127441e+00 2.107478231191635132e-01 1.764237731695175171e-01 2.124005317687988281e+00 1.036465287208557129e+00 1.800305724143981934e+00 -3.649984598159790039e-01 -9.785806536674499512e-01 -2.371156215667724609e-01
-9.758460521697998047e-01 8.261195421218872070e-01 1.382000327110290527e+00 -1.472656488418579102e+00 1.911622643470764160e+00 -1.391146421432495117e+00 -4.267307221889495850e-01 -2.210299730300903320e+00 1.755291104316711426e+00 -1.459639370441436768e-01 -1.027302980422973633e+00 -1.104758858680725098e+00 6.744095683097839355e-02 5.945329070091247559e-01 1.962981939315795898e+00 1.019289731979370117e+00 1.990745186805725098e+00 -5.354506969451904297e-01 -9.764162898063659668e-01 -3.596794903278350830e-01
-9.687782526016235352e-01 1.046332836151123047e+00 1.309061288833618164e+00 -1.725780963897705078e+00 1.782068371772766113e+00 -1.422398090362548828e+00 -5.401931405067443848e-01 -2.202068567276000977e+00 1.749811649322509766e+00 -1.205720007419586182e-01 -8.509622216224670410e-01 -1.015853166580200195e+00 -5.020179972052574158e-02 7.565404772758483887e-01 1.891037583351135254e+00 1.013944029808044434e+00 2.102305412292480469e+00 -6.309942007064819336e-01 -1.030982494354248047e+00 -4.167852699756622314e-01
-9.592559933662414551e-01 1.221941709518432617e+00 1.283280849456787109e+00 -1.871840357780456543e+00 1.717079877853393555e+00 -1.442546129226684570e+00 -6.555035114288330078e-01 -2.166270494461059570e+00 1.768291831016540527e+00 -1.305260062217712402e-01 -7.406244874000549316e-01 -9.581840038299560547e-01 -1.338658332824707031e-01 8.279694914817810059e-01 1.871609091758728027e+00 1.050616383552551270e+00 2.169224262237548828e+00 -6.882886290550231934e-01 -1.077149271965026855e+00 -4.570023119449615479e-01
-9.529337286949157715e-01 1.316770553588867188e+00 1.274435758590698242e+00 -1.937322258949279785e+00 1.694425463676452637e+00 -1.448599100112915039e+00 -7.286684513092041016e-01 -2.142509222030639648e+00 1.771682381629943848e+00 -1.385346949100494385e-01 -6.974732279777526855e-01 -9.338856339454650879e-01 -1.899407953023910522e-01 8.513254523277282715e-01 1.863111257553100586e+00 1.067978382110595703e+00 2.202777147293090820e+00 -7.018711566925048828e-01 -1.104122281074523926e+00 -4.789873957633972168e-01
-9.401655793190002441e-01 1.371958613395690918e+00 1.265622735023498535e+00 -1.957603812217712402e+00 1.685333013534545898e+00 -1.459069371223449707e+00 -7.706010937690734863e-01 -2.139017343521118164e+00 1.772497057914733887e+00 -1.272639781236648560e-01 -6.845295429229736328e-01 -9.335266351699829102e-01 -2.201199084520339966e-01 8.549094796180725098e-01 1.849912524223327637e+00 1.057042121887207031e+00 2.221744537353515625e+00 -7.090409398078918457e-01 -1.120304584503173828e+00 -4.850752949714660645e-01
